84.01081089712365 96.77158407601955 -81.08587402905911 -58.6517524959111 -51.98749248631883 -36.9179334334627 72.88024854934328 36.154140342775705 47.858814628507005 -12.65590680432652 -71.48767375540136 -60.95555682855902 -25.205570542096893 -47.50743247732874 70.05869358730298 
28.670174690138623 -79.60218575553137 78.83659929059989 -78.02496335754893 -42.39611755164753 101.86501764985154 47.36825979534068 59.08492999782847 -22.83361135371169 61.08671529930315 112.95834085064807 4.801102853514706 5.395286332413917 -7.664516020001656 -14.337233129855946 
85.1791904616086 47.67517788677789 -59.00341942361842 -13.17046745392058 53.28821760121291 22.617254226699046 66.37108488561209 -84.45664380550433 -9.759060165187634 50.794980484433765 94.99444917298074 47.94524504422198 -2.7511213775836865 104.6436488598964 -48.65074527147534 
61.71517153078538 6.599264112539245 58.33413465761491 15.382206638365645 107.35685280452311 -89.89481255184833 -52.85905236068966 -66.3971788250069 49.75874990745193 95.51420231528228 -74.56485548335773 -84.67161681072626 -51.44849201084804 -86.70950766163229 -80.02603758407642 
41.02782822157552 -77.67928048314891 -29.71541413273779 32.818214327732974 77.87721450091736 51.80744794023197 6.389804295626661 62.741568890319414 -56.50767563994309 -68.02001441301377 78.99792571273501 -59.75894381958709 70.8178178074459 -63.49651029675731 -40.07520283388661 
-36.42431232096252 -47.31115729411832 61.26480601647454 -44.286656826688215 73.30389529927733 -49.95122333299532 -2.867849347674067 92.72944971962617 54.02732887725479 -60.58554556838291 -10.993892262796265 107.99577709246269 -69.71310419055433 -24.756772718746618 85.2905145188842 
-25.04567527044091 -51.65763668317106 -48.902762998558956 -55.01892978349671 -71.31255952480339 -77.16657037434474 -97.26033692998452 -89.5484696678007 -52.24481341258363 -76.47050543909754 -83.3736887166317 -19.360104600820705 53.521714204944985 -5.345360997512898 77.87980367539997 
46.815354143999585 -35.83411588582877 87.75562103926704 -19.514211289200105 90.04760265188877 101.70618850803696 27.408080525745262 112.84153565615615 23.22573993940277 -4.722813366453934 77.0909204553591 -52.50991688403782 110.43809078668166 27.28429933356115 -68.76572277624004 
-4.4854622674617985 108.44134900572273 -9.146173740208354 11.341174248599401 89.33690080500482 -87.91335467232226 -63.23740162564559 -61.035121937837076 100.90297351349496 80.34552800497606 103.28916824718941 -27.343851078485756 41.189581974255546 -83.51244506733244 -40.04570674630564 
43.68583639214167 -83.36492423733661 -9.60053604380714 61.17248865018293 -51.54369505943954 45.47735302121582 -56.05943522665474 92.21938800464771 -54.37785311731078 -79.8312923850672 -62.74930429583616 -32.1831733527749 11.52597043810755 17.833193986593855 -82.47698298881147 
27.305338200404293 101.78888987591252 110.01370987917979 -92.15757301522046 41.139716641145256 -58.29148729638012 108.305077657643 15.391144045315116 80.78170103972435 62.0185315579901 -53.11162065147745 27.262055632642557 0.8235776913627859 -59.700895330253935 -89.02313542286153 
86.8622205821108 25.766471927264107 14.613794839733885 -49.172804084059464 60.49011252722151 47.14577009775239 -38.426844404418695 112.19515115182243 20.01063422132694 -66.48192501369488 -92.15672062215029 92.1569854151433 -26.963053060393293 -76.77001622326786 -47.462523462944965 
78.62629720895457 32.44162842913393 46.41638497625213 -92.05817587760426 -66.55477221942236 -95.30091362797805 74.32249002216015 -4.756830363662218 -7.480598061609214 107.23449975383964 107.66099068772694 -10.785443546847901 88.88406532032177 -10.674416840725868 112.89005868272325 
-28.66647227584062 -24.158868086365345 64.00353818355255 -54.86345669621493 -60.6149694178827 -96.77332502486686 12.56663817800775 72.47056146736792 43.59220293564418 -2.16473581559778 -83.60522275843508 -37.4979084380719 41.926861225553395 35.83554810396181 -53.59649227436355 
-73.27196002462938 24.247137312810324 -43.9081584395465 99.75779797588167 54.67023056742609 104.63063191280325 26.71103514157197 21.496496358733552 80.66136731066807 46.22148330886888 42.44860503261468 -93.06692215248111 38.67074202263031 29.272256951295475 78.84079437871249 
-58.25307473746122 90.2291525276397 71.73327871605467 -68.37998635686374 -89.9594373284949 44.999548070125726 68.29916040204763 -47.77395641483649 -55.611059587154415 -58.07831451905991 -94.60188460421766 50.62343448047308 66.6048404652184 -35.63608655278126 6.89975088178511 
-75.99722271783656 5.825079645055041 -44.77804888046715 -27.113351949678574 85.09992985083444 30.937167737272475 12.0761218630267 -5.676410350980646 62.50650513505336 50.23445722429419 6.997179070202549 3.1064727255193674 -37.28275435175807 -35.28648883636222 -19.846376811232886 
40.85993448327385 21.055948282373407 41.67697834559068 77.73477397723879 99.99732880019145 -56.297839759092774 -17.483954552780915 -64.4868598043843 36.94527321253641 57.463795081965586 40.833723486094286 22.39121246410886 -28.80833822314804 -22.680860705238146 -8.623303738172211 
66.24693789609499 -79.82385243704839 -42.475472446684684 14.913830634509821 63.61345018043947 85.04539513436787 115.49423358302671 -54.68993603927271 -46.355475328124676 85.2497373239133 -4.94498833753363 79.71158382502118 100.84733017780904 -0.08076648138633402 23.422210571520466 
-26.69165207006435 80.520710266569 75.22637776909868 98.07774595502117 88.86768043568621 -36.65133232909453 49.69257587937348 2.7357215535029127 -83.70882015163747 22.441485310098756 70.56020901232436 -78.84895312253363 -82.33142506343692 82.63787111208764 -40.05568437705866 
55.933494910162196 -48.01719019418218 99.3065708093768 -48.45492028661402 44.32200174340532 7.029763274304528 39.40304986145132 54.18652300376233 -3.1237783264444943 -37.80932649801003 107.04819501660005 28.66630821796319 -45.478146563345284 -75.758287155123 111.1390896982846 
48.578115772283624 56.445433765119375 -6.83801958018924 93.06661411500123 65.67888295972598 -68.23442252771505 -51.01286785335182 17.032639358298695 -41.574336433046525 109.6395023678647 31.730525224903786 -40.762088257141016 -45.63283081458368 -68.63974568743804 92.66551698329 
-98.31688485904169 31.193561112022863 -21.977808370806173 -65.08725702338279 30.20842070150293 109.59484116307583 -5.528486910779236 -35.42367079968084 -57.2411819637844 86.51435952745008 -94.26673147734157 105.4375275563854 5.747410480306826 53.986145690332265 -64.5360871815823 
90.55591527131806 56.849371788740214 -73.37205865157244 110.4059651653843 69.08893364560522 -71.70762032106683 12.08826040819767 36.8118551639471 -12.810533949862432 34.59745499834351 -55.13176806609306 112.69272272861049 51.28848554503445 8.119518481867601 -67.23338814949712 
-69.62734548644619 94.37084305971378 -23.119221254482028 60.335556023733304 -19.84911613157699 74.50299901555083 68.0033218252105 -49.218747197684586 38.00869879088778 -12.652766867021981 45.07102613810706 -75.95301025772599 -14.951014920199967 41.89321522031274 -61.852656426480976 
107.1861553900692 70.33706469355506 -72.29973591845169 -31.576162025655222 64.6819814156478 68.45875206418496 -94.94420176161279 87.16358213249912 -20.57604831364003 1.6094463904344138 60.57749420768273 -44.06239944588912 -89.25228869024325 -1.4859073671244118 -34.85880202601808 
-50.09862401198313 9.126867894048132 66.04719222646135 -65.94300738834269 49.704491120879126 104.68313832812127 46.89662662608079 -42.82595194403914 -91.64153006090221 -72.93158150649374 -43.66785163677447 -63.59532478539243 53.308444373212254 -41.74026494154417 89.7142176853301 
-12.19835878706273 -13.792948279331625 106.90067634071245 -52.12534585150868 -22.69063508491469 7.803790648960131 64.78311684852356 26.093706136849846 35.54688963655316 -36.70547407551079 -62.11554868048665 55.207295647684774 16.920995286860006 45.453297403829154 -3.7734442263153483 
-72.00141822443493 -72.53760077667484 -5.122028464970725 77.31816568211188 1.0678229610112737 12.143932051045198 -39.88422336668202 -96.18215424807673 -64.738233059141 41.272916959572896 -45.28554905091953 113.79956875027473 22.563622853258252 -14.490031585313858 81.17612832865514 
104.27110185799297 -3.868867398188385 -28.67338524756414 -2.3134224610134737 12.8794028588932 58.99611694375044 21.33276791508291 59.17155949066351 53.977106533575025 29.846449262956398 86.27212178343852 68.40539574592829 2.278913089848416 81.0619032036277 109.19232863059337 
218.5041007848887 294.9774663815699 287.8730988360144 295.8861004195013 220.4276899938378 173.9158597934025 270.1083862596669 253.74886308991913 177.75328828498132 270.03985014221365 225.6023790599358 291.9880472447646 279.25152673359037 290.2864284550932 313.49693576841184 
201.05735391056388 212.42827638148214 288.0599891093826 295.8122145018815 205.75250441623217 209.72151861587156 303.10097160064447 207.4100209795922 173.4526217661321 207.13221429749836 168.63199957603257 188.7045453335858 337.6682712791006 298.51711626529976 214.17228167305447 
277.4313256482368 303.4301739622988 325.8346115683895 181.12739412300652 210.00429309734756 174.70900659819128 193.2602887488211 233.23343180064762 305.5656112972508 271.8709055790226 193.7245951883478 207.043819545102 332.6901262098024 322.83864823529206 198.5252562170382 
338.12787002260757 285.7888803217259 271.7450602540181 345.27791627747763 238.313794555593 269.503235942165 333.4835166672563 192.01179730982915 188.66559906856378 347.95880730572094 328.02268187601106 211.34614234698398 238.73741046604601 267.3296956670123 172.83175026034357 
309.03023150793126 335.56101319149036 194.89799416707655 317.7505995209118 311.05599384903076 267.58758799245663 331.77766923828347 275.66777799176094 334.5451148950062 295.4223549443369 326.11481111420056 303.5065555867715 250.68091673073175 175.74982338272903 192.84877581979595 
295.15375478226605 347.24575640636033 283.47822139419804 225.41631209144842 293.7581673320183 206.45043439017246 284.4515222979154 334.314493382424 277.71635967158426 238.64816026386995 165.79927144309175 242.49751710240415 243.27775903617393 168.79121899259303 348.4286753134404 
241.79347342560402 240.1934527758879 274.7252246015845 304.6227972438445 198.00243683351206 198.88546886545055 294.5601660332776 338.9058419569551 189.83429975762857 269.2487331561466 216.27685090048666 170.6691348814547 283.0517426623353 308.43074716532 243.13911099173674 
172.09723047461677 350.1737481611932 317.200956157154 335.0345586031149 198.43636853551462 168.12411371323319 174.32944977345016 195.97701085492454 262.12612073028237 220.3546387685331 269.4847149852024 314.4609628734409 311.7621400184497 171.68507065199032 311.92248500295096 
198.73198149598352 334.65629901757086 272.09036131638976 322.49574167813023 342.6001324946385 254.25564524414375 169.75904369402957 292.065739801409 303.3634572939726 222.7083144904655 235.97441660366718 344.6948424610413 282.15420945048106 180.7939844832009 309.7691905452702 
270.6782374663801 337.91138255929513 201.15037594440136 342.27135727112613 346.68325590778954 237.68324580776044 193.69816139093373 166.85117965056716 286.30512163326904 264.66420333176114 281.9734886520841 344.57236301322394 166.9080060095375 313.17781400409274 234.89308644242578 
269.87909822257365 200.16016983037196 211.2090768374578 340.36524753863665 331.55869270337575 271.72986705378617 335.6632914201918 291.00979170931794 344.9460657259567 269.1491459923377 272.3831107347607 194.06294978795918 225.8486738516816 309.8015126026549 220.3945757991924 
192.7123242870025 204.60645630978078 269.0186916992032 234.83644126547296 257.9576600809919 294.3557477578339 300.95540007989183 332.1560881395219 318.0965406198261 211.67853460650593 293.89510452433024 333.8729688148494 289.33795148770605 198.77538857262203 303.7529137290263 
253.23793011915615 337.45209651424204 238.16924190916336 249.35790869126313 183.52245358489225 238.17389999433203 167.55463471009736 228.83008572528013 228.09444187036075 163.03756343370287 244.93895425024385 311.23498702086977 189.6770799351121 323.59258605332866 249.06138871285555 
305.7492329490143 213.57320116324095 166.74071646173442 248.43087379197564 278.0582010345551 277.00011245995097 312.71014598275633 236.6356285745656 260.35058864200806 333.45520976270643 308.75608053773584 304.5762943576803 222.82152961933565 250.3745904077331 236.5682949118265 
332.6984698895479 209.10525510823777 233.94070551001445 246.77270962666552 328.79838254743873 310.0130430314762 260.12033692222593 340.8099635054365 280.5947327569032 296.673886367847 311.2611906136432 257.0832865302621 303.3953459294105 196.48517355998365 229.64338449235964 
236.41071535753173 204.87500366563225 292.60143512511195 193.85405411248414 238.52523560422384 276.7963136707321 336.30956928605747 193.09307070072487 258.8279160797713 276.4767729162146 230.2046386818836 227.88567944954525 301.61332782232563 227.77406425367488 163.24432316747158 
274.52224058917625 168.2516270781865 321.23670743158885 204.76574990447884 245.21031934879562 209.76970426264373 282.85328495989825 250.19173964913972 317.4444029761867 189.77091727052394 183.12102021045132 250.1982187643447 181.39634010458923 217.8841494474776 268.7221148872119 
261.05474863524046 233.5647741126473 229.80746675254233 309.1976438837129 328.34222596372786 216.46583709491426 251.52581288757455 233.85598332401375 256.9637587003782 333.78997557308014 199.58831655380357 227.58070059583943 302.6594246086061 350.7874543103788 314.94303224480717 
173.12405133002264 256.2917810505618 221.49254559999233 308.7656985116395 174.06398646809976 226.11457487903326 258.27551372724196 273.56931852871224 322.6701593000363 256.0066976935192 315.30777828772364 187.6157815943002 344.9862499660368 228.65763795201883 262.6139188107565 
254.226331676006 177.5352734345561 239.5389437065361 302.8492641812033 319.969128679726 173.3598149397914 211.10308597087405 245.46149964022356 165.33814341249615 341.14149829757196 271.4953407733864 172.09840844308317 329.95324721730776 340.5905901637851 185.2890671715047 
192.2253989643049 284.2741663264302 314.7860615735235 349.69119434185757 292.5745601888074 206.9932711933443 316.5618314015321 264.9089606054762 219.8201423115643 186.14006797291708 327.7816445935308 287.8130631886616 283.3441993385303 300.27687957276714 223.35195135718243 
206.89369219914246 164.8401870745608 250.55001760561692 304.29206857141355 314.615370305924 277.57707084044375 269.8644790561639 162.959519222342 345.4241760639246 207.83178197242628 281.95895759437565 296.82580898297545 247.96671752125178 232.55195720742677 304.6360699206904 
303.1870372023201 212.3083922850328 333.70797970601484 168.69332853638832 238.23153368566477 221.0379088989108 322.03015077491636 181.95350160429743 271.84077997861147 249.05948067813512 335.92916274319157 246.16330864252163 185.60900121871563 345.7953385266041 332.92251363365233 
262.3542296902604 203.75884762661872 319.0284136830513 186.1128441817429 320.26180770099256 336.95081519560665 334.4771650344762 288.2072546575037 266.24872047924754 282.6505675795087 179.96949649583328 195.57544378388903 184.78285755054637 279.804167326931 174.72601360562794 
214.22906124671456 203.98447956287282 224.7495613680867 263.0237619901368 217.9431855696269 332.38433857669975 215.53845504460105 278.65993568598515 273.1531640268893 201.49454970450302 269.521393692478 217.21148809430576 248.71901630223485 298.44380883500946 320.68615567193 
322.32145669822285 281.3891211669794 226.85908082792741 164.88508691772324 225.47905841301085 184.90727559588805 243.20723780360277 295.0491970144666 269.9094900325439 171.89274811492317 291.42087646086736 206.94466346748953 277.16252422217076 184.07243878877128 250.5294712726951 
301.066284937306 331.5880727183488 198.70703482063573 232.2090998013187 329.2341524213283 279.3887927327652 207.66513087293868 195.66465493721617 184.75160327962084 173.19995716490556 246.84354774666105 185.7001919608762 200.62494132949402 237.4933838120782 237.77155887223032 
233.2701832834394 194.9935499376287 272.6106298901566 249.6307364087276 270.38700453812373 221.97554219683644 261.4018325830385 265.33944765837845 324.984140664334 163.25344663793518 312.2382866300071 172.83317177027172 249.1022200383346 186.88719734815623 287.54693071057557 
338.2378375583802 185.92203705581733 307.71246008817343 199.70596716064563 350.32730028958906 194.65737090392747 290.7926247848506 218.16659872291407 302.6716122042529 175.489358064356 290.7440815949552 224.20563087086387 293.86522659078844 345.04264519913227 207.2133485623507 
171.5605588560118 277.9656698699274 215.57639888626974 324.2074076241193 251.27329242246748 300.4352069467835 266.7442575739005 209.57263713542446 248.36017850505345 341.44120336517585 212.86221608496055 291.4210918378379 241.32590352211596 289.83755267067096 204.95199502564844 
-67.1017979862367 -53.18789171168796 -3.723841515038302 -51.09630124685472 -36.39140262427782 114.55928403410739 32.75714666895347 147.84438749031966 32.76994836114859 8.582604643863874 -6.055966384227197 37.485753097314145 -60.537681988364476 117.28814003244385 60.20818116521285 
50.11797849417067 59.7476310917816 -3.5902517639527503 -31.847523809663954 132.6279905479463 123.7396738618966 42.686264962404735 96.82869416292372 71.71384109673038 -54.66069668869624 128.93807550937504 2.7962711510087814 31.220724256518082 -16.019770100248707 93.26995802565334 
-19.059388493571404 141.6834913763587 115.92650248729448 -18.18975378782602 51.17517971260081 9.49789600144885 107.79353413197849 109.21777895280671 63.706216409498566 22.774896528774477 -10.520817547188543 127.94420249224846 143.04377192397658 66.77322771955637 -26.50439652158854 
145.21972649143004 78.05052350915567 136.41077895709446 82.1568981061841 -31.61875272803293 60.99727622234421 95.34785094711314 10.662726672308665 59.088195003870894 53.285093628856615 -51.203406528320684 30.40358151906767 128.67626420530564 -42.91196944756296 17.726342540889846 
114.80468568920413 139.1734293121081 112.8857524028014 -31.032677039839093 118.4940822069545 78.54212637477518 42.91072756776637 13.253943247534338 -37.441839956411414 93.80387809755307 -39.06726855869231 58.109601971526644 143.1129281664866 -27.10223276210271 36.28108632862585 
-26.327501616944865 136.90073918084119 -56.986890613437765 139.8032033961078 140.6484753863728 56.977735270809475 -0.5924465653539386 73.16413975939396 -21.385887437521227 -15.616318516421266 34.59788456783177 135.99917404860935 141.14458819638196 110.57631011811362 -35.73340779277869 
-58.93284248749086 63.525746667324555 -4.294332976977131 -60.27330312265785 148.06045910928736 -33.33803893553905 -11.087798031037593 -55.25801848926699 51.906147227527555 45.81321041746888 126.34895732261712 149.46166605662273 55.63877961105183 -41.25405816235974 49.516397921457795 
121.21809484459972 135.4368407077249 7.832203987269992 -32.694628012989604 6.927550622787578 36.20513538037251 64.7666862093066 33.60897041947882 -28.97784894584464 21.25922380570013 -55.004228450132366 11.633060983049432 77.45324526434668 103.18250342761966 42.71366867684482 
-9.440645584644535 90.43735835165022 104.6390752087185 15.10710329630237 62.54521276677916 99.28033969372261 -39.1079712916032 36.519395265298556 -3.116916442366602 112.02097315178794 -26.59466045234351 42.30677262820048 -36.85965940214642 148.47273034531304 138.4701246792643 
-12.733516561837178 -51.57201185447098 -31.92822072810454 129.729408567887 102.08844418522828 -16.909750103855337 61.69060326388238 118.33685137791157 80.54351852523284 102.33787885437444 -57.73611679856896 -51.17953554365747 147.0039887521462 82.17171867780529 41.19008141747791 
120.10309619734453 61.777430237064394 9.987719465009874 21.32762522276296 9.454985813230039 137.653318816806 53.259608913966844 82.96085704345036 33.73149611953525 51.16325226623968 35.38592400176648 80.01271314247033 -57.38503227888859 -4.430312154939571 99.68259038008465 
94.96735641234848 -35.9420441245366 7.8584478896235765 117.39611968387241 56.883954045793956 99.54877816765917 -66.04266310305384 -8.049358408525329 26.8315733296961 26.363788610637172 150.71785750261267 -54.17520126722244 126.97658806791249 34.07498179224254 -33.14963945792 
5.519437036021685 -55.44697528884981 -27.14690750704257 142.0667934692044 134.22899196332912 137.74410415750071 81.63141245348892 30.996758248995732 132.18942190439986 -6.856348184335872 48.83614224769357 78.8770217096065 -6.82077748481516 33.360851515298876 18.428901845033707 
-4.033985843662975 33.74385954925553 117.84638772750831 -36.32666186041048 109.45818472357256 19.794023015342987 16.0385081648095 134.76930034923254 53.50939757451653 4.467486388284797 -14.048592473945781 -21.934480095904426 -63.016303672573095 -41.73544537930813 143.37610418375397 
49.936324810326 149.17350411727438 -44.36932626946489 -12.515024014282147 10.00525135190037 16.03776425043212 59.42355943937622 6.0200416208745935 -20.659686096558417 -27.47029493316996 71.10136974428688 56.6540934385267 -42.332939709955625 95.36666590055775 -63.0070130592871 
-44.72759384413001 109.60539335022493 152.36653278513018 68.76838157388978 -7.442684702191627 -50.57906046875656 46.136043784181055 31.825746200096887 68.73173580579633 134.91240065189504 11.263238827402319 -65.70778005000267 -50.36966394402663 127.18848720274384 36.30282960256247 
-29.26553899031108 109.29635414315437 5.735205969872126 28.882876309798178 33.4161648977836 114.70072082608276 122.58758313103466 6.597305669022063 -49.6192928528497 -13.135649896135398 56.9663654145226 22.884290453693268 51.85142833947735 -25.43252239726077 77.06433967775773 
-59.813934733176815 128.4246612473833 26.387790805299545 139.72486282672628 107.13890094127031 -25.619521532295998 124.16747824697357 -35.00589869759228 -4.202822236923524 138.07229066754962 -27.05739236349146 121.7314766946322 135.72172187792103 138.3909543258181 19.390048705202915 
105.92391125200005 -27.272863533628303 -67.88589722350744 14.981256001497712 11.27581919717879 -34.974228528534944 142.58972001224907 96.10192768035883 -65.26115501945276 38.834060553876455 98.17967189082002 -27.342439291455058 17.016081626869195 -63.50960173438837 75.86191039158193 
39.718849724152605 2.740194718485057 41.47130954662934 129.77757098011887 150.4433154501666 59.373868158011334 98.85393614447513 19.805115071884615 76.01164680341405 79.62360858094969 112.63885124425597 49.34761731017656 96.41192305102014 28.544962828575464 -66.13689819234585 
97.6911841231716 5.670159267220612 -9.443068966661784 -51.710146174517725 74.65532716819813 -36.307274830361436 42.831355372591744 125.69270417352645 5.459534542301185 -11.593597768167477 -39.08243386295898 76.43372257745257 39.256654667736754 152.36818446285537 -35.97508061398087 
-8.534064337624862 -47.47632490594681 43.03872679590201 -54.25327470235351 -39.3463609937651 89.97475732024942 93.9640023089098 136.80717133921434 -0.7986853746860447 44.4255018184888 63.92337513823303 75.25326182493755 -21.98747818439621 68.99042409587678 56.50804150286493 
105.85633724600352 -24.47303843471387 116.8170463983002 119.73016767901846 133.0713794873601 57.03442790359365 101.39051646618707 62.83292734316238 -38.57375816067536 105.71225905667261 140.83723905719762 137.66633646024638 141.79191239111242 138.49625875324034 77.45134956388283 
25.324031465205593 141.57273360286126 -6.381527056179408 -42.80127120916725 139.10206884217337 17.986662200782234 27.61994465220654 -0.7442449761041559 149.20953779875845 42.21343917680096 109.824609586167 -43.616026355842735 115.45725378021795 40.68011068384081 79.9823751406639 
-63.66681441551112 98.36183518982152 150.28442076201299 -6.723410253759035 -26.788121888413933 -26.352298287402036 83.05319430840153 96.81493151113911 17.168449950362557 128.18182283162344 104.6657003122249 117.77025689933829 -38.84424138340303 13.198856283153177 85.6250813582209 
7.9586667883140905 15.301981683466352 50.363025977968164 60.374459472710456 117.89753992456737 138.72434902669818 105.40453918753018 -0.21565442867418483 3.4566548670585604 -66.83442411847189 2.931103138254173 116.94248090430618 -12.43755462118014 -12.039308115193762 -42.09683245887604 
37.87262975437832 -24.7010697924393 106.31190160455328 5.444154736488372 99.11532755814171 14.09855056453722 -0.012665231775145003 136.20450575539604 118.25893171262622 73.80563544186266 88.56926229882153 145.87928902886324 -60.81917836069254 47.41101088569897 -40.754979888510825 
-19.64990264120442 87.38666497492842 122.96432647992519 68.26818219409635 -66.5386151931734 75.46459385309358 -53.17575255668458 -39.60295008614618 -64.1630391283077 -20.54500111939683 86.82444097720766 -28.416989890326107 64.37668327049529 149.08276734985395 30.17321719597244 
96.32182302725768 30.255434588711054 93.67175188639219 32.051876443200484 100.24533171632963 82.49611523641822 144.34399086997388 -58.977054240773356 147.5545614703483 120.05020896159878 80.64476939077427 20.50013403091934 87.69178714366565 55.865093679431084 112.76531917034241 
62.268702684831126 -41.90606813355458 -8.770186919560523 -52.137449571799095 -16.425519161817938 40.22726977366278 16.611667939787978 -60.35503321754251 14.588666312889117 98.4924969589009 53.2310202090481 82.67359932813757 113.7917115042854 8.087545757172663 135.9239848102127 
198.78490750171915 18.95131616639194 185.32232900931984 62.55900280757291 26.801651236554 300.01682382282837 32.22017127709263 -33.77032324171562 32.4837898632171 69.09193471061502 319.60631089098314 100.58565001873215 106.85698165958571 26.67116745531696 103.91396839015992 
210.23834905771827 59.44479049851891 309.5394928799872 -30.96375581852183 95.58411706371122 -8.592015701425307 139.00745830276986 234.34687678650624 204.48918180060997 287.8492701479393 6.877009932758881 214.75673676949157 -34.83197884263365 282.5427393342485 -13.906971593453331 
187.5619392061734 196.25879608914823 -15.840169505938832 156.3627710377158 272.3424956058085 -6.9920945876200165 238.41569908209595 212.60223521978986 263.2718266745834 229.71505081897436 179.55053481811154 275.1482105439615 324.75532415702867 200.1478777706418 313.8286885533169 
254.7390743327905 53.240362213333924 209.25181447544242 145.8621360507978 157.56923806949544 134.41054110762025 1.0237444162658633 301.9137435998 258.57586595339905 82.96876579008745 262.02337705344905 147.47180594545574 51.66767545288458 209.83338520349616 215.34872788620163 
317.6165418976663 291.3938155522797 197.06482959076038 155.44413769473078 -2.691146842072314 190.33468420929495 100.50480585897115 -33.97779916078111 115.5850340709999 57.95278372860234 62.087402385846914 1.8963957678806977 89.10233441448983 -32.63563171247723 74.783044064391 
7.936175317625796 143.074612730855 51.10905075775692 131.93365989272638 106.88550222004257 -26.919167526982037 47.03320819526229 -9.79854547223767 143.82268867371147 277.21895045815944 221.20930613246003 3.577173634140223 173.10464603474117 46.34503207849559 264.788987099616 
215.98810216515574 53.93106760057033 56.76891980373148 15.992501588620875 157.77357850672922 -11.753788609914196 240.19375872795564 271.56545176838284 80.18760105284625 74.4058368353628 -14.647076942014163 63.13323527870131 71.70809243329876 13.708055452614786 298.97372259253626 
151.79884254249413 170.50865922456188 96.6953057339487 316.0450741446121 317.08098830756273 88.62573097301458 128.1982160996958 -17.222897493923906 0.5091445694812649 147.52709292449345 285.68268184292214 175.86251770954186 70.67807301545271 20.40322969475661 70.82658247140805 
116.22118924574092 259.03013220664565 200.14158795612724 127.98068168545085 258.3859711223253 249.1539293530268 122.73007318836632 118.8821570226175 -22.209560714493517 302.1720024078383 220.05675436771702 242.02604494282878 261.262288171128 255.63146955275687 209.49204115422555 
90.72089881820605 -22.248608730196914 325.99036520343185 231.5530368347882 160.99759724464286 -12.854289448527958 294.29385109326256 245.09390757134116 156.0821034172905 -27.748272342561886 63.89274113536676 -18.260205481741085 -16.818405991412632 -25.245197361867145 168.69689489564985 
235.33669961778713 165.35305815150952 3.61184731265336 214.7869208955209 181.2185248414341 24.18136246779813 293.4149487682794 27.50185595598709 -12.94542770851676 63.593364014577105 32.50190190797754 163.85782782466998 27.46919410772535 161.0300916486649 245.5683879729358 
22.902883321043298 321.36482025721915 87.14710594712987 227.83921968048992 206.55911793257133 161.85906201440554 215.5262811464441 -4.438150988348983 248.63676600962162 113.8749545203497 135.07701136333804 273.0328334063398 46.68539909249972 86.25953884494255 66.25746174864025 
71.93699955135504 43.79873760530084 267.6922590467038 213.40448234360116 193.70098548678573 177.83835012107556 53.083032987362856 -16.003737097751237 35.98183368476644 301.1597618180861 -12.543920015920346 168.29516858177374 155.4075679807521 267.670973759097 67.7414157063321 
55.1058408698658 48.94954262525326 -23.09214564256448 67.2354657548027 209.5696618414314 13.068339525965506 142.55353194163695 301.2553661187718 122.69485002090376 114.89273518141663 -17.374312084301977 13.963709655284866 80.0784196921286 239.5492125742635 163.37750270994553 
-5.923051434113091 268.5807980999449 198.4096049972968 51.726860623513986 84.61713770603897 137.87474045702572 33.920567146899415 156.14429905838819 272.74997320876855 37.66399527367439 155.41871630014015 164.39266672514447 112.72167955238776 289.6478598372801 133.25608787707097 
38.86800107505624 264.06418078934246 171.12115427097746 -5.488980011507245 275.70796545956574 224.8072997432834 288.55279454804867 45.08251185068862 -24.181173432450095 -23.019939740444393 270.6218691542354 326.2935590408434 1.1269162350342867 -17.232274866563554 -32.44305108032053 
14.320026155772283 13.47943599288108 123.71219648183974 -22.759428353934293 59.656613177540535 21.52845880201584 310.8917366948932 97.51748565263289 19.142431936855523 110.17758034027959 9.303222803203404 19.458066763916484 305.85541425625195 -17.14148401928544 181.06273748298912 
172.2513725170752 321.27649578948007 126.44590902294816 304.10374166599496 6.525558198389113 163.83052555388952 41.3778318700992 272.68854339587205 325.1178006157811 327.6019813580298 260.33895529544714 163.0583321688726 208.7318776577137 307.666932751635 -23.197971163004837 
320.50897083685277 -22.40247038622978 211.23637208937578 308.62132572480766 87.0912601521117 14.322442663049188 295.4378474629228 315.0397196755978 188.27988094674737 1.3292350890512452 100.00475596410611 225.68743121166625 190.73875001954661 85.20578639965368 308.76113413223237 
238.536489168309 173.77247588866572 7.571434366338082 65.03341894538454 270.3573732377456 254.34041669837654 200.13319612863887 292.31873102721937 258.73165400350535 243.89948321249005 103.95681533892163 149.73242823720136 49.781620817269825 212.9406227154874 121.71629470939045 
212.64285338864738 293.615158377069 2.288627994699489 -20.54335180109623 209.5621102187743 230.41642089283135 225.82766423001806 115.28516730152269 1.9398446567485905 -20.093263502427472 166.29914082711736 -7.6661409475669196 -17.520490214374224 19.44975314486601 201.02662619290976 
-17.73098272351829 310.6405639454742 77.41082321424199 80.13930648809396 311.7779188997836 83.76618201788001 284.52564772055956 235.44798322770168 233.18722314124028 41.0849858856123 40.33928432473367 241.01707239671947 90.71162903916218 320.66781690857374 57.392483888639916 
26.746364798213456 18.003352670858142 262.89976698739855 116.90494749654424 208.3040708530358 270.41025576109865 44.70581093258903 122.28716005340875 66.40802710656807 104.06233112442511 303.2810201024602 56.313347333979536 -28.20290019944669 71.46466228624038 210.31257712194315 
137.89828567324525 321.439810130488 316.75732170195766 217.58896880844924 290.7229976756433 106.79125011477818 147.9396708744693 248.44792590518836 2.0164207473300095 130.81248333187756 88.92823683591523 242.34518351752484 293.9382869048549 65.35598184979344 300.62757050911904 
224.46483176973766 186.12806113468145 102.07377925074569 -23.72183839800141 -15.772541352856141 150.83477893853768 183.4925298774831 2.7600139174778207 104.80721066304245 -16.679292059722794 313.1151822646892 206.6411680963226 222.89181443754256 43.37251584132521 308.03458340099263 
227.23466339400738 39.398776714952234 10.987942520161482 68.99518858681962 8.229699552125574 325.14860494056256 193.7075311060213 297.7473002026914 248.0713595994447 122.31415868022519 163.49386764322065 213.60741167300176 -6.088746893262151 221.98520655500397 165.08811165549503 
303.6587503760945 173.00819580353885 21.68028783714997 327.6270111233965 6.339556641486034 215.38278475340707 303.2777162017301 126.00827841971419 53.82394996315236 -13.99265108168657 124.39111720734807 116.37835637008037 253.90931135132195 9.697421810777136 233.29810141346053 
153.6645232103687 127.44444894502426 188.0303669656127 17.59886492473627 197.4867383938324 95.53257859505594 171.25036298810494 -4.791110615313627 158.85498193469203 -10.85030366270044 190.49122909514426 2.1028625119648723 149.4646802713777 174.53081597706955 153.31964719838226 
60.5918334374564 243.71836642182177 20.636840324841792 301.3595557012646 172.01420161151157 257.2589888008065 2.444274418739269 32.93978352349207 45.18835466454448 300.83436733628093 143.28895956849686 200.86316933546777 103.34945971453844 -0.20226993309595542 224.84755948616277 
173.05005033789098 258.0723792557977 199.27973524370753 55.1024296335639 216.31400005326321 48.05110733591644 102.21355235335783 97.41259299966548 318.11537360852424 250.75243754351914 -31.69609547336029 266.1109792658319 78.78158597160646 42.65232882582448 121.22047313710856 
139.2181185729989 12.824476879030826 59.46360118387791 208.94535784598855 -79.89210181882866 -45.94221623262027 159.44091873222578 153.09761685827567 90.17344748627359 115.39832286210206 -49.53366331917556 173.1510798152575 22.265360142921708 -77.9190079071224 -86.8262638706238 
-63.69324327412339 26.847380920469334 112.75189122756221 -7.5796455334783275 219.64215893853873 180.63605862635563 205.15553568242626 28.698088128804045 188.6490926120968 -59.56859432593743 -57.33902127735823 127.15815428068593 104.44078978646861 17.718934195287346 -3.3580386682340873 
137.76137065338344 153.83034337286142 6.712029691086116 83.0107857133468 154.99509189397617 -32.40711257706665 160.62120419397826 36.5673134922239 0.3859940493271523 66.55543094644223 -77.30812729895882 -57.70126465265425 106.29684736426536 -83.52722930041767 72.13904779151228 
-62.40318365758274 52.43968474620827 -32.510280628293664 -55.44371013862601 98.30710015910229 133.7125533831354 -40.7017537948586 15.844929160699863 70.01719378087653 89.41025259133635 77.73489029869758 -90.80217424477478 147.50778803873578 49.60592257616419 30.002055735993878 
-40.449770595014485 -42.331129826792186 83.89232904689887 86.34376589041257 101.67158405775588 60.599260991893104 208.27710605427376 151.52738505437196 141.41213835682157 55.851249465810255 125.27143861000003 16.94019016870358 223.75062803643823 184.196120949303 -51.14357653709799 
-48.61759660009763 198.14373845633838 -25.33503334053634 69.81364208570083 118.3237725443022 52.81744531646534 178.59569903070405 103.3565471233084 135.8788487985674 -76.483144543781 184.16036527435375 -5.827865699334282 60.52952085715067 -91.87398865511545 32.25406752731587 
157.09738646940798 191.4951660412109 171.01347364013657 -28.15814130205706 192.21427811456812 105.2733373093641 23.114792858360033 -29.084325137181004 158.24935083041225 -61.92062768407571 63.287825317950094 -19.411946337981874 40.79958635738372 -31.46568258661206 228.63248322770175 
-42.85151820661672 93.38309113820308 91.06663537980562 44.3325744912385 -35.84050017967588 127.84418524486613 -2.4623049777034396 -17.803389734551615 230.67170585137768 -6.30511430248896 123.51997813006126 167.95453183353987 120.40487478445407 21.032546893768796 -89.78137967182947 
-85.37348999639498 102.62112983051905 -52.50520449449289 68.61809352072596 200.64999537070042 187.43899878411895 60.69522163769351 151.73915321122814 -64.32166924536725 2.5505176153773306 -49.406401793953044 36.45323806405371 90.34240810796832 182.53231899037843 112.52594640364357 
138.57926784416253 228.56490406790584 213.79990927363735 -31.128031667361938 109.3172223473078 -10.101682005157912 54.84125316875516 97.78566950636288 52.115447116064544 201.41000474283874 98.28185539363959 160.8625267392212 62.974028741586025 134.65465924804528 -13.103024449221365 
46.45417057048358 -92.27065233236661 186.9895455480003 -52.54699417216073 79.6361015778419 161.36469123260258 67.84444098181451 71.07301815689492 135.89944197276418 212.74829114925336 59.24962283790997 -21.302379613423923 -52.721344684944846 77.09101801075529 5.439005274687531 
-48.208520045873875 150.27732026645714 227.36257964297045 -89.61637278391558 64.57142328027832 98.31097331344687 139.2117142876018 186.21980999245056 -46.94326872821287 76.71517256079453 -63.02846909956824 120.54774920744093 -72.7491001340545 -91.97644813056164 157.00886284877663 
-68.22428975363945 148.20561710017148 -3.076779891856887 185.32531479401075 204.7352845843629 71.58581036632411 -20.87396870340129 -22.247116692684912 86.80124912864908 -46.88951580325658 -62.207946900428006 227.10216352267287 137.20882205666658 42.98101831041747 -43.833500644840406 
52.76902436196302 44.28334510434648 132.04841853570008 228.6208437819438 53.92807205743655 -31.646915036761946 118.03573901770368 -85.55006140502914 152.70086894242758 144.05922627222247 229.20438900601494 14.220073383073625 105.58854533414929 101.83457373279349 -49.93006337491819 
-76.84786333586806 15.418051777429213 -2.917090055161381 -39.291283632379276 -22.276467799719512 186.65341534073377 192.23806456033213 122.00154810043715 214.70351411540997 5.458355373553047 84.62575867249471 -50.32869835367991 136.6931998701579 177.07648803331682 -82.84214726556523 
103.6238473545544 3.7602402585130363 112.86539941070116 58.32053692937386 215.3060794658208 -66.90556485608195 207.99464552864492 167.64509147538428 189.92135494272713 -44.38229234055666 102.64997711889175 -13.62356399415387 196.15120641687872 -69.548844618122 -30.6956259897307 
-36.50101387649247 -14.410586821738448 205.47935598995093 -9.719590346696236 199.46536072004335 47.712135734798935 121.33201312462158 17.004112255266435 -79.40660259182201 -72.64651234686102 51.26709303448827 -90.87405680821261 -16.309458147596914 141.7530167689871 23.023616279179038 
71.76668971854174 -18.842194056463285 167.9968336863589 -86.254613887038 153.45783886831316 -67.17274756956581 -2.9597098248997042 53.24249862942965 -2.4754564823935965 -75.75984660259807 -66.62943357890708 214.97297845822703 -86.28908123436382 95.02372557506284 44.58071280618948 
-15.821658706818695 87.91700362185556 80.32746600677108 226.74378808847894 -68.50091891644195 162.6156348208313 -79.97603443508426 -36.53693560335995 146.82915570549892 163.1266560694981 166.061155050659 228.56987149395871 201.94906089884256 7.93732816990439 181.31954679715443 
70.8170174791937 224.3218948920038 64.08375469834833 63.51635710661641 -12.124463313988159 126.90803327459155 213.22389086165657 157.76394709365314 -65.99708140971812 50.87667105477941 198.28815422672602 125.54163911033082 -47.510893956820325 118.71230014655227 164.46416495784018 
53.344365366382945 12.34894830621775 -30.701947670513192 -1.3419484492800677 157.7924655135012 12.429098311612279 15.389327603557774 200.05693256819984 9.207149291679556 134.01002818539308 -58.09738710265773 38.770393987636496 74.5995194465256 172.17112706236037 96.641661884263 
41.49173433318917 230.55012168498183 -66.6625963200618 -36.07281842964492 8.14063450710546 20.762276917240115 67.95192714727294 -22.962685726921293 34.75053564768426 -60.84665849308743 126.46108328065357 -14.079216702883258 34.28241372115879 168.01379983548128 33.36528170432058 
192.48788602174272 72.19767771790266 225.32873803914532 185.88915483280272 19.112355526850337 214.9871291787935 172.14458616537985 153.91287939459727 54.844541495027656 31.734676287581806 49.813644754135154 -44.712594205864534 222.4110808106019 42.279918604670044 -47.32471805535503 
86.95338401346017 164.514077650559 223.60429833850208 -77.63437730953332 60.95016875792079 159.75852910000032 -76.96098683961898 145.04341409544764 -92.83256011675918 -29.37412566883561 203.76825085105264 -43.36174879031044 7.98206203521427 -32.584917377147114 -47.128017641667874 
225.5645084249797 206.73839802942518 130.63673270130795 -53.08472106494036 -18.67896290193994 121.32757219065606 214.93921050348365 181.7171605069588 -71.32252404612237 210.01211638942453 224.1208855877137 -54.02461207367186 157.85786036979698 112.92975736787152 202.39692459143828 
198.6227424300714 -89.46171819261109 211.10591472050896 112.84520741240603 6.13265375322942 -33.161436612127375 18.19006394994571 133.1662488237023 -78.65069972459727 136.22749866879735 -48.45469528163014 -87.63352372978427 192.26112201078058 9.19450278218791 200.08152898056272 
122.4577701621295 -47.72045368381935 157.34574698859603 128.71877286375747 -23.654209346509887 227.14623015246883 74.23880601110169 178.08896092637394 -48.752970842339955 112.05611826265165 198.61568038151745 103.18264083925804 -34.16697784098971 155.9890664811129 -28.04506280615108 
83.01622835018405 -92.11810948403509 143.271333771792 -27.360411159454983 100.10327044964087 38.18718617154916 190.35352366070072 202.9071442965962 218.81696688568974 141.50557214853802 -29.263829363074322 61.1341822354312 183.46324383793268 198.00212383920348 154.61642598867104 
1.1599435853652835 31.18864921988589 -46.03991486194 193.8593511373963 90.98516292998774 -41.243195923778174 175.02303445341857 81.0167866394044 60.601240339821274 -32.27063908828209 -19.17875967488743 224.64064522882182 137.95414349271186 -83.7188833105712 11.787758142375651 
132.91229469418192 36.156233694662646 17.136003040151678 165.18607319538268 117.75032426550793 88.17017372379685 -5.1938641150450735 -3.996645145249218 66.57352351819445 -80.54391520832311 13.113487118667422 56.247480300311864 -59.9397051944044 27.829994766208912 106.75154390706332 
157.67082489224975 148.31196067103704 159.186484336656 196.43885168428676 179.86962961071498 205.45685707655025 200.02250998583082 199.7010577652833 162.01294334011334 155.89123181045966 227.74547119968662 237.8945120004206 189.1734612071629 214.52296319676802 135.00943339899396 
147.7985280273333 171.85252099808173 129.76560301094344 237.85203510092168 199.70544258619245 201.39655633648962 165.9414568149238 232.93612119831403 212.77581941431055 216.56451106728014 218.12714785030153 185.72895501194705 158.1997379645337 163.37717193404023 172.70008889282525 
181.10997693812885 159.35948605625862 142.36576909178638 144.86505272116324 212.57041752517708 197.21508847791947 199.33180721817442 149.44658880887764 148.91881604228303 140.38851409173176 139.7567393017661 237.4862087587559 145.39648840680297 219.6146467659679 156.54318345781593 
236.3326207254649 208.35596558889716 160.29345962512645 222.5334168192648 220.8491505741286 218.79711048916215 172.99078973586614 200.1759779712906 140.0003693184244 228.26681358736323 154.20567686226002 131.56113846278976 139.71249235335577 226.60231674276915 234.6572860845232 
210.58315387908948 163.89216534123062 130.6821312530716 173.76272395729762 131.89771058776944 210.05848380605602 130.95218218640292 167.81479736281105 152.37816993322429 237.56769551404915 201.97617692628987 136.95825395344704 178.37044793920452 136.95394070182496 226.38780289517229 
231.4994886759569 171.13620395832126 126.23996732874917 150.1077589589443 156.72949520563887 145.898939711176 185.8317022463208 153.71169589918674 196.23320048338837 152.71868204778616 191.86008953747847 220.04870742577108 235.02193877329006 207.62459544369585 173.4180504127109 
227.75666900176287 173.22515843877864 177.24161728168195 225.36222515947605 138.4265537536008 230.86387823379135 219.93529916071844 225.83426542417496 227.2248490972238 199.2182208334042 186.62557718871966 191.28762610959967 172.62720225183432 193.93604942185698 137.3327577594794 
196.6034679332626 150.3822450941652 184.59275546794765 184.78772301054232 231.4195557818187 206.78707917359782 149.48623464101198 141.46868712955035 222.87828731134502 144.85101693072323 170.9087706508622 164.74113761287327 155.41039051493658 168.48084907731277 139.09614150534887 
224.40269316785196 182.0241526051047 179.01076545102828 225.9241578091178 222.8091909111095 153.82089163573406 169.72056910080877 134.90003197241873 177.83217224114657 208.1114793917273 210.77250811230198 170.9181951685784 158.2266437835006 152.13980676745263 183.86281917133488 
158.1532447657056 195.83565355106577 205.59148178596953 171.75004017311613 181.7730225667945 139.16387998685067 174.6871953176649 181.4996837894753 167.3874704611156 189.60026545024414 184.8415209123145 220.25462663777313 189.15732553807408 147.90314326113037 188.52021419580896 
147.29993187700606 138.85462649515563 164.54684502552172 189.789788681549 142.38142050284205 206.3552452596934 163.10140587737547 189.4003539109452 139.84265071074904 148.84920584283043 141.7238190626603 223.70517093909777 164.97007993165786 233.32311052138888 167.69114515748467 
181.9724342449614 221.74526310685022 127.85061130315727 151.0675359780095 142.70146383602915 193.24089497893544 187.28118412969033 142.84919891563632 147.48712242060896 192.68207449161724 175.23009245477147 215.68104922987487 222.08556306340353 235.8031363970133 154.7880913122226 
129.45832614547487 174.38973357118914 217.19024950829157 191.80427522721936 229.79019135967758 130.79684991992806 201.22643911769802 211.24909615558227 220.8131133297339 186.77864448015646 196.05702847499148 128.20566620216684 216.37740592169177 222.942313107044 153.53402599625323 
230.52198883920454 211.2046987932859 189.33770490025003 133.74304681068438 217.67448167184557 236.10298931853038 127.57009150162114 134.307782850254 203.81924165413824 178.03631417852148 207.04956139340393 232.8569576840855 161.86990042404616 168.42506475348262 199.7530709861815 
192.00734489558087 189.6180194268486 205.56981539503732 170.31972279504723 237.18760544450174 148.91851973973584 153.34344474314327 229.4044582075171 177.51713599637367 193.87786766838093 199.4704850223634 149.1433885279974 205.1258035104717 218.37062384699794 236.81565138944285 
183.31340138768292 169.27319585386863 182.20247867753636 200.39672462188707 161.17551136484596 183.7686159542635 139.40670828971048 158.10419012601008 171.29691759182248 157.40099659937633 146.12316330879844 157.8619675102388 131.72345912259013 139.37093904671283 155.27994601268685 
139.22397376507286 180.78237850652837 198.3930150134754 184.6035669591402 138.82187600242585 193.81779133468046 228.91145853428742 157.4001606169791 161.89694530652565 130.80524060447922 133.42185867968695 163.64278598361167 211.2969349142986 146.2166288043691 165.93330411649714 
178.206305618646 181.34532849267126 207.8818192141335 160.7046932606487 217.37548657107004 133.28785878397653 218.2200551573943 147.22899281001963 163.07855061408196 133.64036809537453 192.4436667172287 153.73817623755286 223.4109344175427 209.11428658184127 192.66560200929382 
184.3783048616939 151.00738359217542 230.19770801944105 151.034673637588 219.57405109002838 134.30180705565263 138.95561934151203 234.31099172058913 199.96013434179594 179.7739352139761 190.22811509352863 211.56094475061843 164.91907405254628 181.94598380779354 205.0792888906015 
170.081753759073 177.6866489329555 169.71653395649173 127.15804032181043 158.91468312609987 127.12850365686475 196.4270099759538 156.116303733877 204.49205903460376 208.36646902742447 222.28546705239756 166.25841027698044 128.35208337917558 149.42056792548536 188.95117868521294 
199.01715599789043 130.60916288044444 201.32750238242693 138.9619550215861 192.07806547470335 182.54882255179808 174.75192227471712 228.50849277158198 234.6434403966262 156.46127393880556 216.24548056031887 176.8038688240101 137.0879155605323 152.9857838102888 147.655011747278 
174.8753264363597 181.18181977613088 225.80807027642064 151.98595155934223 198.378875330421 205.7770562278655 206.95659579228345 146.83951237209044 202.59212652915375 190.71673909425016 222.45561054627433 149.17374368080397 181.15715099274163 177.31295528993746 136.61269041582662 
131.43847061697178 198.58267222082347 191.97797141676108 236.90894770776916 127.46841256803474 199.70642979534966 225.4096255879321 185.6802592877064 234.87982247517388 183.18417188202756 134.6992548266516 144.36845773396576 211.72980550504874 217.46097900503497 200.9443729610063 
182.37837074043549 223.4545835986422 190.85590568340672 190.755097942926 232.65662452782988 202.6429123263888 169.15933292257162 149.5802915080692 209.14325353708244 197.11417938174196 162.39080829566038 150.93267060980753 162.34838923304238 192.3278686796321 157.34224805384903 
151.59755565986978 187.22736612485502 219.09167122099564 144.10961903842295 149.62688991894066 153.83139144327134 199.92553706289038 217.08665593608148 193.18743162834198 181.64106557415565 209.26163435783812 135.55321925021397 220.5741739092678 209.12731921703758 164.23070584761888 
182.70703100053854 132.0308001821399 148.43656760029987 225.69568059227197 217.31865065307022 213.12685749597227 206.2690686955632 171.457087598966 200.71005357086705 233.94418441521293 133.38701249912594 198.58256526619414 152.50060590855793 177.65278699507664 173.72326389381055 
158.71075676142408 180.20293862794588 225.24311579648975 192.28957354225508 176.84350524107492 125.65235872878561 166.08699964213758 158.49708257987047 238.00604148669902 150.85866546582878 172.47415561000554 212.93490546275916 236.32605307952173 178.86228109319944 194.34073790986872 
228.73779524594414 175.0700531771363 152.79774944495392 207.6002022660432 228.70069776271652 156.81731344544917 211.3783449556965 228.29379711792822 140.57152832655683 234.23011853056988 174.87962695120697 149.948426159904 182.23130098143042 156.71308069507103 198.3985651507681 
154.0377838768541 196.0720329469081 137.9490860527082 148.36805427361287 146.42999188362495 167.362019632092 175.92372902612271 188.33479116550188 154.3225086767736 155.4416799463339 191.57323536041343 179.3940458679631 164.46183257027008 153.88767157676074 195.88268109659586 
201.80735920275868 232.5175779985395 226.05834042313944 209.04034076843658 210.180285563087 136.00893722912025 160.5125924321634 223.9990135342743 233.59309174577265 169.08170296452846 228.2553225085841 211.55609970232527 186.72852959896173 167.36644405614425 153.43546624960572 
199.8323620453401 114.4353046514797 83.55133124821108 71.81076141122189 139.6951037608747 80.26252690614353 174.55962677522768 177.67392512663181 142.0505581269407 169.34543337994774 224.62632793041374 156.5118535538889 194.13845254879882 124.85594805800719 151.69047391077464 
75.7016911301268 103.01278310258917 156.69021603447052 193.79991675957632 71.71880148327956 215.0205199868692 95.15831754987109 192.37887936316667 234.21650153320192 172.70385109177099 132.44882066795148 83.77506330003344 92.09772877195893 120.01469398281074 181.74489833303616 
210.60385559970464 161.30328742659833 199.27161463155718 167.33218491629748 99.24469592183374 208.43843405185325 127.78311055606868 92.22026717987451 119.1240098008349 77.74654654020395 82.13368837523039 220.46030006513325 164.5035792599562 164.25194394363626 137.7333986063999 
120.51484432831955 70.26712602260078 81.22230912966967 233.73182459965872 96.36033899801026 81.79104790301464 128.96160185732182 103.68099411950837 86.37179702300128 181.49086227176932 79.25839288805209 201.31916829224423 132.029094676377 131.14907478702673 168.9451750846709 
176.5022091090246 200.28902029433473 142.89647014301278 153.3574381864562 224.2350082366151 95.69612267268174 218.4890627965651 114.95311880921159 77.32062887786566 101.07281872978595 196.687889551193 184.86162606488506 228.04356595489398 216.00149327892993 134.81614326128437 
214.347847985314 72.4013698302463 192.8494370642722 107.30047697135592 202.22113871740905 65.91015942565487 89.70281623408287 135.81035420609368 105.81008482299539 123.97930669085147 125.08705130612866 165.29097411499424 211.6580311765924 214.08951336422314 71.41696320005883 
200.77870845205393 92.61699698180084 154.84933530774458 90.51364282132874 222.4866897994092 166.32753364453663 92.78989885349809 192.93587487204792 125.51531283512895 212.18921286390085 74.20316847245104 97.54154255813742 194.27120839332972 132.82544814889332 161.17228370634984 
230.1568097254759 146.56074530684674 212.37865391499037 204.96323026421274 87.18017690876798 187.01016770838964 146.5351910034251 74.77089732849576 125.75882800852034 214.00065220468537 143.05576635472568 110.7085180837052 147.82322739147168 102.07496998199373 213.65199971886858 
209.34089685342022 105.70234403696652 149.31208451150528 144.56666411051734 109.21250077151919 142.90915315850944 226.40311733808073 202.864715567624 165.55019791239596 146.0524632839311 85.7279059344219 185.41985409371438 109.0607350995956 171.72775050188181 134.2078200980788 
204.42572516296846 207.6773737440863 126.01263262637985 132.60416465943104 88.19749412851851 162.85323886235676 146.14033271488563 142.45625974972688 117.2938635256393 185.58480724180987 82.54847893640608 67.78670205669137 175.61542944121723 208.11104059294973 196.9221952831813 
226.46408844663776 113.22245659399816 75.27595332835355 106.20457706320815 172.0766322704629 185.5776365022848 177.3264867590031 173.74808974334204 94.96808449243065 164.0723828366741 103.38299343784811 234.02969768059458 84.53615996312593 168.82354988755196 230.20322004889385 
70.96594801273997 190.29382661661705 98.5352558893552 191.06581950310618 205.0487362157836 221.61511670615496 217.1231176886696 155.42822666611076 109.48702447337047 218.34220083649748 201.2950891918034 155.1109046568377 204.0849913276081 79.98843481123654 138.48381295874307 
86.98572446463567 224.24529347470877 115.40147140711574 234.84549379943977 131.41680358159388 106.36150924618259 164.9635115542166 166.75929238248744 186.1682715107819 223.01359396967257 68.70673882898429 72.46266405889273 181.71078686248916 184.94886242733128 135.19734310861062 
149.77033241884544 120.17738462253016 115.80557614186219 75.17011021344952 109.46122874048996 225.60593029252854 194.0153406689412 71.3550566421273 101.53141761364688 71.07720729679941 164.9804238127272 114.14824318647413 116.22144274256561 164.53581190838872 140.78690734624442 
96.2192418793515 208.68463298029488 112.74910503797031 212.04723364867033 68.1462080786566 162.18844209182606 71.37192938409862 158.772109649244 140.1119809813203 180.3411990749859 149.5018904383864 226.38842950595435 177.500958424312 144.76035572376767 150.75599810200805 
166.5880062454745 93.70582953748168 125.18892162335554 70.12897867985684 222.6362712712416 197.5713831844731 208.45113312315212 66.03274899637418 74.7775667311329 233.25269863222468 101.63779683107697 216.27416912008113 82.14760832205832 117.61019424157428 150.40508796529542 
66.06029839205766 88.25429705763968 130.14312206901434 129.89655296457715 167.2505078213789 234.89924365372406 173.20351037734278 78.26145693663922 90.11960629516923 119.62394902706741 227.8054644176173 135.68634633394709 78.8471676068495 90.62203722949408 97.53570613111647 
171.72588700755438 145.74873256020464 66.84933634118593 139.9698684290629 132.3555241809114 144.62376731440787 88.9303986292988 114.3133380977816 220.10323975129347 174.4125445330133 159.4067860715939 98.43378229589746 128.69574603801266 113.95288195695738 95.5164693690182 
64.82451792196221 172.12639246436186 132.93516472815182 206.41190166706804 226.30097947708478 181.5376375017221 136.00873596861015 140.5938726145653 124.00610961980098 208.55005390556124 191.2794303678507 99.97811828613277 224.159773513409 85.4201424195741 145.08676483829038 
120.26563907090568 98.22608696029523 117.57425056895119 115.44212567708803 149.0577161465285 181.5747081719765 93.55543558654415 133.67748118940779 230.02484609472918 75.20998918529901 145.75208937789785 102.62110991643414 138.87831193217195 87.87925960381378 117.21806321704334 
167.72651046358945 93.40560314903918 135.43144953803096 133.58450322007639 109.01925352289163 114.1991371914963 69.87314169758406 181.97593402726602 230.42343086868803 195.8907459983277 165.3541364343621 188.09320478656807 76.9918307731059 197.65622565083822 211.9834811198067 
78.8181826371662 112.36457159975032 170.45612245813686 209.7713685930081 153.9516769933976 162.84212712225732 233.36878906237604 146.6715782051403 163.04598146223952 167.70576473704654 218.11685452651153 155.87989632281284 110.97700260046031 120.56916825175134 145.69561909046502 
133.7674983201377 202.28370039101802 197.71583962002816 124.53000677444221 86.02313680876678 73.0658613604598 116.14044174801052 197.7046098698246 171.53402979429296 158.76965490081594 129.6923005438807 97.93505668799769 107.39666775101273 71.9241030332253 129.4354333607224 
86.00026331349873 234.07049817575222 130.03616297624197 80.8542327473452 175.62835953726056 115.1095863299303 98.85498588107117 181.16726731677474 171.24736193308763 186.27124376042525 147.5857077301399 168.51936807175915 166.35276491876604 87.29875379063833 191.01977262163487 
94.35707235616601 95.13814221507172 103.32947063222434 173.86510537643082 177.47212910687807 80.02788735264697 200.58989615537627 86.7543084821823 192.15819343318088 91.4063915361969 231.61445689837143 159.87875218960647 148.86789972494375 220.51347624669552 219.08497268181637 
211.4381014791839 204.8110912888557 206.5964596993232 73.58213057587022 136.0686192406743 218.137564756843 117.95028338473307 180.9077107858821 107.06291241592973 166.89651449903675 118.67146207808429 72.35436783914291 125.73649569813078 172.39476320460318 129.3216239322727 
166.565699916195 83.93193878719366 145.77826199814922 212.11027470120655 99.94793097657109 221.8327005567491 111.25936277779908 145.8226342979162 170.40516196036293 222.92898372352957 204.7824002404017 172.5861498295078 136.8438171034806 89.74611811710288 146.0449327326919 
117.92766939218586 171.6415582509025 197.78617985166673 125.93840983134514 235.1910295057333 214.25268291227198 86.71385271387442 139.4988334104068 139.97664107466125 232.00188909451072 176.06004405376984 84.4631648337051 194.86156626852303 231.07955267634625 72.32731593982993 
212.30071557927457 85.89687654488162 108.87867301673523 142.31603160360137 165.32751828512272 102.00981383897573 90.14975822774564 209.07262145178598 69.89040348776312 68.03718289151462 153.90414726217773 147.5692136910129 75.63490938980524 95.80827276756943 196.08655115700037 
183.63448412463535 93.39572398510076 197.49349845796863 131.4331314189587 164.8653829722533 209.2778365534639 171.17760058725455 180.62396363166204 154.44892951448304 205.4343909233187 166.49528135429853 234.20015492904275 223.16122494647217 161.3705867783769 88.98727471834451 
266.5936402349121 265.1971787735811 225.1548792700889 219.9336992113651 240.61397325880975 141.19642520033506 263.17633910879647 26.439465210522687 82.10723483928851 76.07296855052132 336.41660240290406 324.6555296244742 135.75251438848665 309.0619793019002 231.20982912126095 
241.24547758544773 279.6161088084492 212.57526130940306 107.16356875686479 27.646419745058008 177.836198493668 343.59710624807667 80.82598428638514 113.68695172798218 244.5026539637516 38.89102094066332 185.11358209959934 309.037654561697 282.2914322451427 64.86668697225113 
138.1951206354022 152.02317566087302 217.94642112252347 340.19792928827746 342.6393761542243 297.1876075817927 344.11653263505724 41.30199435133923 340.7409149441936 162.08426458657516 66.03235246789923 275.0151269144626 116.25115938509299 125.24784752268421 285.35488713772435 
38.367579849437796 357.1898239907103 251.4769809578108 167.30368694277328 292.9656820010384 347.7511409360936 361.1236070926872 337.64646292572496 189.35551402502028 216.52626752905576 210.64860740213587 220.123195709976 68.7237343457057 123.49456042207301 109.03370468079544 
242.68419292026792 361.27351118243587 299.3507299206319 57.399801172464386 218.6877688593322 223.0674244763537 24.965269623657907 22.493767527737266 298.3370088800853 122.1481996177503 141.20792884590207 310.50195829129825 203.53006447030185 201.46206960116893 145.59465479730397 
65.6911135936536 222.3087770248139 164.26610875142467 211.0075391881374 76.848326695515 118.15949423049389 254.7112885018021 177.82521134972328 310.32015776365625 102.68283041669793 263.3945524668584 172.48291896443408 178.86545758071452 131.4695070916227 225.46922602741748 
266.8244431594085 52.858454783403346 229.8975373415298 169.36719563823576 34.22955695939153 329.8806731430061 158.78509941168204 259.03191426607367 82.42963809752031 273.76049402024904 170.55467905714116 254.77709144514074 234.1510983243675 310.2434079060993 93.20678720766524 
280.8301519325374 231.67361708272853 284.26080459152956 183.9285367967677 333.6098522413887 322.04449146740706 133.7591170405938 202.09179031680858 263.385288981996 306.0187090129242 40.50124773732993 192.48871648982922 101.22167203891894 94.31044617767246 72.28335258428703 
274.7131949196464 225.23576965854528 297.7072162544842 115.97351271283407 139.1868970340387 78.5217306066184 209.27340139138926 120.40244448951344 83.04450697926467 358.04602310243484 85.75979522859535 351.0618883909605 68.19971025275592 175.96212156332595 199.3697889965518 
136.8418402972183 208.02447260175376 175.49438180727688 95.12727786506055 293.3920117324419 252.3669163220422 294.9489389888852 349.48468934577716 319.7458275172544 26.265638388380083 71.2798937593428 298.13204494672874 343.7024176940683 347.19150998105476 185.03087254024342 
48.619469645621884 97.87564237497024 293.3152717384243 125.71483857339399 340.69819774865294 88.01143705310267 43.05245087460703 328.5088698415788 360.24005355730156 296.809588723351 331.96756056985976 274.8843617215764 174.3819919361858 155.8303306708469 46.886397022966165 
271.0234275189687 36.270730242156986 359.437403932339 31.630296007808354 92.51703866778443 349.2735803209469 341.9883197256807 361.3527102661594 238.99170488255297 235.803005057006 205.1792865199393 219.86733704191096 89.15130419493134 184.2647171208541 102.44398971993104 
313.5169402956874 82.6079371924595 286.63076053752127 64.3193658738941 80.86118706264213 96.20633126295317 353.21905765317615 252.87309014725085 326.88092344443976 42.224363583773645 269.1893792033518 233.6492945043801 210.42184995939795 170.05386782787164 160.2825944496826 
157.64001282079107 207.0182895713978 218.46386465964164 238.23706233291608 197.5617622995999 227.98332843773233 172.1131467299764 95.24475909174316 323.9387644103781 262.75277636281345 95.4970105038835 281.7014696718351 96.90688434443935 99.74024576955668 167.0793304138432 
94.75789857223758 214.93969793389985 290.9322984666289 88.92705642756232 145.90189362614944 219.9637989776496 67.91012868006081 298.1219394626773 191.5137652200467 147.6415047914317 229.32325038796358 243.32136773699366 168.78139449406424 173.34650231818392 273.1497985627964 
107.22130437211908 114.03146016464413 326.01123581436656 242.65233193007927 146.4658421643142 230.68380523063752 50.62844858652055 143.88116161687438 264.2413970575819 52.95366220916647 335.5369707100829 189.3968602147959 312.4640582097919 342.27580021809024 321.7988467123488 
218.45401449518002 124.1128094554443 275.097947429686 342.0005020867992 242.06939387869167 110.04031386493978 173.128653650024 261.5788194074721 121.68716484449561 334.1441835892808 298.9207403316143 102.54752755095706 265.42929430833067 174.9428283490974 212.74561399206053 
244.96397805912002 283.77748394308486 49.232871385863476 295.8436408748764 214.9297544881387 188.8484908331233 187.52667614778406 79.38281243345753 221.6806051729308 152.2785084993735 221.66718257120374 355.1192063447296 80.92458574298655 279.7563277041789 258.71000878268467 
198.1152250701991 188.6434956511805 51.991478868383545 354.02695902524067 76.1750372906994 141.35449412619494 200.0900084547332 97.38096000575315 229.35028352245823 288.9828464932675 212.8939274488347 360.97118549872494 123.59420507862471 186.946480288821 121.98588825180224 
314.37679004714045 204.9866366022686 287.0366368761399 234.71746055211997 126.45255884454619 348.5004974276684 123.65970148932287 220.9317285864811 192.23348330883996 360.9378773624134 55.9806169241043 133.74536428503808 280.7991286889548 150.36470506098206 241.30489477313438 
182.98626060519413 96.00657418813427 122.08230074190149 117.91870969278362 361.89847396876775 39.80158169564916 267.0276679460636 99.95457983825435 64.24781866612346 53.44512963850049 158.62880291042885 129.13232289082725 290.1521631705638 68.34811857144459 317.4821516673799 
283.4415312477783 281.661222094363 254.35860879880582 346.02314567890204 97.92783182027536 288.29241763648287 253.34439659056667 278.75968791433763 353.8659865343671 30.408801879942825 310.9480837580987 156.18297138763543 212.56868674230296 164.8802232377256 275.19478732637873 
233.4698591702312 317.42675874744066 296.8596624494955 60.68200481069451 239.2971967386971 332.2283268901807 269.84867491934403 169.52438228971636 257.2775599029479 52.205143460711724 178.06183001496436 100.7994472699382 303.5320201761219 174.026749054961 113.62467809880711 
238.91961073633925 155.45751651979307 122.1395500204493 168.7163821971948 321.6618039724688 144.29899571192453 300.2045846949324 318.6297613323949 165.13008413339472 96.79884179639902 169.40811343085812 31.27354845253906 121.82440305029426 278.8873492276464 100.51982065486759 
144.81657906629437 178.42194825757022 107.69073005211065 306.8384205087187 222.0848354690701 67.37855058471413 176.69920663759254 128.33349946793308 121.02130502715652 260.5418914461695 317.7791752774493 185.15513222028937 104.19747643381828 138.73382715498343 59.72970634218469 
165.56225436901622 232.28248860815438 360.62931879312225 236.39682127142473 252.66714573338376 170.05220849671701 54.66213452363364 243.87501092764106 124.25567553921488 274.77388388416495 112.75450988041409 253.84210406880416 113.17185559246984 185.11003866769838 276.99105562310365 
139.53266526365974 158.94649216053324 218.69504909996738 120.93154002255007 307.16858362772393 314.14391125601793 23.78234333657804 150.31398026793076 252.29796284576608 85.96855782458265 77.24696810308694 128.56081242596855 229.6219510074512 66.61358814667571 216.40533934088543 
87.01428784269676 81.26369131966972 78.92085064033748 182.87370240895555 76.58546315181897 341.83782968506495 25.372604186898705 301.7519978309622 162.75918425987305 36.943354840546924 331.11116335824113 74.94540303972917 82.86067004297242 47.96256915843799 158.09420710516383 
117.91829400183563 142.52231341396532 306.34709822109517 312.14367973856434 259.00587640653305 341.50956231246096 160.2302123887853 302.9121475599712 184.16665806141654 357.397339934892 167.42522286228836 341.5974506830534 325.05280824432367 321.98982744789464 244.14421817201034 
37.30463067428654 78.83894084106629 198.21210861084674 143.86582343539243 119.68581126380172 136.57743030895193 312.3582476964715 304.02397309211017 54.43447376713238 158.95748541286454 142.07022327356108 123.92298559830002 272.8819508820961 259.1496491279827 351.17753439654064 
127.73746665397285 127.08795112564343 138.22223990946011 137.74580568233196 142.6312551628623 128.77956579161446 128.9368886759312 127.02945649881227 138.46009070732023 133.79376310112096 126.73240149270393 132.49450516437497 130.67960022052753 127.09501520614027 126.73572431082307 
129.1556151538358 135.4963601671001 143.11813314966574 131.6309185479605 128.97150171767674 142.7638387758933 127.19720804634278 130.40852962224426 131.9002164708642 129.38772319220504 131.02216379166393 141.38204573081762 140.3745247465471 133.24253206278593 130.1355172431152 
136.889983181402 131.10853507243553 133.84002309646715 132.1338711189843 136.21929826527753 142.64485672995832 139.3330285095423 129.21215773867323 136.807753858914 127.32671308341754 132.54270073517023 139.8008139277472 139.2236019179496 134.62355045724115 130.02566734092903 
129.33461316833547 134.57699838969228 129.96852296800265 132.64169412909138 135.9691015886937 127.58653955347779 136.52876567830975 127.96995930932987 131.01638238470238 136.10779303648874 132.15158814614836 128.2075061892314 139.39303081111385 127.26007696113716 132.8011371185704 
142.87795261996297 131.70620857234005 135.9446029747101 128.32870629534108 132.1470367768117 139.8307238062236 131.76930889782605 141.98831014865576 128.1179162648227 140.9714988856476 128.42701274505058 134.13325197206012 127.31584268053467 126.57037273075656 128.36798755285284 
127.81664535186768 133.6150153956198 129.06352723217725 142.7207404781956 140.04564195368715 130.01273569174947 135.48593129128707 129.51243540501963 136.9305668970301 131.63016626287256 127.7296945733547 129.30019315075012 126.40957601428576 135.57580194610696 126.33449838590477 
129.26868409149563 134.63285893594914 130.50236918489261 128.91288947899108 127.86638085090283 140.41906194070475 137.36041218811468 135.20831763350787 136.31022406218904 135.83798108106177 130.8868274026929 136.83028308404815 126.54443225395622 127.04161317821384 127.80784097177262 
136.73853284391356 132.22494405184332 134.68668179146815 135.97639884965116 135.19108649821754 133.44179144265826 143.13093303782065 140.46943084022425 129.25424065360494 141.36755500312884 140.73014285752697 131.79014369609112 137.20565822438755 143.41366345572152 132.45128690635352 
130.56164453110847 134.6403230209829 131.4998824197534 139.934135334882 142.82223050376717 137.85630992550765 135.15703695084903 142.1003256829683 141.03863561029578 129.41549055733114 126.71445473959439 137.6891928227521 133.54340279323594 141.14524189259598 128.53499761747088 
129.6142751153695 126.26888356069375 132.86841641597383 127.97603968011404 134.82446668167285 130.5370250849549 138.77772540565795 138.18990743026708 133.02782790345998 138.20317358454264 133.63590197485746 133.76845686462048 133.12915121925883 129.3690330794054 132.65200987958045 
135.32305549385592 135.44453886264424 136.65417381675383 132.34957006605094 134.97074709587525 131.917811831695 133.37257993524307 129.0669817868793 134.55036569375707 136.79057683632988 140.08320111917533 142.90018324363496 141.49588407936128 129.18270923288947 143.28496769037463 
131.20192684351676 129.37881903633993 126.84222794199607 133.68590073156415 128.13290554277265 142.15968391821121 141.5595612223734 132.11142162856478 140.46059367114097 134.16315085955395 127.65124813623935 142.44009023399346 142.43281105433977 127.2448330400092 132.66799915786933 
131.997814817543 141.99934712784867 142.69254766176766 130.69334242856235 140.07869569326823 134.58639061802427 139.22054652679765 133.49834241067867 140.80602913840943 142.77115651603677 132.38822697353712 139.33099195769307 131.07811365220334 135.8008527669429 135.62276256336082 
139.21502251588146 132.37494657561302 134.71490610955786 133.82940307438992 128.70345066546733 127.1620499759753 139.42815214045527 141.59523327528444 139.2748543186851 128.65261229760495 132.06984773780397 129.0620856022699 140.5776935359864 137.6051946918534 134.76280617960623 
126.32720702539176 133.02593627517194 136.43916396894002 136.40726659859038 139.14771354212877 132.72402906495844 133.85490387506638 134.68302643162627 139.8632414245695 141.6328573393352 132.6844408385678 127.18901437417722 129.19721098995888 132.42192928937473 134.16362191399176 
137.57537811923999 131.54289684507023 138.35007074388614 138.42195376679257 127.74509626705424 140.10335290290405 131.94071465405796 139.61522329737028 127.38735256191018 132.56124127001235 128.48681643407218 141.61259895744064 139.83585436008727 141.29927611162603 127.53534223974499 
134.4336815833963 131.09325448058763 132.0003026882964 142.88531063882849 132.0454552152267 130.98380636573617 129.6614628919127 134.03394687263892 133.05479223876338 142.33986769779088 141.61499192809663 127.69980480341509 138.67194241594245 137.1562056659748 127.55365950732292 
135.80015792264257 137.10592973204322 137.76208023135024 142.31973160934106 141.8283926715394 137.66889628261538 137.4902822492069 132.80906896278958 131.4100648518984 130.61927179875653 138.69136804278824 134.0730560795467 130.3106892402732 126.90673925286904 139.17067119214863 
143.35699826920094 132.95143913707776 139.76493746463615 141.6888390799446 126.45115405145103 128.64637505593822 128.9033048370417 138.6470420643525 141.82705467194765 135.2590888077805 135.39108186546702 141.82761754493825 130.8873140350434 126.50502217653599 134.12476529709477 
138.63411300288578 126.48447702972727 131.75225757976585 141.37926975983936 140.2696472227044 131.92434392483838 134.09926967197822 132.31421968892562 142.7165229244839 132.8473861967345 135.98140600068797 139.25501509629783 133.4253947109082 134.50479492140732 138.35928400311005 
131.03747805071518 133.7227065721692 135.32525564418518 137.0531518724838 140.9889758576753 138.26307779409598 132.83626942135265 141.38555252541693 127.44909851253786 132.99047229719835 132.33300462411316 138.4781645583838 136.3066389409777 139.40726076980806 141.87896319041675 
129.00739862997384 129.06892276543007 140.99002472689992 127.65507289768217 140.14902901500147 131.3296933395759 132.0132472884808 138.01381107197687 131.1761920979738 130.99564845926577 138.8144785313206 131.56523017675383 134.605566561276 127.37460900289099 135.87698280951852 
136.1659455474956 138.7976887707104 137.33516395252425 140.17349919508064 130.25990778356865 137.78092034611007 137.28981618059805 128.28013090464228 134.665441318958 133.56733190427204 137.63587640173836 136.83356816146124 137.9363031552688 135.08187961179888 135.78361493712902 
132.06215025820262 140.07790301660214 134.81696976391504 130.0211878660278 131.8874427778706 137.57679912868895 140.6615451405462 140.3775196090067 127.80187727079297 139.2319069332805 126.55089271284038 134.88226206013323 133.33166292775897 134.87311492046925 138.77024390375536 
137.46640460305372 136.34165188165483 133.84077168150657 134.6119624182044 134.3304033608164 126.82177252221345 132.9568102631493 138.55937146913786 135.69945881344918 134.7329223621337 135.56388692732287 127.21898838547209 140.11421474588673 139.86081086734734 129.78543057641062 
138.8809414208478 126.72406068628456 141.19497289214038 138.40272248895556 135.41480750091316 141.8794609397931 130.94680212797422 137.65556779305825 127.32274677061135 136.57086623573483 131.62648538148113 138.5672578239318 135.79411796666366 126.64560157601501 137.54660009382087 
130.40437986814158 129.07439487616264 127.13740809508268 141.97705682720928 127.76953180500131 140.13107189046025 142.48104516732826 137.50680923835992 138.3617878898567 136.88787855625333 133.17631027685766 130.07981821969827 140.96554890500994 137.71029991533157 142.2645219020728 
140.0869293398888 141.68672705112633 127.28353322027819 140.6652398070848 134.59450640137106 132.54979344728713 140.14496952344246 126.96144689028361 128.22953880040458 138.31650693960052 127.5955472376259 134.94390018869265 128.63605930212685 128.21718555003318 142.27736836421383 
139.76443110863312 128.65492301580915 129.6423163831585 141.1386937702042 131.809484029784 136.126438210557 138.82109685213726 129.8722766832386 133.73786520163438 127.87597202263466 138.4932001075899 138.82460019915024 133.33773056715683 130.66997656410894 130.85133523428306 
129.00755054117084 128.82296177649317 128.69226531302604 134.63429367360632 138.09412185051158 133.45642684221284 127.81385271740011 131.8792510395139 137.3348010055715 141.33204370974912 136.60256603334204 136.6671739220885 140.58874024905916 133.9880452844379 126.30085619508955 
116.22538273629286 136.34942658058506 70.73611370228531 179.33963499120603 -48.02419682666924 15.16591829860647 142.08673152794128 156.9679762244243 120.78286164887797 18.283238363141024 -56.0263886913934 155.92441889815004 20.150382012447295 86.07972346905262 -57.216310283366184 
30.527869074359927 214.8601407577744 63.16179467759147 -5.6101201081816185 54.54162688548922 22.92298839736442 130.61729906219276 19.867533546799223 169.5603466279413 31.130980644915894 -79.3374997915864 124.21726670363799 -7.005523117312649 110.0503746593557 177.4097294100407 
61.74446722215376 82.13940272843163 -9.694058143966345 110.34899023892413 -53.81670882941499 23.516469543655035 -68.60366080259698 177.22709019175028 181.99698801439467 75.44873749447527 -4.5506756533484065 92.52610680218757 36.49903295283191 139.58209073129203 203.2492317756712 
-41.449515208198285 111.09100257557392 27.018561215506864 215.35683831151175 207.3626157278614 -28.74099107977883 9.699719935704081 122.35574378793203 203.0783018832156 34.920749262119216 112.36591120695505 -32.03969722599501 171.62568177353637 29.42264357105377 54.38767797623893 
173.24271814033506 147.38014740808626 -76.83582783770149 -68.16698820288377 -76.41121674702329 64.03997196486168 196.1705510894962 -55.53324944396133 -76.10410344239759 97.26936182249881 107.34668201397145 200.79733836872805 -39.36971521518436 -57.950527878587 50.49263597555765 
120.26539596693033 16.207434360977004 65.65718335793281 113.10713604333625 40.171476165675955 123.44963616795039 79.30279975507901 1.5941289623446266 196.55579405961856 -39.07319380008419 26.53415568903523 32.62688536225852 -38.854980772687156 153.12356366758638 121.13703384342554 
10.730542317056404 163.01640262771187 32.509651267319995 131.66584769733382 129.08146141300983 24.988192252403493 38.36092839518214 -42.5241473706125 189.3115644811354 108.4050297406634 187.74907538718878 147.69935245369444 112.28887067433837 208.5390457824277 113.2847243013484 
115.82234066514934 145.21336719236584 187.7026048481672 8.469882184393185 176.37871917036034 -54.59618684436634 -33.07208492289079 -9.848769632177593 -57.99803788087763 130.08403108932794 33.82957518272491 161.01169073612633 -0.3888418439189536 84.50560227083108 74.1305205593815 
159.5331713929977 131.6053603012522 -15.573275437308467 32.29819154965429 42.28023330374711 44.336164534105194 147.86903752850145 -79.3448284380744 -45.6485354368019 151.79630437683872 117.87564510726705 187.159387368581 -6.993955853131453 198.26844870219293 92.63596619966421 
99.35139103400618 -13.412848391827254 -6.351698013795854 171.0780863713617 -24.18912523203526 -35.9773625631723 -83.76111153032731 -74.2240134004516 154.80865325492545 130.8011622347044 45.19078726638634 197.83919303307107 -55.378164104792006 59.71726734218066 -3.862109067613048 
115.04947475550443 99.99430835810978 197.25034264390888 3.684720849351237 170.97841193151547 -4.191616738293689 -52.36231164312697 -80.21939718811275 -29.820627564919945 52.37210954413965 186.41385894628166 114.64420066056397 -13.870075554489475 31.295271495862664 -8.145320484587089 
-29.48554648452378 128.215958357516 -67.12968155681301 183.4998127529318 -83.3148824647966 -40.1226487027438 208.3584208320088 16.313450868070788 67.18795009878926 121.8922585890493 57.953985988862456 20.319066649627615 13.75235013568765 -81.07501971919041 176.32507375821928 
80.22785155701249 -52.18163903060007 -12.091443539115957 2.794741188388656 35.985892098894624 109.07139247933853 141.51189026752579 192.18029124519438 139.6663114948052 107.79349541604878 -1.6636277138467932 187.17464981799003 208.7633044682289 139.34184838622073 -51.27009552781941 
10.73851077421891 -79.54873737135567 -59.787616346292054 119.92626689620386 126.29183125122142 66.06433430302832 4.685596807003947 40.16890088519456 92.21913693937205 157.65872295283748 186.69878758501306 -7.4134551658796966 96.6699056287286 68.05148716808893 58.95429070384719 
59.91176800022427 144.80211087926932 90.09245835792711 95.4448640936532 29.85382662939689 198.1160425789148 104.47856810270352 120.11017766708153 77.80635696385363 169.20259344487036 214.29871160346443 67.57480455823503 35.32719272069431 60.583034957559846 196.5531867086312 
132.67954224308082 79.86398742202093 -55.90406925621825 193.8044709255666 159.29627896928233 -49.253037115591106 41.54136277956201 -2.808864384185739 81.91307877162453 113.11113751986636 193.80364707414043 138.95857358763755 157.16989315778935 55.25878464477003 10.93329614339018 
86.76806191474583 2.7374591719252948 64.40796971924405 39.223420845750425 193.75819336677722 -80.27264576496276 31.348126235629934 -35.961755902477236 -0.9103828339248281 -79.16919339380699 160.34775100081688 81.08438139998992 19.41900353422301 163.05911574331174 -35.75926338022965 
138.17152117509485 64.5443102316159 92.82817849008384 159.89980209152043 47.300770532644464 81.61659261969493 93.53502898564793 -82.29691033263077 -23.173458562080576 -53.56007112165347 -60.39380297062796 -54.30478235147653 95.82435174928165 -66.47124007093966 -62.52992547272316 
132.53011516123345 -29.718146659905443 54.51595092638402 -78.79629387786991 -20.42037031811804 121.6482615892148 -76.90100692262635 176.37656818987892 190.3394429883877 162.71447944382678 65.9926081530634 207.18114338988403 97.33922515134967 148.6869013119861 -0.21827962230692322 
125.22208220323435 83.65988919012693 104.83090054236939 8.476060950973576 105.19905420985359 155.22343684889964 2.542366442711412 181.56620621218627 123.93249754981181 84.89924756611873 171.8852966743486 21.263934115406684 33.48035330826329 106.79294144094345 84.32816250310864 
141.3603831655269 161.40191615701085 169.9638310351059 -31.29702348267123 30.68769060677097 94.38001860455557 181.97418275484148 39.6680945154699 -79.82813750096263 145.52568419228498 86.91186569440308 32.62020742934307 6.953625992322316 156.75239658203165 57.807162768178216 
109.24129992108365 -11.959611713950864 -21.331831687046716 97.96892549207817 121.45576047483564 196.88828312833346 119.39429112834415 11.787235091332477 119.44299791926693 -52.08063122387 146.59188783842305 70.72354804396164 153.71733122169874 1.8951075712196683 18.01255321652654 
199.5582433769435 -55.82679490539893 104.3087962679686 109.56514976792025 187.38265130676456 -56.050322018696406 105.07657593141522 17.712889422462013 172.68585863234932 -6.53661202528734 -29.188174725541742 66.98346715577122 -6.576285473767243 17.39295656252942 -67.43772600432773 
5.81647433080758 -34.77936375206639 187.43479863585742 73.44654019010966 179.1412409936209 185.72786496093988 194.0800971075431 -53.644359747698864 151.76817266845777 71.61461671584019 -70.8215210652894 167.82396951799393 202.501473596925 26.68019619308977 -9.728580035702706 
134.45959168989248 18.2788259582816 46.08457102505096 70.96928506280696 14.188428276258989 43.50920823696002 100.888708684178 163.51969381566994 -50.89864045903791 -28.240775978422377 -27.755789346557442 205.9029514894088 175.30530461022232 -33.50428366655506 -16.60052759666418 
131.15273520336098 184.95108401220062 -41.8824537445632 184.90371630959964 84.53546725893244 58.69498567314315 30.800120742334627 52.33851839001568 53.046020568430265 -28.219836168004797 -16.835905720590546 145.45541197993447 92.9620525499285 113.46411644731319 -47.27679082725898 
189.71642924101434 -24.84940806968168 169.26688966995945 92.72346011397079 146.23750440622027 -38.68226195615448 26.253931719517595 -1.9894734165187629 111.91623899218712 -11.313868739063295 123.9411312544542 15.015543850019938 98.74914041646747 -54.10404489372326 209.37314626887758 
108.36384051992044 109.00552079707575 40.706440497603154 192.5297689346345 141.2696351091993 167.4958436021931 73.76359914698338 68.56206052209163 77.98496534643348 0.37293960019415806 -62.21916013861687 213.36942028238866 -41.855717288103726 -48.305837938462155 1.5253403181355054 
33.78640021155178 -26.872690668514842 119.87709665044477 175.02649424569125 89.79055868228969 -44.64429287992791 -39.58466499927112 -11.192687566450616 139.57778237779976 -47.55129396574989 22.891256162877838 -51.16762834105328 35.29381542019944 158.17305940538398 -34.0443664978953 
122.35467850783206 -79.40788494733104 -56.93421749062057 129.568353665333 132.41768048541434 190.15764292245774 44.84144295014585 188.24969892093463 156.73037276333596 126.50139175177566 56.78745333957755 -62.40121827095241 164.17368366408795 32.30068302315145 170.85217829882836 
