88.59571508719522 66.70435215844353 78.59757802147152 94.86709471719867 71.77097526852674 29.10430654174526 48.34218527568467 75.85083057236142 43.30196635936819 78.78445702170234 88.48103597036746 88.65546070524805 33.61850500330394 69.37782673852675 98.39648729462418 
81.1490151022696 37.29777080586292 73.90708968728902 42.93714602043582 34.717509769740914 76.83794942939272 27.667389553828976 42.62793561336201 97.72552617373286 77.64055224153742 78.80917508181545 72.00443535039261 78.10896657610411 51.685065527948524 76.7590291447973 
99.26778503848645 82.17568490934799 77.59370504133885 44.32609523457397 43.113169671674996 99.63449983023672 63.17196387735369 23.419340988398766 92.42100829563613 36.30112504586166 80.3664880471658 31.550984417668456 97.95099059953051 46.3909573565195 26.203962263250567 
41.83844056217031 43.137719862478114 49.57821061200848 96.31658738037403 85.39606824433201 30.698336927269338 88.11686896519157 44.91667337890449 25.301869244782875 57.63129266984244 82.20431020336972 42.85673082312088 42.927623549918074 43.98046117902909 38.876633578820815 
99.9280191086897 52.74544887534012 23.47724804631448 32.28325851631988 65.93602983475645 60.76712878050696 91.92487320125849 94.0604257315947 77.14756384392496 89.03720779444744 38.54000345761217 66.81667302998156 55.25382208494859 55.23065669488384 50.94866590494395 
28.167645435193094 95.78587983451732 56.70263048956763 61.8532389003559 23.501467922173287 76.8536522786288 92.61529238628506 64.3250813566045 38.665720769505995 42.67598757971482 89.22837167460895 48.94659403829169 39.522971896916246 78.0108927740071 60.68960604168916 
74.02104065262091 77.53004386064279 59.9169590393987 44.923377269253024 70.40187963375354 23.332623148223142 27.94908890309858 81.6159778087962 77.1524984256981 48.75092640967621 100.46669575412989 100.18997567157948 40.37228986673031 74.77212063925779 78.34049351163935 
42.61013640698029 73.32149636804888 77.76899291402464 63.93463614951137 58.14261799673171 52.79586336601464 69.9314290874085 50.93702050465305 48.799188224139954 70.54652617756363 94.85409203486404 48.0804922212472 61.1842810025096 59.353284357190134 96.65016962506492 
49.26906017935424 26.340644159446104 73.84198950166561 41.66258741954739 61.24007058298462 58.04888788305692 96.94473773688891 87.06865069881344 79.0727608558959 72.09263886652172 49.5280500978364 31.850689291614373 66.66647534314326 48.1432854478427 42.86142565240256 
65.51049384944977 38.795237745762364 76.89459451037067 33.426748130947146 79.24847325917455 88.60713385428443 59.816106454189324 72.65538920267298 68.27328970124671 43.34109260682925 67.86528225409047 53.89838554987674 98.57700520035249 89.14294779027341 76.7100133056244 
99.14567848136366 97.59046084636157 64.76837411218224 31.124028735257898 49.586587467748714 79.5104969231244 87.8906422496189 44.16915783088591 55.79510837192586 55.382510796796915 25.736456626811165 50.74969060188582 92.83654041837654 44.810938363748186 83.22792914359036 
34.75947942526814 80.57043635924794 53.31839928103679 69.28829091154748 92.09835623772076 93.76460094727427 78.86249559221349 83.03638555371131 32.376021963348336 96.98282943885336 97.96838460591712 99.23218208021169 28.04849608557228 95.16058675181839 66.67307089726708 
63.718910166562154 31.82812260059036 43.13507667209068 49.13551765031589 44.3872870353006 29.787360535576425 58.75192067723191 100.00768173080408 51.491054536785214 42.42573121274234 79.0890393577103 98.11133171163283 30.951401689758303 47.615832430557134 60.468452194359266 
70.37125943079778 72.85396155673925 87.35880837022717 81.02946469415532 97.66810879135429 83.29549439198367 74.30318486477833 43.41600722760147 69.23340276522227 92.23919538787639 91.44465814320353 42.14316288149915 94.01988895161271 50.24879043457365 90.25856036231562 
24.24852732186485 80.32658559498344 23.42722516734424 29.64915268434087 29.469200311577517 76.75881540528727 54.33840407579687 34.37505028661397 46.24338991195646 89.91693181496831 77.24833360179264 52.2785148380847 31.714595026682908 89.02901032790828 22.12743272903645 
97.65183561199517 96.80012128084657 27.20454738092525 36.261770539947946 31.173349096343685 53.84401468548471 25.98274702473674 97.53431342885948 38.26473022315305 90.79819666202513 90.82921013724363 53.489361939125274 83.51252297310873 63.246916814868776 23.67459727970476 
65.93486458213067 25.042537255515036 35.57398497932676 29.486793731293545 80.24159655765035 28.958676357789983 31.198801763282425 35.8217197580324 76.07168984802328 74.23659288796901 93.78358200514153 32.278890323983305 90.38963586829381 23.09785804893127 93.0367910622184 
95.98639758306925 29.765860059575367 36.53192656612382 48.26182284418708 79.45138250044232 23.984972671162915 84.47463399935197 33.57652205866891 42.28823577645987 25.679061818849824 88.56741850033369 88.47917119917477 66.82915235412887 47.66340272633403 84.47812197808443 
66.06522564375851 25.59717688855515 75.66218462740683 39.3188919082009 99.86623977026602 51.47869301584063 95.26734393771535 98.3384871868544 79.82986833329605 23.45242213672443 43.093601141876285 47.708167754481124 90.45567563601647 90.42632012778957 27.769863018285307 
88.53529249281968 94.53547859454964 26.766901126142628 63.9548916717955 94.85530429056998 39.63265078355095 82.84622186818939 93.43964414512247 72.72460324330393 37.441946237870454 92.23500077807104 43.27009034499176 27.736088318643226 27.020990138248735 27.10716125668092 
86.49081556745908 77.17285246062559 38.78551263424509 36.945602841184524 84.41889001844466 93.53598853600188 99.06769746416589 26.494305289326896 72.55840578785977 95.94020050683092 88.63947754679094 48.366756343477654 36.742099099636114 50.196155468694386 37.08895765512298 
47.04910370335274 99.04229498020221 68.43425182927734 27.480765140723342 59.14570184350567 24.29365870260215 26.4831093941474 71.78041028322274 92.35571338078675 58.3859202538561 73.43723208325885 72.8904305075493 97.18914028018902 77.07375698824339 84.86175162366246 
79.09620323002878 65.75008419585077 59.8342117617351 63.47214542421574 24.471321460336725 80.97394168023607 27.608234125154908 83.53758487187788 75.5159918011737 71.99764520247119 95.2273625163206 25.205111286035166 48.145614011401136 94.57854691338908 89.40466935276342 
41.00511211319828 57.81696198817183 46.894030815389456 94.09719455724193 66.70217671354959 37.14444990878319 81.35134915961447 65.43479809614807 59.77560219487537 24.014519929198322 80.58793926332476 37.3154604906682 69.18376903660803 26.318665746523738 83.95516839570935 
71.56435284751643 75.6799987924478 45.60964547106247 54.04312037540013 24.005370570148603 64.1485097866054 37.85275820144257 79.02429233680438 34.2115595481731 29.479334761394465 90.27908329941624 62.47571083733433 93.21092651816663 68.86662262275898 90.01438267185911 
49.864315805561525 35.9484711887469 78.20214755793947 31.57053594503028 83.61933093250373 85.02244170035826 67.72128769335896 91.90455887771229 67.09885029224117 87.12766992766419 23.259789597053253 28.166840762666112 89.0492228059131 27.15296572073986 84.80766764158628 
62.49985715059039 81.38978828228736 39.251946263159255 83.72281782344297 63.999803522505566 66.86553106216388 64.39092721586424 86.26008471718256 23.53609220702553 79.43532367018949 61.090576669845525 63.52598801648124 42.87674395296891 59.87324772328922 95.66006534252307 
59.129378371051686 73.68923291332612 77.15520256046787 59.3446015543488 28.470904613441565 86.40633203228126 67.1744657753552 86.6129987598846 35.65289249461294 51.81004280444894 28.280503115431138 43.62479384846823 69.61620848055423 24.931970686287176 79.09374074464586 
45.29647129860176 86.11843756435088 37.40624060126437 58.71784282793924 75.08383974057008 78.01792122493868 51.62121746746409 53.05619943494338 54.70858200695444 45.12804514142216 94.75264920205245 22.87681438521033 76.97430689617923 89.2886850840728 96.39848747642122 
83.13313673616503 22.603396603410463 59.73997240327655 40.809690152851516 42.440290997266125 87.05951273231497 32.87794436684143 42.61120610772001 58.27538030512511 91.36283564676793 78.05087973937898 30.26190025613976 39.33078430507626 69.0595293786442 55.062707712691434 
6.545247784305602 67.16663352802958 79.6650985108787 24.313916692540502 -5.782799361838471 75.52907087572619 -66.41200580003797 80.45213089248396 -26.70469067591109 44.267338421937836 7.889626213964519 64.43540313314996 -34.61688990587528 109.79832941825983 -66.85716477672321 
5.975938536626842 59.37086514627241 29.812609581844526 -79.94889049298285 -71.2116789329364 38.00299932366208 -18.661605218425464 0.22125090678433423 28.088613254275117 56.42339419071642 -61.4880801268843 9.812506873675929 10.996169246893373 -11.611876228255923 -81.52274364367506 
84.08307717674553 5.914331474177999 2.709949486803808 83.7752938101839 27.84176205924817 -17.317255402264465 101.541860674776 -20.672629633786087 -60.79516788021358 133.53308781205806 40.522618939939434 116.93337034244819 98.22204232751373 -29.693529782631124 6.188725755106219 
109.67640247926651 25.530808568299292 -29.702456733021393 -74.58684896093726 -33.01747457553896 -56.691113166966886 -54.17571347690644 108.1120771966567 114.93095073413075 119.96992660925046 -26.9776575110756 84.83857433218814 26.92253800679933 -43.86898082766385 57.37911538902806 
-24.348463431053744 51.99542871379627 -20.294475079095108 29.212392230838375 54.00645319852653 66.5930266064084 -57.08688019081173 -47.65056259824136 96.2521728692581 82.377705491637 -82.27745072475261 33.13115332557447 99.38109795917428 -27.584842402911498 -44.53312798321643 
93.27012337750135 43.128705895593896 26.646238301607667 68.7434097056521 125.45229921877215 87.4365110096188 51.287607099275235 56.23708989131508 32.0159713162159 -69.19483673705565 61.17818136073909 -47.520343004766765 -52.81470848267682 2.3203984030386806 84.1280995417931 
111.05249249559184 123.38453103862894 -44.207489650417195 32.77237385116062 116.70043469896207 131.51251248450075 -30.821432211305634 -11.41269888507425 67.09346605470749 20.729940393052658 54.82415190196777 96.41461038521622 105.6589582267214 63.78026665733857 -7.477447416434899 
133.74560121209373 91.03901299894294 53.47560474040277 -9.716664678216958 -24.685545877696867 -79.23948317545836 -67.31492429727024 29.291990835897664 41.15004424764908 103.78022072627418 -54.785185408471335 78.76167842472704 57.93149734883677 28.260265528950384 79.7045947316709 
-15.3237265150142 127.9895869274895 20.32399987616607 -81.4168641049893 4.7645787174833885 -76.86627999231509 -19.633467299176303 137.2154804707065 15.398008772443234 137.07292777587026 -66.87925847144014 120.04176300088666 -1.1291831676843742 7.358754480866978 118.54345379209524 
-56.23917309543208 92.13731142269366 -72.98189803431887 -14.301790311345357 -31.92904845534148 13.194863581542592 -66.30874213505419 119.47473769502885 -45.58525870700725 41.87191616381661 -8.45136014454765 89.34747484806927 -50.92532951226118 108.53702559119147 8.41045686467264 
62.858813125140884 -23.312299657899963 13.672709416397268 68.01104686449794 -54.259677576423236 -20.827738580113227 31.243877263459282 126.46144382785708 130.98520901789374 99.51887467159007 16.174430800862183 134.3151257429031 -46.98380229950568 -19.980951412465167 -55.22342820453787 
21.111881668386715 111.77987813303234 -55.488144753882864 -20.436836430996408 73.86126915702197 136.65245088521135 21.475269740166624 38.637603493320626 30.220393262167235 105.24985842365943 -1.1279748803903402 -34.230501832958204 13.200423804962696 9.761252085765648 -54.621165725590146 
-32.943156496169685 -81.46449856772365 122.89736360848418 2.228883066256472 -68.86046670503889 74.40170806098298 -24.318318436043846 55.88801640480479 86.2354120618633 -4.339305118446447 75.76929226170479 56.61679582253133 57.572862101939236 -21.170330275626064 7.48780685363451 
-50.31883332041335 35.82041484876717 -21.646904420761032 -37.91956635812672 135.41305744198513 52.62426010949825 76.91604556613548 92.77571677814488 -77.46181340065122 71.21484739106516 -40.7485350774207 6.858021381464482 -24.96328971748857 -49.00007777014599 59.6076061268747 
-16.53501381837097 41.10289626381817 43.65297785325963 50.49137798462887 27.901430218807874 -73.21764771654028 116.7035750366055 113.49051564124589 40.76346579618581 80.15924465832133 6.592048553748967 98.71529988849251 -70.08815637140361 38.22894791306466 -37.54698736071946 
108.86182799549182 -68.09433630764279 -62.19589757549177 135.19630482351465 -60.41607451899732 128.49386956957204 -31.89808655361665 -2.101619791123568 109.92220923578175 -52.63867714609404 41.17056954661432 -8.949172255185076 41.022839418310895 114.53229439279814 -16.098679805024844 
-28.34429187846068 -27.923178210136783 -11.43707033926573 -49.67869742574715 43.70000969864809 92.69159395995162 93.59611594858536 117.07741455506259 128.7288194069394 -44.73213292655549 -2.391667563293524 38.67428737628573 106.84137988892509 0.3104615650933198 94.08099083031273 
27.836024448058012 26.347921656751183 -12.269271829154803 -65.20160406519567 -62.323680335309476 -55.16895842798509 -26.407218795202162 2.493035480977298 48.90701655395553 -60.0098935751746 -10.207581169634551 -4.894379912751575 57.32514578603879 53.71163440216078 -64.38403395170475 
17.412742207708533 33.2487221703463 -69.59250865303713 -38.693429616199 52.996818209138965 -53.90970412007687 -78.1701058836615 -33.20099148578815 -25.694318441308354 81.37639864534817 118.56054141978079 -41.64296629836192 112.12200523084151 83.54131407334076 71.6693933625251 
93.82035593802145 -4.695092765363086 -1.7857534967090913 -63.53505367536115 2.8923342120429965 1.5533058977323293 47.24899209039053 -72.7103880876859 -56.0446715069879 30.13235975714288 93.63228015461952 88.83899712405663 -43.1697966909692 7.163592235378843 65.2055636398865 
10.295402718348754 34.824394003152136 7.8673897545725 18.466155087239557 57.31333267330801 -53.08206314968169 62.69203504157177 26.78934528040655 -33.99349099595215 40.677646876432505 56.85370153153612 34.454196845649776 19.459704320336357 40.342476499113005 31.63578343995512 
110.65988077703783 -20.081685777032533 88.49837945209337 41.56347064010431 128.94458537413857 -41.247267844458 110.7488323348684 -72.0221750461454 109.75519909551114 118.94773341258481 -36.13256821107062 -4.91773678951094 -48.712844305442474 -76.33799410638353 71.3003896773523 
115.47630548068825 129.58786517649725 -15.076826155168078 -20.86921811332214 -2.7279761222019943 26.223444028938985 55.93772976498683 99.1345632608758 116.48214214855038 -54.695216033961714 35.577642136199984 124.891899427583 42.96614999187051 -10.94467227310031 37.25157079565004 
19.90688628926273 56.65414562451973 117.7671616122809 31.936692854700752 104.68065527482504 -23.438435578255216 92.08169566056004 27.313333289873825 9.485000313622578 119.81421285345102 -3.793863392962578 105.94824741990813 69.31587049681097 -14.000914704134772 -74.24036592331089 
34.24350839129443 123.89744333526805 21.37637559831697 95.40548468517339 111.76202762857399 39.147852383226336 108.4320540567861 115.26872495637177 106.1379382921581 99.58369064495731 72.32400196774806 22.335076231257304 105.22477623566324 121.61917763138261 117.42530948600943 
112.87673759077494 0.9355851530690984 50.95202604195917 -28.514248034884574 44.9961750136473 126.70105417730737 24.05990040888298 -63.4771049384875 -78.07177178823282 -2.15887145572583 54.04579216469749 -20.631969930459952 88.79790816510068 -58.57015477898497 -1.975096375909942 
134.74361946639647 86.4400947986157 48.10367001496421 97.48855619704916 59.12692874938075 41.90460444930308 27.017384548415748 66.84762219200543 62.074955922283024 4.889527626216889 3.515980516587831 113.24750018667869 16.661303230737275 -21.571073438455798 122.0686855562894 
-51.79491416180823 8.862344419968665 5.165735170373182 130.03437321627104 22.786730780222584 -33.20082760997341 43.06343704231112 42.74471610683601 94.43443443214214 25.757128341443035 46.82159271526051 110.93009404093435 38.315064443500276 71.37944388341161 -64.36426692545935 
56.16262830069202 14.621686826063524 115.30922274815929 88.43240216633951 -54.84625616149567 -50.509112909829774 48.003378974322075 136.76297442919036 -49.659817806337635 -34.41039652042395 -24.764271294863185 102.24346986532957 8.18336363778758 77.94639354103019 85.21954196004923 
-7.915402936457511 119.64968262408728 -78.57132682301405 62.12562839279694 109.53968510651053 1.0256282570335173 -67.06068380846193 29.17160294197045 -13.35724635741856 60.657347952507465 -75.31644365648299 18.36101979243746 81.57196873458282 103.61588104906473 121.71447051812017 
250.85903194500165 269.02532379379966 196.1322020790398 254.5215399724177 220.16778404555478 248.36047012059552 217.04242548589906 241.58725892882748 239.42597985251174 204.57275725612564 258.84054002266976 270.826474029992 269.166662304877 186.08368372904434 301.3383749385608 
297.02540767572316 301.5811561063525 300.6226824399414 204.93949111378356 227.51821629522072 225.58314919473708 279.38549305125775 255.57145156809057 301.1987805779096 223.1388332676849 258.1446558608543 290.45268091253956 287.3300369581374 195.7966628177624 264.5183111441209 
245.538415057899 189.37460408633095 279.7916547525355 215.09971199469746 243.1161831128896 260.3448974071284 273.350606445239 298.15581002530797 295.3426713013505 272.21054841858415 286.3951549281514 237.19843022438846 211.45778009157135 261.346150018491 299.89476501640036 
267.166450042359 267.5623938005353 284.65416541051593 220.3636855223914 281.6438186896327 240.19064715280894 265.985648717661 233.4458689444232 187.17611993699978 224.24442031077893 235.56711814707927 264.99116448132855 258.13945428726583 253.3912433241905 285.710062833229 
226.57916575851826 270.7983899311802 248.12556340272658 288.23526287155465 278.0010998804363 192.09334394305446 288.29058884354515 230.79589403025108 224.80323730319475 201.31901860505218 191.38565847206658 202.21001638692084 194.78815237821308 220.96435774252416 216.06796717704623 
281.0462097947575 213.08531062197974 193.31740254547924 244.7868723501972 286.97148936159806 264.6438481755003 197.16120649152924 252.3177877912118 225.84177698979872 284.2420595507201 251.97805208731273 220.9485914070228 200.42460973764503 270.93786384509195 269.9198964452246 
255.1694287409997 299.2956884802236 281.35921171859104 207.1638387289036 204.94120279376352 217.64106708366765 274.10042124930953 229.93063195407288 201.47391879191255 192.1286365933537 207.37552271837035 223.33227122839017 301.7190125195312 246.61046707673975 298.624390635167 
220.79834615573498 187.84675169370217 243.4956579469089 221.05032224864692 203.38296406598224 300.03403737853927 208.86617395504905 276.42705889824754 260.6790470559021 239.22266020411314 261.2849189347698 292.5018079968521 186.92830804753424 224.57011035656225 281.603762343534 
245.50816669001077 256.3409740546422 300.3497645889299 232.91172477317153 297.06057443582745 184.77664309526295 225.07356520025104 297.8868965073709 279.30995335941475 229.98251293438855 200.298368891238 263.5693773808924 272.57464292525094 265.86240277374907 205.02417855387557 
189.53697434323286 285.82078797258794 250.39383413318478 278.8437610783974 273.193182721706 240.66838258900466 283.3807485891086 188.4340121298255 217.3274521079898 229.66956750174668 217.65448295631083 271.22699675329676 268.3678121664982 240.37083980527956 279.4515074736941 
199.8891919328695 300.69950156750724 235.6490686871263 262.7963309492063 199.75397984682948 242.59073568825883 190.46681407662507 292.3718876331222 291.7553998667048 198.99514595340082 260.8263944704297 241.53465686769948 238.25730443798568 285.06468557430856 237.27554177898304 
214.5388407118738 247.69612354652764 260.8419521542876 223.63894361173965 252.0234083754031 254.67136194389073 233.45838765052733 289.08564489985287 248.13948568822065 248.06237478677608 215.69549368171982 185.6025195691784 211.60722355998814 252.33444875008533 222.6708303537819 
261.8423643689978 237.99328738277958 202.25039737206046 303.5630912982041 240.99004558837638 238.61624889566392 221.50511137844262 242.13200145326493 278.92681448820656 250.41215288596078 283.7647579299311 247.6841009896981 271.27293450544835 206.9800372001073 292.722759961537 
250.50412696075819 273.07313919106457 253.39851933812838 220.34139402609213 289.6512912954165 231.99566138515365 274.82661698528216 294.3117119186319 278.23060801390386 218.06637370585094 225.58261531185144 301.2005390041189 199.37593156732615 272.30782579490125 289.692569454373 
185.1976545963749 295.92126307101654 279.70399964538103 256.98624895668564 233.83151653879062 260.0237539146417 285.8947224292551 270.95966768139147 256.44226795814905 268.54592165343456 238.6729465604413 237.25446350207736 237.7023247022058 293.3426291483459 226.73650432370073 
262.74806879953366 216.65587837682003 197.83847707422845 280.7603587220506 228.16934754280194 236.033520275653 267.3809079113306 273.8985654347607 260.7057287238899 217.35285819845598 235.71555614820792 263.08619209570224 220.70550223226996 255.68589211058827 285.01098556263435 
210.7945170153855 187.42935918036446 299.94026414808695 194.55339540451175 295.2665157923174 291.0568670547041 262.52831885089984 245.45896309779167 258.26185269809093 268.75123794495437 266.91545334460125 266.7596589813635 255.6969268033298 212.8088146071153 217.58023011095796 
295.0022358405553 227.00434281102514 280.29860024435516 184.65649423501037 262.54361270355537 189.02298643663556 274.59593212084565 221.58629250848088 281.9934855222789 276.0714043414502 264.5317678040497 225.82105530346553 269.4157617513246 215.1790941245777 284.7393661606384 
187.45156317171913 209.54565555521856 231.3742990730764 212.3158776851876 299.22124184283643 243.7798762652293 209.3953778115756 209.97493492212107 200.7172930011159 254.41230225185313 293.364035446465 290.92773578133836 220.06921406360698 226.63352293761176 297.5207346714598 
295.6320757186803 236.23513386990646 197.41126591501526 278.22733559671155 293.8916768858287 297.0362869805543 186.56405510660394 247.3379134898391 207.82516545673445 240.009361583892 205.6218773652232 229.322866748189 297.5218139868693 272.0137862679157 236.2280694169683 
275.72224786281856 236.94621182405257 303.5667008075956 289.44818314902795 186.43648916896544 227.53928733056557 293.42788533208443 277.92866182450064 205.30062332490843 218.5634994425602 191.7130973022848 229.1671682254989 291.46174931523905 224.5442329999582 201.07894090649498 
200.0716547021942 190.29571265109954 301.4745957317573 204.97338440476597 240.29710897255356 290.61971788552455 273.5713136839887 273.17235121838723 213.1434251350605 289.17176083495417 210.9659580049474 197.0692443291365 272.9397984247298 289.1663921866904 286.29210852822166 
215.02039290757264 237.03129203135038 273.9405574035963 184.84710600864446 226.46806107769478 235.9615996902321 203.2250201128248 254.74002545379648 208.4715879230897 205.228060336093 296.36057644304583 234.24655461009473 215.43553141363842 244.62613904772212 291.2084684870457 
267.3119993567367 261.57787381750086 260.8290595178946 236.7735288707222 211.74142067686384 209.87008040827783 269.44370830413874 189.1205405701459 240.71313505252084 197.4924663720828 210.97215440058653 289.99280354841903 208.99332008338573 263.0128235218064 198.33552426107966 
280.95621367276533 229.6702531211104 244.5897586047953 253.88306429201805 293.1874104338473 273.7417365602101 214.35167177356226 282.96889155207566 254.12389972993037 284.03502256611216 201.55200907529442 215.87018352712977 241.07240320463086 224.9714466096147 240.64294317360327 
220.43039979431484 296.81779435055375 249.3860462962851 297.9299474194316 300.8694227075253 279.2286555564619 276.18849652129745 185.78580908539797 282.1481281075932 197.71393191481903 211.13294807333457 297.3587968862103 242.34756309395797 262.8777063002689 210.20495252762424 
285.66455485824963 229.7251101883146 216.7422622472588 198.2357863789732 208.07491163263887 258.1543999503649 295.69971828765426 299.96319210349236 275.2544456508795 258.6914754304538 251.94283975812104 285.05077809639096 246.7816103961666 269.33152462851797 255.7469299843125 
278.4549158521926 295.86795676166344 192.7995463780532 252.34383443276442 293.7299150119213 233.10172659319176 185.1546641773969 219.46886986670575 230.84013414112368 221.41392386637816 301.70117625235497 297.134425621196 297.1546595141152 189.50742372374611 230.25084764522654 
200.97800134791368 227.40239546482815 295.7852438204791 283.69365988136843 265.07484713012957 218.44486449981693 200.86035698049517 295.5891029046289 245.73515487737842 299.57806949162193 246.29726461740728 289.0266158200744 298.8476768471783 249.1685467210844 277.6461107330887 
277.8233652066654 240.15496627147212 294.32301092402565 246.6495032657965 282.9277805277309 265.14709131230626 254.27188016016237 189.45984782930645 204.15552188461933 212.1043202210269 270.6240202971535 229.67846634458851 209.509541902654 222.01869849194856 200.91937725754076 
81.32457544145278 303.4753236342403 10.969554415451384 -91.14159187444693 326.69374126207146 282.7041539503528 42.50013460293927 248.79430233065654 154.75296488234716 -10.346505390099836 187.7420169063085 74.12585012165378 147.9937827062418 6.502687165152153 -36.089106309303055 
78.28751126096331 106.5211053659824 -74.55271003370885 176.29866349210835 114.17817740655222 -7.278797319346111 13.52336894146508 -10.145752990269827 314.1333375786928 -89.07382600173577 69.68407232506037 260.04454544902165 68.77600400584414 248.04218240478855 46.71460096035325 
211.66147532614184 179.1988149655515 225.64145805060662 157.4327408604508 -55.722157829933536 31.783985656845672 -65.52829901130949 133.78904288110357 -82.72816778332879 179.8881245882551 94.3372319844574 259.1767048858265 -56.84916318120821 146.56129438530922 94.09016992145878 
171.4313214128759 338.62055461014944 303.5585060868154 86.63516588886252 -42.03016890151904 115.08354616979592 4.345839178667148 124.1555974447928 -9.21338117846743 190.1576167621809 328.72651568917814 360.55535133971046 194.14343778777106 80.24522655859464 19.59027635018562 
41.967819436127954 143.4693861827107 244.13166506525647 100.4112120145379 -61.22269517389754 -11.774942568457988 242.7756169583988 108.15530337778902 70.38047897527058 139.7081305787886 -5.611839310680637 292.78634527083574 -76.5344407146992 -25.75042940673663 21.909296074800153 
-78.01446779073964 311.0477272420136 167.2937357552479 241.07338553365173 -34.78180535495998 308.146694406255 313.593590164056 43.29190653504243 348.9283967432111 -67.38535064772175 2.258931358169022 176.37448741057193 247.95334398056832 46.18325913880285 39.44093542189434 
134.18039355752063 147.04616826119752 260.7038362312614 -24.31781627911414 281.97258874791845 186.9495625024993 334.8354029626779 -21.173266587986888 -29.57230066585346 91.21434697345119 55.51651794011086 219.68265156893034 120.00524692832836 72.94050776770617 330.01116664989473 
290.8508346530213 -6.544770606910177 340.47910404899164 244.89227605130424 165.65993139606587 315.1036810114176 219.46062544851327 3.065212878295142 32.706764049900315 -35.00052053246122 272.2674839559952 359.83570808013184 24.14864240192911 328.841571939207 49.192344022093906 
301.2802238956429 -35.47084186119391 -9.177338150701189 242.32714478971906 -38.85753241435755 264.1934543990049 -58.75835608731777 -12.089438151046124 40.81229121054726 92.52233936640441 -71.19521028803297 -13.733927331866084 76.54354443009457 283.4102385444793 -44.43640928787721 
341.3849673009367 361.7049211627332 72.18395717459056 228.58480269618235 -6.054643585838264 149.95887911487102 203.7649952269947 51.439084232056544 -40.14855012306378 176.9565281740846 65.5756570087746 209.36472707848577 271.6345354929069 146.98520403716367 143.18437279888178 
-94.2943513029099 -35.91305635787497 107.88266073165981 129.18292374438187 -15.46230344232957 -55.60076517671888 90.86492177797582 232.03606743467685 207.41289272317584 261.2266432295542 -71.21309913356927 -63.59748763995346 237.60663398445945 -57.97895015511625 -87.56413016102685 
335.67857719834814 273.96448991270194 108.31614953947313 -86.56329267222368 -91.86716171167832 -33.705941774353896 -28.654170798186783 194.62288659822298 58.08258775949609 332.1795301927704 262.4869319379696 48.02685891723006 182.6506143766078 335.31539137917025 323.39408176409887 
136.00159085605418 302.036125467909 249.26098388665673 73.31482173125728 -49.39032816576743 306.9337552025719 266.22854667457153 87.93017330656009 359.16528986423475 353.95631277392715 286.8039806682402 59.73979541531186 295.1706153427479 -16.65288862477479 -6.735247029413387 
353.98825340348105 136.23484647597746 103.30272960702708 77.13020282771204 343.8347029198331 170.12622713789136 96.7506604403241 61.25660028996832 147.78522957534028 71.55797715160064 141.84265531961228 354.837722688375 323.01815785837385 26.344495529078742 24.84270028179853 
12.666536001508177 -41.20242763746228 36.658274581696375 175.3806159163371 52.09681215357598 143.2170538493134 262.8466695128964 313.0781058281697 219.09062209212777 13.567651210073379 171.2117269508381 -32.147290738219056 -66.64221827560846 71.48374619322375 166.2612497548036 
22.990445140104725 -23.708480622680582 -8.05566159523292 49.213774540411535 171.63308151909644 303.27540105736455 17.659431622099362 -83.1503621506297 51.37789541936188 288.1376332507596 354.0282395522879 129.79560109168136 -46.53796003432908 -26.64630017731494 -19.69756768857465 
48.737743358095926 -36.270507159067535 -73.12865117799161 167.86957431582027 154.03033114302707 333.29310036004176 220.95987571569498 286.59036432491354 24.852948637543946 101.97649772350546 228.14701507921797 -37.01097528095289 206.52128090265677 129.13133029045736 -73.18208555948976 
119.88110961599067 177.40146524684923 93.74219484127788 177.8185653989807 272.2191403116096 269.69612225305696 115.90872953445297 162.46293972085533 295.5421597176033 28.363411182538925 169.3070217052644 -87.401400551095 -67.49402185255556 -91.83321267584135 35.90798541189277 
336.18163545134036 108.42896970205662 360.77345928680285 138.02613823364118 87.05882942505785 60.13618144504703 30.47793566186749 54.8001680117648 257.60168125284605 345.91579864217454 160.5403474092115 39.311203387638685 192.5663444986635 280.88366667384696 -96.40985187948105 
276.528240429813 165.6739684183396 223.08416620065424 191.41843242374767 176.1161292479797 267.96420814893753 357.87334402901655 238.7564522176658 70.11387628810353 279.96100495576627 351.32319958896466 154.57747939493976 175.32513366689938 286.48269710931703 320.7322140256217 
59.6032791663806 9.771848327996054 -37.91189480796036 321.5525765907858 72.05160317075733 346.759595506849 231.33168703683225 103.5301178608333 -41.002762975840035 53.952762706379374 77.76969526357671 262.1507962213346 317.0147382853588 -73.81937972497866 226.94305502978284 
295.34589838110185 65.74225947384822 47.25286627687585 324.42965508042494 130.147011275004 -6.349476252479477 299.31407203868974 323.41473399082986 30.408799935140905 -77.23462299662488 -3.261913000321414 -80.84844981500461 118.48480708347391 62.4923452803677 -25.965515110401057 
266.1789857907945 145.56387991565782 85.75367207470212 -39.184255251475946 -35.92217139719715 136.6638667231827 264.3647947753857 166.98294524872364 45.168820119597754 134.15892646301967 259.1485833674717 -32.273090035318546 -75.6433820171923 301.6007562864986 -64.08158595005108 
127.94799443942775 26.220233277291015 141.2619785209722 190.54672978743167 -92.56904328744827 53.37791354066455 246.16495884538728 350.4972587292577 128.81153395477725 216.68060325079193 211.59942892135354 198.08407912121606 13.819308976635568 133.24885030500934 -88.00407272104935 
170.99174548921474 -85.5871807691001 129.1300659900641 160.7095339627811 135.06116415411515 324.2404266607794 102.19522442338182 57.056015678012145 358.43074128687084 169.53201459985326 -6.324575767232346 -58.79939313257148 -93.32403473745073 197.71017095387947 110.51212120240156 
197.20321736314338 -89.6832879134613 311.6287573609617 188.85715350079602 185.79812893727467 110.80920071423797 358.23277362455406 148.0323096167196 80.7432399865087 120.04118065756266 320.24481724584933 -83.9597524003307 47.595904048021524 232.53914394573076 196.69426761486767 
217.59128931581148 110.28222973901067 -34.64565863526809 -70.34960779605726 166.05577715203714 352.03049320179485 345.85319088011914 -23.730968240302474 -41.75432904154916 258.79444538416953 113.12781354748053 -11.891274262025348 19.762472678113156 309.84816291289155 67.97767815012268 
233.28566777979677 210.71893688144496 109.8916554911939 284.27097599498506 47.87441847686533 74.9126430733407 -83.94791797266092 28.661257528014843 123.71835463779273 131.58663990162756 -51.62597217673774 -60.16528583048207 104.05613700892228 240.9977975588813 -81.14178951061659 
62.30353708464587 269.60471729007094 316.20894922793286 114.96736598681453 294.40074174465735 316.9922593700971 74.40361570142913 183.09114025607994 -24.43747272243054 142.64179485075846 224.57172753920378 191.17407593472717 245.37421454131498 295.2283978715604 47.18682000660472 
5.03339826679175 317.65705289631285 314.5558357866146 -37.40037114535067 49.6136158992616 339.8417765060546 30.209339755708314 68.64910857513355 109.96735630140692 59.685044151392404 47.92213860170513 -8.84069397489175 -20.053026846079504 244.19427013575483 207.89120809464316 
186.1271749809322 213.78057066431205 187.14312006598243 226.04422226795702 151.2832042665675 260.54037533687244 227.8619208658339 224.37206492350919 244.8431442006215 160.89338914814587 165.44252363183875 169.84438077723937 247.07867124736177 225.15174888007834 164.29625471765394 
238.45784038965814 228.03555151124797 168.55220464316014 200.1349694030178 173.84605711965006 254.20839885666095 224.78144713123805 200.21870479986913 225.79692907253002 238.254352524733 201.9231830715831 261.18639034943214 173.2877425905102 192.825059150978 202.51117812032925 
192.74670153906018 234.2102987034434 225.4231334591182 238.09871449326852 183.06199871429018 258.86687421243965 269.120847702962 201.424263595323 219.34630308172916 212.8468362630561 165.05318613667367 254.32490281828007 268.4613211257604 156.3617115028028 220.81121961759197 
259.07183601940847 243.31603551974044 192.73575186622406 152.13806836562395 242.01506490830852 159.22389060842872 244.87124599277973 266.0726807509063 180.88201790930657 152.52879387207045 183.36132166748285 236.20172997067527 175.23240245835876 207.7691967548262 158.12408877897383 
254.73138173018003 264.7836964980861 262.0010625903694 269.82919670040206 258.0604431359003 269.2076532716298 219.7239897947991 215.56865742274712 236.13425335565114 164.4264136447974 230.53851933225144 217.08677284876347 224.53008113708952 150.68157614947663 212.4293626533382 
245.37360058111486 238.03815491743666 251.90217924769692 225.9852262921861 153.307956779196 241.71596755037797 260.0312725629559 210.53098383293678 165.66941018432397 175.11766802375988 248.61270259504064 199.35400054956912 226.3305785026833 242.3589315947534 263.94455290439004 
164.81728243157897 257.70364052745026 268.8311381978733 177.92501476251456 197.74535846149539 172.71384371755838 180.21798885234742 248.8454194586098 156.79068796535083 201.26698030513182 157.91996514778225 263.3633151203991 167.0620326347664 157.61328219148464 237.31757956425264 
231.7446318798403 197.96607388723584 153.0124065517588 205.02934541302088 269.66026861143774 204.10414541285536 220.39170489497536 253.38946265636181 147.40136090983566 222.3495534043604 147.29273216653894 216.03084688667695 225.34386677771914 220.9120614963761 160.70181985246847 
221.98090002736342 252.97446796395462 252.15688707088975 221.67045932528157 240.05038664836007 252.42244422585475 204.35642852450223 208.05107322355525 178.97473068741834 197.00006506832554 158.46635296501117 249.81311210658993 228.31561681775048 189.5552082419225 218.05247424384117 
172.26913239886127 244.38776655496187 225.69199958583863 250.70629975672864 250.3194368399415 258.05904743251364 250.1656979459507 166.1686932053898 233.3456452531348 253.45491617603915 156.6120600756732 148.75427942308036 178.97195359360575 172.95999819008128 252.99740357102291 
154.0634825221547 165.37112287599868 220.3829513005556 238.14878616012828 240.51530590920584 230.94234700229345 255.4250126593227 165.89529057490682 166.4248297069233 210.1611328373758 162.1304071613938 156.72057724646237 248.19628735381167 247.95069067861186 184.70238544011963 
187.699042709608 176.2444549489307 170.94467481791932 169.5300129247743 246.33147045450556 193.30918280436998 158.73520346940663 179.52928221287198 167.44861643997695 192.48283163927826 216.35449706517352 210.6718378903456 226.66707302455262 156.04051278538677 269.26661087203104 
205.6470625283402 198.80465203043144 267.84910397535475 176.75433208821806 173.88737021443458 257.52022940794967 242.1180939294161 151.065596669473 211.6848687046372 169.1676879574451 152.6891384219187 152.67189265152203 252.19545775697006 239.41034437634897 216.38086597281495 
250.89677296068004 218.2159001212863 150.90382881655668 268.31538440309674 225.87441948961776 177.44377208589896 166.91377229867666 156.59672102753456 238.32489410926917 203.0088211164135 166.5841538473598 269.4479561605531 179.39781090839725 152.00512497789748 182.61188723722591 
176.25451991945317 239.45567374317812 223.1466625197072 268.2678013639454 172.77980324712294 180.40822836726554 230.9729520275136 270.12914738415947 166.40981248727556 218.50537347943072 245.2051689095417 221.79084306689413 256.2045765595583 219.7108879423805 258.81863036208864 
163.97692775306365 149.717377599132 158.72906072874707 259.3310171451004 145.7974267960932 247.79867019304655 195.65096773934974 176.14904769509334 252.28961486711347 255.75930577278513 261.46710403769276 261.36134495773837 258.9745103695338 178.4960344458949 258.847348835331 
171.1363224247128 252.9431629019709 175.19418234153724 204.88875318576243 241.01861421814488 248.33840411219853 193.38083338142224 259.18150640082604 239.79675650907805 179.5396032162066 221.1066946479888 176.08540244906828 147.48207448566467 241.44492394390514 241.20547988573782 
209.27757841975 182.76459358844895 187.3393441204817 269.51760471475325 251.75509978804044 264.0098321116247 243.41361089105595 258.6858832247982 158.00175918443935 162.2613249126885 248.02060585885286 196.81519579577974 163.5790126292277 211.56127780540294 208.00905630714144 
258.5385487920618 188.2212602943229 193.57560700447 227.3301892349096 192.55480312890862 188.8819386025202 208.41704673108313 229.31665723366348 166.10879717150476 263.2368775397248 179.65587696323098 192.79049939981743 256.55754027890964 235.82162978024667 203.3906773654174 
207.07885116356283 146.02936364344663 179.67336253859344 184.44011010596995 216.53995990203464 241.89991936896254 149.84103774632973 162.4261479438223 228.9505291666975 157.01174095560683 231.63116608128507 215.71624412403693 199.62561638016467 223.93922330632978 207.0230384055348 
258.1751168023565 240.27003259812292 148.71048384831002 167.64194021989618 197.4656517973455 254.74231311628574 207.4688838167689 167.88016234038307 269.43276897614794 198.94121236153802 219.6948777350001 174.08001284871298 173.6725281026806 237.2728300832199 172.93335431182726 
166.16798264975404 205.28035185084488 269.44290886139225 207.62790080039142 183.64212604157171 254.71631085815545 241.82735784653374 238.9907969444795 149.5575239708533 168.81348576409056 152.4831368860977 161.19423746873446 227.87691611219964 252.60302083429127 213.03733527205668 
233.4002432010247 155.7707054003824 215.0593236036952 146.42722757692619 165.51429286118181 181.82437563113342 244.09206477540818 161.4575855919974 193.68203711908978 204.35795581488773 263.2070748274462 184.0577086470621 237.57199756476243 192.02286313475759 194.80199171237754 
227.1214695427699 224.4530366004271 220.2128044677109 158.67700111962492 182.73761243280723 167.6465089603486 146.4876706473134 226.26639948829302 197.27266878108185 200.69052838277798 165.5081666951055 267.92519308919 206.05273302364986 247.71465971867053 262.23261244749085 
192.30619459815446 236.4874951058793 225.77194674839234 235.5577752711925 165.36041075442216 185.83443413842633 165.7460911380904 178.55811499208386 228.61387662344708 231.40335141494418 245.92405592418532 228.78663976299782 258.7996799078645 194.19587268611954 260.85116058408664 
151.36831985602205 243.88297735268816 240.67845415539006 235.875365278212 161.71704299487416 184.95557271384487 238.86167472601025 166.6230138328719 249.10864134480641 174.32357195245478 212.60042173731915 156.33173617649578 231.20297716422328 214.34727326205706 238.66215781642228 
160.46995131547806 158.49321596336767 261.673455929231 225.49137469355566 164.76197970407276 172.50595197326126 149.8424752510167 199.87445795077505 257.7636177416389 190.30548061592955 216.0821172458937 191.17378804684515 162.87531295177604 253.18802764131826 156.0699683639787 
226.03110052025696 180.61765065410967 267.02614678463345 226.78873559388649 189.01741937622887 170.56254617262903 266.98743366217343 256.9994130265775 227.74479741992218 192.1208995884242 243.8543171594743 148.7237104740493 161.58079244773006 249.82907223350475 217.8770646558986 
250.76126503411018 171.94064330265107 199.46264926538845 154.81333965037544 232.98537338897728 151.1153852117528 204.85921762920714 198.08223272391987 199.5031525662792 238.86910946933762 221.68180667241683 168.27826818674052 164.75689589968027 193.09196652876813 195.7294568413181 
183.60425046951534 217.3849195289703 192.80799146515233 178.16776387998783 249.90611469209273 219.15467288518323 151.6401046882298 216.50769167583448 239.9548714521467 185.6548849482652 165.19027070360673 250.68761260899325 244.05419053029584 246.09400502878128 177.33626873333833 
228.18432259077738 191.43000849320114 135.1113017017673 198.16455129146928 121.26312899283724 235.04271135894766 204.40730201247334 274.68696215921807 207.4516145904628 107.16508807136026 90.64436326373735 226.77378561471295 79.7641253175508 78.01711421198185 253.99801533864945 
89.35534724339287 96.11587496909857 198.65977904355836 103.16034527623883 227.2910539879447 108.78964141426931 132.6607337663612 202.67895135896364 268.2509598055094 256.88140409044047 261.80871024034786 214.62748732103586 133.7274207212393 223.66062986846978 93.26085131570684 
190.79276573128075 174.9682366819123 250.98330660321938 209.96970997838918 160.54108750592 111.18481677457484 164.45284654533464 139.60531641066288 110.09251764510348 215.06402382086844 182.92564182557956 166.53497780364478 255.04193822712023 198.99077605389482 131.93594125581234 
159.83337122686328 74.45838766856008 100.1228445160439 129.05223027039568 107.53508817395641 181.74779069235535 203.21586236662853 174.53014987737785 77.90445147498745 239.94669755872587 139.39409245441908 259.3331710106101 242.60006805472378 119.39557816020087 176.3971153259776 
272.0839941027789 153.57791832134666 224.56604716822045 205.8466209487911 145.25687094973188 80.6352520967423 234.62744781816804 111.53064132793601 125.61743955005534 236.24685572012393 70.88632727475152 156.7983818786418 164.780054629736 252.82481832567586 243.8866862011903 
98.70454675376907 185.0671671983499 189.9891805676496 211.07574771370741 220.8647324273514 259.48019357972476 110.92200241084714 194.35696391215183 81.21123530773079 93.31960055125646 210.16208998721976 163.79223185621953 81.13608970953071 68.96594645993102 99.9466376439284 
102.95768467912993 95.67227143891591 239.6150565025387 220.5104332990795 139.84877590629355 185.7044627684238 103.43432062341729 173.60438348964442 193.17033642487073 112.68767731900061 151.1872253710148 232.4212590042238 184.55285735959836 69.62296963638781 261.9267070916701 
111.44937825173375 151.1823882235115 74.70345380341277 185.4689288735617 136.2738051546923 233.35855635123005 160.07839421582327 267.8710958076554 68.44154428456577 82.24624610478483 160.42983826679472 89.05088941514728 147.2744033711059 103.4863868552622 220.63429543531552 
76.05531200786399 241.1611367081039 106.7315896488991 272.3691360972166 164.44510253282257 128.339922501091 66.98543576417923 186.24759061665503 270.91258595033844 193.54239690289324 145.36819715257235 114.6503953245281 226.19362439852083 146.32065706811835 150.8415948046691 
247.18041248481148 175.0836513587779 256.15953011794807 104.12494728829157 78.92230237025274 78.00355974700119 108.77741234387106 96.06430644804226 170.1952204076585 253.79778511696554 151.9813865659288 258.60989584924334 95.81959205530836 196.06879801266896 113.82412330187644 
73.83602716426081 189.50767598119506 162.25725790406028 246.63945629969916 226.12443163421943 66.56771184472991 140.37617147313387 205.2302538665217 197.24804264669257 139.9037968011153 156.69030037769477 244.08286879108974 85.28436868747468 276.29253076342854 117.38970635397348 
177.70308253314354 233.26943782408347 272.5593019376536 222.8775771996068 268.4883625640225 130.91277012200715 170.55797781415373 93.65021875438335 105.99938038434856 70.43185078117024 153.8323085386648 153.08662068308269 117.04820769498414 77.13690869452101 117.91338858927338 
160.48253279748948 265.7608351041026 267.3442676440012 91.61010576117899 194.18192500658932 86.18812007614008 198.1278778588424 106.03824043010758 118.5469235504012 170.29606049365117 153.0150488296414 136.22288374948914 175.7626988607608 115.5373476817519 91.92862109997276 
153.3902277766463 132.15119184898393 120.8955092779984 208.01941635474617 257.2382905070586 277.83019160716185 226.60727266409097 63.45485088443059 140.55713599694388 159.76433136873976 147.85234934788355 82.46677286879692 197.86779440435257 180.14929369152281 176.521327259226 
174.24249364438148 143.6322531727718 265.456669802516 189.11186481549998 136.1658885420361 193.32111219813768 155.6218878152969 229.4128887514458 157.70248700055132 128.484055305308 173.7733646848627 209.10546084952273 199.9262320343721 198.3940466545059 66.35875098115298 
151.97640923929706 223.37335856473047 168.60486742167936 121.78646426001315 128.04449276966824 276.2216865397903 219.64653391346377 249.85327077403463 202.3462473584745 191.39746787023063 213.00544686350196 265.57008349601136 165.70714199896997 81.90527602969422 234.30771656597844 
208.05510743299774 277.02324704120355 102.58510299639171 277.07649572591185 162.88419347828312 146.6754130178889 129.06876378411917 191.70494760078333 258.33034678739597 169.0189956189896 248.61691742901945 177.90055377084306 139.02255715597457 150.4736161044171 269.3850876303748 
109.50390731505775 90.45143276278984 182.90721007752143 108.73316481719752 165.3499415693996 82.10716525929112 110.45686792854077 182.3527344707793 161.2912848742219 149.05716217327068 189.49779878245224 205.68150934181205 80.20160827987625 115.03856195353093 69.76363118238822 
161.2469457584694 260.5508766889815 236.2208348604383 148.50909128679524 154.30914100914532 211.48209445106036 89.00497917206984 239.8445332963721 70.39295619117095 77.99539455420134 75.40433854073432 195.24681048326107 130.5652733400421 249.12942164152162 221.27138025852872 
147.67368291360128 225.11672193378428 190.2150605761281 125.96810194240743 178.16669017792452 277.91768119080837 111.87129383443187 262.7441953815104 108.9412271026901 240.3825496136462 80.23498077202171 273.3273927438837 211.50484221484672 278.4019350215342 86.49525531002651 
109.1537335193693 162.43419923502813 211.62726867553022 256.866533396099 216.8893044958405 75.25597031697167 270.61924690562927 224.63138003483823 263.3925847752381 113.23975213021231 106.16611073001235 190.37327247512712 275.08716039619696 161.4935419001792 92.88224586390513 
167.10857446868388 202.09799617774573 87.72192065302002 98.34323624150865 199.62607811698174 101.78739475052231 120.96624146927999 116.67471057605034 115.73858443048803 189.25391593347047 98.9982978378126 209.20939605217825 191.43416352867024 132.77103503995613 253.35545818511645 
168.47390965834637 177.35688212066853 272.4213843144638 277.7730897008564 236.6525143748326 250.20294056438806 229.92620697403962 163.2942764904832 173.41089647563325 261.5832612853103 209.2767878007233 177.61958622568739 205.2023492043556 165.90188104535764 247.09780215896907 
237.58543898063036 262.0792303635285 78.0462964028425 144.20669172043893 255.72690965958776 139.43850735647473 274.88351031220145 239.408871484778 110.06633585560589 121.18902011539888 71.95250328364469 157.6491163776738 177.02287129575768 133.6497746267613 259.54514867235207 
72.01249438818267 104.84450409670478 100.57995834040887 73.58241543228445 217.83749840373983 207.72227133912014 165.9601690545636 106.618701814942 122.15768211258583 235.28138594765284 121.77264900520296 189.57945822258705 140.68441170198443 67.67373949463125 252.94914217175463 
269.52308209547544 77.20012673235401 173.35418224550966 79.23367583385436 131.9278644726491 130.46149641625004 76.82348966718975 255.9664000731123 239.71417077070825 233.56551013823523 148.51726998357296 89.47450893852448 87.61478044601493 110.10846119582251 101.9593845117163 
181.38012113338885 83.65990128001563 65.86889921563686 219.84392522203268 198.2553280491291 81.10762613272186 84.88061353493046 84.41808545967892 98.08744791928004 170.4434143194223 125.31453495086464 113.92427207891251 224.1519417380905 237.10465370995084 101.71976916093138 
121.36912892994555 98.64754147723386 194.75601499316076 276.8417787522486 79.23237199735075 63.883005090755105 104.63526453930669 202.8901132956389 66.47576796466066 107.75335607181168 86.68823548348172 82.72144785662064 127.56508273945971 214.45828129096094 230.69369689667934 
159.79876300397783 84.26245091912374 250.98332710045355 226.9776592828287 263.6432213559228 245.98552772751208 249.71451626731888 115.88632967237237 227.85461439052338 227.5402491960283 134.4313017266814 214.3495139705639 116.92926891994497 66.82595896957058 180.84247260850697 
224.78719967718766 271.3908208564818 161.77495340208225 139.07534857816663 66.31356189124111 256.06460118054144 86.09673130225958 197.75322826744832 159.60117285616906 185.93719470397633 69.63309369113658 165.09429315844235 210.24916132273592 148.9369969202437 119.71214257941205 
245.1738003919511 182.46506999117645 150.3487773792986 337.8954630987464 167.08062685130983 276.6426455528344 262.0535182044551 19.77818486599581 101.49905511941127 72.71248033077384 221.26093872561574 58.77240042389165 -6.667004261764962 304.2861263995099 292.57705906443323 
279.50775272743766 264.3903722061756 163.99223844739396 134.21892544268036 319.49774322365937 58.09750844275179 80.15671425719918 173.071294751938 73.08459738295498 90.5533705230838 318.7140196560041 36.2038087147083 -5.255806429852637 329.289619140015 243.8294143475925 
85.69942106105518 215.0594524328182 335.49961659602764 6.718960735870297 6.087496906729946 132.43464590358172 114.55634546234195 348.0777333869984 11.02262363354619 20.33352463664231 309.70912394813547 -0.018088484803495675 46.32316243057467 163.71854455758177 257.0848368712038 
95.17521828834536 -3.6357400340678403 159.2244010673861 95.23194134100243 58.613024726483644 122.25183961467324 290.01002158403537 48.26962257359558 120.87673799258793 282.063025584844 142.76135331606764 307.2208084528122 170.84990462969637 215.32810060619767 142.78475449462564 
297.8431911398127 272.13325557270025 78.49571032490269 35.530554028045366 94.11123343128106 269.7036215418133 299.4103202903958 226.73550658873188 137.79938232199237 12.461284681606784 313.77703467554323 8.669105928534684 68.70188361181144 193.35659699313578 186.20811477351884 
269.59127586549005 175.85310792900077 334.221319920111 240.83356873238216 193.79228813068772 167.2201285526412 47.920200916992755 36.44621242617554 308.4894817941557 312.1697475511305 337.5167067223913 335.3736221845645 170.98591630837439 173.17327526411015 141.60516435264373 
188.23008315088822 63.98324918311832 38.869616399442634 82.69326042445432 3.298635061232872 322.3373218591746 14.561002172633458 116.43917825829159 274.13447863916883 54.48353806355124 141.66052252710415 45.72969820922546 241.37543939479565 211.91173940434527 248.5540051564418 
154.83598870316592 323.87199919522794 237.13125834471577 274.12323832279816 91.81147909719645 314.0007946780891 10.069158578248299 113.78233227825864 42.202531261076416 56.92195221973074 100.49974722147711 53.23322268956409 29.592152706717904 148.44971640410637 192.08720972931934 
61.334441132800066 129.52836381631715 161.35755472566075 248.4970771295765 161.29244860302884 330.53827668700893 18.42835462517261 6.898064206700379 279.90032671570407 49.08751969332005 8.40101366569371 81.53446855459765 192.76455647232245 91.59771612102979 126.36082483966659 
19.449388796923735 279.9344823625058 244.81371647326927 77.79819285792291 -17.44281506886989 304.0037319213362 209.66307977768435 52.6544058265078 238.5230508884378 53.16451122478534 216.91311727130716 47.40138835746649 325.47248847449225 133.6835287238199 137.4101400111748 
327.1870477402075 54.9558794242207 334.6482460107319 205.56244530459213 268.65621494506485 99.36456139930002 245.14939828306058 291.3899641662377 218.48410978429035 173.6795758869759 335.8788714652226 309.85635679663983 58.29529468531925 116.76098899004036 20.53064742838933 
59.68078768728482 27.13421089792044 134.97733647850674 70.96707927445027 37.85296298166655 251.36619799318026 47.078059348089326 -22.322258669679126 4.443447344169265 92.33212325012957 -2.9375431522324362 175.35268582381286 150.54581399046128 22.17083851990982 57.4851591602918 
231.38945608533692 124.61210956462939 78.60718673399596 249.59048425284016 70.97652818033347 69.46740009784561 319.3595602727957 174.25134195812223 155.6824745794471 90.94389034796521 259.8742715647445 215.8853801579216 103.11597998455919 82.16007770053464 194.460516872107 
215.10016070751186 86.41319051210154 326.2453774467585 222.25750317011762 107.17016289839769 102.60810819220802 -12.740094330265594 279.922889450915 2.4579521289985955 111.41566900763034 320.94802043130335 1.3884404625236968 185.09324314007767 111.43679062383298 -12.298093474426377 
328.90216026384047 35.03043402168598 34.9073731563824 139.21835821913317 80.06120796658469 38.5338902406085 7.092055003360063 346.607043973235 137.3043785785975 216.53432439687413 94.21034431866948 130.554829179188 58.12748740060384 20.45245725483649 214.66481175866824 
154.57123023895815 341.09156695499126 262.2131515958478 -13.731164900250777 164.05089810127328 216.7001836478347 113.3355805275183 -19.189672841340943 301.26389708535453 347.4381753051304 18.778018725697578 94.82935338871583 108.03351132300467 122.34572754257347 226.17479539873187 
219.39343837119122 71.03485807694628 193.6515772092813 183.7024858726209 55.603179587562465 247.25138082942306 85.86199572604231 280.26171955030327 94.59891686780274 62.762164348719125 173.24001789397397 162.68585716709129 32.57895690074973 283.2185313208004 135.89938039834271 
300.2501851972882 168.4800553523835 320.83654640159415 24.823694446393567 170.44456783674252 327.84428457143156 236.61608452494698 154.08336594870917 -7.947542348637956 17.869564479994885 288.3133510194789 277.0584932548353 253.98512975164027 71.00151381066135 188.39598371820506 
165.75803776927228 81.82453538840956 89.59857030543951 79.67111361677124 153.174135161136 209.80659226518497 201.10090219306886 184.85751519921018 344.7685049136918 279.816921074741 210.14107654322623 248.80306930267068 140.31710617818345 192.44618714016582 50.60162015162196 
70.69387939108543 248.89423931075987 40.72226212147963 46.432836268292675 17.66429103056136 5.9067187222116715 114.83632026323112 311.40505563523345 346.5029315152999 175.156941187626 254.65429599261563 7.8527951822211435 263.955924750463 241.6111517623794 64.25127494188288 
52.4091524245397 162.6258320724104 298.35837189271484 31.671061533988954 325.8227192189227 289.12588954342095 310.8887277536903 278.20119603444897 86.64506083806424 289.27374307154804 253.79849589522235 253.6329949599019 209.41362796768112 -11.217584654316694 98.41882836933401 
136.67596909055942 89.87239665098102 335.72558385444927 271.84444050156964 155.95203064191736 -1.9761599707521817 258.5255326638164 -8.34266292025007 -24.30691070816039 -23.552934398269464 3.6306858920855802 295.44865212251636 208.46380180945818 177.34095290917628 72.28015972777531 
125.1356145325074 218.3029831710952 70.1868714181858 13.610705176114635 264.17007084334125 344.49926041421674 253.07327895205265 197.76383758703372 312.76375284388223 176.06061045758867 92.78408693961121 148.47700720712197 177.20906984738093 247.8258542537958 269.4840949137654 
189.7066431818078 284.52829601114723 51.126871188011876 41.759068377941915 232.50386873121 73.4384832788934 156.6482667195517 170.3508949627501 248.73294125491486 215.00948510115705 252.28405163853694 228.3403932891248 138.90089646972723 -19.513206222094645 101.51416840467282 
5.1738067062203825 152.64198347410655 124.68290274431196 -4.289294864476297 117.78133967176508 -11.532723701328843 290.3561362054238 76.88222454048133 277.02763884074 336.7026405132667 309.7035641819371 111.3006579310155 244.76391992297653 233.29147883202813 337.10855265173 
220.16633327576932 235.815088337191 34.3553958283271 193.9250817248875 285.7838602642026 325.7229380021921 299.56281296327865 75.14593626907583 232.0724642289291 181.466911977912 279.6632962567039 156.30678353815898 209.45189218409712 4.568647417660035 41.93557018815201 
57.873956330953135 21.609815943111848 260.58822619266004 47.596178798556195 257.50771046369897 88.07444153264369 259.20079057514573 28.89207164246183 127.78132654119842 269.805650248525 57.28278522029035 180.24001420072562 87.90430042932329 311.6837386819843 273.6414442566276 
253.05227057125825 307.3379549499639 279.2118760272013 290.9073367990794 349.2976263807125 41.79867724947964 29.48651295684033 199.31443958440724 86.79876496259689 54.47663057814765 286.1760435667651 152.54626514585658 317.4851988405357 185.77936399647177 199.54562627072403 
328.8299294354901 198.3390389293569 13.987730185661043 244.10199479547867 -23.53729984670495 141.72432985942976 243.54867701067587 97.80591983772497 203.63057143152884 284.7051060542089 159.67169814644336 10.501995222391429 295.8263227962132 241.44002992272777 285.7294822264373 
197.25302626890226 295.65442936817544 120.90462916404137 8.48072619289617 46.42517680291495 318.22248486617536 111.2326882154304 183.98504303174803 48.150171336050136 176.23443087193715 206.9165282105668 90.57767958647143 94.05232262818976 167.15453038614038 -5.429943607921416 
78.60367434872317 160.7073917518274 162.98663947445948 219.02669457872508 159.41224572025 247.05905166147872 90.65723246045107 58.47070270154268 104.1513707285844 171.31496501889208 171.21061637023706 54.05251758719037 44.513951234691866 94.66105435409966 124.84211960471346 
105.83971163146843 88.59511205169366 60.52763086037079 147.85217835470098 127.5640600077726 228.9349934333842 222.93874349245056 159.83268225059678 187.0789501077779 181.00803051403471 110.32144704804503 129.32594009155048 247.7572037691172 40.02908123100914 48.477521632071124 
131.2228072179305 239.41790435939825 48.6375025664431 257.84441187627795 159.97922028920993 190.60287615653053 201.48801900411067 74.88211953675707 92.68807903568472 91.58300744861202 104.53272300535895 255.0443426170632 66.78273901595159 160.75984879767728 68.8899220953525 
134.00199186650298 76.03195175602082 98.00471577720486 227.19431508393006 184.80649608038453 126.93196042747246 189.11710734679662 146.97745964749953 61.341363570284635 87.13437274856831 254.32886722775578 126.54917691105099 90.40042344074695 242.81089751000914 194.601168946996 
178.92556979551276 61.633058534588336 49.85717013557154 62.96525511125081 127.06705564879786 53.90225077756732 60.6677782775856 222.59406117310886 248.85361306032144 69.37707088510257 126.63370533603756 240.49859811440749 163.61686732856936 85.4880147864248 86.40586932431346 
61.90747674909393 110.32894582840922 196.03417463603853 148.22883498124776 37.79943173202797 127.36224449356753 198.23235670756824 183.23494466301918 163.38125687059232 51.514444327576754 218.15988003152233 48.776309464301676 244.4218905598121 190.85812704896898 116.60323740411751 
91.2212221784061 215.0105585429756 156.5229852661487 105.95969693909417 222.13378934319528 55.66595094733812 89.27602733202137 118.04667662846278 187.0904312435981 169.99599503622116 169.3869230827763 139.42037985695148 170.23429256568193 182.28361095161702 107.46352837425242 
194.06826009724298 198.0716971922332 196.66589765293304 227.92874141893734 233.4839809769261 74.4890237262627 145.4623428707783 44.22556068979839 89.13837641001422 156.30328032792863 172.74141976292137 219.9697222004321 138.87300607270717 100.53020999189567 238.5189351951581 
194.0933157024411 106.07553034675871 43.565491093389554 104.51301558891657 172.69722359218537 62.786430614299704 143.35585588188857 254.71317131110058 153.36510537624218 63.72049341907078 115.14139754891953 144.9910499933701 207.03621169379065 245.03910595623455 55.58584843983873 
247.43508916046767 65.28968392135303 181.76813466860983 176.34965755169688 77.6836384471685 57.88961812721187 218.1797661521136 50.95501547729846 114.66297698365787 101.60306343322839 233.6628794321593 108.35574114610513 63.59041416404489 155.40830177889433 243.0083896910745 
134.8706414845 108.40168601232277 233.57999996582072 196.23066539527636 215.9369693543789 187.8548304242268 101.10464023046924 40.13869156039127 153.2343042852172 113.99057630458321 163.4812662606591 130.63051291625584 112.59728624022205 174.58223834393974 242.8457215732506 
40.5465322806122 242.95952744660198 245.85716889289554 171.0859543908924 204.84544380525796 145.61278687211944 82.9004282992938 244.37290543264348 59.667341187409185 94.6089744482355 136.2324503561838 146.0851845284794 48.30808152741401 75.20222006430109 40.330016147527196 
57.67212797429824 247.13407959678347 231.00792421294972 179.09840848379082 151.09848240019738 171.0304400455309 40.343761961340654 114.46404011624969 185.48653169802725 133.61726624035344 165.9070127425826 91.50741182787536 41.01108408271878 99.8402408824643 50.76635663723039 
142.46644804296832 183.60933269458215 85.37214871040734 210.60009578267127 200.01092305948836 46.01264434069249 99.80434387742517 150.54714390744633 158.15957951769377 243.80031126093198 210.4604375027461 80.77628708137269 247.12224755785127 56.845258812975985 124.72708102523241 
142.93084740817244 55.585460959010334 43.78332273487119 115.96374137072561 192.01518914687074 59.289922427669254 238.27545910768427 237.73696932652373 92.15974843524825 47.39400558401491 104.23766392232757 92.33511428660827 224.64283819326383 168.5295514287492 66.06805184023631 
108.35531131395207 73.67994578627912 141.33478202261688 222.18093830429297 196.78658817984046 206.31504673900915 188.0914166408634 43.77006978496863 106.65417556927265 67.16673150467544 195.61109342343016 80.49108805710202 38.66962521070031 244.87773162573978 145.09540294168596 
53.90463618845942 219.3499829657054 162.72867697202304 233.24080485044095 206.4444816784223 255.81123283948588 143.20167276191364 58.54516962782953 234.7871832706552 178.7671083279777 216.34996680189556 129.9845453645517 165.59730532515218 177.04981955375555 106.9706049960386 
77.645882567408 177.5624688357915 242.63482324842528 150.91255540055022 84.99866473085865 39.55543431802329 127.67198492404282 251.61224303867888 171.9085358089248 195.57614169494644 104.27040200195464 83.19175201115738 125.50901010538146 246.2719007377455 100.6225956744173 
137.32865599733373 89.16349828787781 112.32791286610956 222.76571495546855 175.89253361010796 43.609118154704866 237.67355601752882 256.5623170352487 134.3653618061121 156.24009052099123 153.01888099623562 50.7364488935732 88.9741116395699 204.06993505355112 203.24565440921126 
149.91240389633975 161.0174999884273 232.00071993462316 135.6975577188798 239.38357127557185 188.04613386641256 251.20842532216628 64.18869956541084 205.466078349071 113.02815961238514 48.092428362985224 155.32083522340605 115.47985117632021 194.2340944071723 63.051112823250264 
102.13016142719572 126.84189362774207 107.3727626935819 238.74883232063863 150.37862441695432 89.6466177936802 101.4938129990522 109.70414272437384 85.36475135904448 258.89423576432387 182.72582287988365 164.7975499142164 106.45414812233348 226.17241847783262 133.3545766175783 
69.68479421904082 133.00882496003416 74.18972751836577 225.00309652168508 159.89834790368377 241.9696160862188 57.25821948080056 167.40749654903348 115.50068572281664 89.16843549239599 177.79352992009026 258.36840983941494 177.06233196864974 156.05252059203235 187.9292035052157 
242.88643991438124 172.7493723488616 230.7854894681977 62.02491520346602 106.66653271108879 187.581872320558 85.25439876795593 86.84425251920564 114.57553736470854 94.2446264052221 116.41043807840744 235.611953141421 182.5214126046025 171.07154703150408 134.89612744148735 
114.17273877806862 82.00060297701816 150.611857288867 208.7851466726145 53.66671313532808 192.66217360915078 80.08486950211999 169.03310172482804 185.08018805782942 182.04042545786493 255.4108656338871 248.97623983115312 129.38624066504377 249.88254563496727 43.148403099714166 
62.56948338504759 144.7409302777782 146.27206502184094 157.98449792853842 181.09478743555684 196.0867959373245 120.19433167109436 228.02907434152766 143.55936319806193 214.07124180849326 50.69106040548033 78.80009108160009 86.34476715299479 176.69232190184897 48.976170316512004 
179.9133657149272 231.58894560354764 249.17866053806767 212.8260599157825 73.35082065987189 148.78110567839502 149.04873392389027 88.32751364804113 189.29246519023047 149.8007867633803 51.276638819277736 246.1086599571807 86.49782699595019 178.4352818784561 155.24039489363844 
257.8467305846276 239.86248062191007 94.18989348060441 159.4201884729702 208.90451037463427 87.50680524929618 93.89132133019913 116.24395095927485 222.4414942212185 144.13649215874824 214.78155896903232 114.3440398949942 236.03447162491065 183.37689529312158 221.02169566237555 
234.70983320569567 67.42354638467356 68.89625610646192 176.27394607054208 158.7076440454462 117.85999706469731 251.29001998294262 96.37328127427952 217.3523546186489 94.46326935260524 197.7337125046871 255.47468517906054 167.3229139788223 218.40532481394982 120.80154426640311 
50.50537046578317 192.8709554928442 44.28281405461169 153.07225297304421 40.67217672172051 65.52164847591887 176.96511207047817 225.8906661052317 233.70847502347442 109.23124867564759 117.85663270830405 63.70533647684609 138.9341769919115 250.56366951459708 197.33640678630735 
132.29507453826827 139.5509077604188 137.88815618833092 194.74079552364844 174.8798805402897 156.28512504159596 197.01175687494722 215.03590224327252 193.1331529494825 251.11487001166685 231.89147197167625 231.77072097726452 167.48639702685767 176.93990275321673 171.79457342625898 
215.630697166427 125.64206909064835 302.0085447492544 113.41351991072841 135.8531587771124 255.75552989399904 150.25847663430716 301.0515882155146 105.48577653056478 203.16907942551006 157.43071413798677 146.90375401850216 344.07709942718526 252.65136989943565 139.26283242363093 
199.55975961984302 165.26726620053478 276.2597774095225 244.90571251021277 174.48445544972333 223.53452608352833 334.18323162641923 280.15641063372544 327.2911485990131 250.7152209096064 304.7547766501748 154.35888617313975 132.1185072221705 167.85157864117588 252.58621822915765 
246.293861129833 166.19141802110047 291.3400831283829 259.93644431985587 108.32548467531737 265.44655256771597 347.9656165273452 135.86065550108407 152.53808028152764 109.22119875072539 216.0781668266156 284.19841485908853 177.43627158149616 331.11922733956567 297.002182025211 
211.50659429227383 187.99773024493908 322.2543203102265 178.85687919719513 285.71375582590895 142.1230362284578 240.2423349373446 256.03168326913226 328.10945027297424 257.2320902264074 116.18954978481169 116.06307987913635 189.20564207661593 112.96364386289306 248.96149839801043 
337.1568002837794 216.196664043898 194.05005967234825 239.94910213473455 303.0216858045521 179.8427295153267 245.6776653406123 217.9050976589371 275.55467336012384 171.417379554685 115.52734668921296 333.26348916207587 302.2201703788591 285.59212862970855 267.8715101539667 
341.3512566367697 105.19728195609908 103.34953322558411 349.1538262712629 253.89757108851734 355.2621818834872 281.5047957846999 161.77025101596797 210.68448156546583 266.0433956788756 112.67941771415965 103.96982937646057 303.1648877681922 354.5326215912525 106.55781591859889 
256.3594269220446 232.21079373320396 250.13419069413857 160.39685287428912 260.49269756540286 226.35827219280964 333.4545328513294 202.26532323884675 183.2147477872549 245.01021078145848 199.97273617630952 153.18115239876568 178.71808440165915 307.22868954749 148.08987711330676 
210.11203617629207 243.37389539101156 216.6449232045032 309.13744310650225 189.46818789524727 262.69083410228995 267.0847712201832 328.6201331642608 150.32841595006377 312.9272464252357 268.4820061267774 102.78369669356513 228.15671862257702 333.4144750767465 347.78241244927295 
148.34419505239285 144.1758608324863 126.82928876126563 335.24037971123244 287.671754977726 146.01753978396502 150.0752546796242 316.80196926149205 187.20562606055188 227.77654581699719 140.42395343094915 351.83208240936716 287.6434996164339 327.37778438832595 227.74832478244176 
107.53751821949362 294.30714560743394 162.6723843318112 220.65450726459795 344.7720994852549 262.6460296830065 163.86405171506186 152.5516279385608 158.71612587922178 207.3984662810467 304.05417642376426 168.76279493429809 255.42527401170454 303.7939984350861 316.0226302693616 
133.57817259332992 332.2678342321559 283.97393967807784 258.73525007423814 256.3253533336994 121.37541805543371 267.86753226056334 224.54733969448046 181.98280213333535 310.503964926069 157.69815233611544 285.35794910838 123.50758988389663 227.61166626607312 353.3503625597308 
330.5328593132119 285.25309418094173 338.3702004378931 158.05212835955084 291.65709722320446 313.6231947906156 195.85900039120324 209.85736373812605 119.85282027352552 262.0736783984071 341.5528578739942 229.1073174342861 170.12813812525113 308.24860258721685 352.48605045038323 
190.06039360626812 191.52539065177638 181.692951679982 234.23076425689055 277.76825340053244 170.65286268809143 286.7352100951053 195.3687761597663 269.2022659464804 328.3039511820583 141.11218589618045 132.94559672766945 138.92761628938763 199.77423985408842 138.15106512250424 
144.9067348692333 330.1583490298541 102.46157355309163 346.8702061685545 203.16804659922354 330.9176428155377 259.44328802309315 218.34816498402677 188.43722651525076 296.4925845220987 292.96859518732344 221.40834093833314 141.70180769767032 110.7981791651771 274.8691836870147 
214.81700454071176 101.28504579022261 155.65171953813442 342.998500586437 237.37873025617696 131.94208302528202 114.13053521134478 324.5797841455716 124.94098880349355 142.12037499665465 243.47846125815352 348.91290309102664 298.3991021809469 164.68008131772177 225.4102914795761 
353.3259306007747 345.8604598632518 147.40212802379597 235.33204437437803 163.5620305935131 113.70321368880191 106.17928611607938 220.52303476504397 265.75951318417594 331.55669016434973 322.01761169535257 204.21730975003948 262.56627200077753 248.27115760464832 338.71873912702597 
165.08452805189353 265.8449402404428 205.0827379075434 180.69183447334632 167.62327653191178 321.51520185269646 321.84068986851173 200.55844080880823 166.32411552223783 204.06520002096778 199.63259944045353 334.5166844789718 311.8879013236848 305.5018524441497 277.7142536207179 
148.4322134541352 288.78930526337626 147.57143138421276 184.29199914013336 327.3459217090526 314.7239667824365 269.73791164956015 282.71351616028926 267.8762833276215 355.4467698313447 294.3849954601401 316.2545198610872 122.33127956901698 338.00940606717535 174.99550425297954 
239.52054694745755 267.0579032450603 162.88327584187084 227.25149615212524 121.26253132030912 249.4932966361355 237.7689831114283 261.111843833147 151.70026005825235 261.85838323380494 178.38530928238993 137.19950681238757 171.07604923419427 269.7296738727932 248.72721609720955 
195.68723335614428 178.36375139599795 298.44263871362836 310.04735735251285 181.48950932959985 135.23861060228742 162.43041200235598 111.82950064245041 330.4028032336994 150.3276537686393 271.0586249089188 249.65181013299946 293.90227049156465 122.6291552582176 196.19778655714254 
168.90350296768048 344.9646769601584 293.40750773344536 134.6375853381519 228.89751086131474 262.8323308481928 333.0603132673001 273.68125665915085 262.2958095304436 284.3897276465225 328.44976850737265 344.0604395430387 339.8876147914858 341.5920403181479 259.9353459472676 
256.94280709987095 135.22395151141788 349.4394481615278 309.1788965929102 291.8313695172212 139.232166125245 298.1717505477545 253.828267558216 256.4058675580153 133.75687980938866 222.15756728189976 302.44754431948775 301.32100321395524 265.7696887314305 291.9271290496763 
234.43210824140377 291.6501874723259 287.895374681557 143.65003675817871 267.3211178086349 165.7398771042832 352.1024329318574 177.34460355578585 339.9797419176464 312.1788803392836 192.48643539436193 285.25100275171496 242.7436737093393 173.89684672707108 124.15045921373024 
100.56343754155719 268.28465952670797 159.2613540390421 321.6181698308618 200.1769395501452 160.4452893261337 146.99308645456216 262.8555764808517 320.38951811111457 233.68565497863506 291.6754071289518 109.28743042902676 320.0573792802976 158.56634399902757 313.9954404439336 
186.71264356936518 183.1778592584582 312.17077298416206 158.69301820041144 206.52954958352413 132.91789959728087 186.10292526052234 103.6311671587801 275.9264479111304 307.6016384147282 298.36567623529015 204.06541349112922 300.1422043399617 277.9431837631065 332.70424940731516 
300.09367290719274 133.33215495450472 294.11729230906934 280.96676263301345 320.620093424669 118.65832576012895 111.0357823629873 132.7494898884175 222.29394832958315 141.78137158827846 168.12036264431947 108.16513400668605 226.6250637327392 294.1462738605243 305.91018629178416 
323.6517668404839 290.3269182380968 135.49202375428902 293.96305710244076 182.9509608785565 122.78982227638004 161.2693561036374 112.37447617305412 106.83385909768316 315.4843053020627 217.21982188184046 111.5578784679744 264.11477999635923 216.85324280849508 262.13361399177563 
317.146560608011 187.2262719309988 303.58278668295316 140.36976672880363 253.28877978773372 301.82493627670425 131.3710367706773 148.92753204735172 101.21479156334063 191.55653303543556 301.6703450542984 273.85230127439456 254.1034000813528 122.81203773108834 184.86775182147292 
307.9878760278095 256.716665782327 113.60566132315692 252.364700890978 180.4276570308466 326.81407060681653 350.5930118113449 275.10933355724023 341.7319502100289 305.38603705478937 255.60080114631174 284.76441695579456 232.53871083504652 108.11709130725576 252.8185115361747 
299.13026608293137 203.2551541343635 346.04464140186747 274.4164781716852 291.61441501936366 244.20695978305557 118.15584667746313 201.87113259595515 244.72861473068738 139.24966664764898 256.9452480746028 128.90529017164292 152.95297937830014 336.5423160190636 185.50265312646994 
289.724969113613 261.48530195466304 224.30108213176663 323.60404398528874 199.49866816695322 245.85335364059014 186.66998327093728 284.33149510667886 183.37291260183213 334.12370168396285 146.1231026998715 244.5850250400996 186.6319507131372 267.8283469267713 232.22514760266702 
287.8431574901046 321.55936206184515 180.06514585734496 265.1562293071967 304.14083855247975 180.3218056863377 311.05050330191045 267.01869523259813 145.9073240045741 179.70927144540542 194.46311387017568 334.0683656583727 247.99517437784596 250.382346099907 233.64096638516912 
164.87397634737837 206.16235145400194 261.78130856074006 185.0069298120531 213.39425839359524 138.61063359218298 161.22101720093923 280.64121421064107 169.59191464404336 157.58763370072614 202.46107629709 312.71780111979024 137.01962354835476 167.39665483433393 218.60565039666514 
293.5943958131011 265.6998273393616 266.30955736125054 255.1165768164683 220.53438138026252 186.70127432558505 129.08911476152295 169.8798297724769 160.11972791042103 262.05227815998 319.8819051981115 271.65228611915654 128.31088525182258 157.40220427564185 196.7592594298663 
245.31348867047512 309.26381829952913 186.3775278952478 321.64786349041765 303.79563008215985 238.51239763179865 136.39104121681768 309.7035121000891 327.89813148058835 298.32461393114613 142.1726679635721 280.272692395836 277.50414258223407 122.27763721178906 193.49437981009675 
126.00488171090515 290.9922237662464 179.18079245454916 266.7158061934365 127.81742986209908 250.45476838406717 252.6225331231692 228.87745469359248 243.95439014636364 208.05993956414122 196.26920463074265 231.1520769828768 232.189522415954 309.08429508049176 190.4460423369861 
326.403446867351 307.13091943665813 225.41704975502265 200.95147836790022 256.8284997908431 251.984767879087 119.0188303159419 281.05522828737196 294.46193214487676 286.3951404994243 132.93665641220602 286.83228978577256 224.7449313339075 252.69044881093248 302.97007392735463 
249.77724018617067 229.6411159436376 280.3777862619478 154.6847134614914 219.3893466337769 335.90384285292987 175.72513229615703 324.4966993597267 152.03297492726404 233.88153660154177 290.7645171519734 201.76289065328064 258.00206085476907 329.6722038845852 274.83334134980646 
164.01863479467818 155.14898361405258 314.17051798029996 292.31847204245685 229.56383754048696 133.43977833096264 196.68475449957256 245.88229390566926 333.72188687025925 297.6211272028833 331.7300494782984 205.144441632325 155.12799289458735 208.813592735155 160.23631819722632 
231.03297667809244 178.6209488457138 240.2659080134044 233.8788488628809 203.7232673564118 176.2648290189944 293.0623545291759 187.92566787649668 149.20098051383366 224.02047243667454 313.6305251865545 213.65386237631674 307.35904156672643 244.1215092891453 294.0458870777404 
203.7114374466857 308.7397072462818 147.8221622526998 232.24802913336416 279.0137032251968 322.55790357266915 122.35317261642942 205.1550977239119 128.09675101333596 278.8994896042992 211.68181740632104 188.33678685819558 186.27890184702028 333.78391915442137 182.77933148894147 
250.79462097113097 246.89285076496114 144.3443858115674 122.0983780493117 278.1905173821698 128.54642771121647 186.9444288580932 143.69981098883397 280.21335344968145 138.5996068478912 128.8116789362489 202.16808948411858 159.56049919509448 219.95151647677017 121.10214949256479 
276.4520429039601 176.18217986271114 249.53464962570857 287.98290567434236 302.21259125727124 258.13004487475894 138.08173215572742 271.1483918697304 164.80595007870994 312.8503300494741 169.76279694901507 250.4805748713103 171.3295245102585 163.81500142898693 142.72280122141572 
335.9701861714269 144.12134824748782 199.56552420822578 268.20775614583926 197.5897575348384 256.8093576610037 203.71951008613752 131.34217455731016 193.85964617579594 310.2611779586983 204.8790742923071 257.13204211071934 274.26433520995863 333.13931345971326 322.3787221631213 
323.2475197352452 207.73093602716884 160.60635828557585 276.021864127189 318.3941356464074 186.68323900986252 188.10016992960487 122.03737993368765 220.98250547444317 119.81258129963172 175.13111571390388 141.7155262278935 186.71341117370508 182.19584070467505 188.62317607156564 
247.9583620790464 180.8327300608927 314.4788200857393 176.60845391365416 222.04395834739773 301.5187560839172 146.35364928258107 209.068299492094 305.351728362996 277.5488053534127 151.2885943872963 283.1567398417626 203.6688449092797 322.35694423817625 245.5006524951727 
132.92023735149775 309.6255384072166 188.880773838991 134.3188295608427 335.2538140088468 204.04861243151282 244.3709263839178 190.4639375854041 302.8131825807426 187.7870595351273 201.93760346287803 298.5940567159734 307.88324216763766 276.0805706373746 256.4227384555439 
192.7762388071082 123.48235652313136 216.80870310346666 306.5026913597819 335.54163206888984 192.37743141403897 182.21670697830294 299.97512571591506 120.05866500939993 192.51550095032653 327.4966910767467 145.62005192745667 118.77629580130363 309.36696710155957 135.85089973361212 
263.9322931383349 204.6200755388947 195.5604968908853 218.451597233965 152.53803440931753 322.134309390223 197.76217692618746 175.19787088264604 239.23270690176722 208.91693371218577 265.1409854459552 173.86775487942845 322.8676330847426 168.84711912869778 118.85036740467021 
123.65016853503454 311.58168979211325 296.8966204596444 310.9651182600809 175.1037958405623 200.9244850559452 280.6789675054604 176.69483858228782 325.2546952593643 147.90551106942635 124.05220123663331 321.293388937008 330.786067213817 315.45216076514635 251.6730729923875 
143.36407139191783 135.30529392245964 174.95158526461992 253.05932383517035 217.12012375391706 135.83043635405562 182.9099593396527 280.84150174967505 307.5586628159555 146.07127731521135 298.7691067136551 235.571398657236 230.58709368687937 316.9733909739295 149.00483651795224 
181.51265767571635 216.96649556634466 325.1017745094101 197.38244091084613 258.45105802133884 181.83887817642898 330.6498722455357 242.93526449848798 234.7936507027896 323.9814045583952 119.07038208179301 164.4289813919351 287.5272953265511 331.9380296810451 139.88380343062715 
226.12006855269723 224.43351627193965 217.4041113058044 206.25868272931945 197.18369671820852 131.44604302214069 120.03966633281708 239.515980192381 217.03928300925438 212.30459100834565 128.61325939657596 189.50562281816798 312.2485195959628 161.51664949145876 213.7105689431838 
320.03340186149103 171.14924087467875 228.05562588878186 260.19338445110145 217.16782681204262 230.41888781714414 183.23286641752284 196.2222871895243 202.49365620903274 180.1985407316862 129.689347161297 149.36691434375533 144.76183142912475 234.96161523499285 247.5073071795835 
309.9702265449581 238.0820432827706 276.9893419327909 191.65934698817614 223.36625504140068 278.43716498598917 232.90898685873552 217.93468954430716 220.25390699154735 285.80412064783 256.4846802698193 285.6225738886791 164.12114821902804 271.8454309266813 219.12790678696393 
313.43550294559435 178.16204207650537 254.01951421119296 261.56543995131926 297.8558503342041 289.7955419547451 159.18066128533525 281.52085487167443 130.75400799244989 264.2535613583862 218.20330285789726 334.0397978759879 247.2390391030881 120.46596511874233 295.49552795893146 
204.864023184534 299.0410673922753 141.29925308549292 185.03891329832425 263.26006453447724 180.2872979562418 141.8130369126654 283.4664555446715 233.90466255442522 268.88240769396634 202.04965290183173 323.9595115779241 177.43639763592327 271.4783027971097 211.70080158131833 
306.5028671157078 207.59933012412358 214.1441163413125 200.26182192755329 296.2840157351121 150.94027401322887 221.32159603075854 173.41614168006228 228.35180191532436 150.10802536083776 200.844286948646 197.56094509768258 265.3092323445524 263.63797794153015 249.18080560868094 
118.70563096449115 138.88437033019164 317.9121285801525 311.46076501677317 245.77113363772668 305.2535921700327 240.69517710591415 251.39880955420475 157.0044284244089 160.3181920126798 299.57936515314225 295.82463651722105 190.35600949703183 121.07657886942245 229.7619397827418 
314.0933862424921 216.0172941626138 231.69976597053414 252.50812472477267 193.39054341749844 187.17015687704423 158.57352791545765 143.33045847859665 329.47787947490974 299.0413519640364 161.92283299937571 298.05861642138063 214.8142428781195 207.68924806148019 121.12845701064784 
