236.97997087582587 285.3477505408618 13.32363543694801 311.15812538694405 174.03479623639507 -37.8838821514283 169.58312477470147 250.3086889684763 -41.50802996564552 -14.924499166974222 65.08710024839597 132.2003853463876 -10.036609853783553 54.450764546966994 75.32177795392994 
68.66039370076447 206.26833522330656 85.00539125330883 275.966976935836 190.35874222854815 30.17294523451467 291.1328225906453 -49.40155175344553 288.0023154190296 39.38447537085247 334.2849963158788 17.619262051008533 223.24019569759957 -13.099914481058605 184.87017686798586 
-30.880085376717147 -3.090012469453413 322.4207876959443 208.51846394007987 41.90324773858288 297.31666280175114 -14.035915288778341 319.00174944003766 109.93632935552236 -45.45203064673358 345.7183614273529 11.8371421471833 216.15821222266317 133.4266715113527 -8.45025182084131 
184.5267444873774 174.02997747460205 184.78834420050308 -20.389574907927834 213.66364753751435 300.17160955067084 215.5086158523846 245.92345358304948 240.2591352443232 166.49463558384366 277.27044042572516 361.1483855341427 309.6530170054451 160.248415955279 114.40318463688513 
346.69026933163514 153.18898031601947 77.81848783459753 187.21793172211594 102.46733245596275 107.56786537811968 45.35996321777506 131.42496399879732 148.13615143450144 -46.074510717764625 222.76340754150408 25.98915097565093 199.90871398144878 -2.3375562650283683 372.48930053539715 
-43.92227317270097 139.41704257532274 190.91530647060796 300.33747362259913 12.308528859977443 233.00903158787224 310.1753702601512 -49.557210816834804 170.17166525467547 17.59333714960927 134.16765911539346 206.7468492104598 -0.31583149700467317 137.30216681706327 184.96031975993108 
185.944917702213 -51.53730067083658 48.50816594422592 10.488112452338648 140.07439875415545 371.3166187063386 343.5261472710922 -7.769984443295478 181.6223148915291 207.07922690590271 28.450944827308135 68.81666805002982 -21.351662257437983 138.62151691734346 187.17992685888095 
233.03121442662234 5.646557231293819 66.47155884464934 356.1203597775138 189.98564396770198 180.0386879097596 122.25059393938545 59.33485299493644 249.45862370910243 266.8810279989811 257.9305765560019 263.5489588709253 -44.04767003403297 94.5036999943631 -42.088191448879996 
276.0962350093497 76.90648221062688 36.80637533773488 255.6039898054006 339.70408708330393 304.76141595226926 277.08404714596713 154.02356937535643 324.11771944840285 142.33845577095946 65.08919469558421 238.09434204109675 50.69452661883997 372.534453284506 2.4788626115998724 
-28.670642094303506 192.62701817897639 323.51896918866623 -45.449720484243734 -36.89672482493431 77.8758058389775 263.6265961613972 280.276589099986 -45.822847419627536 358.8106586887599 267.0572847862581 45.39705234279924 37.05783413579144 23.66609924279649 43.971070131161014 
156.3534104241823 -22.323485952277174 337.91408194889544 292.963788227681 245.72773005180915 260.6120723342613 105.71914379146827 261.3827028538414 250.16971231920996 31.216254588937304 134.3936121788157 249.13521325329225 89.1520125387593 84.86392081728789 58.39480783869715 
310.15562107219546 278.1264089126688 48.04167384263296 17.405912688713542 293.2062622030531 355.8242194379319 305.0195895147286 288.8378421418336 110.5130378018456 173.9282578682521 -15.655776629112296 170.74629255846878 37.951153179413254 367.49448618215837 61.834601911251596 
243.37906813203517 74.48087125137539 24.83312529268224 327.2096438673231 139.62567651341524 74.58787325122383 293.1513110853282 261.25302909368844 34.354811761535174 13.258250450258942 152.32711252681824 141.04438187353009 196.29563454155755 235.6358116072314 112.77136640948686 
132.9984770331845 239.5029646680992 66.41611031032268 346.7694672466263 82.95536294767209 130.02456019929113 241.33823208586335 20.8646614975831 117.87350700899688 308.1958373749456 151.177323491219 102.44800339126297 172.21096865111306 63.49703405415295 -2.1968710334636725 
57.98138111949605 130.74782684892082 66.03349341884903 371.92285212159584 334.34633292842176 134.40767258124143 302.94093102764253 248.95875942550356 -0.3435940831805979 156.13023630484543 -37.8917455915756 362.3669711870196 276.01619958798926 231.9357027371346 144.6277571081826 
188.21373009937474 269.45754883041616 346.11086873552165 5.613586041251573 245.55631665327263 28.35741852665781 21.24275884344189 3.7636138474075054 98.85202961244457 76.27996139167729 3.4114169462276394 290.17142735337126 -47.14279055226408 93.46637503434246 370.1810030493736 
-24.972017074970243 269.25521596991234 316.98439958668695 350.8926709924677 318.866027893105 37.249500243845475 305.7345438102431 148.9114274110669 187.3711806140551 299.897515077178 61.615293371844274 137.8668530916017 145.32094390417723 248.32938490787103 191.98023558822726 
314.21319740578485 261.19087156191705 373.3822969464092 219.45842275850526 372.4098225755497 368.44773975490017 185.18327577061677 344.2481393292262 339.7030008344238 5.022900621880481 188.95228238895484 310.19790722490393 295.37841323884334 16.163908451930723 226.4060701740102 
33.167768854031465 140.51040518576727 303.33396493884965 354.6593139106956 353.4417234306053 61.605724086077146 369.2355843296029 -25.616734005482044 276.10062049480274 150.71868454361706 108.58737752042748 42.848767539345644 -19.992089918240744 34.13394619173644 264.3287385450732 
149.39875282975694 298.999281276028 370.5297961969227 231.69486313912142 312.6420022581948 104.24170612331199 167.45921913935643 -27.640994259322067 183.37821938855316 -15.862750515550829 339.7583929093347 333.5955394400627 55.01358747005595 305.41436423021725 340.2326382189581 
224.645056037583 148.20937845744177 262.49436770508566 353.7873838176235 188.6644946460932 24.42577747195645 114.41250631124726 -29.864982682079386 178.78976864699936 318.54586138177785 141.9362356002588 341.87248244609003 319.89575351668617 357.343140386842 -22.265734057500392 
264.2640010590348 363.5990833126117 -40.98550593072255 -15.326396502104409 126.75982557392217 201.83746720676945 67.10535476311925 225.4134109877748 232.2032900936315 366.1777375126917 312.62564072193555 215.1433515347806 180.99431125636835 96.72239108007923 275.8028011624641 
305.9433137385698 294.1295441811232 -45.0962502648185 273.7603933528865 94.83020790414054 326.1763534455867 191.92565843997943 -37.85976086187745 369.2249572953572 -23.822005880530426 175.31210210987533 188.7036912716158 329.4102292252221 107.03099855564835 126.53040713875441 
-7.2055207188570805 -36.59753822680041 258.7631890780206 113.48058299647195 1.0460129383561068 92.12025136496257 298.3115275113646 201.57940449558626 60.95812869240547 249.15965749345696 236.9337067343701 112.70582326468025 162.71613782357372 234.88031411130544 100.48983870133597 
207.9649188609913 326.9857822337967 -19.06221863852933 259.61370191517375 -29.330647258767723 186.1789970977275 -24.475717077460978 136.05486279780766 294.67539934705417 4.332855298042439 306.9107812422831 63.21744715483497 249.15403354555582 224.90716253458783 73.0054838459968 
350.4697035216826 80.9363149589561 48.43378556479483 219.5298780457253 313.4004784405537 198.54376417655078 76.6860453403757 281.3929037756307 -6.293603163982354 211.9113716248399 201.63691789456593 370.6373430815944 288.7547869547134 35.92753733371201 191.37772060364046 
320.09561649780795 -51.54975099189351 148.69054207674884 361.1570047422783 203.15708896330872 184.7701904300507 79.4624190647447 -47.498430981331325 230.10536670762679 311.86107572233817 371.7712667892457 368.02661659416714 98.2334503044678 -49.1291636094242 122.52080417145106 
244.819493419413 2.7700864603675868 25.239888063739727 174.99110062076252 303.89562004969434 257.9059710144593 104.86748113893958 -6.742409806910047 210.2439145923493 349.5772514231581 186.04271101719795 124.97525918580095 213.6980171224497 283.50372265374864 355.6203868147643 
116.82929108290375 184.48043660903096 28.23743366335438 140.58691672659378 265.2166467990385 53.33835007239426 225.8736145773077 21.6656277137765 366.5020407005244 227.75984509721826 300.78855263893 361.4865104911452 241.9810761911328 230.47376342779853 251.15843130930563 
348.04123439614125 7.390876734365577 36.76649103213646 279.9879510645565 80.54777587260958 214.21621392394422 267.5286387625737 137.2530274069833 -25.98374769236392 166.06662692231674 12.585463088819708 147.22023811744 160.54447137098234 127.85806999565898 197.3931702948392 
100.38598431861017 98.75166307296877 86.01809349222165 104.29931208398911 111.4364273299477 101.55607333181963 77.68722046768993 77.21134940010995 102.17584574404232 109.37388754709136 122.78604638480019 111.1192788449598 91.25507964085774 83.0262284603021 96.64912651020478 
103.99949649114072 106.39633232364531 86.99476909147043 105.06220624628233 106.5164755332468 77.77949468288922 82.32877768233207 114.22334841935663 100.77487711553704 112.88864225495033 124.21835713330837 88.99968503882896 94.92354448357494 81.39257552138938 92.0141486206632 
112.25810725023564 96.78217993098325 105.09018266287764 100.83059397012906 83.26626851552972 88.16610813404677 106.59089371246331 89.3274684839443 98.66399691979342 107.36849036921555 96.20942264249827 121.61005648435759 103.57222336257433 86.52640498265367 88.67914696531635 
113.00630411538776 107.80533241339006 125.1283782025184 123.19513756179117 107.96294493294637 126.86453121954418 83.95389183368547 85.15914284571065 116.99286027096554 82.79317035167041 117.5845030463238 118.12571514771133 127.22903702940576 89.69373465781527 108.78017030092396 
124.60193811912586 122.78963234825646 83.28684145991885 107.34053754066724 82.1140330146706 102.4412793649654 90.95950892374479 107.62580872261415 115.52385120840881 100.82833898908208 82.0379046157231 84.9656858355279 99.21349768684173 93.50103032155705 77.53836657633325 
119.30315285797859 94.70869374897134 110.52356408193728 124.1130721772621 105.75500013674143 121.32679065056547 124.27971043435042 95.80020527682382 120.18186027246334 82.08756390447071 96.81541383730251 86.96068071576684 78.37776947975111 118.02682409658476 84.02994525812217 
112.53827924304937 87.69555938218396 107.69083117787633 90.21927576120784 122.77572047337921 87.59966242351177 109.66709319448518 122.30180873257322 93.66453518644735 93.57024222515147 82.20228532327583 82.49750537078465 78.71644247984166 107.61747444563916 126.74560835103122 
119.075712510268 98.75025390667564 98.17278637957713 87.90155025990549 79.74311904876816 110.45704512399465 100.26849313858722 118.07017498387282 117.65675050382603 80.76291615847967 112.74028308523887 84.00832887383619 102.12377171019696 101.51030824217703 77.09910593674344 
103.64791901685726 97.18659002918525 91.06786785508301 113.14869644637834 108.00749578592624 93.68068983183792 82.07168092520249 111.71303123656679 107.06332288722936 104.58975436556108 103.493271464591 117.7777919280782 107.94191796256328 121.05774393412867 76.62657252363762 
91.8878596486473 115.43775947859774 77.63263973309674 79.35841270832059 102.29939370368092 125.39208844424364 102.58221290852887 97.34698690551575 88.43618099668456 108.67878348995342 121.74305929447581 96.02767220784871 106.2677629396775 100.9550401916123 125.39400917478821 
86.0409168101341 119.29246481926245 77.4559116860329 94.03635547125566 121.91986063184874 77.19535887299239 78.12328613758197 99.74006723986999 113.75620664204448 118.71934313677305 95.70527292570178 103.79382585809562 86.85017234521492 101.16431225584111 119.5644536002037 
90.47307113891799 114.51661487459688 111.7851824419365 92.83859363803549 90.84893197867453 125.0809319535638 118.97639251195119 106.1945743817302 108.7629413237901 112.8368443904086 105.45615313491344 93.0466829010839 127.24188055731312 83.37704952211556 80.98122231627006 
93.80567111686221 122.3790957484652 79.19021653391718 109.44036427903775 105.47453146303451 110.93366383725152 123.39183625914285 84.66816438896775 80.86434351873393 117.22825540191474 85.8076333623962 121.6861814811059 93.67904265756337 112.71395272944375 112.91449311849533 
126.29543940523041 90.68229562983608 112.57906853086314 81.80828228450997 79.62236926566665 121.703231952671 97.5625185155031 84.48206230394727 93.08934255718597 83.08506480366518 124.51324808135583 100.00431074689234 95.59862174732778 110.69543599972826 117.69091581172898 
89.67158558759903 125.46180715889791 118.39198411030918 99.18421790240889 88.33982915263394 107.99197206253913 108.07131940391642 125.64839174827331 119.59528003531727 113.34419551377789 79.13964224378097 122.12386469526315 99.19179323298951 101.25014098978629 85.9776433232276 
107.1523147061597 124.80213811852857 95.25444245767065 89.85799825332654 103.49470165621125 118.03888025925218 82.26222786710672 124.23697842069855 117.52089184167461 88.83787264972253 79.57621671661585 101.27500418257327 85.28135155957416 103.7903031210918 102.25447418045398 
91.89725959833757 127.40038604857472 87.62646491264928 94.03704442660306 96.17430775832864 117.67925909515404 90.91841422613714 94.43128187272353 88.0109405354352 112.12433933974381 100.58569481368693 106.40409461583162 87.04151006716562 106.03038035556993 127.24057679587013 
92.95941031558449 125.04301074962979 94.65820284504849 124.72032518200015 126.90810841966089 85.95131191577245 95.84486029672838 82.04426617391344 106.05254037494738 110.43232071384523 112.38641756281442 101.72813005612707 118.90440029051823 94.24577735736867 111.37724789334501 
111.15903530303196 124.98105591518637 91.70577407065464 111.64470511338854 84.55978494334587 85.07375737610451 110.83288849501528 78.54255577574148 99.3055232936784 115.96142416908941 77.35355240609927 98.7482159615648 127.32296375438005 100.0187506233392 95.472065876691 
98.20972520266224 123.91127428977288 85.58032955081354 97.33092631047714 99.14428954130764 82.25267208850748 103.53771792770638 124.66858231424611 105.06719249250087 118.2691225668698 108.28109100710245 117.96105438727227 82.3123939286455 106.20220599334726 127.25372362038391 
125.88214630893222 111.95699034013063 109.24978059390116 116.48503261954652 77.00432754619234 121.83217759303325 120.07071104995518 100.0937536217191 109.33215481333252 100.59703625556324 120.99090088566963 105.69464503736015 122.28137599283933 97.16437277539896 87.57454708812287 
103.66126366773669 100.44812133030081 113.47747600102232 99.81461800203196 98.64911066355383 126.54557776553358 101.01552203794935 95.93718541025427 97.28048447574848 78.10028625648587 98.54601169455671 101.23744831910847 87.49289139819766 109.88699201824747 109.26049045149455 
127.09174909767371 126.12856509132911 103.03051615438126 101.16284830531582 99.7680923424264 110.92828175684252 118.16336389313321 113.31619740918686 111.42743420058389 126.30858585433215 95.0824326825845 118.14184659844312 121.80605236398297 113.73045360717822 124.32336797307332 
112.92998741533896 124.8705893613038 96.98795661475292 122.79653427534143 125.64155973924085 104.63924822135357 120.76813582511099 113.51772474906247 98.1215092007271 95.06754009141245 108.94369862532118 78.78832295172985 92.73982797736896 77.5543243237339 84.40198737197237 
118.85924855687509 107.92358007815871 113.8911908127127 87.67378443775404 106.7059055078299 121.75914503220474 81.55856192983468 113.97104272870371 120.71234425432095 117.98895408179267 82.28935845391202 125.94027194195661 92.94771318449396 92.18455391342786 88.77666080447753 
125.06533366107428 112.70037912721955 113.38954839797248 98.14872803194991 93.9331025212338 86.28956780991852 87.13097278061093 90.76642998071202 115.89004027571053 92.82722228600862 79.56831524362524 86.624507052308 105.98376956012433 80.93177269611554 94.63026741940784 
122.33297438664607 83.77343922184869 79.4301609084255 97.84500625594596 82.08749720260124 103.43574364832958 122.58919687893214 77.43630855976693 93.25569744611903 81.14942765227318 126.13676214134338 98.17084341565419 81.6756104838027 116.03492974335433 126.72159543357901 
83.87107432021006 117.48081188417225 114.30533940699141 95.5887023304932 94.17472519645034 85.17275024160645 111.75224825924829 87.78694443291754 82.15445175747661 117.65933947095269 114.58811702189907 96.78117013191645 85.73070389419817 122.04852836011725 105.41132915815894 
84.63166414243412 87.26112019887925 112.69743495844375 111.6908114717387 88.83682390351498 77.86812426861722 121.31619813090686 110.01045487958886 120.5503958278951 115.36040239589998 120.81416796486486 120.13248594376356 78.11245373682078 80.48639823913418 84.17890552412568 
107.04120606686318 125.24656990378146 80.73381543079199 90.45377136625636 79.10457665620117 120.22549858083195 89.56010854775568 105.68698804400132 79.76457639352364 122.24185963337843 118.47817722789432 85.20762755931935 109.65693108839734 92.36045360559731 106.80788259618 
315.52684385726354 215.61190912849534 204.72947742576906 311.9326430378783 201.0644326635496 272.83468052024705 231.33995803318896 251.51610982020054 332.59202170147336 234.45776371058957 293.42457453358384 291.4385671718552 304.9293788634523 251.8988364374286 245.03166763545224 
277.4493388879182 304.33767186417 315.07219057191867 259.5683975453755 307.05020224045063 302.9428861993447 203.52155907966434 220.53151996657343 230.90267489788465 207.31568974269385 243.7599367436704 193.14937644891927 236.612793776479 189.52585886429893 249.06071103755784 
219.48973047999738 211.56054467812496 239.5622137880801 332.86074681633954 224.13859285972617 201.33575902062816 258.8574943724741 206.47012390468177 313.79989851619587 269.01110713630317 246.44171864859237 225.05237248226751 215.71085393971566 218.87098595969434 316.54559419183556 
245.58075854797178 224.27568589013296 217.68268800004736 265.7474993906148 290.5317694642324 269.71653183910956 321.1237888878286 273.6985823309351 324.1620050627763 199.57111211040746 273.0474621495417 224.91065216637935 310.7389861121694 247.433559378839 238.8664961310876 
324.8706921988088 280.9608347126158 205.0692974263723 254.23473502415965 276.718424321905 212.29907259783013 257.8039717653269 312.0942375760987 266.37926366138345 255.43841107338312 206.14248292934576 301.4894629784005 298.30531251822975 194.640663201048 243.88507521821109 
228.6596002307722 234.694771096132 240.1627933178989 276.7213379887371 222.4605493214703 229.93358068867218 289.61431286786404 223.27867830987634 197.12666169172064 321.6702349369165 279.6458476823382 220.12126068512782 309.9995769159172 220.64488886683586 199.8386068392569 
220.26953114288807 231.03083403887814 283.30151550065057 286.01553288832474 230.99833608870796 281.0484245292888 218.98484146609633 293.0467585081128 287.93322203157226 334.35011882183727 266.94421823084804 298.10498858912393 274.16016616741865 278.3136872842439 193.87647991092797 
255.0152839202908 234.76080694707463 193.32963402190364 290.54842957912047 287.7493544887018 279.08611823567105 253.21324591948127 331.0213347219881 327.8462074262428 276.7263063113913 201.24498510188985 278.20358490867596 218.94519275251776 189.19185067087244 324.77978333203913 
196.87148834047812 331.5734409157866 193.55877052770998 218.23778597225657 221.71086409816047 295.5632032511204 299.2176380272378 227.42967142948993 289.4281946744712 237.66153887504507 193.90102001120542 304.33454760452975 209.75410832775194 283.82211619604084 288.6045016803131 
200.29545603313355 232.5240600461089 331.78658531886936 214.9763367553614 245.0109878573749 217.23646256439818 205.3902713672952 197.2053275072766 333.3322779217788 189.91851764785534 285.3510427990585 315.41369156275823 277.3394565542293 192.56031801443243 223.9509025875954 
252.71885705151544 230.87497765504048 308.6791341450414 239.16110693654267 269.2198312478044 335.48891498711185 206.38431818546348 211.90997595318103 311.24906504608583 204.93910312752132 294.5151571869489 196.03151492915242 210.83395257572826 224.47802800435514 218.58826810590108 
232.7627402452261 239.48690319944052 230.88113538497458 253.47823127539965 308.82238734457025 215.2845284014615 284.50453443124746 226.99293303818422 195.37342320430045 298.24187758742335 247.01169449654662 243.962261911762 214.4383432030245 194.2562787151087 201.30217474955424 
269.4881558674861 256.91376655730676 279.2871315992364 332.82431212103717 285.56273870423314 331.382576835823 315.04054174401443 223.43166567875124 244.99677603702384 324.0875404019549 336.6805594804631 322.44520859479064 237.45900620365092 310.7469500652852 210.8841233487139 
317.53210678214646 221.4612828930487 224.38883323889888 258.9017029034577 313.7991897776432 323.7939755609111 230.99946983996838 198.0284993172757 285.17032547514253 223.75089235991726 331.60982694068036 276.3731961722415 303.7657679841132 190.3487833064342 252.54424315930697 
232.13259793731993 301.95195248509657 290.9956321387879 270.84154317870156 332.1569779614106 326.5711638608477 194.57306693885576 210.14038252037676 232.13354133582428 204.36557016145377 323.3980413171005 319.558364256434 204.3015087904676 233.1556595320884 281.87455179435455 
245.06121945936854 321.5262091162476 287.73616524789344 213.549180793908 196.4893660362983 207.87336698815585 216.64279959934208 230.94227488405747 205.7545781539298 279.5377083653995 266.3798544065119 273.15506614216804 223.6753764545098 306.2854289568713 297.298588826843 
230.4986701436048 200.14679371439263 218.926199979977 277.2658435814174 229.22767319151262 253.31601349950125 323.2756991835123 213.07016094291387 324.6989900836482 238.85007134681769 321.8318628624345 281.44496404555576 232.20621356748492 261.584652212995 329.7029042965345 
308.4291874956483 283.2893325118938 199.8375588245276 280.26538957893075 231.1549157982884 238.88462132145864 200.86085250296816 246.1469518648251 215.45715418266704 248.39191312761122 228.3725413276703 328.38968680049067 262.08604413764346 319.3431034408103 288.0314488095635 
300.8724507633752 259.6944527744271 206.38151584734902 227.98093556909822 328.1427991832454 202.82020854707469 332.03201597727735 256.5763787369169 264.3102374094239 238.59396708868505 254.10043446512606 301.81851666738186 201.7414618842202 324.5139680682613 268.19544453118147 
273.3024884329248 287.6985863580196 253.6235205166744 266.6752702633345 306.27732793981795 270.6489573921523 211.6993739534549 206.95896719537475 206.55733139890214 285.05998064811996 323.0520898218922 304.7793671488619 211.8155775924985 204.7091068365015 291.145285845075 
194.5863808079458 207.3633506788641 245.76327872960576 263.0567375508643 216.34556686954406 328.2530632296648 291.12532834972575 303.28633221033544 251.29870070877763 203.9580990162248 206.20693174360494 317.9337698890606 294.6174986499596 330.162210711513 192.822400762732 
298.07769556295665 204.57461618037496 214.62567898846316 192.94076527079915 228.9070703294339 209.99141072582233 253.0981767498613 268.47843883509466 209.76913981719787 300.23064008095105 329.1959735225747 246.67153473940957 319.1259370700625 279.34892890960816 242.32562126188176 
250.08124763479253 189.04388181237175 271.46267602080803 189.23442414811979 313.7125639875585 307.9216790171828 240.13767080297612 205.10224878226097 260.1454851073554 307.01023785752335 282.56994880090696 282.48794318085913 316.0173129383471 213.63056247968817 302.28446180154504 
220.66321246377586 320.9169658176034 320.3496325173503 242.64485900951348 326.86694333349215 193.90952430642452 281.28509594706117 328.9206185421033 294.8526326382992 286.066977864183 298.36919150266084 223.90393742320322 210.86353898941513 221.3676414533821 256.0344191884857 
275.3408275829504 210.32977080424087 263.5659611108487 306.5542159472817 316.8656522710355 191.93765845746967 249.09582715037712 205.1394646216888 275.1188296035156 242.46214482155 223.95853689693237 313.4458049374691 315.5559439396663 237.20952454361264 198.15459902738314 
200.66600761095756 197.10746446383357 330.1764130616846 325.4664810940558 199.0290172902116 334.98150000153476 268.56722345733544 301.3987178316562 336.24268342651726 199.9185261625489 336.7639502697704 314.9483661947353 285.72096684892483 306.0210004708879 220.87332552915655 
318.9304056419892 220.07291744725575 316.04221820036423 295.61213960793043 203.20519359354483 336.495835215851 229.26672460193987 262.50974671829664 319.46554455422876 304.5465411779057 289.28528608509157 278.50840059674124 258.75696569037643 260.8461474426094 210.01595725172388 
317.25580190845653 300.1327513532756 201.36658588051262 214.729196269529 315.8667102818084 305.82670193480084 246.07158603424867 304.41882940793636 216.22662255066365 327.9127163049609 199.69404976483204 284.5451478065392 271.4374075549935 285.6449968887653 329.0345280912352 
288.93620199792235 304.27572549712426 291.6773399156654 264.2411158371399 239.87969563330185 336.09869707174306 275.5989157723945 270.11508558874425 207.99534647658913 278.57876380043774 280.12766070955536 292.2956593468801 215.86137091879058 203.6042987301762 247.97713159013716 
215.9255691035662 312.00797997594543 272.1349514019256 202.88743309064498 248.3556446316972 330.292794086936 228.27093923827238 328.24748448579624 226.14503602988663 237.03735144737598 209.68138527923657 212.75634428274122 209.64805580477525 238.1408764070464 305.0027015190687 
183.10761096044325 127.83931554556233 113.79745256413503 120.54168096690358 165.88638284996077 127.21090126172447 150.5405703856234 119.20598415210844 188.8687990200467 173.739663209056 126.76999495193286 190.0410891266258 167.20882037208082 177.77230212888924 144.9315107435952 
144.0514838023897 210.42954163066727 141.26577392916553 167.1633164141523 197.0307612971746 214.01967429646427 151.72799851142108 145.15746384362086 147.35227392172212 147.89298768928288 129.8225762231805 215.5950761882224 167.60356227658903 136.1762226692104 203.13542276821323 
115.32601196666243 152.05085339217774 168.38340936353455 183.03751702218983 161.94053506362724 199.62276049095516 160.052448059625 133.4865559351132 131.21963616634994 184.94500461274944 116.1034289127376 170.4621609661743 131.51410379620245 199.60574129391742 160.70561755862371 
138.49470766139802 186.9689995749822 114.3361940312374 207.4859815553536 143.31049206832347 178.5948758591653 187.1889300836723 151.34401011838327 199.32539317546056 156.37811426559392 115.73365320650224 211.29235909587624 188.27552842665318 173.36856584636087 124.62560707120412 
189.0625590079659 186.75488288054243 205.02254326750455 211.52734771757338 140.06001874624377 193.01071500522733 177.7434197286754 182.2317525241644 115.55470222937272 119.71196759068958 180.17469010515333 182.83850296828007 178.8578357532545 200.23883039195582 114.23472981459727 
191.4294490978422 182.41919571951757 204.4219611649027 188.73104647438925 119.48336387888067 168.89741098738938 149.01592410857762 137.9961928768625 195.29581593314225 151.33030752888513 199.52297535562516 151.3165564147954 165.91887644232133 125.63262059844728 141.73001706549115 
201.64734884677586 154.10181714665896 191.07518265614365 154.29509651265965 169.34947903022456 143.6635576060637 114.41505884804747 160.49836739557716 200.14161625623822 127.08536459609046 169.0493186159373 202.0097658323177 133.1621816190939 132.05870189987573 147.29439485930553 
156.45882585668573 126.51683069675916 180.5692378672787 166.9224459876557 138.96490969120632 155.96138036948886 178.67548963770818 193.1973405375657 134.36235971477953 196.74821463165046 129.01118116947546 159.82164412325784 119.46670975540658 126.16978820266166 171.9823002998648 
149.10502023466637 211.29559426741693 140.63897217346457 142.747501307501 202.0047940439335 141.17395220959807 139.4450429727575 210.7869088393847 176.16441589290866 203.4584768224751 177.78393866727853 202.19923701124418 118.91643594472899 200.69846714995748 214.05740690779817 
176.20394920695236 124.3664465150023 160.36430276383606 180.5801248738112 163.00310734935147 201.1164798668806 157.67718085852562 114.51181615665381 159.24094297477927 169.30949027176388 138.41947404543066 173.9182179447048 173.52176089774287 211.9771524623497 141.95728134151025 
125.39336228984496 146.04337829830087 176.00961496446703 156.92036117737675 206.29091401382362 159.3120284253926 191.09789822945436 115.55791425934346 208.06338141613705 211.98259126031184 177.95710352292048 183.32877019683934 164.86284593216132 150.51193254678373 204.76305395050636 
185.63600142255092 184.29740205247063 160.6230339534248 194.04062064385266 155.2051120136683 151.44830261029102 208.71797132411024 131.1086109909442 120.6231927385261 132.13760382573298 192.2235006320672 199.89816645850513 170.69936300604616 139.21649251341154 165.50492866375848 
211.99677718225223 142.76131730756103 119.86096792323605 118.81912872786505 128.55029082210896 173.08673723990864 168.26253557615271 138.37824180451386 117.77445926649953 173.02485252210124 212.47740667034265 143.48758793445637 129.44682553619032 155.13019091347877 159.87141442930508 
122.89997014559422 177.61893687881602 165.016743545748 118.13831958521172 128.99915421369587 143.67939130506997 142.23693624329434 144.53440276192308 173.97655371360113 159.99192446008624 168.69573505824548 191.4100700432254 166.615992390512 135.94700913382613 117.51868365731342 
133.56186901337563 195.728446703166 153.74424787445432 165.65946626936372 156.9649611415179 137.51036108375837 131.4668320602071 160.2767202506675 126.64381969764041 196.7462491753579 195.79718332309062 209.25873862131613 140.49174437882985 123.18792919546257 114.1634465662973 
132.74774173837494 160.6585326559576 117.5771300872575 184.8077213118142 191.50657263052722 151.79001836289817 191.94291592521932 137.75148173327696 183.9599229980048 118.07712151541519 115.68618766001399 174.39159175892925 211.12466687686737 137.83809027699195 193.7613179115624 
177.64074190001486 129.5563824891854 178.56585238726444 204.88313998552303 166.83238127985126 195.4957400378255 176.34269455729793 160.34357626490015 157.9222685994348 171.2156645395851 150.33999349103746 190.33908977770213 194.06513778283238 167.59984924781935 116.41180889957771 
187.90655006772602 199.63627951234574 184.76774299660718 151.90238286960783 202.63732648782218 204.8547576793551 117.10634419051118 142.10314342275908 197.10863873487415 146.30991244211904 120.98830529443876 160.34163326205604 124.96440990626884 153.9965934666676 211.7959829406853 
128.7262339825331 143.25128543520168 135.40632123490803 200.51230840448923 116.43445544845105 158.86615562975862 139.89891726466627 174.42479550530828 213.01098993739757 130.35757362447052 171.65751432766544 194.5975312669144 160.29502757180143 145.4644126075592 114.66382277005032 
186.62854560805044 176.2207807964189 152.83941866216773 141.19189202520784 134.99472886474558 146.27930284900634 194.3389152118555 126.72501995264568 178.59922329971778 199.6320139904766 215.86205947004777 116.26961167607972 171.7995037988796 207.97005334084525 191.9629951696475 
144.92525005561566 212.36860351856114 178.46417365787772 154.08999259883498 142.04438154163498 135.3314657513591 192.53446183051847 145.9311953467032 162.99597504808506 163.61180394593015 211.3885338049639 144.84294214089726 176.15884896505494 139.83775645809146 192.80781908762614 
127.23103120931414 172.87837857465342 121.08442790998718 184.31480720004836 125.58887383202534 116.3394205284253 184.7691213666185 141.39026167538051 155.07173014085268 132.97896816659355 194.57528999089914 154.1387457326765 134.37349822646752 148.65181064799782 140.8558181174579 
169.8354344897413 184.14653787113218 120.44795845846477 197.06995787438916 119.30766222833428 120.26066644804838 207.01657129516485 152.74697571570283 125.73621145551353 204.98471161380957 203.5667742185105 206.35675316086554 203.82189299556546 189.68935220269697 123.01046984815659 
148.03967969373065 141.97453240598787 202.94793820701284 152.6688949398706 150.47785372723615 213.99363444715908 178.32461196990522 205.9755319706893 204.92161778688188 180.3960797050928 198.095651121159 197.89897858636073 142.05780172675188 149.6628470964903 173.3056564901003 
191.3824783581378 126.77754925603207 153.07186504186697 193.62816293344935 172.4016829364735 151.68646216219835 164.79299461444634 157.10023701207737 148.32670392631198 214.64607786786559 205.10542342484874 211.30711454375447 139.2534198817765 127.4247517641038 125.88129289687849 
208.37340726205713 185.68738571213186 176.03325359781 157.8671630338974 122.35265033538602 144.13278984652726 176.7606996773682 166.71887343016664 114.70018224719976 157.22448851796509 134.21050691812079 162.58265628230657 149.17707670425278 215.12522169469668 192.37493518953357 
145.85067027742224 180.28320018212617 167.8991495456661 139.6145090210913 197.3498129192684 173.30682917328275 127.81242989788645 129.55163787096467 171.73407587208396 178.35148124287002 183.1404744131578 120.46889122026721 130.8319872569591 179.99980736005108 124.12296523952106 
144.43621301357285 200.3750958689026 181.08965547030317 114.0895127937763 138.1678739699932 192.72174808256963 180.65954634814523 137.47425320737423 160.26234973663307 187.37306098370516 171.2311563650876 160.33722416680828 124.43542749547288 135.9997287813951 171.3473081469301 
215.61940530946438 194.9132370398308 144.2676345655729 147.44516567713788 183.27633544524232 204.02143968412443 124.91183591815158 180.74946688404293 186.36080503683985 215.39296960400128 130.44397442193363 144.7101300615854 137.19961461731887 214.41579643781347 132.17200743267 
165.474302659492 170.92317419984178 174.73821991949566 167.6125197288188 183.82253900686572 150.6314609549284 156.78211953891906 117.32415803730058 210.49447184813928 129.4346382090326 175.48754363361485 181.54475580733072 152.05245867028083 143.95081415543152 153.73633830453744 
13.825726011240832 133.43046824283488 37.01758190953202 51.3440300493732 41.11072650813365 102.17095532543964 44.86137193978883 54.42687353286496 222.37639118017714 133.945015340667 67.721355548768 205.70884957462215 220.5816010057633 70.66613067913732 159.04260785220345 
18.888588071844005 104.96579426791253 135.94732051337493 221.88964838759892 107.61897788207754 99.90019137469831 146.663810270466 161.75752794483589 59.210790140423775 247.87010980747868 42.92331448683185 189.67077432165553 216.96325128926495 51.652225009535485 130.06010659770698 
181.44333345113162 17.475184779013798 14.061425876794482 200.5318790414357 246.1900541388328 175.8513478172448 167.81270151456854 151.14453316985538 220.30393641775413 10.924154755462173 245.01038453925977 236.85029416649763 70.62077323203077 30.697197910999517 35.83771847781777 
44.85756182701332 36.98501844358833 66.52033103677849 246.8843210878704 81.72255728436309 249.69056866888477 160.0022804288252 160.61489706841354 235.32321435049974 122.50543791438552 173.06638796666815 30.7489440741089 187.36806615720639 179.85017105125507 30.290916170582264 
82.01972849891786 138.08719691445535 161.713286259513 207.37310467963133 173.93050982864295 65.40961854948549 76.69947724161882 157.2885595422823 233.1412146644752 48.79730106748941 212.93624724888983 224.73951418052374 123.79036392315452 18.968546722358752 60.076059219850464 
191.6383487710546 124.75652563051777 60.396787719101276 41.891438590209845 233.6135750496661 247.89056814737444 125.10963088477408 193.0172337743053 95.39746432581431 149.70400668038354 16.639708150096254 185.43317939404184 52.40518444278824 156.72669580526002 38.94145203102871 
123.99571233168248 131.83475599343535 210.03028982759662 192.21107367685286 136.9935944263553 147.7291619616179 59.68228352692391 29.220291345268844 215.35973948424032 149.97180016847568 216.03416940495381 120.5439321682076 188.55411693109187 121.5503155602487 155.99215020273093 
32.079525912139566 240.91388528131714 85.25466425166728 174.98566078901825 169.86668320940447 185.7995527248658 149.19296136111745 207.3350134968606 226.18795532183336 187.34561758047954 95.0595611346294 113.79962598410407 32.90867061239642 177.5519706935482 152.070834711411 
166.9720879724224 21.116547722447915 30.364397389504116 167.4555481393828 57.36360205908786 141.71434550889225 91.95284846413671 116.72908588887476 139.36130691048206 204.38670006889782 69.0836756177641 12.942202665406228 16.322642712592327 198.48482369783852 168.21900603826768 
185.34365432416953 244.39714158856495 78.16883479401433 141.56765866823733 70.3268746386386 171.97077922678355 70.15195956905777 13.72315107404215 222.83993416887432 25.137494571719248 32.910805183539196 75.4781018667731 76.56796514031213 66.7911629893689 167.1474337257646 
142.58746945407222 127.72757034692528 71.24363267163733 146.5599376726936 91.38501910643515 88.81292453986356 56.87498732059373 45.87239131538478 243.7255834511256 105.0436894923114 202.9763468446429 201.80796265466347 131.8901480264527 32.58029304597045 105.43356928533643 
111.42345498505199 37.56747764817821 71.54416342086213 155.01805324023834 112.1953190800316 101.39984725578084 144.34861073203865 60.965201151256686 83.57696702457513 87.7763906747515 129.14550782149223 194.96829148535102 187.97064261469734 240.822628447055 20.69409797431917 
106.96615942677379 213.43757222202163 95.62812494293928 140.5774219477842 12.270315491346006 161.77716433995133 179.8205730880377 109.35196509137457 41.05139654686134 120.1113705839742 114.25177404824355 114.64805981298201 166.38555943367382 186.13444619085698 230.26737725558192 
162.92256010427255 138.75642073108276 168.2831954983348 29.303774603325007 56.88553683408577 22.266421792604298 218.16795583336364 38.0617571593979 57.660960622604364 35.75832695034592 61.992406081384296 165.4585782513638 43.43898896435812 76.26064095823101 124.00809105256165 
48.8156482026984 78.2246450653226 58.77338526801281 154.0403406253406 67.46622434718198 78.97944813584503 111.28056052894787 107.55789443760483 199.6246215987689 25.625555058261114 171.15220653138124 19.721759207214166 143.0096823780937 45.080074964269386 156.61873041418707 
122.45048427441638 153.44934794260107 57.735750506600596 199.17539675957903 47.89700982896785 59.36096186014783 52.91495973242473 46.31631989874741 23.776867969973637 76.39971201322447 146.64754692521393 132.10979535193155 104.81200955879109 204.3724777530427 67.63824688474202 
60.131216276486086 106.77260884704334 148.73223478653662 18.197692877795195 68.22050769969118 174.2955781470176 67.3335558322596 61.68291307350745 185.971678429654 63.28185968602345 82.51533038389908 91.94352232637394 195.76648922863436 64.3901940796844 143.4191789523619 
157.76745259069847 195.1227769267887 32.43500528158431 185.58134086682048 178.61190595333858 14.242228669015951 167.8279291867799 81.66222763080015 218.94133310743553 173.33310445518322 53.9152943084041 65.61516356416803 66.2248303930005 113.4120313288506 116.83742664886458 
247.5451905746574 250.2493815386684 126.91996544998575 162.33374193986518 248.6583703609091 20.474350967850626 144.94236654886458 136.7779200238559 193.06250741191081 205.72652883723663 218.2068915257155 140.66573843457098 171.70800732338896 145.1893542158939 239.45451332149835 
108.06910289105626 39.97062151852744 95.46994214365766 20.785274382830565 136.6953726672041 79.37544876535311 177.77862118662713 57.946302673027496 81.75254454392561 185.51126424209633 77.95721684862319 47.262028604947986 240.2891245255781 94.99776036612093 123.09082531149323 
150.02249403821054 215.20112165610286 97.38727389168034 184.92600246487197 208.63842875706627 219.75082057715198 236.98229009855092 194.7564857334322 54.26276175105238 43.352467061009825 126.64583348983116 18.385766690826546 218.7031393382701 78.2484696936828 15.54512139434601 
80.90036699700289 37.70802301576512 175.7264699090675 17.213736494443562 165.16410049731522 187.03214010770452 70.90971969967379 73.28735850312567 22.071980011249966 162.95339413618 205.3651416521567 70.04850353748836 176.1535836730601 88.16193336496279 80.30863282933345 
203.61490844768042 159.17853426511252 227.59945223195604 155.1961542686468 103.40560420988939 28.034987984092048 120.13109363968762 76.23957493730978 211.6669668314702 37.834171739945184 102.31780685556585 88.37274109949148 88.65816268415334 121.13901025628128 151.82134951286707 
157.99855943678602 166.02724289600744 162.61359174589768 39.892690729260025 22.6187121594116 147.32594769790526 40.74019108400729 118.69598876221534 146.58288286511504 137.62356503825063 176.7998353179613 197.1421571292279 71.27972272511869 218.36927602040544 157.16973391718304 
245.77186041256016 10.892673937274681 15.608725537901194 47.04273725293787 86.58816744521317 154.42214782676203 92.43956592449469 108.64661983349058 166.12941237608803 223.90770010514134 12.955853270975057 28.380226901771202 82.89092626195823 98.30455923835997 22.379469560409508 
42.403659114987505 218.87379176420484 234.74745555680875 63.16512245595974 204.2698528426758 85.04088910172747 218.7206650407848 28.741649513540143 59.25242892863341 210.9220265596572 131.76445148803998 96.76601863825454 233.72675468942228 234.78419023516588 103.6313609380185 
23.08927810736894 38.31096592640294 146.11809893626292 138.53630951724452 178.19510102658703 50.74205337655169 50.86782994778819 111.08773775284475 16.286176832156837 203.53854681174664 236.3259273100591 175.01581440548372 67.2741660220196 128.66936233596357 17.483404314274054 
13.482446048428228 171.5602069292199 188.50493685092766 41.95193714092924 191.0496296218099 200.63065548038867 50.31468208409024 107.99674637372269 86.86256236955293 140.67406714391612 108.16912210356297 146.32063442582347 107.39542771678678 186.9663600449002 140.88343258092038 
91.95323209188636 165.60815192055898 168.18671832553258 154.32021835369693 157.8726017133002 236.6339717600939 210.84158423854115 176.32820279959628 52.4889593192836 225.60941224735748 172.67779235259977 9.674853827420968 64.87083217367504 119.07992724830146 138.42127261172337 
86.09658635606243 188.10208788957507 209.3022508838798 40.585577302030345 128.82085096635578 237.12773016417165 23.66922436922652 214.09056493044946 174.61511511662465 111.1317947522761 240.8040241906967 23.908789658253482 84.47264803185512 199.42943058490025 16.77483003016053 
202.70828255308047 201.0158860899885 282.7091958600656 165.0145604623857 211.68623377640057 256.3279724397252 67.69715950920592 222.45860779600187 65.26046965126194 73.41797671005929 70.03600431055999 113.87154153654691 185.8677203562745 210.86556584024694 108.07671315109516 
147.92893668240072 170.42297523718298 264.698061402249 215.45270462709254 161.58038058629614 255.4300886412882 209.62005482036886 84.9521965156739 178.70951574491735 228.44603897458933 265.5147663526073 131.85308082194481 259.3469331443885 155.16123916638634 257.4560942357349 
215.43716008120916 147.98674352378134 75.54983639563709 104.64212427975016 66.14543362159118 91.11012370633345 273.5078996045093 157.60983057295653 190.38438303504668 167.34286129688462 181.64889658967633 116.17508972777232 207.589365436083 211.81789246741664 258.94431394168964 
287.1223526257143 216.71667892336365 286.1177525174063 278.10403691144865 76.6996286495108 276.8614876174996 267.4933447705906 204.72887250463125 69.62521572889663 141.74086455348066 97.69244205772976 160.15212767571643 259.46970058108707 176.76978188596752 179.3467076017995 
197.15471044628396 261.1346746313988 172.77577335911744 120.26638867026924 157.0758170976295 76.8158762079867 238.72273077399475 72.5945597952826 91.24586638132013 229.90222061310277 91.40503681460228 290.9084666335199 239.6109630212359 249.004098797181 297.8381482497221 
165.05234724655662 102.73638559075442 136.306249109533 113.33843399803453 239.96986000278793 204.28157359598563 121.2445502665122 283.3518871150302 134.04701886153202 175.36002267186603 105.66376344188689 270.0571427489213 119.81089408780541 185.65220758883453 182.77600518746195 
71.55157325834446 96.38450036125278 102.30223561025056 274.3800554098806 290.41800010631346 175.3661077276314 284.3208141046964 279.6262459595995 116.45279837276084 288.41338377030786 239.85764981524594 168.53002576968174 112.63373938228685 166.51135300316443 93.98520397362483 
252.47894890537256 102.48697841602805 120.44713821258853 105.53704864252435 281.3619815251126 218.6943341466031 90.63498683073047 230.12760224557488 64.01861867197088 160.0993263768515 200.08673550392643 230.4296234063324 271.76492001219594 116.61199130508989 78.31744729113902 
230.3675070698848 216.65122101289342 291.01129190917686 84.91299354512891 271.8588137324009 60.87843755761646 261.29634412255916 176.60891445506152 191.42698137217246 95.22573521453165 104.13201000785934 170.2895829615809 154.90729788166152 84.72360585444923 195.9996565534189 
146.89914549611962 134.38537950142774 176.67432310827053 148.81475455433377 279.3278861543151 67.62683466111869 194.44815793085857 223.27034399221768 268.4399629533747 98.9469294775177 216.71929263974818 158.7968856023157 94.82327117108402 101.23721384805111 125.53084810420243 
148.37953810713796 91.35186108484244 85.56676081354155 189.9296166759521 82.95187197222008 105.36837120844025 162.7001688839009 88.81198971283885 289.15908375103334 291.8882588730812 87.25838006027256 211.00548711607996 202.5005920241568 249.33265885160242 177.57763760105894 
257.04131221438877 96.29475922415264 284.4468198939912 152.14362594540222 70.24432265262087 134.61782207336267 280.7446838127675 234.01629474649397 86.32714193808525 299.2042242468003 281.0550097290901 147.36146113231575 263.8818527650772 112.67916154844644 167.17685430065444 
99.82170573939453 188.1039535230392 239.58830138912347 197.96569490311572 107.93120398133547 266.5600817887295 137.78493031685184 92.1923296487809 70.57931849173875 268.72082521257516 297.0497345265833 254.78991054062004 63.96903951631706 73.61783621193551 118.14221462816991 
272.60085840113413 155.51654575030844 119.7642902607638 231.08578908811904 84.87340110554437 255.168222517479 137.3537903010209 84.03346825440715 232.57148532572498 297.7073143963456 105.34719838367718 88.62006224166498 295.3966377859092 274.31429175556343 221.916650941592 
291.2678673933388 159.1597084511631 133.07925793322073 102.4938788130116 288.67457712589345 72.4156568126236 292.3435908098621 262.5780221624172 156.28672794330282 65.25150411562423 214.8712447536178 221.46594171159236 166.44980544958986 127.11467126598254 108.43603999087475 
111.6831786222096 284.7827957041317 239.6332320084977 253.82119124555484 99.11665193666106 168.4938379222939 176.94491919121387 271.78362810111037 109.53326456057057 146.39819179855238 195.29884944012503 109.89075694691817 216.81284650450198 237.70380008291514 252.12433939595678 
243.29438939400936 181.8379166498222 193.73835305650618 241.53619211706868 89.00625389195719 269.0631383324084 81.75469956947323 72.83322867488006 279.4816018099967 226.85631674883697 235.72184382117894 93.2991726116378 81.37805928482823 197.08129714207814 116.32524612186779 
276.3075641931025 100.32437450816667 235.97198185905415 80.36622657759735 120.16876593959 140.09256218628508 69.35250095485269 94.76128725440083 253.06126392518286 61.12589099208737 281.17122314751407 190.89081034530426 234.9088916792247 108.70410207103907 250.38997663370967 
259.1882834105735 182.6215402221501 170.463688961142 269.84607786846163 117.33779591647712 188.75778720847657 170.39235526549805 204.5779624866485 289.96227397026536 274.94162121515046 166.57606803342955 103.29860066770829 176.39773013031245 97.57706073818201 242.31405964695324 
90.92080923780202 273.9125638864783 285.60573445389093 251.5901952539481 148.28005282810523 126.36408541086843 194.0490092063969 292.73771450499953 128.9605789761893 206.46442815445718 215.00924067666503 176.50742107216615 166.95977481155427 115.71165290471228 184.44684874374985 
125.9027613875772 250.97212161286106 152.25918099656843 244.23024495857507 130.25614461993814 113.55631727729005 77.75353316282093 192.19431331991535 216.21895407171613 278.63576281856865 284.14219133805153 156.831947294035 208.44372374207532 293.27747782730125 211.06295909440715 
278.92058904577175 194.4803305574246 230.63017200289596 159.7277990104904 133.32640261996386 215.34869050585414 171.9716663275161 177.88904398160676 75.98845929356871 238.23004029403694 124.7459988778174 232.10181203273734 150.34339970303483 199.90071113510868 265.9141564875954 
275.5110302934011 204.5673260747312 297.7928076110103 224.83661292530311 287.2148727795675 196.51425430976514 139.11681852478856 135.14491836151038 220.57751919229233 80.56174764370425 198.66889074784206 155.50020156102102 194.26003272705364 232.8212284088432 86.96952535407901 
90.25198842554244 216.61342099939546 136.54825864854723 209.37815994040005 113.7066980919614 207.01539244894943 150.27983297368823 108.94957875242832 145.35890481041994 253.41518926359117 248.53605013478892 299.768982967713 279.54640376258504 262.62129899589377 281.2297863058149 
171.4393217017674 280.78153549186845 161.48145219670235 110.2443968386443 79.80344680504197 89.34746401296576 249.44692445947413 185.9238732844239 171.68296885510983 278.941861672139 238.60126296612236 110.16017433742758 168.90536807475164 282.50901919175175 78.48170490039288 
93.04430260048207 211.20056987335735 241.15743094714693 103.44370558984866 154.55821971540047 259.34066274932593 97.76201996890182 148.68963333588474 107.8996484737274 121.10527618097814 146.9179656311163 63.82828683514423 294.4441357871671 180.17514835728136 219.105981164552 
166.62403774983085 133.52306183428442 102.77569096034208 295.2624785890122 120.52625667371706 257.4155875897133 280.25734947677495 291.4727405641213 116.85480891571434 159.57081575093406 296.5296277310404 193.33852721891668 126.64203001245613 197.08790642251643 285.5426145096674 
203.82002422506147 258.9194734597068 161.4922420857307 93.82747379101079 266.5612601222381 298.6026475042363 186.3978626258189 244.19235176620006 88.60347129585065 64.74019459231815 278.9110494573621 257.98379678724524 139.68809438634145 140.66158320150333 119.9099773729468 
298.853154314427 87.70738965646534 242.83687492163799 70.44830978645788 107.66921162260148 112.2058350376216 173.8993206164515 126.89441149263962 162.85175997168614 294.73331255945277 213.60114588994693 185.75522238182822 114.97269571194921 103.36388880610444 256.6025694517324 
123.93129951963091 153.0414133169233 88.71652173807313 170.90327098647475 290.3383195392024 162.01760725905223 279.985986865049 276.8415967324096 283.52492888645054 245.66564300130517 224.90314247744217 260.8796339227391 178.89462409432412 269.8033734584311 80.57352726934593 
190.99308101157817 191.8795058392708 192.0917707320169 192.14273614540693 190.04089523859656 191.3554441354301 191.2207546375097 191.1387294105812 191.2403058652447 190.94400603107812 190.91208992785678 191.28448261814574 190.65114837747382 190.0696346222476 191.8010607776635 
190.49275538745707 191.89978703132897 190.53166227808362 190.9494415765953 190.34046878033885 191.20443462562667 190.7919096218234 190.74031024237084 192.2122377165133 190.4776219685117 190.68508858800195 191.88233475677725 190.10660515674545 190.93879581832 192.2069743756445 
191.19542745401273 190.55167491807495 190.69025103426907 190.84832511053992 191.3990471703496 190.34829580654912 191.34714547909942 190.76072410726206 190.90741722989492 191.13645379148085 191.25975392604093 190.7746279031479 190.4067452793201 191.26956142035772 190.0922363620092 
191.03436997833705 191.52242751221024 190.2335637761769 192.19845498624883 192.13457425082652 190.8928678899933 191.18695543493766 192.08990517954794 191.21541694062424 191.9412166003108 190.39900663910694 190.73885255726194 191.36035158526212 190.04104571400546 191.03760412539464 
191.59424740072538 190.14525240931064 190.60200495333027 190.57158798658728 190.4540726089757 191.54721289678957 192.27914668818408 190.24279447978316 191.40471899374901 190.3582170829986 190.74042889807146 191.99196184544556 191.36670144939995 190.29965212142886 192.0493466720676 
192.13082948399395 192.0464206569278 191.8855996046853 191.56298491984134 191.65948578464833 190.84070412595813 189.9940649296158 192.15239332450162 191.5607218975651 192.04186672066368 192.30915629878152 190.0923398360324 190.27493474213134 192.16995292947635 192.0977850982166 
191.14514174151614 191.0662794720819 191.712344138109 191.18776705133098 191.47760377870407 191.35787976485676 191.2241298053585 190.1030799224075 192.2843529075341 191.22525730378516 190.94968054887266 190.4517122010925 192.18369494864444 190.11831744818446 190.34343569717942 
191.47682124049135 191.88182020147445 191.49882380285362 191.92574700026518 192.02340146675638 192.1642649518298 192.33267068218242 191.84390429892136 190.68062692832157 190.47565080394722 190.1474201509306 192.1101455825963 190.29413117612606 191.43674500021748 191.54070237138245 
190.68621650590353 190.98903535505806 190.2304484169669 190.85806684170657 190.7098643429403 191.17443107355376 191.76457321782365 191.3026457780634 191.23661620892975 191.76359174208685 192.1714765256155 191.9968644902605 189.98823552569723 190.95655730452938 191.56128309074015 
191.49135284077144 190.05146372740197 190.72386782851225 191.16511826183185 192.119085716201 190.90304133293108 191.28517468861557 191.85479025183898 192.20144242643454 190.25714268331168 191.05757711853016 192.2564379798682 192.33016088753968 191.4278528727495 192.1616446498719 
191.1225266971824 191.6604501049772 191.4486009707079 191.9738891960689 190.93670551809396 190.8287128338647 190.70859925655142 192.2165925526147 191.96475358075114 191.85534095752493 191.75842444752809 191.81830300864104 190.30850452321843 191.0837634773066 192.12291598238497 
191.26954910597377 191.54851548409133 191.90165803907536 192.07367801455024 191.26855525923142 190.34408399772923 190.04342815563993 191.167100459807 190.41038509377657 191.03021344076956 190.5747457434324 191.37424586868582 190.39485431714152 192.03509012121876 192.32078250326717 
191.54672841048355 191.92267444941032 190.3265916988161 191.85447302590558 190.22019840136454 190.04678030457825 192.32309108516637 190.85753606123853 190.03640705339546 190.9437928920458 191.86000191012465 191.76252020087847 191.5544159382273 192.11435868538416 190.5759951788539 
191.45174222809274 190.0688761800191 190.59683198287792 191.21756493254705 190.6274119259793 192.00776167359822 190.2233073789282 190.07662971583255 192.2760093933688 191.52182323503462 190.237283129065 190.22342330217558 191.4161954418472 192.32753449791636 191.2084881401527 
190.5228212695173 190.0111983757384 191.78233198176358 190.5509735621657 191.3863263246308 191.37710427713603 191.84551140865722 191.2562415636227 190.04944984648378 192.15662892191506 191.13564144173574 191.22828359823254 192.05617842703757 191.6977860350933 191.01599111568697 
190.0816716846862 191.93848691153383 192.05721446967428 190.73558400680488 190.37355670008705 190.5329891755001 190.14466781495253 191.25425240134012 190.4357466198018 191.8582832262864 191.5222662013132 191.63747334081265 191.03213573389854 190.10067283763598 192.2969819615346 
191.10380142258782 191.01366241815174 191.32495933002215 190.31665717794354 191.42161447511083 191.52240130439762 191.90820015467202 191.9454412961127 190.15258063993062 191.34326646061277 191.1057179668591 192.0616229732555 190.38296049445407 191.4362202141167 191.91798591569673 
190.49588669351022 191.7729741859177 191.4784370039059 190.68122510347513 191.94695772286326 190.6848604521016 190.29503931022114 191.81812640183594 191.54326080761788 190.98375168626217 190.89298555973573 191.84134267318666 190.02349160017846 190.69504397814794 190.6641602560861 
191.7611125593039 190.42605750425298 191.96492791879007 190.79770876077043 191.08158175289248 190.07790555847234 190.09428892232424 192.11148214539753 192.11778151408333 191.78699396732944 192.19030210523837 191.89399844640195 190.74413174981945 190.3343131821006 190.5407923963239 
190.31078643203006 191.99614311839403 190.0891670249273 190.90467177096383 191.38306770417813 191.82903501082689 190.68938850023758 190.57523114573812 190.9492848155678 190.12921807211973 191.86869150855716 191.11498081178723 191.77937435751193 190.96942930089412 190.34827963645893 
190.1461340107805 191.8150486325005 191.2702740933948 190.6115396204459 191.53794864489566 190.30855987207497 191.24658881195688 191.48682148910407 190.82129346363521 191.86282922021158 190.44340898695148 190.16157776434298 190.15568139583647 190.94211064537592 191.3615533749426 
190.56272778009094 190.08602127622117 192.1070159848952 191.96768175258708 191.44075261071012 190.65187024504536 190.66626835803856 191.286929662606 191.35883838921336 190.16953610436826 191.82845993192862 190.4350391527933 192.21849139299928 190.26612391912974 190.5148863629068 
190.97116729611167 190.13290546243414 191.27177206031047 190.86419081135628 191.38968483717514 190.11524658119924 191.96568721182226 190.45272325676515 190.55153104494926 190.27125697732095 191.79323879853553 191.66318448442084 191.79215321439935 190.1014073962332 191.00910861169282 
190.11576702370684 191.58548748593208 191.53444396131314 190.57134877408254 190.18156923435285 191.53297811141255 192.04541985043846 190.8769236892141 191.48571987384486 191.53289932154567 191.50917283651364 191.9424480446293 192.2477796946031 190.35572601581518 190.148035509803 
191.58357985359635 190.0190254732367 191.120360054567 192.07719504223456 191.92766316981863 190.49090215405468 191.91947755502707 190.3299088121623 191.95611110356748 190.26633779128912 190.2379064884126 191.76868022438842 191.12313611075464 191.70193197448899 190.28714801417468 
190.13116228034664 190.51010258440525 190.0729523904567 191.31740871058864 190.50326657437824 190.65933072466012 190.16577563285819 192.28942631782573 190.67219651504945 191.28952129630017 191.0005707083863 190.17703750278068 191.97094588184362 190.18027951274865 191.36820853842724 
190.78223961043932 190.78862404490016 191.62763351880685 190.61677794525707 190.89373860245246 191.88391289253437 190.39445397936362 191.18296257460818 190.6718335670731 191.01508918602997 192.1136690227225 190.27293362367726 191.23323337055035 191.50454172061632 191.36702735096452 
191.95096778854887 191.76371536561263 189.96278755326017 191.1631569466345 190.93475207016263 192.165798500047 191.5758535454979 191.97563301371684 191.4042520546986 190.28535947366638 191.64370960609426 191.7227753249892 191.3836488328769 190.84810315912299 191.20186634842506 
192.0073775786382 190.54613945979224 191.13314944518336 191.25768012126065 190.3868118715725 190.48383043568253 190.47235822539704 190.81487007851518 190.221481553151 191.54934105211817 190.09013175785694 189.9615426501892 191.79291732292558 190.65743928912875 190.42841519011967 
191.74312427890095 192.2004738865011 191.883074605437 191.35389036811716 190.04310778925358 191.0251763623911 190.03444811779676 191.63581717972704 191.50376132906885 191.13800428459098 190.6459334798464 191.3603162023974 191.88516139375943 191.8786994540177 191.62920173098865 
104.17312248027781 155.3083015860638 188.88178348781094 194.6787933514247 160.20312157461052 342.11618112899134 21.453289957260942 171.29226426644283 -10.113807607212637 47.62065543941657 348.28115842268767 113.13126648360272 0.7850562982062819 214.91736853454125 156.98017673779526 
174.33034767078937 295.87657541663594 30.71510047463464 347.717530280922 174.00137159569329 341.46068119555053 2.8396790839997266 44.0384982773877 247.61483256880962 321.6756880568991 173.9001780672802 272.67529506461 55.773686919650075 285.6059299778265 202.965404741815 
291.05210565103266 234.63851964207993 -12.614306200283833 127.10097452118718 220.39270133715195 305.36725675704906 91.81398437399955 -1.8368177105929675 69.63309175050172 286.7973206192396 234.99193530954432 271.78388021117183 268.0023556320143 123.01376065497725 279.2006987804959 
219.91000756160514 119.78621666549266 250.72743606257154 176.3982634255816 15.986061417150687 66.47793569096054 255.58621600300603 203.690798275646 292.73244754185083 184.250234786745 98.37096698538237 19.317779809114 120.9987913487105 43.06228032187686 199.90433756073458 
176.40299159666188 174.20322847623294 37.83548013615225 265.3736382689425 175.31871979394828 304.6221413897511 118.18865908427934 249.30049886106286 123.97860863073656 322.3685808689829 76.93122776714445 321.47501497444364 145.32684266519078 338.37381102618633 300.72077239336335 
2.1757307988506795 157.9623035877819 304.0630309831369 227.53940338106258 49.84277359525797 133.47073785777297 206.1539128955274 33.535646999818724 148.50858466032037 38.44624795143807 301.21908413169064 335.2818779207133 228.67739779590607 1.394357424017116 174.48152769281575 
194.17925435560943 86.1757541714596 238.80439911622852 7.660280536316829 150.969470613562 311.98358187829797 201.73111297372247 166.19262962401376 4.096032161776698 258.25252592161223 116.81272674179358 0.6580786784687049 57.03388860746942 59.982832678036175 228.29569420517396 
22.590971536047164 174.95165340492696 69.02977746879164 119.63057739852756 204.13773938785505 209.49881945556768 2.264382302776916 348.62178396497745 280.4085678254521 124.92801151494429 46.74285853015324 322.9887935770357 103.2650405257688 176.49263351543027 73.23264923913135 
20.759307222387065 184.1949050627943 181.55282768516958 310.58255136560524 246.9635351871948 272.9032558592455 3.6557487293699182 314.72952755618167 96.6312369586509 84.84315175484787 241.88668211360152 48.69524425068087 127.30305719890983 301.8300543474035 54.524077881083855 
307.42518328719166 165.50128091830413 348.07376566084656 91.73808981016703 291.5296426217811 124.74462195969885 333.6020142073709 -14.343173107501128 -11.809348220621374 123.28430388323376 266.21364277898857 -5.814545353225384 190.65349367069115 189.53220056038117 87.26693478162001 
319.52230941321204 142.8218916788544 321.3815908225273 -15.372757944762581 183.51220404065924 -1.2546854803847793 193.51176536541863 8.391635406403541 250.3691228129304 70.620603904512 72.68599682989138 35.28166747986137 280.9988968501165 314.6326427333481 217.93270870454154 
314.1046574366326 222.12121296998987 231.5307684506567 139.82353649634769 222.14329370262703 275.18546100989994 32.9250142498 86.76381422680821 225.1138840798103 3.436225311038317 202.78712945323815 192.82573004581474 329.6301800383266 161.66879090460907 70.064401993751 
56.12500859256741 5.64534889418492 28.61555788775899 120.26186967025465 297.32194996402797 200.86471086766625 11.488547328327677 320.87097737399716 30.02810969257505 -10.935571068072267 229.46120206004065 12.429547268476341 182.94301339329746 83.87375115894358 347.4197200944397 
78.66172183758921 274.8837892065743 129.20392675675134 116.90063631893456 216.11547932103815 265.7584551252446 138.11208496157207 110.30806460981142 3.4350019748260365 54.076624824276806 268.66783474266805 277.68517753261915 178.95027069148182 298.14152971363274 196.8819970093234 
65.21342596722938 321.2953592136701 35.68731186526799 57.14362597595543 44.40221526360934 295.14766495505586 118.77797106147078 226.1134957670215 -3.6925782906762414 182.6772860443906 -11.368508238329685 10.419897095520998 16.71671253238201 11.86888040367646 100.81341870891725 
70.7084250472408 164.23812636628156 -5.985134846114324 173.6919925109516 114.54096799522539 292.2364078513958 83.60351305300993 150.5351373818035 327.1890556199159 60.90984926470746 140.83694420236372 74.18130394281384 69.20051477693738 313.5912759037956 22.969272434952096 
82.2796837816563 243.69033333811154 283.39470114080814 234.87361634670776 163.71495181868937 340.7893243527636 144.53055790411543 263.2690870895508 13.803738443983892 90.50603543479264 185.01446224668337 343.8655731911973 177.18887714110514 16.750153397667418 299.07823427246916 
298.1699302127453 -6.868912475229639 229.53138215805478 166.66397385948244 221.79618547254898 62.03755177071899 17.248490661193202 207.00709106539352 157.566656172077 348.04370897980874 92.41178550059873 282.1888993661445 14.724095248218244 118.92550323662671 69.32958235481172 
198.5926171010767 257.86469522933345 -15.161902361700555 209.72375311583778 244.42573084692378 228.24038394423417 166.38402456293943 112.4088368121724 175.13749307360382 63.5206594613487 318.11102404278483 321.22516801774213 129.08394161925304 199.86087382812298 249.78029691626438 
67.54113250122619 310.1492333798253 132.24495419376586 154.8414251280393 261.57906016614265 267.0728786644592 338.43264168810265 167.62369769475998 245.8169560297399 220.18847155956365 119.25746199196486 349.83252263930814 95.80090223099894 328.5109031447716 197.90208414090165 
102.05255989632181 242.73581248502808 191.9453280364756 225.60378481287756 71.61253851410319 38.93671870834543 348.10820436908574 305.21755879453906 171.7683713603485 347.9935093673215 31.73420100757366 312.5312874584724 280.43301944939543 242.78561540570809 40.082841299919146 
31.668056196957032 280.93983641327145 104.2740933808739 77.13767998817346 150.32888135805467 91.2109282441032 191.64987897472622 256.96217823732155 220.1686915496398 28.618308868438852 245.35170400203077 32.374095028155516 280.17749868075845 275.4731422710307 -2.334389293125186 
296.6880171278686 48.78719340639731 107.10061975305027 207.10219612011588 -4.028084897852102 66.00544226429476 340.57546185062273 -5.033803090462211 251.63894953558975 238.60652554546556 48.54963996055382 339.2175954663588 292.6443618008035 104.31345757859653 134.0223791574242 
67.25432896499503 215.61928151091217 95.46450269522141 172.08534066364967 248.4605282039676 64.18087980824562 334.9185914679166 269.357848819562 345.8893091309938 169.05682367079078 340.562332960555 60.68097205204984 103.7393506313591 309.98120620204145 52.75218573991751 
14.589896265812591 281.42770562611116 287.21132477956877 43.81939532012843 88.85518701566436 7.770586500168683 325.8091359536819 281.4778075959585 273.46142209763013 141.50050902375477 90.78368510176021 317.32494890344185 184.3090057865336 65.83644405474908 65.46086625714669 
319.6426713061746 186.93312804294544 155.0706513358436 108.44781765862231 314.5682223313544 25.649183034871392 247.07064723980608 322.3173796831817 297.6910036955669 257.31227713707057 328.4724028975931 75.44554970780037 4.230375039839469 232.29516257703096 30.831385139611044 
333.5163697066504 42.60633901319028 223.39295538080927 141.39052859819378 349.70334844081646 250.85125948368523 79.96729949864765 84.04631770510981 285.36858424896025 228.28726824934063 301.66552662301916 323.1969631227579 119.70588842080208 77.44493905588187 162.83960368165117 
274.54299028602964 56.88737255571674 37.15808990693904 263.81294241481334 -0.6893069098849178 45.5035246913035 124.82710201642071 158.03976112602908 207.49827017104712 0.007268438143457345 101.73757872564877 184.51113220397372 236.74434339082308 343.26395665920296 109.84480818787938 
137.28721022399947 268.2889828348503 255.12905371132956 190.16374960142304 152.03663361569454 12.796040915516038 247.44405654985877 65.40357594131719 318.0944388052402 314.7470104972529 142.04103446505826 252.42029318630722 65.63009613678132 280.58691219597586 211.74352179204834 
92.87948199015239 161.19444513844434 228.9991019023102 173.65865183169342 182.98986997139747 92.26455322424549 281.371485485118 309.7470687481547 82.04302145823942 71.20880775489866 39.040116996758684 6.62949727508045 99.35151118437888 192.47438844058416 288.79418821947365 
-27.319884588801656 -4.977721278112753 108.72185433443293 61.06096645155337 57.96919503368632 -21.02173222154869 158.12692042650633 -45.262869768166105 211.53596462330574 76.41852461444547 88.12362783769764 66.10839077167559 56.72657814830991 -1.9094628702562773 34.61395954283172 
195.00190223433583 189.89737982659545 -76.78708722184604 112.41986190811126 101.40965599407708 17.23684056327741 5.9679708686029755 149.38125701834815 -10.816807364175048 -8.715202375067605 -43.196984928288025 -64.07571698460684 162.70515025908566 39.26214139934331 -40.63904634200766 
180.1367056986261 165.97040542920575 84.65310275156848 -20.805087782748984 -72.09243433229133 181.1871372711305 -18.237000138492455 193.08839056890315 172.38608737931293 65.74996516958332 61.4220821995343 -2.2451515981037176 97.58356779534533 40.2685092974252 109.31939976747312 
201.27664638138708 36.041575626845116 221.54722993577974 27.75806755618757 8.210783969171658 213.03465775076592 199.8926958454145 13.909960578856143 -31.246501862907863 -14.645415733541519 21.386713860597666 -38.28749939880333 172.78799288159536 166.1943168614415 179.51952872660468 
137.4383628940024 204.61182548954906 72.5787925379448 119.28503671743722 174.7829543574329 198.1371802140684 71.61933914957733 -65.73378547784549 -43.83670678670377 70.32694039218528 16.527864489195792 -46.46154935592874 19.026220035403 104.80068844259385 -61.21298354637956 
-74.69643700082392 231.46933298592802 124.33509769017896 199.10313043324186 20.03614777277015 26.207287044943172 171.53789211380274 189.72125067704502 221.62868536040565 164.40167314823685 3.493904253706191 180.8262856360259 65.7942889292827 78.178499517015 21.569860845314267 
125.98709444623275 25.12259016003199 -34.03297265956396 130.15355288057782 110.6161631939657 -45.80244781660072 223.33854897418024 43.31144159559855 211.7109971840548 233.32031092215578 86.87277221577786 -70.30012052471857 98.04236372899284 156.2440063656295 194.06108425749346 
172.2448281488459 238.7155247511041 143.39336327981135 49.173788968903736 167.1934025721087 174.4476755149359 242.02354641833057 167.1520883484099 134.4353852522878 155.43393586918734 165.93837443415214 208.10229609143022 103.09643984997639 121.16969684378473 227.1540500764254 
95.79565536487017 147.23244500493962 112.77378548227354 54.808774863306766 238.68285888512497 11.60323288046338 161.38388119821457 2.796125467964572 -6.436478075259913 -7.7430137583207 124.78001556285655 158.43818976461347 75.77762730013897 59.40059335168455 112.4931536442683 
2.896278430674201 162.77757238292082 151.2752596482615 -18.198434255669426 -68.11262105656188 148.5937997639016 238.44775578025605 18.86444166352672 46.397630379891524 -30.96040966659092 84.42670243070565 24.987095389569802 48.98662894808625 33.240956986198356 214.3785051629618 
158.16749838804293 -57.6733701963348 -27.61532609506674 138.95340425690404 218.37243336719933 -19.588198683929754 170.2480682263169 115.86758084999947 16.164006202584545 -60.15979151159531 126.38140840897681 9.88947240430592 172.53112652321147 56.14092133163318 53.037857994155885 
88.87460967185548 231.61905600149487 81.47344387671244 -18.831228413273458 176.65322667119915 -45.86038909355464 -29.77956352343383 112.25210451337047 114.59599831715327 62.5150375406035 120.29500412862917 124.31110319159832 11.353163575163364 182.8041129584983 -63.97172837032322 
126.35918448935824 70.56417764623028 85.20400895642824 177.3728345490324 202.38278889456762 -28.36535691020073 112.07595331702221 234.8819750205995 38.07587306695851 101.48099124111688 -8.211913910217447 179.82940016430985 217.6437536706543 71.03192443727788 100.29372284767614 
-48.45350011941284 189.1879324132973 117.07945519708436 129.59361131848362 137.25352734307495 -45.99906349854992 115.212944026069 122.26092691808567 33.96003858369542 5.339524782197813 -36.271366291682945 112.28466869753616 -32.83526125431314 108.65888517468765 200.82322636972276 
195.9519215579411 186.77724393201981 107.26530684226275 173.24453975915628 93.1970967653457 245.27065579424436 70.02061454391479 -78.08343123470561 4.37175706149587 147.76521315392182 67.92277436058656 181.40416176412816 50.28854984645217 115.2509202182256 -44.26447952880517 
59.432445524536334 235.71229090274392 32.32334366079699 188.0464783000919 75.68150102747164 57.43608054953289 69.73463115108125 70.17869429007497 150.2743299377321 224.4336550976239 105.7620667802896 30.279276175627174 -5.594291102184016 69.54587140482575 143.57442769662276 
151.26748867022417 63.12292572796754 -8.432253384300708 112.07151000422509 95.13218112808575 -6.824465689320775 219.45946845945633 233.11963365677457 166.44096786625045 55.23652176026822 -58.5357106788475 -13.785393255728337 -0.728182768627704 241.0517290469291 74.63937080656278 
112.33033301792658 3.983249092646986 60.352077180210316 -76.5291952482479 2.6345720622573197 170.2851945036121 2.519836529245268 66.18796644378084 152.51865474715305 155.74679728736277 70.20311433005459 111.11954696967713 -57.36583508303549 -39.98376918196606 201.55293585623554 
36.84772998646389 47.268831051961 193.68463104668683 205.9145811272271 72.17000822689211 29.115196066056114 118.21197884353164 222.16962221614318 4.138239779176644 120.19705681076773 -8.272151687106657 11.374294644477175 189.64054620197828 107.1605416189061 -62.85359322394665 
135.56015587892762 78.8980249560593 -4.057308892389486 129.2447727973787 164.86601649581075 230.29358497615488 12.361574842988844 161.91477135963754 173.09197098739617 135.21298903145407 184.1106979854619 39.974273474911314 19.453258190868198 243.56605587091627 -44.16038947250138 
-62.58048728968954 -27.876569175975852 -29.763399107351077 215.14182121538386 187.77212881293116 25.472626501163234 187.94731673048364 -31.474487904301 -33.97511857606993 24.042567909878116 -55.76684432008092 128.83952277318338 -22.748941032904447 34.801408440609634 34.00616881700941 
-11.531596307556512 239.27359186451525 -70.58769473003888 -75.1041542820346 203.47724882087198 45.4709894835254 27.230242441882126 2.132841115899822 198.5812811294167 30.593836556436486 77.27157870599216 20.516160370384583 162.08589038145124 235.74066804059305 -10.452179818652354 
0.7250151642545575 8.578899185450382 105.95092469844512 -26.644643488889066 30.145295517788497 56.676735004088485 -25.87953529434916 52.64002177668671 -38.59663084007493 29.81810471550071 -22.43085207059653 -74.31241864143635 227.2954545811986 51.1305367468846 248.114580428093 
-77.23653251784454 187.49766109254767 -35.65472514010392 -60.81694893805325 39.84769358176362 196.50020174671192 113.72071531744523 125.29444673382032 197.5384934081145 159.5926968615064 188.02675778501316 10.124483851245074 -41.526150463607244 16.489949919513123 105.70985710376264 
97.84321579461768 225.95580304727872 22.22062375063952 133.52510284242783 171.98812424567404 195.9526968455558 223.51957084695107 141.86659278671885 25.266677761902756 207.4638803513701 -58.55534275989973 28.023107160647967 202.78214656325218 157.8349402706496 -59.475911643920426 
181.93892880203674 120.77602005414512 128.30106998938822 74.77327683674166 28.246773098587965 246.5307382157473 139.8991896857553 8.514046841634126 115.44744769725826 196.65591314087703 98.71548489879235 173.9504696933531 219.95061038323144 104.35459745692678 -49.45101864046062 
-34.09672514024612 123.97916171772955 127.3308151926614 -75.93563174141629 66.45590960510278 202.59713824320693 46.32447871240474 -10.10853681906488 -3.2320257500140457 237.32785958551727 46.96180515568672 109.54398738148824 3.311808349023167 -25.35745094316102 138.21764626359027 
110.39403386307286 62.03752974367906 153.0517994146512 -63.75580701434311 234.53108876687486 -60.09883243187394 53.557699266138385 -66.61608686806159 -62.28984285324859 -45.33393265438624 115.90351905627593 68.23379744355232 50.5607194874908 212.26395711923476 37.197087759123036 
84.55679777723786 67.95751663591163 -69.80020774754877 -59.19035901232638 103.53152294539801 49.833980963931694 106.07394377582894 4.517243643557649 -64.52487346586553 245.21675018680935 92.43568307615537 -41.28198385893572 -46.511445283894076 206.55486260917036 224.5816580967791 
119.1347148261484 163.4240397825833 83.17736846212166 -36.39292346786405 183.80594837914532 199.10051398467942 101.86851710375497 172.65941493297146 185.46284653846573 112.1496022975977 204.8110808355338 -76.68574883895805 103.33264562471048 34.47578856334036 -58.413748897899744 
114.62686894202274 115.54931591789753 178.91797891819664 165.26916052079085 149.5537653938823 106.47173761171835 109.17547711959736 112.93607614024502 152.8742392960703 169.13984582800862 168.5072451668872 136.91520866725986 163.9333032950974 178.98627437993753 168.00368141157793 
172.69393831212858 163.6478240121295 121.93734668555724 169.49135361606002 137.07046442936192 171.69311220619488 127.86492866738095 142.57695999761995 173.36148911125238 146.327027444004 174.53725097791568 149.1691441764088 177.2475515819088 131.07474443723908 119.0217075712763 
130.81562284856463 147.64093631400243 161.4849398264709 139.05498521720716 109.44729183052706 105.70800973298599 153.59712063090038 174.0766427969721 105.39133478391153 114.68086681120243 161.17303079722313 172.84955582449703 123.15017490805087 128.69299504441813 115.06597416841939 
176.29328400221038 106.7658331981767 121.9306975542726 164.61741382383522 116.56394689664495 117.60955970613385 128.51176163116145 165.81200347207593 161.73965708853208 111.105597359588 161.62005736883995 178.28283178126446 123.56915649198328 171.90303080479418 177.1807473402676 
135.4889361973591 160.83202433110694 173.88066108894867 143.43767703102884 165.669164211958 120.30435564436686 98.78949974719686 107.30295201534298 143.96356468588655 103.8995511157566 179.90911413044418 149.33000594372464 153.6457040281198 173.66127037323574 179.05578941491896 
168.06389814733063 136.84987764479075 155.09138673436638 175.614927937814 106.83280396106441 163.0219433203769 129.3159711586515 165.1341314413737 144.58253914873143 181.37187368166389 178.74725219805777 134.4028897122645 159.20421853000727 150.00217947780538 157.56133887535879 
166.4069739469717 145.9675443190448 156.76270134176215 177.53087238487487 109.59643662806248 149.0336970050372 110.10566539072724 135.4083349205573 153.67210350237065 124.26741393745401 135.91513643357598 105.06721192170521 150.66989120078952 104.16727234626282 130.69960958256243 
107.46451500519441 142.12993064129049 120.66839205984171 135.19326550201373 101.42425152639001 157.48376476682 170.99013284792267 171.3443507651903 137.02354700150653 151.44938902328826 182.13478630206862 106.5813530629468 101.68965297361164 182.9519388923812 141.57712211535008 
142.98010533964782 143.8674056372978 144.897576995264 159.88830781229106 108.20869924526632 154.36816836836138 159.14872487225477 107.20403168729173 174.93575506781366 106.07889727101539 104.908208185452 164.51305551841511 153.3418616437822 128.1139937155346 148.50336315160644 
98.77986722693778 136.84223602996514 156.5608671390876 176.90058777426017 166.61492961800855 181.089540571991 119.98106281688305 179.227598596362 115.3439026010687 129.97434589993802 145.43118912437257 147.22210483813856 158.21430561032125 126.05180481869539 102.66245792580963 
166.65157249469485 169.21839591127312 156.49652267059213 101.48498380624822 162.51648922678285 101.4369329686457 174.73148678523563 122.2019022838515 115.4470758207201 100.85943631905451 131.21526377842872 171.98656579070308 120.01240219956478 174.14517863226575 98.68632961883812 
147.29533814947743 117.24256293999319 105.24146047334573 142.66226145729578 105.293805442729 132.286531028321 123.8186980486507 111.63758820519614 123.09447140565734 167.13628305091126 125.05094600500558 154.67711867148594 154.01655425986323 174.69317292048714 173.46476713305094 
154.63839781270497 103.16419046782762 116.71223496963253 113.56517461549198 154.11868160568312 170.05797183842594 125.09250997905221 129.33049466130336 149.2724515155946 152.00826115137136 165.8137633778545 175.95574122127383 121.5151139178913 138.44155552367957 108.71962159510144 
138.24234137058497 128.28695232428686 175.47151291945926 157.94256073391165 135.00544126423728 143.59972142336332 150.97933050969425 182.33131385467163 107.00019380587675 116.001025178055 108.80780914059214 124.64556139765679 137.5945444822372 107.77641129565889 127.87289554601811 
170.4456255931363 125.41737399986602 150.04818027473016 98.7320177256234 135.25328664616083 111.22946086430653 149.32260798495997 132.1554582464505 182.6082125763271 149.02370025424398 160.1283759983403 110.17377047384556 138.74081086725747 151.7765861644087 110.28915640698683 
147.50939061172085 171.88865757039204 150.30194741809692 147.85407581493115 145.5388334562714 142.04986986634856 147.69175129756613 166.55909146513352 160.38274732925933 121.03716766734512 164.5119090086214 173.98927272650081 168.01912990846017 143.94953563325976 116.17028308276925 
117.07201535902566 157.8199956808312 105.05875826049515 120.65713208825065 106.59801090493731 169.08569169488678 120.70451645401317 131.9269802787258 106.10767312452836 139.65728081798142 172.60973355852948 162.90563130549407 112.73514362842572 150.2122581095771 159.58728063228918 
107.30530968068872 180.2495677785131 104.50540911444662 159.9525922470856 146.82152541019295 160.45972977194577 139.40538520860815 119.28130331346847 138.56373336003236 109.98280651603912 136.93144959495189 100.46532390967184 155.9809896908332 103.46762147937379 166.07356802646902 
123.33814927704871 145.12814178908548 179.9994148335865 145.86112998141112 180.2255943310841 114.87760766447306 172.3381879459212 102.42015374992776 139.21792645025312 108.50120516275167 168.6956220131387 131.42960404352343 137.69225561114797 125.79998231032327 160.52553795415562 
137.56402902647469 153.94541738772955 134.9219161929933 103.52303555691019 122.88336723177619 111.39900455488687 132.9283217585246 109.97314485708651 179.02116951724707 138.03631813588197 174.44791043171148 157.2591657801937 121.41525502543291 150.59214851892625 156.59218501704092 
143.95367455919944 138.34701856935078 159.38922280803345 117.04813760230172 179.43087608861146 152.07327412589854 163.28907082584493 109.21056946963299 102.28796631635448 126.88852687046361 158.6025629055439 145.83205737580946 107.01322198399536 125.03887010437151 109.56678537423042 
176.78893563316282 177.15002417438615 100.33506005550502 139.57903446488126 101.8404196275624 105.30911907888658 157.05413994540018 151.9531188759874 167.05867564830857 136.36545222806407 111.82842958589023 136.07968286602272 150.87366982851103 124.80378484138807 142.43916888910746 
167.00906410294414 160.0661791147268 119.18583573308211 179.4032459899823 171.10837681190236 138.4483906168063 117.1375748791373 105.73605440315859 112.86147907638832 126.88933516328203 108.9634433014639 166.65087735886212 143.23834734785984 178.36151285256472 109.41359868635739 
107.22963979644548 112.10878274005849 105.54029697191955 111.16844185874733 169.60100130495613 147.80372630773456 174.86231332722562 166.789660468582 118.43618118985232 178.84053162929047 112.42073057620824 132.44934778214747 178.75800567266467 162.90261180271528 160.14523907685484 
116.58172136714438 111.00274099753123 148.44193195852702 179.17736718748688 118.14538866739898 125.86894358559381 171.0531381580181 107.44915583578087 182.66684886380017 100.55834886809033 153.71624157961185 158.2888573041368 169.46640321811003 168.88107217125835 171.15375675987457 
169.37559951026685 175.62486852863196 181.0359139647996 129.6671778922846 171.81484183442757 174.36472328189836 159.36908849915474 128.12641560533143 136.83732004670728 119.1489669955951 165.91793777895992 122.17961299359472 182.98542856977193 115.80455672559188 121.22042289942333 
174.8040303110477 146.75551272124218 156.42280885230554 146.48054652233918 99.92786785991589 133.19679828932124 179.24444368508279 108.9956317094836 125.56928772849199 124.90371938267292 161.0066595256614 147.04825487465655 145.98329767366198 127.98408774637774 135.41902490243262 
124.70827473592678 124.36150194727675 124.12714369015967 149.00958591919397 138.50068298513565 147.8129642850555 114.67134426767667 115.1232824707767 101.97221691772678 124.63442674718362 126.91121079111443 158.7527535858293 134.6435123145452 175.2546968353695 121.90420144889262 
101.88984707066564 145.5350399396098 145.29294731190564 128.34518992595764 135.35246590589887 163.84929574174905 180.60252685685828 179.43625015730905 136.0233583764458 165.80025232486412 110.76625680935592 103.27461495130818 107.66829824177742 172.8361159262553 104.27854571584605 
122.16559193197773 105.59392758034296 101.65969800857792 100.02965436617433 118.94499664181731 142.2989556854046 100.75119365778187 101.94748844659044 115.79410145778455 151.40417498511215 157.03944827015027 171.52025519368644 164.16859895359357 111.06030377739299 127.89919748208087 
