251.04037742586328 141.3455966372277 8.79609462116887 -11.003559183638771 -30.277009204754606 61.828520359326525 30.284744346784798 85.80224562707201 73.393078611845 224.94008043236713 34.57649634702927 227.14573054057675 268.12066173450717 251.99563678737408 171.63673654613225 
271.3696193079708 49.82623032151873 -47.68748089594042 141.98582014447575 265.2476133207642 67.40483984373228 131.1288013908211 -7.299951725150066 88.27664381681112 -37.612273034438225 153.1055989869887 -25.15225451207064 65.66289069944489 157.2690833239751 81.02798757494179 
211.3985568469403 38.82767005126593 165.3598559110862 48.18059844483026 266.89307736003644 -4.821556784487655 168.05045426305833 23.013741089003723 314.73833344745066 112.30156859257235 27.097017390038353 272.7562829028678 231.6037952742731 131.5897610108108 110.41242049078164 
-40.60189309357223 32.105953205125154 304.3051412000594 -16.638430435829086 -26.911243621645035 253.66718413891718 80.66035568668795 168.51302463348475 299.361450864424 113.23499496130287 109.02289360107378 193.06993669790918 -22.269637629633117 -8.346415933846139 55.54685003333318 
63.96702668823587 -49.84687656028101 77.03246969260053 -47.99627367033957 91.61006985720482 19.509626022291876 262.6091343298906 289.7155637988628 9.377795710763387 203.17326746422756 -38.540565735367466 -32.457846083804526 175.94896189560342 19.437365502154982 79.2631349001625 
-15.954635341784922 100.66692550832548 72.74491425249937 -19.774685282517005 273.02420309575507 -0.9286207000487465 37.20952970756736 80.64620496075722 238.49140844962525 143.48271010005672 121.05036200761495 164.22407758950177 172.8304111586944 305.2391731339365 5.894037786288152 
34.206147829128845 314.63063529847375 197.498801765028 93.61629583917309 44.50433013360706 -9.957974113198865 225.43616001800135 29.828029315004464 297.3886805319601 194.84636453948923 66.43195734085066 98.5600252582467 8.072949467914164 116.27632587328429 88.29395177063952 
196.18286437309212 -25.917844030107023 56.18890843991971 255.32738036668835 120.21297309748849 -36.88704748879521 90.37999138317872 314.36307401210786 301.19570303272207 142.089788352374 172.14098306890665 261.4689522207371 151.3673823640123 308.6902339813985 121.47348016452327 
17.144532835702442 292.5653158574601 93.01276879621904 150.11609820302627 139.52690141819772 61.246886308310415 192.66202366685937 199.94919857498647 -48.59891624970428 173.94079753393208 55.948057702975554 264.7069160524476 6.661365582712513 253.47491213385726 -25.12633891851349 
257.94628595393635 86.10785865724816 117.56191819664232 196.91932200556386 6.8809079893766025 11.386558686974062 288.40788367535595 259.2772832246347 15.586913514609016 108.35570540812839 112.50102101381222 76.28492890072869 182.27446404605874 71.13853450107254 292.92494447351135 
220.83272063817182 125.7262862975675 -20.444190240765586 163.2725869931546 298.1274384008778 32.4772631935434 131.71399574984315 269.0087621332864 181.205471055352 174.8304748172727 39.80800198801021 268.4953715415185 283.7355861590457 57.06385968747954 132.90812812466456 
75.95424296898992 67.41811154774723 -28.422092621064753 165.4107938964203 118.10381567171106 70.67832266228743 289.81878649098616 -6.1918848595451905 -26.178430283696244 274.9286031270452 53.24381528118351 131.00868666607101 150.41530591392228 22.786181465904583 147.8870086648884 
51.34530310753728 26.790443396888996 77.00553455675964 255.6567953641896 230.6151985003519 101.2060574779639 45.70345461228495 211.2265490257906 37.67639858489593 170.5899304827866 227.8065061944247 254.53091128380194 203.8572540904715 153.08551871366723 150.11099771209624 
10.127079081914978 110.18135150795479 -26.006802131012385 -12.008772864744529 212.01046753133122 139.06978538281828 -36.979151962555676 60.23061643935085 -31.318139437491105 119.41555519014105 -55.45302753095612 188.75834322651028 155.6475407927606 162.7313541479882 -21.247919340491997 
294.4891028167289 -41.78675513949465 -57.07660045125307 208.3121392503305 257.13316772198056 7.39804906299765 213.1922579421943 228.82975285843557 -22.00943533355796 127.68553974853407 18.412756957050355 193.74323404156584 261.943324924041 238.94516055145104 263.1529534094844 
118.18025102613703 -19.83779502537326 68.45212279436879 168.48669151032053 12.85336498633523 -50.04880763427511 287.42613034615954 141.4283648812419 208.80059622721964 167.18242309406074 254.2789905747227 114.66061930221653 145.06931522676842 311.0317304135954 5.7112328000940025 
73.81332749292855 225.98705471789756 50.46325255429601 15.589928737446066 149.45960993694058 260.8890216225729 -32.95651879473698 169.6705602308823 38.30170364867079 291.50815737959937 260.30123900072863 70.16698610623953 264.2086545528312 276.43410296349504 163.73090265038917 
-28.852584741656866 119.09677235336682 177.75474612896704 -14.284877786153643 292.57335522456594 174.21738460759474 132.38394858148848 209.87930288545058 -28.608701065042226 252.7306989239369 287.8590022660343 12.958893354783307 114.06374253404559 146.79052442356897 138.6061814531781 
180.22636969355653 121.58429474101604 41.55892221940419 -4.736641997034042 261.8762685194184 186.81019484454183 283.9591213780368 -54.38382866060063 179.31130995956607 -24.48230833237122 281.5042504793613 -22.989049729786267 -26.581408872052958 225.49837846545282 224.50025193384718 
19.62602256418851 -25.896195549708384 22.227560446053026 158.2111740376752 275.636838956413 73.50128607902141 234.0145686908257 59.39261990041994 225.4513668584265 28.072580011554557 301.19290574151825 135.50204340024436 -32.20514272492098 288.6201568851173 193.84680031254288 
120.81895712490422 75.0434991243379 -13.37070047857788 4.767686623191736 -57.48280621801637 284.4271181162524 232.8914357566167 44.55685546794481 193.67173342700784 118.48915914345528 74.12211833428879 -10.899784424709473 132.55027464738023 230.0352252088388 86.89987713697073 
314.924313547442 177.3921763485536 -49.89176304798353 277.1712083065083 297.9119991967746 92.5662100909822 -1.7305923788764446 -52.14055740055016 259.55426556661376 247.27438634738766 220.91202827618653 43.11073630350207 22.090325034152862 85.25942501847373 -33.19843733485526 
113.21725579617433 52.827812772422966 80.82937729680015 22.663784849309273 134.42310663808595 227.14452567563475 122.65192089253213 256.9363645533707 293.6219523373615 212.63609188095572 109.98712622596557 172.43862232228395 -45.98119245093373 160.3118973388028 67.30894537896731 
235.11323883802098 173.11693639044157 199.7080227686295 -9.08000567225794 -52.82890862182871 206.37067773966024 122.53244135400215 293.11230775119844 304.32448283918586 -55.00665479961692 -38.37569783396827 252.6462749528109 181.02900470612985 230.4504946017034 157.62211223927235 
-26.76898095732896 47.73365752543834 190.62362051077974 74.55572346362194 127.70542584618815 31.876218942015704 -7.227235288965545 7.237483616965825 186.77253906541097 115.28021847559481 51.106849127483564 150.98430887220223 124.94030240266989 291.1609214721251 52.327278924818536 
38.11599316560092 -17.139681998462585 117.31231651085133 197.0175406674845 -15.62358846160246 281.13445085640154 227.03219501736956 -51.0867714617135 215.6442203141464 13.922360789772519 269.3823488185595 287.11978230636873 67.25876690136056 264.1112439172045 48.69555906744895 
160.39161565382517 179.17454280471097 10.938469767356203 49.811684754837295 25.765455724771492 79.03116380296626 54.38443675711226 210.28901048450828 39.524142753385995 -36.702301141509835 215.1719323001159 99.067021157205 179.99533441686353 49.644253846207455 -6.54268632680035 
-21.371688940142548 288.63662615877706 -18.363623090106934 104.74659606861226 181.72796055984583 27.733520471878514 169.5703377713277 79.84245206856733 93.09228344300288 275.515832170459 156.61774509934028 64.5565946804769 -0.825692883189042 296.4007281215382 36.529383598165516 
242.58852695642312 179.34215634330974 36.705676626651076 271.2905139019912 43.63442963966559 -8.137209716087362 125.0972124230804 0.46003566835909737 239.9818680134305 13.932047470726722 -9.831820681862844 105.74755713158538 141.00262162088933 17.644042103193662 114.98786920275188 
195.4488291869877 261.6078863964357 114.86645408747401 301.3187778588999 65.99704423623606 72.41558306297546 76.95015532020665 116.71090635846335 75.4697299801247 -30.471637491501006 307.48270891694233 158.79254746256493 271.0883003716377 172.49015402172554 185.89190213360345 
130.25482749718356 124.92535729630654 133.65498184994158 136.32194406928625 105.72360216380639 81.6825242109031 150.97889798999952 126.53298821317819 142.2529411360927 126.13051844484221 86.00344578345255 116.48369307194803 124.09835857635116 101.15370036551894 111.4035757688247 
108.13026679160387 124.75584299836879 154.51313827754817 140.99821322422372 133.11325968605234 137.88459634901784 126.60318844343297 78.09318762337647 82.83848416959952 81.0105602404249 106.8467574559528 155.5349113318075 125.09067320058162 91.13818881268453 112.95403335264774 
154.78853704611504 140.30452867046114 103.3924338735442 118.22367790054916 144.75281493767693 75.1191764352068 118.20117984225644 130.3975831862707 121.60982110584729 148.53082428157404 87.74391825840264 88.70528241622873 113.51826086171522 107.39120052486379 81.97940171024288 
139.32029378989733 93.37077707840825 107.26562097517268 122.15650514364785 72.55379768864064 115.34547544833518 114.73865188842568 78.17679471855746 126.13114298172526 117.35027836758611 129.0094275546056 149.77828794618966 143.23393855375778 122.99673092965043 92.2663968570913 
146.9275480643874 134.0320669731227 131.61607948795827 151.00676119630026 128.83388992465768 139.70979568712016 135.11405499162117 101.5111609818998 104.80440142482217 80.82810108742095 146.08719178822068 136.66310990456878 117.82060722845287 105.62470919716392 128.8323468767673 
142.07776370997422 109.74843170504997 108.17946164821623 138.44564643638117 120.53547470670148 143.0423778990696 101.5194463957337 138.67164019619761 113.39925044643479 137.40781479241446 83.3547737837955 96.95730727901399 88.4087485231195 140.18113833075085 144.83587878645403 
138.63108679343287 148.08351866999521 150.61804828214485 114.9588346524283 137.60332967842226 133.10652244378855 119.49738880773488 91.13263355343369 87.1665231567369 103.44189765635397 154.9077124526204 151.16886514509096 101.71194954119929 93.26497484861602 155.71274880561236 
77.226912699735 95.92562683686788 91.82842930165674 103.56787921253093 89.8436859419616 138.22792606360173 137.1858649425057 119.83449793036704 153.9995286363788 133.34265297626771 99.99662848953565 101.38226954604934 96.3884351476668 97.40767453341819 95.5251792384168 
129.2153769539832 122.77939956730071 121.75602372316237 120.15889288354593 135.94751674632442 99.81125089662333 146.47904577199355 106.34658156646213 113.931284832842 140.1545865919091 141.50473362730827 136.18939057404825 137.0461734775436 76.24248333703912 153.31357703247596 
149.24752330440683 77.61943902571812 80.97564998699912 138.00836067078637 84.30851036365155 93.36800144214821 155.96559971778518 139.64242349112968 136.04580698471506 129.58313035859072 134.4406917302571 131.94951905191735 143.78267045562833 121.88828062776238 100.30895371774929 
92.29930432961864 91.48106710360368 84.16648900350778 121.21106770052343 124.3569205781811 129.54593495308256 97.10065944846019 103.4407152952143 153.48677872451339 104.69419496546698 83.52171206914542 125.86004842969294 71.61335205649416 98.33675466263199 147.31154411996124 
78.82184919111529 95.93359672640165 82.27766157419113 86.69620004735631 143.89303701414428 107.04033058957647 118.20748142217414 115.49013861230554 89.97236491838609 131.57344224339334 150.03025688563957 121.55092689120121 130.38637939235514 87.63598363317564 135.56141879160504 
116.37338605437974 148.20370531545632 104.4206659288476 98.23553304394694 151.62649514924357 84.22350230469713 147.6625429428061 124.87319124179699 109.60755162717957 80.0089095258634 106.7143625109607 117.64810191465052 110.65811945825358 77.07039722294101 80.96432496245518 
91.86103734193739 88.16169150168616 91.14583932676453 76.97302236410437 80.53224765772529 102.09880341388414 127.14033987656555 90.8217633142157 121.23303035929854 74.16933823941561 151.7576192505807 139.64349319079346 97.33656169974931 155.2225496716345 87.59527854488081 
73.63364731807482 96.67476761210483 115.37468022772724 152.14093634348137 79.91425750970564 125.29780094869808 110.31137569224805 123.50174190179268 153.1292889089748 82.28480974469004 112.7905107441565 81.54921829442925 127.63718824347404 145.14451593148505 78.23454424964402 
143.36934266934665 143.9519912636349 75.62905689130574 105.30651604350469 119.38782440917564 126.0042837961955 111.88987733602988 134.84458078614358 122.08530621162349 127.20485922560724 111.5446752609734 90.29120740602076 95.73904731075879 126.62963995764552 76.1752627166366 
149.94770321919128 121.74634132782401 139.50012606964668 82.1379480854351 97.59727246008528 99.8616857045064 71.37663588119395 111.7835162755679 107.06545888215112 126.79877166252118 118.93567425215622 110.1552663731267 90.25935741496679 76.22125932505641 92.66196899823593 
74.90159988418266 148.1629337823956 72.69864125675221 111.02503930527428 120.59947796989312 150.86875680677713 134.71088410950114 126.31050032020003 112.15781348833255 143.5993274430171 137.2903108804801 80.19203072740778 83.86428008499352 146.83065906269786 134.49396964046053 
118.31561152321805 80.6031846678986 127.95709766593329 83.44205522747109 89.50304292598446 133.5055981348286 142.31801887357275 106.6966137820637 96.30493725073886 141.08019167508036 139.49049225734115 135.0239565404941 104.63954575905073 148.85150472249455 117.92434371721198 
122.14471224493755 103.09452710063309 131.03539213413012 102.02051467138688 76.61492319967319 100.66664740573091 93.03464846384256 84.70929603375701 111.37481045936033 94.26325056610125 114.06803763667057 117.15663800185882 81.10182656443945 79.7530471929314 118.10763818450752 
150.5163065481217 91.67455673789202 125.0223728650837 109.6345277728987 129.09962341237184 115.17058483585618 86.99913419255006 83.31890584374862 87.29942551038275 102.33697218680372 89.7037241098584 135.70814440358222 110.13998371214964 136.3188437408696 72.65930770697032 
102.35241325285848 72.8537790520396 113.90118988142365 76.49267418453327 89.76119049896988 73.4513260255058 151.76156770804252 131.98094576393885 112.83893551369344 104.39527658449781 136.15460945318176 145.95869654805438 72.20247951980603 76.046672159244 103.11802537541843 
133.19581650174788 114.21008481746924 99.97573452337838 101.25505678728666 101.1774639806503 96.13358490923004 157.41911117211714 88.17272315364775 105.40300425160686 149.83962013787306 126.31089294550941 140.4947541414762 146.46646018566105 134.91882919011238 97.34388869853505 
92.11164925269902 76.93372551724222 146.90831173862114 100.57802325971019 130.11533888684372 115.81755168480146 156.55153840444427 124.6064934306842 71.40322498395655 140.62388622511207 135.61557152462314 139.2029415074128 126.14190025617773 83.57482632790939 89.90594025780211 
124.26558960162129 144.2821584841518 154.73048588103399 109.80825415113698 98.65225729104972 102.70904311246674 101.68147572545601 148.61698233357936 106.58998704556782 139.75762409075736 143.15051997604598 80.4139433815557 128.44148880703386 72.83623803198529 104.33803567157513 
129.72956984404607 110.54229656487037 129.5408024206276 147.83167016240964 128.3436262934266 91.3761055262948 125.86781207162949 120.29578293376264 138.13608701473717 94.93576603664562 145.628705068374 139.76894470124125 124.33008019167343 138.63322523631794 156.1581281822223 
152.58272576558687 107.30987116623936 144.89451756124635 89.54544168978232 137.51594839701283 87.08141103740309 91.70298345364469 106.83409038002739 97.95556689498278 87.56342898901815 99.78168774671263 87.6247183597346 111.16610061902335 73.7357363277197 94.12503204833172 
95.6998557799611 79.58042888721764 147.7165379759378 87.33006191418283 88.49800873781915 73.25727510076992 78.40821886820292 108.86984440541289 136.75365720763398 134.39892517767714 153.06348698363658 94.40707276331355 149.15639467012096 138.28026816419174 87.36785238933038 
112.56432346082997 84.23987123618352 80.94815414074515 128.69726419888568 145.35886474087584 140.90523140408118 91.52451529351106 129.09808618814418 92.95659880860175 95.0079375929404 85.72713737584697 72.15845422511471 118.83879980066412 117.52352051493588 142.80440642657976 
87.4854067030575 136.17927236696715 117.2779469411369 126.89865965997365 147.629091339917 138.05953908081642 121.24132276291978 132.82618060529632 129.55854788430528 155.69705586849022 71.79181315032939 157.3709317629341 73.57249393473414 130.50535981264863 154.14886530934047 
100.66333425102937 97.02537810430525 -14.35059946639582 119.40579001738735 154.1238808831734 260.841506772348 -30.70146987304048 73.43314931966057 218.60631878831128 226.1416368348941 126.89085610331816 164.86112477418777 131.6176777979484 -21.788635950114184 74.15140013382054 
177.49844191143328 77.77825498959768 223.07119501929316 35.83386182161264 257.36961691697155 204.15766849430025 167.09103913498973 -12.377563308358404 258.50277621951733 109.00246626980481 54.26393558126459 -30.243614191301965 71.44839202508368 135.81875295595583 83.93993463741185 
218.4014484286102 -32.31469138504286 -45.48300971556493 116.5383720338088 114.26595822401083 -29.471891916676682 159.4533187900782 264.41967274013325 57.308182467486404 150.82898133761734 232.27796095852955 -31.90778799742445 101.71012968197618 60.51667253193891 268.73554177772536 
262.5185491195167 -36.022028860737265 25.381494750981417 47.1283792340201 205.9366558492269 176.1288091032316 241.68826819394968 200.44342261820077 73.02681668208203 -45.26547442956824 -34.952083919361684 91.8401819148456 87.81923679795366 251.34622775825824 129.21507974404705 
198.23920608937738 48.92544164155839 196.4650116307165 -20.072275868164994 -62.09951136006154 175.97166542373242 -34.0291268997063 144.6912557745313 105.97288512958929 136.9334127087345 -55.852728807138085 162.4255226173656 -27.373418199541227 57.76013965406872 178.76530387868593 
10.386059879553528 127.48828851051195 137.77392773741724 54.945165714714506 -26.54420401895031 -56.33737649646926 77.49491086902495 -36.141141339416095 188.60280529941804 133.23717174603544 144.48267758957826 25.0896363124765 209.51921375317949 192.15953630963583 103.05798743496251 
254.28774912438774 161.73054479908777 68.40297518099308 176.77287833710872 267.7508810324864 -35.98569748587724 144.7289247402858 -64.07828523274765 143.82986711743877 142.95459301967574 5.876343690154528 -5.006831138991188 -21.49199865476792 219.74695844050706 173.77384067715482 
12.52294616405618 122.55906358422106 35.54537341447643 225.97370388931614 204.11892319479443 263.96650699088957 22.690483649481166 215.84946957141517 108.5438380455684 52.686609659637455 162.95332396438502 213.2190742633572 35.00851007267802 47.0482582407882 265.2870560821476 
268.0389010465543 -38.81945139796065 262.0982071866656 188.51187316535058 -35.11273780692118 139.15545755093754 126.18177600283673 29.533201737073085 16.637532814318362 -28.768872980421662 -35.80562059629989 227.44342029701681 176.58096819697053 225.4390337996105 69.85519838244426 
90.21333895757721 220.04894719876597 229.85277979791886 34.202779491358754 93.41887303433745 171.8192490028171 93.02334016680311 21.089363146035893 -43.99181974293451 127.28993710991244 103.28910907352753 2.9325683613510165 -51.2383850650604 1.8902038877092622 129.68080487575577 
2.8693329704016435 152.73850381718958 15.951609018201836 196.14178824848238 153.71843001850132 174.4539057052034 145.2556980049009 -17.278963835673892 -25.34569707866624 265.05729092264596 142.57568454145567 -55.55248401703881 -37.21436923174906 178.74492535082757 194.5117791627864 
74.27540618656172 -48.65602576777259 103.42933048347442 -14.50577417187501 142.11250579345497 -21.050864007836203 222.34322234188073 33.37969744356914 -18.29964859960149 142.86056993975055 82.87639807067572 37.167755948217916 6.787434811909563 262.95759238814315 261.9579596635377 
164.04258365118238 248.0678569234861 25.439163759450338 218.91494256176503 176.1769876942248 56.80079603562497 46.72012264302296 69.88069460537494 202.598280497247 -52.709243378613 57.46205121036466 -4.575395194292092 98.90560425397166 241.30699140752546 33.803249577435594 
-12.875913174081639 218.69430382924617 143.98086040713764 137.17011040064142 266.9770485163265 113.60451095433751 184.119774019317 1.1521389253482113 244.5862547305387 -51.95189436448396 140.43953675957866 105.29199989763848 -39.55721381910615 198.45281895591495 138.1197970265248 
-45.77953245332925 186.94536584236147 74.04259840345387 269.2971069335711 162.47842634957453 20.619879645136066 9.074476791033959 -22.42849770594173 267.06581684882525 124.04945744215962 16.69118324674531 91.65907879867723 201.594948514897 232.096735406419 144.795048202356 
265.65104884703095 68.44854862689732 225.80212140485293 -47.25930988507359 -34.615357582646936 -20.316075226957437 133.94444507007037 -54.12786255469871 53.452045455294254 -12.740892109820521 240.55467100850962 123.4000459501955 25.7250364511646 8.268614746451206 200.80092407211902 
18.92410381309793 52.05933550879756 52.934599124583855 247.27092356702684 91.47522728932697 70.48783858469682 223.46750422197448 109.6716049838144 130.97443234262204 137.0939542589796 65.02965219579087 35.28295577282245 -50.71203863384953 -30.238584293288405 24.807245964175266 
66.69282017037764 -21.47824737812619 42.27289678816585 13.451518289802607 190.6829153716477 -15.76882619836919 13.394652710486397 76.42875477179282 77.22225118493267 14.817047933001575 92.15013638021 -28.04503036495661 116.55549293443283 253.78775553547825 -14.177024913035417 
267.6748644215087 269.92339502841236 261.0080701982048 88.60120404286536 79.0318120926108 49.83060890696919 108.43972754201019 177.49359018783386 134.72624809102587 245.09278821741145 -13.801593784356854 194.6428676350315 183.0628315167149 207.2045066205178 65.92101112930283 
249.03155715967216 181.2329697735522 -2.6311556031554204 131.17954769057746 -36.133388094250314 -4.67952460196139 26.463095398033886 130.25719749199376 4.3116449994894595 262.15633331868395 270.07590815117425 96.12025817898538 199.71342767715885 143.44308375652395 106.52614629816983 
230.5841964253733 86.42345306908845 4.611986598750931 131.88660116434716 92.93445324881966 14.01473837670811 -49.98947198380561 233.27884416689903 136.44323757715176 31.98023837053823 245.3663009021792 244.96096319597302 190.97714463731734 -4.570079340874372 209.83952126511952 
-38.601365109983135 39.4896842417707 157.1383157850494 55.069091220177114 -31.08082085192393 -64.0507603578312 230.19994706534925 91.7575536877051 237.6231516934049 59.94152427381532 34.45541489289057 106.53741061783 -24.4339480313117 -39.028817589221156 17.847431554966718 
249.31019491221826 74.5214466711113 137.33555030228104 26.792813637757675 22.50254862168549 209.6404572145405 41.31653225447677 68.51320524973102 29.12127915876522 -41.57219871760821 -2.353809661399488 -17.362272537471654 -19.99609620444639 54.31152569670746 181.37189492089792 
169.5686322791188 58.35697930686173 13.920833713994568 213.79737485927916 119.48477020983933 26.325519195082805 12.671673558023215 53.54477183353576 136.5260368626468 69.2499026226553 153.75643831161935 -8.301317701252188 39.95201897297419 232.9244675714889 22.75289495866403 
217.88200993584712 115.7380615340204 -35.79025744277637 86.66437524488836 -45.100053191114995 195.9206394919579 160.280363920989 110.02100537536063 248.7241448465527 116.68012739499031 213.02387130487102 -13.29144763591976 -62.65730242347775 81.66963287447598 255.22467660086596 
162.7986990472443 -45.63131037177726 -53.57040907822398 -57.82993572547112 123.76455140698837 -12.362208921756107 148.34066082467461 194.82945996332262 -40.56217339353247 253.11883804775903 15.27672245162826 202.14567123080695 262.70134966381977 129.7109318338572 44.516393407004344 
188.36762902665072 230.33012268390098 34.641025682209516 10.879248580539496 116.26141745126233 166.3839835953179 192.9805482908473 264.11172676369915 63.634433543984784 11.627962153951657 115.31250632312552 214.0611094866025 250.7524056244219 200.35536110865746 149.48201704959115 
-20.308991050535425 70.42298226614963 7.339305335827277 70.35358118584631 125.29159094588488 86.10131728986991 113.16955567042814 -12.357352281491963 74.36959448557886 233.67754890162377 41.25840510175482 232.0671575137456 23.936358408615206 108.07902940491087 196.3908512873254 
-36.092606700207966 -1.020794941480439 247.04347024511162 173.33698517598222 71.13068775648853 -3.827528624448341 70.03933542975949 10.085429130717415 -7.657395706611858 84.12742204194436 -26.74228481373043 229.11096575296182 -19.121734524973895 6.166133945586509 -33.952481417405565 
-13.01990639412137 161.49222438567887 105.44553977594674 56.135592796664795 38.34426074486248 203.76375113749583 168.8965108911695 -37.16237065259043 62.97037779010746 15.38872530287891 -48.75967352791263 59.71846388789821 67.18630490362031 -48.89768832369062 138.81209591157906 
129.6836418022152 163.85904866607328 145.13167700282258 131.25157365755683 183.19441915040917 132.3361259643655 113.88461715865363 120.5422676096258 124.00645601781895 140.23041863149876 173.8876623373054 155.9917625917563 122.91312289981127 142.7722792288994 183.50918428157192 
148.1352449140091 153.70121128373935 169.46584024143402 141.828420660344 163.7925746461162 153.44712015140314 160.45702359261293 171.79725689927426 142.49088186247593 158.83566720756104 114.48379309653544 119.68121365062042 162.31890760581524 182.1438321612697 182.63266019488265 
121.89047575519226 125.63753034156105 130.97290402537223 136.68314353996132 132.6948736169209 163.35606020747537 174.2443838145361 176.6007283344131 121.75476340053332 112.93347418320663 156.04047697920998 179.78017387666978 180.805664530252 124.99749772833104 171.2767101575207 
130.53541393288162 181.10032056262216 145.0002247344823 138.40997431201734 138.59582971558865 164.1745725970159 140.2403729308476 123.13205805798755 158.6035516881883 129.13627233938476 138.6713746085173 166.30525490649313 123.6728151925796 115.73161678131567 122.44195298768912 
113.57507630001021 142.60458043882818 145.91113194541393 174.19879925631824 140.13424701269386 135.80223638796318 144.03683739368063 144.4297203094401 164.6019010216328 164.27124193143055 159.56465457313473 149.14820262658296 119.11029455461274 167.99969492417728 120.71096815118858 
138.72288450804194 176.09245121302044 175.73496518206483 163.81124692877572 173.53575418536514 172.31106560402327 124.12506312289983 144.368082693496 165.40708121752556 149.31284776626222 157.34972796375348 132.36779960635667 147.9177832995134 138.50234536623213 120.27261877617941 
141.4154957765341 114.62868803251693 166.24524793199464 119.37397822560713 179.51699748524072 166.97575745761506 133.48272253086986 116.52890611443019 123.01328113274373 149.31524321373493 125.95971116895794 174.8561570173899 142.2244148620942 171.3204979144992 180.4546436542597 
166.88656464878505 123.37045924029854 136.87182142714926 179.14886932948767 167.82610254909815 130.54339796536 150.38129759805986 175.64430580085252 184.09461151746996 173.9666304997724 184.55373734094633 136.6852460498727 178.5172957791275 131.83469312546964 124.97873879468541 
162.74332665816547 183.23577076229137 123.94399017676305 115.54196820883062 163.8204710351063 167.25477624128968 182.03176007110324 182.77026897163114 113.98800124368361 166.74106778579224 163.66026570641745 120.5021357507316 129.36630028428885 166.46690263410645 115.46582054986537 
161.94211856960746 118.40425406679655 160.34251636703084 173.90352557562258 112.99543877156066 157.81640988094625 176.69226873649976 114.75135251086864 176.41751730252417 174.06755155771015 159.59464214128747 128.919915874094 137.85741965887783 125.33126296883009 172.25283978335054 
175.45197920764713 148.97091356617577 156.4708153233653 126.82896985946971 126.2633687059024 127.31864452543839 126.10376810099893 125.62926909658015 159.26198855651808 131.2647882286385 126.19953365196235 174.20246050892894 141.2886572126654 155.17441507464721 181.70494538543585 
115.47234451031983 147.71634480668 163.76825083344443 173.7378442092874 180.34745078148578 150.4935285609626 124.63771754766384 140.68381862642727 146.67033696802142 132.75875314188954 122.38857546841805 179.93456886779848 166.06840709078224 123.25518111702169 166.29619706825522 
144.7591837063301 133.09496345610523 172.9739451543699 164.4005285487546 167.5699220338439 131.25428114404764 134.63230025294976 136.95272117827943 130.87627750992678 118.13798225239012 165.3708278714683 126.97993330588605 168.4861280290729 144.9344905339031 165.88387062954283 
142.2606864298073 170.31567388294224 184.9037463578547 129.75402797809306 125.69698672907661 161.8661414384907 173.3852424692946 169.2697414728333 151.07069540905692 180.93924616726378 174.7129864735356 179.29100541279325 164.48909283922592 179.67687785663466 170.61412340359726 
123.24320597096064 163.6894633560671 175.511280599329 140.65473365668475 129.95781522545127 114.66845712610127 163.58616846125975 183.20003625209807 156.12338622821545 166.11684644864465 170.9716574823991 115.67391193212553 116.69511866769675 151.05633294280972 114.31988853963566 
153.9131921409015 141.79061311791907 159.5523637113508 179.95212480324088 146.21343444304193 163.68709401441885 150.3155297395565 176.60750319586055 164.918057720688 161.35976956389615 162.98499113692887 145.4674960332396 128.3633480264877 148.31795291163297 165.64173373705748 
179.74864060743226 162.24163435722625 113.99473600718126 162.90058526734626 178.60156602225499 136.62876908723774 131.3801608634523 119.65116583043206 165.92096668018203 178.95937138252657 159.80072761929026 115.59632504164871 176.95062803060793 118.70800611169362 180.15030313994777 
122.27261810099868 154.44794048549278 157.8900652905429 156.92131642137795 133.70646686320924 151.3438150601233 137.0107357508329 130.1886894263535 118.7301523067435 120.73988745208048 156.43585606887586 157.82887973019814 145.33763758219376 172.0373965852659 180.8110227030972 
154.22245335227822 177.97890517142582 150.4021128578126 133.08944826848267 140.621458759734 158.7339499972573 129.94326210573894 127.22912149346676 141.47319521016382 181.6128168953893 126.5262816835691 142.33937867499816 136.81706373237395 144.83253012480654 114.85763510902406 
124.72036578498762 158.04632834455427 130.60457671921552 117.09805659723997 113.56974816482008 165.37059604842958 131.33532891578128 146.155798934129 127.58920763758663 115.17652925691559 132.31008013497228 148.48551523102566 167.8048405860111 160.1020559583307 178.66184872734277 
144.98825121658683 167.77889750548889 163.89191370280727 116.77059763903881 172.19297339955517 184.03815330326665 174.14097942294148 129.02915194885287 170.69940586836668 173.39355142018135 157.35476233622583 146.4349292543013 113.2610566349487 178.35103013619363 156.86983257441315 
170.63137738144582 174.85238317548095 147.3735790288777 131.7877611287511 127.39985789197698 182.4162201689487 150.1376922226526 145.18971341753596 139.58414677313039 171.33548890935728 180.34774913023995 142.14153823938756 179.7944891277084 176.09761650587419 181.59280921741447 
182.16921479703768 156.876308963351 172.88080396271366 113.88995767453949 132.20960818982164 117.81753278461711 137.1057944345079 114.4000488220391 166.35213198587948 121.59598762177797 179.97557133929746 157.63018337144507 156.89136009219794 113.3622408917643 176.5872733001958 
160.4605243876973 153.89593368919546 138.34577707989328 130.81851808878776 165.51060127269727 133.0143883544242 153.11186594745487 145.0448592748594 140.52957535088183 166.04333172663465 128.68621500889031 147.36225124889026 169.69273410230517 122.32737891702385 115.5291194231194 
178.88766431317572 177.67126178867693 162.6108838095593 116.81762672388727 119.99364585268145 121.63322642544989 173.596084374647 128.42317826402893 168.42067103539955 182.44426201818683 135.7861723376885 139.58203848223778 152.87187068473318 183.17874746595982 184.5099197002791 
126.18021885801157 162.33595047798 182.68105900859692 130.03672403260256 152.24485971371416 169.92873669647653 145.2779355490099 134.655392017863 169.11763354571906 161.5108349024238 180.82367592595233 119.77022507194724 176.43449479947435 116.01953840271271 156.82687081396577 
148.89263681762174 121.7599899046781 163.55098902439502 167.789254878336 158.4227633007755 159.39029658085917 148.63285025511004 130.87884395491892 143.9426657519718 174.86443008448722 167.704674184036 156.0348492435038 150.31911397366122 114.22857363748128 122.23274150824483 
166.40240364593234 119.83139396513475 119.7418574782373 129.4940412950484 152.87029715803314 113.92143542025498 148.23704871307424 118.7803926549595 125.90757612761855 182.6618688790416 119.0108651512879 156.62493920900826 141.89096126869603 128.92358786734363 156.09974550484583 
145.05074480424983 130.97946652514077 157.05876197724893 126.6855109302247 125.22581214309625 126.33190379986534 170.9407080813987 151.84824455757283 135.2088892704415 117.23084543272938 126.5503459183836 173.6268962128891 125.78406936550331 125.2137319224337 156.64116820847204 
152.41520882016408 147.59674322467316 134.39351082368555 132.44947388310143 169.154164397827 125.58213471260325 173.88426522411226 157.43139302155222 156.48085210546918 168.51188670845704 145.48103152484117 173.4278885902156 175.82966470900118 125.69206776077866 121.77061519580889 
132.45327439273998 133.19339355704972 140.96824119166246 119.39447279739258 123.25408792268115 125.45306334823096 129.52087106876797 119.58725813040603 130.9664533951805 129.869952586992 136.35015386733986 140.61663081259385 129.26163592640495 138.28345967806095 143.01647585516983 
131.65676298612811 130.19010687600414 133.67953005745835 145.24495056262938 119.57928033040312 124.46303102180947 119.46952056250548 124.43711043882375 143.53597699975867 143.74795987662606 120.58245821525792 123.52125856405425 126.96322764842066 128.52774415656532 142.1251876376467 
139.23191378951807 123.84350418010689 130.57957317317369 141.3107002960451 127.27503547591564 120.033677671005 133.51506990578514 123.37248383200533 122.49692364280838 141.14567889259874 137.14216941758482 135.2954523545023 145.3207477598341 122.67504902902697 121.04713200723118 
127.1473634343517 118.91284920921441 125.6887242100498 120.4983274862578 126.62325660732076 142.30654921314766 127.32295982556909 120.86301822593809 118.80164106298255 139.14973677028547 119.53036268173673 120.21326779971287 123.12234226301703 123.10475677223687 126.512230540623 
128.6766870206905 139.7657582759646 141.34905683070497 142.2962392756006 135.07772673981054 124.97070655775521 136.88812923116217 120.36912137731542 124.32248333904954 144.36566216122233 124.79187805738088 125.40290105956299 133.5461618838824 126.4380279727162 141.54667734147094 
136.1270870973642 121.84014428547015 134.52468043737207 139.14873405648316 127.38907382432248 130.5092113217841 133.96161503095144 124.50551923395724 118.94934467929912 124.91258605567572 138.56221595598953 145.26515970636737 120.44215706235566 133.54357799412122 128.0881275394612 
121.04690653027865 138.46243271931672 140.6048167086968 130.4911788202785 138.6553563239265 140.21576098836255 118.69418403077778 120.13357802410466 131.82344800541338 128.67170757542794 127.13575476176494 118.85672500024555 134.57069169504675 131.1197342025672 120.50561485285458 
121.5306443147943 128.9623743235155 129.6888823682608 126.62907988394326 139.989928276783 137.80984549986516 132.51088595567205 124.15136476834674 121.3941594859505 135.06909767241493 135.10236804017427 133.56252920927568 134.51331546791545 119.2895965221632 143.05068803087747 
139.96836548595817 129.88441655668356 145.38140332543662 139.9418896471862 124.35216158498089 140.72387024338394 137.5966272346084 134.70523128112546 119.62426348612918 134.81207929156812 143.77591001165356 130.75113983945639 127.00092186869661 123.96436349280707 139.3000240847625 
126.663666434027 131.2745015270896 130.01577678159643 137.72703204572207 127.64601615742036 125.44876852741315 133.29914589579445 129.23043444854932 135.31070835529755 128.12098306150418 126.58966738133466 126.86176884831882 139.94463891611002 135.75639417898086 125.14659017848072 
134.2122386376784 138.9804897204366 125.08927912241472 140.01736441156757 121.53912299638401 124.30907769996145 119.037131235012 143.88019661320382 121.63413163436292 128.57084745439892 135.7158738730372 130.460642728812 131.82227956043016 141.58969857889358 123.48059863235142 
121.02431839750099 136.0357830882481 131.21905765807315 131.18921878648243 129.89082086712344 141.57229401253872 143.97692613657705 131.73269061497234 144.91116191678267 137.55827530092336 127.50672365297326 139.25135139457944 130.7244927302848 132.9190222531124 130.81396219916942 
141.75735114967344 122.06027041317637 140.8104659284373 124.87777246577838 121.29812524759672 118.85668248708313 123.77313652138997 133.0430909766055 142.98184150084455 126.0359711505377 133.83342452141397 140.54466804894673 130.36751850065315 140.0058774600301 138.2821851051055 
119.82938091720996 143.89591056576077 141.50489901585317 135.39775785486134 128.09619159361662 130.47701811524334 129.09989696857028 130.60905263431488 119.56323832454551 125.72988161107575 130.4521854763662 127.6488242311671 145.18159720330482 138.07339856927317 128.41952665283605 
120.70135940165157 133.27227521345287 135.06673539142255 126.34567277084736 122.7220783690424 129.08965132438112 129.9830778256512 129.96714912724474 144.89302072746113 135.1892966297953 139.53803499436458 139.06510163355412 130.07508858914153 122.87250902705885 142.60805588459223 
137.15763774507988 131.18040550627663 142.0726492936386 135.46817048852247 120.31524427054657 122.4885493189335 136.3400720100135 141.2829681346335 130.20254839040118 144.54376320907846 126.94754881580502 125.23991656289238 131.18383250517 126.6568019231259 133.9100195584702 
131.75633013966794 120.01283821409389 121.92995552560684 130.56361155302284 137.31445668414705 123.97343523535463 127.34629797014529 122.48098746650217 123.83474174819196 122.00692442385284 140.23687707596736 132.32337622619738 122.6077529245609 141.63543162448272 132.83849731443516 
137.09316608891032 144.6753442541138 125.86130384648173 125.48677020520253 121.40350302906073 128.7131975693346 122.87135411442175 139.92294286039072 123.13124197253502 123.59496793063643 121.60504532752523 129.64258509022415 136.07043871459788 120.06855384316326 136.97935182870373 
136.26264660069174 139.7598105773821 137.68014719675494 121.84122500123075 124.22275589880383 121.50598857529519 129.77124917064268 120.52741358425935 119.488172580535 142.4177296668698 133.23950838963853 125.32387843955333 137.73837752596387 143.6218415572094 133.58256128683743 
132.3738724765844 123.77771098175032 133.07199247478988 128.3506862705627 123.33439549945984 121.69404555148955 122.35907120552895 121.53093793414578 131.76763519544073 129.53996797272006 135.0616578748194 135.96770774572718 129.60151693869994 128.90169238555157 139.34843769846938 
140.88626789098666 143.98024345948272 134.97140879645258 123.33867771564984 143.1732535030193 126.93539827314368 123.17724610674347 127.17569698103708 131.41136197564117 128.1734355626105 141.39434497516012 127.4826202188858 140.95906030384123 132.59235049500717 134.8873647855896 
131.9782920328378 136.73427203039512 137.74942992191865 119.26391375693237 131.7174517679864 134.84138447464537 141.0156867097183 141.59247697072973 121.07296277802101 140.29221822116807 142.44782087872582 132.02446651847677 131.39893899585724 119.24133413632109 123.20508386090596 
129.77425374914884 143.1161357897809 138.28102424936478 127.22419237603332 132.3043251000131 141.7519705335312 121.58172474662766 130.0615840908605 133.50870222058794 134.75661484650297 140.77659571418846 144.8664591180057 130.33388154190826 125.83068894649662 136.20536897728803 
142.93359941692955 126.32015854410082 144.1430436148399 128.44702405610957 131.20721880230178 142.58652616807012 135.29265955271944 129.06679988900817 141.1160596012103 132.01437663866534 136.1924386729519 133.72872188776785 132.29287676292196 131.67242876134605 138.17824160207073 
133.99175581627932 120.9775381266095 141.18517274366937 120.01181015940485 128.26902158216973 143.7188012861902 143.7955936779354 144.4864004993051 123.92809377382831 143.14572908801821 118.8485808920961 145.31032907315765 144.9489336879143 133.59744822989026 120.45255350112113 
134.2053386163931 139.78339363460168 134.33807199732027 124.95727935102265 136.11357115063012 121.68613501784321 132.1011635668265 121.96292512508468 122.76692555588002 129.85501458565597 129.5200348722321 118.80348879974785 132.47767609951407 142.45793444969195 141.60120699160626 
124.66780765123161 134.54622964370378 119.15512398746311 127.45459305936251 134.62431021306242 136.41603944757605 140.67811519621685 132.90542203307484 141.71484063622526 119.50580825730655 139.479259225351 135.07995876786245 140.41654752530462 127.79289633792719 122.01161582367115 
134.1180202930758 122.95387968440366 123.4177217977601 122.67892250588332 137.05897288942822 134.62973960395374 128.81892184237748 137.6674649595333 142.38829518434602 129.99821914024307 134.10496588474692 123.83571983739769 126.47564494633853 122.6310663528312 140.66388660159035 
141.56225156956296 138.01383694195005 124.0070477491495 125.90784286176329 141.07175533103458 125.1419052739757 140.76412937147165 124.0632529465 138.5991991783271 130.8011192486429 134.5386812390354 129.41648021599053 143.47310548772938 132.76330692998727 140.81795310995955 
127.80665997374004 140.22716778384978 129.8399447195457 124.40252819230538 129.07326866799895 131.3548293176959 135.36822230828582 142.78314058991853 133.30882604008175 136.78367943367434 137.1391131458511 142.5524933977548 120.2108207305184 143.32944257934162 120.6061887258399 
101.81221260832449 51.23181621470182 27.99829230480485 -41.43497934393266 178.6583894789569 -69.22396238609818 68.27152116071467 43.15953626260823 -16.93942346851351 -19.73825985842487 151.49375187536896 150.14981153753513 134.63480778569976 -70.3737672064378 77.21147119127342 
132.98906619272276 4.3048634305372815 158.75212549290575 39.76932969726845 12.017776210836345 -26.663955496040373 -40.09857563415643 48.01396618474537 0.41105566126805115 -29.35189977670474 -88.50559739343447 100.58683405892678 -60.068303099293246 116.49973106426624 -76.09924497683122 
77.9820766308356 152.7747071325134 -38.32164083356504 37.14887557594592 -3.531015053764321 172.73256733165772 -50.8736527760143 115.77738683729272 63.85855446352237 13.193828318243362 -34.5974690592998 25.81437556923302 1.9055116404023806 121.08538663535869 -46.613881877270764 
47.11616059029713 -87.5994304043309 110.62932009821789 111.18607587200667 121.71287524731709 74.32656069748957 44.12123206494353 70.3091012154673 92.35520866158264 78.41994046589902 71.6375046183772 38.245301225018565 -89.07604416044369 -25.431783984126938 21.958899801467965 
152.315774218216 110.63047332282359 120.56209631094556 172.1732875481128 32.11359492305051 -3.230698858792863 -25.897230169888317 126.49228165890138 -89.83704457744395 105.16179182963454 -47.07419941160436 141.67005257869198 -48.91693567076627 83.02323064516126 23.092890970175887 
-27.149800171243342 171.99299209331332 -21.344208570713448 -67.10305498392236 -91.5725950691558 -46.41367420630853 176.2094033389526 136.33689502514318 89.69649621717234 -76.40505540499825 68.67578686800114 -39.91596163852481 23.951248467578424 70.4576290870106 35.679143809216626 
9.006360916988797 105.01402236771655 172.48006634720582 108.05846517654145 6.250272717673525 61.110211992725354 136.7687302547326 118.0405324643471 -86.41421989087378 9.362632756902457 10.89320908722111 174.88324181587387 -60.13341298606053 138.97563898169 35.14243518880512 
163.59780914853405 -64.93413438376629 148.58921647769915 125.67498562013593 11.643111735483558 0.21752501838473393 -79.50721916768447 171.1956454657887 78.69020510368348 4.772947056023895 -65.09640246869982 165.52039274961783 127.0414637278328 152.74007019916053 38.15673758069279 
-55.88011954567659 -22.34685401960253 84.56380912904895 97.02485460648658 113.54926393561179 169.7454965528977 -36.96362396592592 -21.449223448043526 130.0240589579197 -72.97598396604414 -44.05630886748846 -36.235519965396065 6.685404010554265 69.52880851032957 148.57048519629916 
23.397450398118707 45.150699403231656 102.78809431280844 -55.10710234108259 -1.838350540610918 31.134167436839817 -12.079550696073156 150.87723265860689 -78.86642471849063 170.26460181312046 -17.23031125090408 -35.07187482428861 -70.62646328095387 166.1206391359675 163.52235928031712 
38.191311816958844 117.94515102143374 -47.78573472655851 5.255078736780888 -75.69162614715978 -11.12683745366705 -79.50977086565155 133.64428382699413 -16.942437116949563 136.61624732962127 9.76814667897419 -24.19773971190901 69.19490935976596 -42.44377727281489 176.9209537473095 
121.32261664915534 148.36285790968827 144.5543963731517 -9.301323860131944 -80.47005106356032 167.36033148911457 -25.036038123732155 -9.205196414875786 -40.72781039628243 151.4400407201045 -26.00434610438647 95.99490429297548 -30.90709584960623 133.96399911599917 105.39850624476274 
-46.07486835719151 100.68214567724966 102.99418181381257 49.64416273419464 65.74042977107787 -0.7294718701105154 142.92232389428358 161.73750143388838 -48.87068160701885 147.67137634829407 143.5148564247026 40.856676552401396 -57.31072083834899 -52.089229393118494 -7.272494459037858 
68.51426822684768 164.90090843073386 -68.52782759468789 -28.16394920675046 20.26043231930238 22.79630424468256 56.4821775871947 28.156829755275027 -82.73719718839146 58.486420162494014 -80.59113179534292 144.76391320954997 77.48881642444529 -34.32711144088134 -63.941060294892374 
-33.27073759066457 30.468684992065917 -25.80255230970907 94.71271678084999 171.5154889913557 -63.99939519428381 135.49437320615777 79.85206397708957 116.75586362764601 -65.06574643109026 -9.883879465796966 -8.323058380581628 178.25679260627084 16.95549831609648 34.95394974352007 
30.44487590344336 155.56936346019728 153.90421263690092 79.05558259927788 85.97411019447567 -44.152211223670506 -55.16692918904856 101.25704758180639 92.9425865362973 108.69687536761266 70.08154243167353 92.82167968913855 85.25488977127561 168.47384064790674 32.20289907421363 
136.07135926922393 96.8544240339452 -55.111935074818945 113.23180328935423 -91.29537321221055 59.974857154423134 5.960235110394237 100.00811726862212 -12.935214284053345 49.05131524442628 -19.31103995257787 -19.849470565534688 -81.09956799054419 164.97581486520795 73.30338792475162 
162.00423040692294 -59.68390854611731 142.02892971327594 100.08920568815283 -22.079119244235983 145.4201937941162 162.87793996200634 -87.87428118532291 -53.47094906018747 171.27898231568577 118.74166458743805 35.165265824300434 -78.69957330195895 -14.928869624323426 -53.10896989591889 
-12.820565638175012 -91.3156058345688 -68.91105806984415 144.80727496908258 65.15286223066217 -22.374509298598923 24.50301578175987 6.857621051540079 -27.65739842529227 171.75275726017804 -65.24166328027776 40.98959166942139 15.30017485899603 163.60722732245927 140.9549753413786 
-15.012482595198875 81.28189260455814 62.40542962725441 -23.999444975584197 -41.09096140672067 177.33569588621833 36.48065838087429 -8.481576524880268 170.25695896221924 51.86892889736866 173.90502013809396 85.25075063217837 -7.822929241788543 63.840034887195586 120.75308936692143 
49.67367930695114 -57.512933671433316 -73.88869505716121 -85.1022547205542 -62.18564506987215 112.50066097644954 -74.79652120416445 4.5433121477046114 29.0511945835797 130.91605144184598 34.74525464267478 77.43429917836302 83.88308305737142 -53.25886778887347 -1.1663912462439612 
-38.835125103825916 78.88641458439953 168.93674637148473 52.99016272285935 -21.061362778456157 59.71112599579227 -60.879633323653024 -73.86061919071686 133.0921075236601 173.68070358624516 -66.35863417544645 35.578170503783156 -12.738199854618117 -38.601534033901764 145.00547524266744 
-7.763945303675996 -43.74575342084021 -15.47414908046811 28.934939472755843 -8.667921201116386 65.60684727938265 150.8440062183933 -65.83642296693338 29.855973012643716 60.779957749873304 -21.87140732706831 56.271844954723704 -37.518180845058225 27.847950140311596 57.8759818010481 
66.83300850913845 24.96969061900525 -43.53615274355131 9.033006114897404 124.65784047759634 92.89690105764673 105.09158872815432 -1.0951854886063188 16.85909114713931 -54.32510695857461 -31.86282970300347 72.9688872881665 -46.209037828100016 67.95467755999782 -68.77843242239328 
60.98328524240701 26.492779614149526 58.93241033435679 100.04588935706359 153.20238121092797 68.78810764020834 -68.16362766945832 37.41443163965128 83.2144185960753 130.36428480917039 58.50727803782196 -22.69344451219571 164.28240525610443 5.4606630725234595 56.98880292738856 
8.30126786354171 -90.21793452993674 101.22378150266611 -25.92334954275067 173.64833340180354 -1.2679663021396834 56.09511667732535 47.403117095289915 164.19307687088985 66.50987358024908 -32.401913259113854 30.199910155080502 128.72146233271758 -83.92398587235812 134.29576109625452 
111.14044385715765 111.7167670454864 165.42423768074303 67.39918975016919 -7.660889265849633 134.82795531129216 -90.92747158860988 98.58238813680005 120.51900147440976 -32.376212207244414 24.344788610052476 168.25876231801067 155.0336869300291 106.73989013904013 170.47310639467827 
106.98241007827362 92.85345341006895 98.43493532348403 48.60201530395874 71.3966730484586 71.63113835020191 119.99319571338425 -8.443753541509125 -38.22824924292739 147.2340179839423 -14.558640245450434 150.69033423279012 42.19691591567103 133.02561566936794 165.8024300212819 
53.652510114337176 -83.08247358884981 45.53201665586248 48.54243583375451 160.8647484094933 128.59616400113492 -70.5548540912714 83.53680248495827 -67.3689345807786 165.66054308837704 126.26291853898424 92.620134805017 171.09195896860604 40.31162399818042 114.90754198935774 
-79.94134086912261 165.1424745323307 77.31579083099415 174.95378405172016 -61.3792266548008 57.050265871484996 147.99227637851283 31.429977739816707 22.264651950189034 -15.553211989346494 167.19689897924593 -11.173947952847456 42.30873914660641 -85.7089378327288 -36.74029013143912 
76.86561901510174 -24.073560395973004 97.65347888816615 -14.918094560470877 130.3275826793427 57.17362284762125 115.32513108612486 -19.86095835205287 -21.128161037668875 -37.29302765090227 -15.275305905277826 44.457165305642725 108.64299236713211 55.40423983867782 11.450670023087419 
44.085704432158856 26.001307385794156 70.64855047619372 -31.86781011897743 41.94165946395565 58.55038498371534 -50.25669068902773 8.821503700388824 125.46646668414243 -9.408290816958711 122.79555085682867 -43.141864521519956 66.2274874689962 105.9703418392948 56.20034835289197 
50.436990363411034 -56.311003362190974 -4.778681748687482 -33.69457834784324 31.062498610976753 125.52260255907095 153.3646527819309 113.90760666272328 -1.912382447462079 -17.65512199027694 -29.554238613269604 43.94475311516113 -14.836787888811507 -39.44336865778973 41.53042118433381 
84.78844032374963 85.95811302546915 95.4843305796874 -38.25741368904474 -5.058592696207377 109.21362271866207 -10.50926185628036 138.04350493097425 110.68417001011122 32.12434447702379 44.01530182859218 21.879537611448463 101.95277445040591 -58.369797345102285 -36.80390195345231 
86.52629859200994 -2.7839352725305986 -53.24939756551048 66.25425838326595 -7.612485642503778 48.65672683244237 89.52917983179574 5.754290135802968 12.170386878270044 143.1659842674769 -10.151294292928839 -0.8244923380444291 156.15659398279553 121.4449508952006 10.86063320688023 
15.940969132994105 109.63517185657722 2.3496250237594083 -35.038578412759534 -52.49904807835712 -52.08153907722981 29.396305366497252 -61.297681446772174 83.80489467834795 57.98831440245498 24.897318045062327 37.412818569342356 133.74229801508102 23.396390820773227 114.94009813487077 
63.991439997388404 109.83435513797343 12.66538522311334 81.72360571510711 157.3702222049859 149.904204231707 -40.2937668978701 -8.967253624740536 134.01283759362948 -4.014363641713672 65.19019091954334 -16.711994506242476 70.13414665545776 116.0643236113402 22.530972118098852 
0.24126604022184495 71.16316862851329 94.04419066406263 33.840049415087584 85.562357235534 106.24532264510765 3.472228198674692 76.83983638679774 -34.74544891743369 -16.9424988440879 -18.548930072438694 78.71917418427694 76.77515834046827 -56.533342995948665 113.8417387597313 
107.18697867187888 -12.236553106116602 115.71649101253956 18.901087977714802 -57.669763917715905 127.72380134620562 11.384579230099341 -24.449843338942976 14.378714261566024 -32.12736187395046 85.4149733508182 57.24189223613697 36.256479496688165 -15.380478274548238 69.47472074412033 
-18.76028982043026 -56.338091975878065 156.52605998813874 -34.38182677500973 2.5830888748493024 118.50368171019588 -28.701738535002896 46.853523562895326 98.35670541963245 78.69123965991224 144.10198845534472 97.01628334601912 95.21540820120785 -32.80336718189284 -42.35465338363319 
98.9442377319364 91.72686665404396 124.94910692061902 115.72818567126981 136.84795630156177 143.383482028974 -5.092154496245108 89.94712794972224 -5.875120140289582 130.9917844525306 90.32337525648546 45.67640257224043 12.391430828903687 -48.826767151280926 157.51777535064414 
87.661948817172 53.151771712371136 126.2935116322389 7.137854959200958 93.50747950799817 -27.28340466408843 57.064656306809106 108.67651290294197 32.23925869431172 93.95069339219313 -51.43162407186853 7.045004117304266 -54.43142404728791 43.78516569167042 138.20384092435884 
-2.4168052037010384 126.11520124204787 135.20355768419586 122.32118076248366 48.33361751740298 90.65017863095957 142.34283436986928 147.59024944563703 72.06191157800177 145.29749040673295 -34.72899963932208 -2.097165233899098 79.40666662222617 -23.507741366008105 69.6951569906438 
-50.06904586954272 72.96953761996954 -26.531715003877764 117.79395570758356 128.5617006545355 133.90809103748757 92.58822901966906 -3.370807858921637 54.289094572530935 -29.036241299473396 -47.579384223455996 -57.465001992314264 50.376502913527865 102.98423945068876 -1.6170858777289752 
-26.035007554811244 -6.094848170424072 -53.444284374542626 61.241422785723124 112.69265888516478 -22.47121086683118 -46.75497135174008 108.24921499273847 -3.6848168146817954 41.51664041247832 108.9385186197969 -61.138839598126665 96.61719627474145 -32.43450343830042 -6.271627548537936 
80.36990875503176 133.1095454729993 82.6420974140643 -46.73500605556446 -7.281179208301523 128.11893702418146 139.99168533032338 38.96917665878342 12.839098341506123 101.62611732518928 -16.38686129677646 92.10569455955726 90.29565587498197 100.29260857699126 -9.948236776087278 
147.02723112088435 11.414228612747856 108.46436033564257 87.44809342361606 12.5580125969312 -36.50010513728496 88.86474538485925 -36.53182750828611 31.12965983824953 148.41346484131412 124.79556671567218 14.61840325571773 101.07952155309539 130.52859899127128 -26.54157670271202 
142.1877723608061 22.347807214437857 29.8198085091525 -47.786365805590485 113.81152545194664 33.24114022052172 -37.59368968920341 158.00473507155363 66.62938177226587 -6.795968387834463 108.9886451187316 63.53700081716551 118.25372375764101 -33.5379904162873 119.70034393613929 
150.01414929148515 -33.88285912658931 92.10128507696686 28.13083702573561 -8.525759167053117 94.47324381050734 119.91874987164712 109.21657879462404 -59.638869996447404 97.0173440758131 114.78615382429246 18.60162457860364 112.0721040606816 -41.86179436677048 155.34304264733848 
156.9757234371294 57.27326288809861 -5.27971817757998 60.978189941665384 -59.947309924854615 -13.460029834934488 -51.7483348652465 -23.429523431064425 -11.332042322224332 0.1538310080352403 -51.77111569151267 -5.396925008509456 -10.635807308922601 142.47762463058027 10.981852169750034 
79.78078103030978 57.308783276163204 111.21703633801275 -14.953037010211439 112.24224294928382 111.8355090209256 130.46577919430533 80.8981030772195 71.78295012157403 51.711309924792864 67.21897215869237 -50.57307847083227 -24.606059509926588 94.7953523693472 -20.174083177407233 
-17.651635742572722 58.95388271261661 115.95295291709772 101.56321292350165 152.29960844973672 96.6520368320671 44.49253226262221 -23.245426625055472 68.19193747798627 103.42698426492777 133.37566324505178 -16.955289268607096 156.35675409802224 116.14468494581786 158.69701076502153 
0.34852221490632473 102.74639035848296 -33.0261132687406 -11.42767592268985 146.26850276200483 -23.443458219023668 52.58305383710819 114.28499809216277 52.320438529007255 32.41075155612943 127.01794751466178 109.32497592229362 130.01775835646683 151.62351498975983 5.519259267867035 
-60.908421299311414 -48.48948969247061 137.4650340475964 53.33610467700294 145.08996932948992 -44.01179527291336 14.402727355659032 -2.1786843756127965 -37.63667553682957 -53.85605052031507 86.14535294184907 108.7476005626007 74.87316043722487 135.3989827310544 -10.364544962939249 
19.753770596214473 117.32825328633254 9.45710817109164 -8.524186017358204 56.50089335775912 110.88994094744376 151.06415112206923 -22.593269721601693 113.87068234802274 1.44995789992376 140.07010848446677 91.04141303672537 79.83867865339067 59.922166766768306 57.15234216191222 
-48.17421854840525 -43.95580414942759 -30.550392070590977 54.33210732174903 78.79160452190416 18.203832509904522 28.621340881505184 37.83827579674634 39.99493505401146 -13.46574726612456 -58.48636516152085 19.80006317202018 55.91206304176995 -33.536705686190246 -37.409481622647675 
11.451321899146187 91.17327099113169 5.713096541177499 8.510790257294651 85.33107185519108 25.636247199747906 -39.82068329958204 149.19625593808118 151.75817091860202 137.7939446615178 95.20982847214003 129.70219136857543 38.11112278778375 22.942232579439498 28.029305723448623 
-51.918383996818775 21.860853081866686 -29.666504596766693 116.03150781784373 144.46744193913776 -44.67038119596288 73.92176278854026 62.6812300877362 33.557646162425876 100.65966215402324 50.39984947609134 77.76342892093615 -46.21603864957969 38.59033882432339 -55.027996474506324 
30.06756128492399 66.41446536885951 -47.421052784760676 86.77461190128938 157.49310458652542 118.36704546850879 43.95659962740587 19.852695755437146 -33.488168685231216 -18.52820159381305 87.37798367292635 41.12690925644235 -42.99740273752625 77.29982635364061 -19.427587875720135 
7.39274884813765 141.8156083514624 87.57519011963097 52.36479112984588 44.026334414851014 86.57592514699579 39.45510624278459 54.76861697073411 7.867512360103781 93.9957206029732 -47.189377447663304 -14.229436612146927 -49.048856380020865 139.0074045555159 152.38724274164068 
-97.16294047732615 -47.300357752174776 -25.1252334238754 -17.13186574042946 33.58493742785295 -87.73248871989401 -67.47091754574018 -42.500082304586535 105.82214566514763 22.605050117545233 46.63466489600431 118.29771317034918 3.579138255163855 -22.50877457731059 -49.48615835724758 
-58.91723468747689 -56.700604527895926 32.7962231455072 103.37018838968218 119.18758217440931 -89.76288552338411 -87.61211845442085 43.683747878489854 70.01728050281402 87.97260241814514 3.3223641929770196 -17.387117803661923 24.081295056063595 -66.87373496320572 19.287321671201468 
-49.47746956902681 21.115100299197053 22.07594076239255 -45.30354026069401 -81.47554750424165 62.835842442773966 -67.41393920688651 43.17525126152664 -52.381949912126544 95.83945106792991 80.55176317133593 2.2943223041461636 6.970367535180387 97.63499610543074 -82.99066211577835 
-55.16161926674395 36.13432160045049 -38.361541657557545 -36.630664668073734 -96.99079812201693 44.279975432640114 -85.27418321736661 21.982677063362544 -48.08424801112289 107.78869460432848 -77.37905118883265 -61.218827496566746 11.262138627903227 -43.445447550027424 114.00843593616078 
51.82854993029845 -88.45467084695207 -9.485733586322056 55.40140168577726 94.75413040570122 10.311484124415287 -47.97772200345323 -82.64011265901263 120.44294138177695 47.07299490309289 73.76959245799803 27.642825290165504 8.015347253662213 -96.21852698765369 -96.49278806874607 
-51.108018097565946 88.44563457019099 117.9266186848947 69.64890907804165 -47.28016175658571 -5.897727262602359 9.971114290245183 -49.05025650661389 20.94255107376715 61.15524358052677 -66.15945414012975 -62.26529961538054 -26.021459547960475 40.96108525807635 85.07376188232637 
64.83692585773134 65.19954441719257 -10.585798254115161 -59.8829619723897 14.926106131613437 3.9924081265778852 4.6824916071285685 115.48476901181881 75.15749479181655 35.38638731306848 -56.582041961537755 -61.822895694985014 110.70487752415092 -59.55231229790521 -26.386095904419435 
88.5354993870083 8.345356019962978 103.72122843365845 -31.06063738788349 116.83563335586949 120.76895793998061 67.20030788468706 116.03881265052566 -0.9333699515008931 -72.50806240161884 80.58922702417333 88.71366901656229 67.58169168319883 38.31392704982356 -86.08761601051742 
-12.923921467406288 74.15841992530851 34.36686135630946 18.29377691235618 -27.699111019673495 23.927602189981243 107.84527696023555 17.177007688594472 117.00509202949782 -10.303219984833817 -75.23090804306813 113.34317056464558 117.12057318236684 44.23567075855114 0.3097940641794992 
40.649356614905926 -16.76649327077422 0.5482387025265467 -51.084355245149034 -61.49659116682146 13.813675754470268 90.93030731198105 -22.4315750023581 21.690245876113167 4.060745296599137 94.25422154109576 -36.52381141382496 -54.28453903244343 -53.064887401159275 50.820145940264936 
60.48159866559094 82.98098112458955 -50.098623304174595 56.238700664112926 -14.65774478750042 66.02404932520166 52.98792358750826 -45.73519340818911 -76.91080663972298 -6.80039387382746 -11.381523604581545 -21.303773229690904 -44.26716598398393 80.73804538495274 -3.797290571658351 
25.961340287940175 85.37083807653464 64.40658950051882 83.11455001728292 -77.93448611563674 69.17959713255645 -15.372328086409382 48.39268272467548 -14.440690389425981 -14.783991271140465 -67.84804821209171 -29.088497642530484 -15.10925740606028 -31.053247202885302 -96.47519759856247 
-40.480960449986696 -65.51695197813771 -50.04460781990544 -61.59831732191088 18.240739659970345 -48.70417506374035 31.14691332100834 -6.627954869256342 52.45430401029758 97.6883722057399 -36.008819791229776 73.08143590782565 -23.188900712237952 -78.0510868121875 20.884194290299263 
27.14091731049362 104.58956592428378 -73.02342303907582 39.21202024777973 12.981437634935446 22.40817279137771 113.63772543818452 31.304953368341742 113.01150499547872 83.91837551871 30.459697554820394 -20.72129296127848 69.42592197374692 6.492830197121606 111.54158354137799 
77.36617213637054 60.23697718106392 35.06640594273959 -84.0382003034765 51.15558526870309 -10.724807987480261 62.95663294840948 102.71608629042011 91.11850960550085 -37.3641670864659 -26.963773253763236 -10.567359533709023 -92.13579931234314 21.756544901811253 -60.69569674033599 
-22.564726751855304 -16.80744486892658 -38.27989481809071 -43.95332500093294 -66.18012359745951 83.61886834197644 -7.80595171929545 28.791678227326727 -68.8971514087452 67.17220857445083 -91.83898565912236 35.66332700023408 -46.23904943991971 3.2903325036206184 -13.339058835688192 
-68.20149230741204 84.56519130490763 -19.683821154475098 -66.86700685876698 45.91690355111605 35.063127475656 -75.75474150882812 -51.456259684877516 94.98042380016149 45.14270918329008 61.77680389234983 37.17314820442975 -75.95939377343012 -71.01518463627002 112.02510944467518 
-25.631792974249763 -87.84138408013142 -59.22580665250286 -42.078965384268464 -85.40636019896729 116.79203200917227 -83.07160954827125 -42.37016738695279 99.99040533642476 47.79058119389829 11.138634021939566 113.76120980908796 -94.9032792211299 86.42573588751209 0.14797403094593164 
46.53302425329339 57.35316959225095 -71.25214853506054 51.7169621489288 0.11501826514221136 34.447435444446725 62.774218227623905 -27.303351301619145 -11.340117016616418 -17.08545825620139 53.04707188711872 95.73597619552835 -30.549824055092472 -63.531593957632815 -71.1277212970353 
-83.75752031943148 24.037953908509905 -81.41546803993829 7.855078788663306 -34.793659491505956 -63.97729519794511 94.44318359136143 55.610241244479326 -0.1055570303112745 -76.3652157557377 -75.42131016324865 -6.507320744997571 59.60529636586746 -68.46594174894733 -75.83055839914574 
-56.30840694960402 -41.62815114348972 104.4170583089339 2.7223913027758755 -75.66108869428017 37.23781824315289 -32.94837121940792 12.683682653150782 80.42617708972345 83.57631511545507 120.51508266795499 -12.23180505520854 107.5213741010189 -35.66684508934629 92.36013863889725 
-87.7020236664173 75.02591379171638 51.09611340653079 -53.93867782055098 26.328880321748343 37.32841041132822 17.440048893371426 -31.659672634831395 -90.22396370937206 85.69185477994382 89.91690323885233 66.29617377876069 -72.7398323610152 22.176810474304133 60.42412359064629 
23.339872451575772 54.01468668487264 -45.81332424937017 -96.80910291399103 -59.32810713562785 -2.319273048248178 -26.731295206977677 116.38895763384669 -22.837380061837507 -38.897494705282966 -76.50426273751955 95.5603431667105 -20.260342082608645 96.61294452062968 56.58363830321089 
116.94807751637343 53.884453819179626 70.11284391795614 77.42799637207592 32.419994908714685 27.317009511513646 108.29183857562411 53.73062089536488 52.56043677567895 -59.623996746311086 24.548021088539215 87.18447371057881 17.2709285826233 52.78647442606929 -72.52721310154617 
-72.9707298565542 73.24280768381861 87.24164300166412 15.65227527393725 -75.33732361624934 112.60279091864048 51.66015790649239 60.868486910952484 -13.625709852137021 -45.37700111001984 78.61452337424133 34.99246501940645 -0.23929670083485632 -26.69981976128173 40.99586866122279 
56.45087908217171 -67.24428236621281 26.22602974977623 -52.650053563112216 -51.86692407270602 99.73830001657056 14.69171588217813 52.6713111484802 41.25531212678631 58.761645586830824 89.20998409876366 -95.16175787403297 -3.0336721355904928 118.95706043131425 15.786739203165752 
93.45112689908434 43.23254655066985 30.98252243559115 -87.14947900740279 -86.05762989145279 -79.83227369940859 -27.671704824704392 8.039684470280235 79.47254955255427 -8.526132419729748 25.617533520765335 13.661689505953461 29.395297756817598 104.45097926050356 -84.63876586263237 
40.128076059931985 -51.97980256264295 -81.34326767508932 -47.84452222426112 78.37232860122798 -56.91780845404615 -19.702955517578303 102.88439492376143 -83.99317875759118 -73.07434295745844 -46.441750829456026 -82.74101064885059 19.708164809080174 28.001170582513282 -35.26616461790675 
-0.8248427420217439 73.05094869158832 94.37612657835079 100.97506859644396 117.60053838540007 64.75482163877682 -8.133361980651316 -2.575250000211952 -19.580662566915066 -11.31976106019718 108.83254328897083 -1.532434180445918 -58.36089966524906 -58.70998291538873 119.58219533514547 
86.585396914089 60.98657967630028 -51.08183741232209 111.01227829321267 111.70654610633927 39.1624400000842 -55.93191925995289 62.02883493388286 -69.95143910272344 84.68519006050555 41.783472477714 11.528233827490709 37.06550248427784 -47.619229996625755 58.210259230931044 
79.91109032975587 93.83093003012814 0.9440117779247714 37.19019308553521 37.78026386008341 -37.54976140436068 95.4901376266412 -65.12502709820666 44.1053528403755 97.29237866904433 53.38632660562706 -88.61488490910892 29.098550603389384 66.47809251616255 41.81282660328807 
46.42119665436303 -84.6846590959444 -5.992515767925212 -85.98966145874529 -64.03780524401793 61.421244850415036 62.09105399131818 38.62303970817666 -48.90348352197938 37.88983916647692 -67.37278026050338 7.832593852113149 -49.4293822086405 82.6576132861243 -3.914245450895038 
39.11265582835091 -75.19940439252763 74.07459740537149 -38.9804632803389 13.3653802502552 76.24228449634265 3.70416531014385 -66.88155469705744 -91.99616709208495 1.1898465150531194 12.077496050774513 69.08258451420298 58.115087268968836 34.78797162365677 -76.56570731839454 
60.247636012962005 80.15539684322599 75.47788997230458 92.82521658412867 48.15300432566846 33.122127774850995 46.693218074570524 -83.29341276418499 83.22529872289851 -19.63723939711464 92.50018791358858 -89.14441592818176 32.96598816622691 63.063626247960116 -64.36049694860586 
39.70965801835905 -24.34407128323714 29.652619174926883 43.451684490064736 82.3015135671721 5.540153831993663 80.53826666661075 -54.82222580046199 96.24118745390265 20.817066229286013 3.6196852047610832 -34.78815907028223 -82.01302314229892 16.146897489537622 -60.119490850052216 
-14.54491758673889 70.25857979982857 -49.43403456369197 97.60732659029145 40.6193285315415 69.04110814213308 26.82057581097291 98.51816410557797 40.81722145965617 81.3169929389075 90.97279757255677 11.213589928071357 69.98112735705297 -82.10139055805251 71.95107736416446 
38.65708467079324 21.07003638343619 27.579128039396522 -36.80118502881179 29.725594647493438 80.22725090167611 -17.38497076964788 95.02787772114988 67.85952678060838 -53.635552381360505 69.3375522368309 67.13422368553876 -87.8021046160372 87.18551850177815 94.85253685921677 
97.77216293620222 81.97437038004546 -1.6220750615437396 -63.7089714534856 101.7616248822917 79.53413485750812 -25.918375089526776 64.53540281241973 39.05934994835616 41.28518147253348 91.0803958212179 -85.17664181378748 47.66520829575114 56.8517557797237 -13.85696821317498 
-82.96509735254145 34.569491431444646 86.1509891736203 43.23854858397641 71.32625972074123 -53.553570798625294 35.35149791285481 -60.79656444005704 -87.89627251746816 48.094729926474486 10.9709840140887 46.3439442994933 99.95926995490592 97.38420292497486 64.05109341135486 
23.879074017025218 -23.160691251965687 43.992676735909555 19.796579861784792 23.050133435249464 -90.51930096796477 97.06052837886523 -88.66871309118987 14.443192660728926 -22.79239501795621 -70.91209538615507 37.49337780030302 -68.19029864607249 -10.134147971104014 34.94140351973968 
-77.23681935915698 28.523540665686056 76.0214327894576 15.780736541593967 94.24838012191532 -75.16241437320893 28.224381102093005 85.46860625564992 -58.28026284588406 -19.731627044291997 93.18002894403844 4.8978236869973415 -86.92674195059259 -78.3959752897316 -12.024081148381114 
82.54520282706673 -10.14599922519831 0.6249915486491062 -15.097343510008841 -36.13636499015893 84.26329927848545 68.260591221038 -35.06949039714493 66.51947059388544 99.3940990672543 85.27118562125781 -63.96101425281046 9.321851146601844 27.63729466197144 40.26272191010668 
44.63751153533943 -19.81975896234296 20.522427708737595 -65.12222757520551 -10.435641371875803 -2.8948519349771686 -55.049175858222746 -46.81723348199659 17.8419860701744 43.455566272722024 19.626158927612224 93.54461990166678 -6.753412419400362 6.364637300945546 -56.5625846947329 
-67.75843575113328 -84.31810934404149 80.15015061341339 33.99228469339792 47.02144704265015 -76.49341034437938 -0.8356626929584792 -3.9105389546005966 -8.749000465995422 -91.97418717186456 -45.437063479247904 100.08835969228932 -46.09475302592809 23.47813971685933 33.622816566532606 
-76.4248924619998 10.013315859223042 -37.79260358136974 72.5477883061721 -49.688092177055594 71.8009113966568 -68.31547382904883 78.13861266737555 70.58485905061383 -32.46378043200435 27.555936758792072 78.86455194390658 75.58208239560895 -16.953026534497596 34.87078375237722 
4.648213558082617 86.36391181846557 0.6652386241370607 -2.0757371083677896 0.9046455743833945 -13.377869190494039 -71.12439233848872 18.28534871736906 56.78738109489481 -33.33308605725577 -5.962867397249596 -6.950356167227042 -73.35011540548385 49.34260890152555 -71.67970299069987 
31.343850834318403 31.07521952462595 6.550539356073969 27.45114062589664 -46.65667299949435 -11.381092655297152 -46.06651900665514 63.50424091664388 -41.83604782918225 71.02392449346974 -53.47335398987163 -46.530311903111055 34.979218847098466 -25.602087535708066 73.06495644879712 
-29.282920698750623 -9.117855199203404 -61.07454738003915 -34.9431270189713 37.974573793435724 -48.32147810274375 -67.11395352915564 -3.277882794746347 46.960437792443884 -72.37123023918097 7.354796228601884 74.21736439766707 -80.72861963212313 -76.25581267078496 71.69169417268466 
-23.822289642989375 41.87800414370372 -36.89597494271119 31.697467410212283 -37.24451582829558 80.97560803170956 11.550623958788748 62.74906696691593 58.80555303517127 -52.498040258087045 -65.34834365804994 76.24280958263927 -0.20074690570770315 -8.08259557907921 19.173149730764138 
41.655583229098426 101.97884466658743 10.366014367355021 77.22341638581341 77.5416913213486 -3.7719635888640823 88.43608117170635 -22.20764602150375 -48.11785359630649 -22.858426815449505 97.93374138151853 32.81197007678509 -32.95879962330269 35.2189273108319 5.8946995374500375 
-40.341794458979805 -72.84712993003671 94.53158068625515 -77.48914734551585 0.6162238698575209 84.17150111283996 34.74374496382542 -18.53687924323934 -23.920184891657442 14.103207455069807 -45.88373673009003 -67.56218589261013 43.04172416055502 33.56044041309474 -80.28618172942159 
-12.975272825338592 61.720643357345494 -66.14558488054651 -0.4792041849936197 -68.45225870988152 -21.972791117297263 -75.77328065865187 -8.271945354538403 -80.6621622415794 -69.67379679471208 -25.251308089738515 50.224317158256895 -41.94211222651559 6.375324638089381 42.12558605812691 
67.71840195223083 -30.467373180900253 31.673970493526454 -89.78091440735639 47.06434218331705 -54.933278231468165 80.3318913446621 8.804776706825251 -57.98334079755494 20.716027331831143 57.7034206259456 18.27011390851922 33.21923543859711 70.48563185523537 10.051639197178687 
-66.38845310061764 -49.88179412242009 61.33701305166065 36.35194806982963 70.32025952352808 50.31270269606338 -42.00709732686038 -22.04580538152105 74.92777526213601 46.46973336539912 -21.379632513313695 -74.38556622454861 -5.456802075288778 70.52698724975667 -53.73178823248781 
70.52677473771021 59.75147582114718 87.7413574101343 97.37993702867536 -17.72140016692377 1.7903904336543803 12.466983245695715 18.313742255628753 32.92403836300733 -32.46179615764923 94.93813304685875 75.63370097961618 -72.8523864895507 31.091411290814406 95.03648472084853 
-23.556186828771374 -67.97947724853488 40.113175612775336 -56.42453511558027 -61.38006586767529 -33.51780989626658 -31.469462799054092 47.622231831282534 81.34318376061597 -14.88680931993052 -76.00074018692143 45.653268297217636 23.747765301946416 -12.326210531467751 67.84481333108903 
-52.18576076332567 70.52265211894806 -44.571875395018765 35.77969517600164 39.99481187173987 93.73790025040486 45.367258945592766 -75.50336564085755 -71.53216305734352 44.758730200034506 75.8199103906816 -45.46469966943257 96.50240056505558 -8.876559167906592 53.35932318659914 
-39.056039033259225 23.74228924269576 57.355049813264 -3.3367451041985987 48.797271077103176 54.80578453786927 67.48318230876424 -19.907752995956344 -62.189500114343005 57.736395968074675 44.77522236253637 44.4004599787751 41.64640087342238 -50.85457477805827 -86.69177079959115 
-86.98422287915812 14.375112105632951 81.83291996322833 66.06311970976853 -18.46243059087334 47.19553671906377 -40.752417220610404 -69.9739503756195 -20.148161448453266 0.9942121041093088 28.929389814573966 53.23652412416686 54.00127201484 43.85439225772282 -56.00319531482555 
6.496022689244427 -62.889223632194174 92.37495480184924 -71.29406118995666 7.422062968543443 79.03402181482141 -45.02675955042231 -89.22140215448405 -32.66218166228346 34.929041060974825 1.7469653811953378 6.22889769567314 43.812147004642384 -78.88479205907937 -46.42410071205252 
120.36122725412991 63.24348457275101 99.93442227430037 109.9450333245075 116.82254584810904 101.00872253250193 119.97780399738171 112.98190363621198 64.49841292715752 61.35375473115626 66.17860339421763 95.21829303548655 85.05912150658287 89.01532600479048 93.18091460620988 
121.89875775308536 90.62150214012145 96.73592848014687 93.84488982662432 75.09922677994115 95.63057289261516 124.4676330599091 119.14880480590676 90.58213838602182 83.08211220035024 106.74073625618114 84.84412094658475 114.12271608702635 99.16539082554718 117.8215896756258 
67.8461761503631 118.20107050383389 74.13055991227766 120.43741315258549 126.37487709558307 80.1536318078452 70.05078961664714 102.78947865286258 118.48782310677964 92.68294034463456 73.3864033930492 75.94891925955267 126.01285060867106 63.75745626257895 89.24682802023533 
81.83720308320892 61.678617741374914 97.39690214874179 115.9206266161805 73.08605065704174 65.5610017429848 96.86442405355066 97.30814827188462 104.75168723169688 87.71705606532684 118.21660284111562 69.62983321719013 84.91522995721952 66.75022795437019 102.90916472025356 
63.68504198236051 89.32429556405063 81.23722133384723 121.67773103317931 90.71639893690295 116.57981006867647 86.73016283744522 105.38302885869729 61.436925493813774 100.57196136053997 70.67069038143046 119.9694956160938 81.49848500501847 112.86142139832197 120.13418374209024 
85.00500182881049 79.68860320545944 87.59339075899351 103.82350765374201 64.63630332097334 88.57697223549381 122.82279874617223 106.93054688126225 102.54735369222132 82.14269897030385 102.44033638231826 100.96232270557951 82.90595997271039 124.36327000104745 124.70932027245013 
113.13340599133402 65.40836649563036 104.63287073832092 123.21714199886235 105.32480244249655 122.77920842375168 85.01347667525188 75.35082641976871 80.93894799805602 98.13498782179943 125.7991385612826 92.8170542953001 81.59188039578204 98.89501959102682 66.50943198078996 
70.2797821150645 122.47395688584868 119.49607202863979 95.90794872087098 66.63320949679637 67.33535768931438 90.32177899417024 83.38981071612602 71.29109089851976 118.80478484557588 70.02837159586488 109.74171040093687 68.9970095976334 100.87996315783829 63.96610874821899 
100.95404144268886 63.71899830299617 119.42688031349252 93.18384211369994 65.68596834277878 126.13740785917197 120.8124891001807 116.83471213277193 95.31789739964118 92.1959304092918 69.24042549762495 101.90422524558018 68.71727480737728 95.65120690689874 117.58324022442432 
99.19420275098072 76.53812588451257 67.32159189707892 98.34396456487843 105.67568908207463 105.4755247127172 116.83331069720927 108.7444897977779 113.0877826497103 83.71434008833884 68.5795702082542 97.15947235310742 87.58412860007007 118.79758144089179 103.84028195610391 
64.75919230556337 71.50949387903185 119.86230916331817 62.838080821547564 65.32205234198975 74.3464234460091 117.57436004010043 95.13577863405287 82.50226602571799 125.54876403783003 120.9036631552853 100.5057201354854 86.73793597407432 79.69808161309297 82.6555543848317 
72.24691122830014 66.91974658953323 95.15560978847589 70.09991721717223 97.03997257588773 123.19522916748252 93.18136356737207 81.11826508873538 89.26620052013988 116.20641854564491 88.38673956480284 105.25595085808553 86.26773072829972 64.59718683225084 108.16399837136535 
68.79619035030548 100.56595031161876 72.78207709175838 69.99525834052005 112.70346351709688 99.58069534349394 96.67416553840309 119.73333059970206 69.92309586094525 86.91904978791575 84.67244452992338 93.32684465683552 83.29401791061647 92.63056509402314 82.09532689101283 
67.08178003266832 113.50731686702571 103.23698926755446 106.44987954371717 96.10336998308665 91.70589904166016 123.62907603446948 112.73299789463475 63.4146436490617 87.37974900916385 93.84498259330954 81.83521309405782 66.10755402038998 62.395139833542096 61.883530176349424 
111.43499934182572 79.63100776920035 97.78281940775221 124.51412788428242 115.79196824414603 79.19922428861433 64.03033269017727 123.45688549185321 88.32028052386532 62.77929711868058 104.11252674131018 98.80999193918545 124.42990299863774 77.535049206898 111.01863183251778 
62.62724151766541 66.72289052203446 75.61143209852524 70.4808957368063 77.48000946338097 110.9069954752155 88.40334833695991 76.67168631421758 62.46594306941136 99.56761672070078 103.25852827612584 70.09415267423655 85.45100974360824 121.07981668644781 68.30477702285694 
70.36700716986743 126.39922903150945 66.05027689926044 110.46298926076807 71.26096215490568 100.11042931928014 104.97703623752342 90.24689138184348 97.89857274145598 100.08671355332584 65.73144895624483 88.34274456855593 122.53149321481958 119.95778630617708 99.87108506801488 
86.15322012439539 112.89853607716137 125.15016215043156 101.16607403073951 126.23631886080662 122.78367728504546 112.04349348765066 102.356152646693 112.95994485965151 111.46615954241585 124.84809629054911 81.49761014420297 91.8091239636477 96.8739348345016 124.76704176087394 
76.41599758330152 111.50325756162596 91.7219474473146 85.637135438871 74.37031844612575 117.94552735652903 95.01324784229348 79.1519664479329 72.2579790318257 71.7055205573819 102.349744963372 70.6135312933547 115.44981513538119 65.37198972769448 120.79508945673749 
77.14970157992795 97.95644943750014 95.81497083997452 114.21110763543595 82.34014970784987 76.45587506490715 74.77403930003759 105.22671154013864 77.67773179398273 77.28456627699717 110.86511493403191 85.85306969757494 119.029912144503 109.98649159438986 75.2932613927305 
94.97199376580647 64.1319715561727 103.02960072748692 102.22023489883804 90.30094051698717 75.10280615899309 102.77706132523653 61.53490911762226 92.72351090520891 114.87098364629911 101.20749988331715 120.80962298005655 83.13364087060557 76.7512432851623 64.86023081294269 
103.65460645090398 69.29106103964148 120.68628109104182 61.62234038510209 99.81539891101627 114.10987447100752 72.55103712172648 80.66453858397415 101.24471294495956 64.09622063330893 124.21777832288595 122.61063645422344 62.238432762813 111.28387027560623 81.19692687185841 
110.3855459346643 96.50611451905351 83.90406671448262 73.20613140535005 114.98758430423922 118.38026234973475 79.20668001923788 64.57130423296371 69.09279422975416 103.05772706559992 118.18723350492115 88.9320109353317 88.77672919201744 65.29518169191968 81.8533777606927 
96.67337637353165 109.89132469660714 106.633293305534 109.14758618294306 77.50936191199179 120.59695307080577 70.28115316051351 76.2924203301731 105.28070864156713 62.19379328197209 92.83434489180192 119.38934436484368 106.67714336800425 101.31108006196061 89.53261287659656 
87.63215810854476 112.87452799236408 99.81787469819977 76.87236665044077 113.43069763109698 87.5504434125225 82.94918812352049 110.99366262319217 119.26638304858469 82.07680730780483 100.30691406202956 68.60781169222061 64.80981544799334 116.28374857629206 63.97729715565326 
91.90911430589053 85.89044536532397 106.98824278343997 88.81144946352535 81.01540025042978 93.83286301926792 78.13880367373993 96.84731964801776 82.92271110671753 81.5755725156942 102.39437238467123 67.95546672928162 69.472112150228 75.08689120498538 79.06226732101413 
83.24326742023968 84.4147049526254 89.64543217805081 64.43958757643762 93.83617415054286 95.99648247666642 100.76854820195027 77.88176637694197 97.44581104523337 125.60633207786317 112.32040461426473 67.82479599704122 107.07348179294812 78.05205095861743 119.04274295682754 
96.9593251932626 79.43069939113789 124.68619289131018 90.87519181824318 111.71164708254891 111.52295392852304 81.91566197471565 124.835607034992 93.98891533392798 67.50980611738171 61.92569001640501 108.09801832334718 108.51160785068214 118.23843846864 72.09471900524247 
91.33759828686804 116.60817116545796 125.28671141624038 73.30874746501136 121.55714138301548 98.72980903107629 63.1847353116336 84.43318760751588 89.74992923701328 74.25370369087833 72.56161621520309 101.5289606742671 121.65153627213297 110.78133403569733 64.57497761842353 
101.33783543862715 96.32170214862852 125.68993631670638 87.49882824576002 91.52744353178105 119.1204816850153 124.44517866100182 122.41921240410636 64.86517393090128 71.41710622943766 90.73474968582224 110.63312688442215 120.08542578967331 106.09115506196027 75.65827382822464 
