134.58605789461046 137.39605875512444 120.62921058173157 148.80679691084092 118.81756477382878 142.96951962744478 127.35592272154743 139.3242114391984 141.83232746990845 135.02759252761453 130.5432933501241 140.16078824992024 127.92415863200908 120.39434218694323 149.22104045676878 
120.95601389690088 142.1847425321407 127.43984555651517 128.48632526203554 120.81051754955877 148.1015299871816 123.29818256631091 120.7270017932965 139.209353407343 121.5813281261463 129.52290528677995 143.0072004052115 140.07677603986764 144.8280316131374 121.86295227339545 
139.94126950568455 121.05839945661035 127.31324112210434 138.62764831128024 132.8827302390403 140.42995438620412 124.78250666154722 133.76493408340292 135.77538214185117 137.41050112568956 127.00844825430578 145.3514461087467 146.72880165375938 141.0273638386028 132.44136942415463 
148.88601537908323 147.62674149755344 130.89468701960553 141.7631878054412 128.79845491515357 127.26219621973031 127.81457577217874 121.17519483525747 126.11224274676051 144.7519208970222 144.4050372256192 132.6323699505382 139.1597316018251 119.88634437148086 136.12301320713226 
126.94033205259629 147.66273192624632 139.23546581313755 119.13701159817357 118.31890725435913 142.90027295029086 127.49905511446175 117.51846615054893 146.98184897452444 130.14926820110324 145.35867686986734 121.80315716719502 134.56278663198347 129.02666024922064 136.98229721354954 
146.68080873980898 124.52239132381024 126.29574989845145 135.98428766673814 117.38994923073598 140.8773338047017 138.9814305434304 123.04940984866904 136.41663610312284 131.22007938979598 122.37275411734274 119.81006282951401 135.46143369790656 135.7340685716965 128.27065102612383 
122.18256207210786 119.03311207068892 120.8032692088428 134.92914518681476 126.97456249242242 122.03639559848676 126.17441645831897 137.3028518763172 143.70092527071145 139.2987996029886 130.9786997038251 135.53485540124444 137.53384458182742 118.09885838180828 149.59969093534318 
126.51605887893038 140.72114785256304 121.13413665601506 149.77979207225863 123.3676199549725 130.42285723512373 143.44972393575793 148.8567358837884 130.17004045511837 142.11931020115657 149.36625251020143 124.63644785826479 125.46004481293677 125.30995902428462 120.08733456574767 
141.15985080515264 130.8412226439435 130.4072056336105 136.47903356349548 117.51094425169731 130.44116028247396 132.45394140762738 134.99113060540196 119.05390236983774 117.52702803215843 119.33277619190767 129.13996434475314 119.49424144955486 137.56603710970467 135.99491038587004 
121.15604391555325 137.86990921236787 125.55725964708978 133.9320199390276 129.79066838193663 125.07238166159574 122.88927154302033 121.54090427240963 145.67950394577218 135.54346293117993 137.00013766123786 120.54366841986958 126.69163100428358 118.18568021010358 125.41326876268369 
142.20556412029907 149.74182441252646 140.92249217704025 117.51892753733331 132.8491417535578 139.9510163930724 117.29869514673142 125.77178528658067 127.14595452255152 147.23629009105392 137.44762281606376 122.44500054907013 139.83335927400557 133.39097424298126 117.23064889352776 
142.87202580429837 126.7941754195028 146.47660619131153 148.4287666890885 118.79502351908388 146.27444918317912 139.11089787750782 126.57273600043449 147.3406747229336 118.14780284604706 147.47317401106903 136.32289754702634 131.1682351584106 140.02634013192318 135.08755973360613 
137.16545901218586 134.99224152833546 117.99752734807812 132.44334650224837 132.64602789715906 139.10499461566965 128.90127957970273 135.34590587976896 135.86819734799033 138.42519579436532 143.55911510955443 137.4931195353534 138.78406281723625 125.23848223278061 144.5332274175903 
120.92398298824125 122.61782381319317 131.67355189456163 117.5265079281441 149.09203179821947 137.88315485241634 121.09523116422096 141.17771304637597 136.6991381572036 117.32480110684139 128.45380669681532 124.77306257963264 124.03067527149715 142.10103564907223 124.43722268167936 
134.62725585734196 128.17598074252436 142.53693039278068 124.07543878894542 123.90121440562757 135.85099486709234 121.86547594997658 133.45508660581868 128.41183895649598 125.15375339210708 137.359141063968 138.96851317115915 125.14261746591879 128.5735209234843 124.8151117950685 
139.9021768672916 118.6903275925601 129.921905953268 123.00364446921796 117.808367468524 146.93867545950928 149.84379278474873 124.52503718278746 120.50512972749192 147.0938909415394 132.14805721037644 129.41027839445493 121.67460346724688 137.92131899969468 140.67502928288755 
144.85916696714642 122.51484231911623 149.34179176894534 123.48153112876346 144.7207570105141 122.64636643430316 121.66794782027634 148.08544790825857 138.9418256428499 148.58538761336143 144.67558415884812 123.17178753374776 128.44398379654433 119.89647253524686 149.27520804667378 
137.42019609440064 130.66177629089424 131.8782989789871 133.37715077308167 119.34197541135019 147.13892943277847 144.89004421093878 129.60117388010153 122.73564114860017 125.66875020118931 140.90567841362807 145.07644040301386 136.43947080952972 138.15327764986512 149.1028867664446 
149.0436647064957 125.68089052991829 125.28347111492369 139.78894176360862 145.34235282429148 143.65721335885294 144.90828270935808 149.75530163112575 141.57045617779653 123.80319118347839 134.55451972589861 134.35372956436925 118.57862862312986 139.88421434343368 140.94600186893786 
140.74072889541335 142.1000720399113 135.70243035107194 127.84371015501672 120.48566191124695 133.93009603050257 124.24721206326763 136.1397012721752 141.99067966637207 131.62997034122782 136.96421810351723 118.20049441152382 130.52139211020727 145.85982951901343 136.58036377833236 
120.62441289618816 132.30776755441437 136.3498231946851 147.75058144745486 142.28545864964883 119.83921669366816 127.67419960156785 131.93520748232962 149.24688568136537 135.9935489437242 118.1710885076242 125.75794321248398 148.5520357356475 137.52969968658465 143.41905341856977 
125.28463907934164 140.7469601844433 138.81349557253094 148.7098657061044 118.74088819649468 127.84766892606176 129.96166088814041 140.34194232823853 133.88149386277348 136.33775416939264 139.96780876129176 138.2653612059413 129.05323315042148 118.06700932056388 117.79476816929964 
129.9843876646979 136.33933844130524 123.5985803879942 123.80750207891077 137.540903223652 146.49828884718903 133.7265199335089 132.74965952463612 132.46434316552515 127.37791342602742 149.70714921237285 126.98329850252286 132.02781158011706 136.79934621294757 142.85399797688672 
120.36824777670284 134.10661122444753 117.52828841921969 120.26209704631893 137.3350312169515 142.93300465257548 133.90007863847347 130.17240676829255 128.79839001713452 129.534809921701 117.5806685209989 124.68577015893382 139.9257355395243 126.06833533672939 135.8520517386671 
122.52537905107584 148.6935568471756 117.28162332366311 144.18671088159954 119.7271145449004 138.9616555705193 148.16956481718717 145.95667569764538 124.96398850754 136.658329938162 119.32566814084272 130.99006588979367 146.95304473016446 144.30810170064927 136.17992016371483 
135.99475631597699 127.09254000807825 124.76879964208773 147.18393605148623 129.83148403698848 143.37905254379334 145.49415737665845 146.37910198744228 136.06274731793684 142.20060530650528 131.39299294372412 134.86419242177695 118.312070833283 127.0094008966748 145.9992724824858 
123.56158616479821 144.69574133433784 132.95029159889032 141.95425398054428 140.5319661184749 131.01905862674272 142.62435337937407 133.65754570343915 128.4885436926988 123.2955327578787 137.31205202202977 120.6786139224137 132.95123762901363 138.49491176895648 141.3762293424516 
141.2891041010325 117.93073009053283 144.23666136231495 134.42074508763207 125.21747765070737 123.18166859083487 124.87794142712528 147.43787823940963 149.14298601488142 122.09107686209953 147.5236425486236 119.50107281330027 146.4592909452334 149.69662267017742 132.0503246925103 
122.68688855183345 128.80569844055475 125.48114783502889 123.44728512986374 133.75952386767955 125.66636629904266 132.89952940033808 139.2112429555989 135.32442184537408 147.92005704022586 140.61601936266203 129.22754952610194 132.7694853857684 131.5441274960392 127.54305732869567 
128.5390090068276 131.1129547160967 121.07916240491197 131.12530557736574 149.75100128305783 138.04954762898308 119.20276470671992 134.25586073856573 133.20327073437375 138.82418863756882 119.6947853228902 143.96853746278438 143.12291736467193 138.89195305900046 136.81867998278898 
121.79357466519787 117.6245144671503 117.4848836824485 158.82196088159228 135.9369802127355 145.33927553555327 163.4303254175354 146.39162183095152 149.4781644454394 160.2953804718582 115.51052982841827 151.77910422405694 163.65581330944775 122.8417697652478 165.13143141941788 
125.92066397895482 148.14596216846547 160.41099824781327 121.34210199000614 133.92653556837988 148.7959463450248 134.76111527338458 122.09611610561494 134.2253977333925 152.43985184865994 137.18681310428678 154.7171105378203 154.4014343813096 151.4141515794101 150.97969234071138 
118.79816043280988 153.74929163545076 155.16622331576275 125.2366916215409 122.22751564195984 125.17008857972185 115.85754149065833 117.71659961465578 143.49750754390175 118.01355929440244 152.48453048925393 131.6106565873447 136.27943395080635 157.55562338717945 123.02225942677005 
127.28062829132284 140.24153843620562 164.46279729908227 153.47291466276397 152.92409838749523 153.24928505029018 138.32706567882943 155.79066623917606 130.05177271914698 155.40392736763408 144.07700905291856 164.09294923212192 161.02747339992555 154.4342727493318 130.2605702511236 
150.99561566402622 122.66795212628467 142.13296790738517 162.8593570018855 128.55250532046597 165.27226869102623 148.24567053167232 139.75545631588352 144.5553934546283 116.14957618316566 130.0202853426656 160.9599840422635 119.36592789377285 125.84289627902047 129.81008001687323 
126.64305779200498 139.52399529642418 151.33174688442045 127.83354690512733 144.76273322446588 118.85868251639958 115.11649492501327 155.93492782339405 142.9197659273541 151.3361895772561 150.6405499901752 147.95358516513807 139.27034149613377 162.62929392967442 161.07090595611808 
124.85922398108998 134.95327673688936 160.37973684912131 148.0243320233301 123.51260464419164 159.44370463415294 146.37099538691945 142.97118999490124 136.59163963929032 121.20252516939902 130.2437179837349 158.4849558836345 133.6384420865731 139.4937543511517 158.47388726951388 
137.20592842080546 124.61895980709505 164.63070530053307 164.46348497613712 127.06000642542907 129.13259239520616 149.64180041696537 157.01797658916186 147.02235537859525 119.14654224368552 122.2856771943259 164.82594479629904 160.24903624169153 131.01279849458518 152.96634642693448 
125.6858763388411 144.19519589152975 163.33127864660304 125.54353243944598 120.26510349392767 126.26108638812141 118.74070475189868 143.45757483240223 138.6444932878411 134.80815806090519 136.17902426178398 154.41185579373393 135.37454342188846 162.17769741406607 129.84588430367302 
145.4888948425977 155.98916249133688 127.59555049044518 134.09756155542667 124.01951006451539 128.85864961909863 160.36367289806026 136.05756479613356 155.09446197927392 117.67480436234047 145.70110844572895 161.6299697439063 146.39589630796166 161.06040220433738 128.71038711196073 
129.4708090183648 150.80201792775935 136.47854119294877 115.944582932633 158.73297120149493 121.4676834915473 156.36467190030226 123.32815021757821 116.83547068102162 165.26500963101338 121.64136105303777 156.29720903832975 128.12035154661228 157.41894973949758 129.09360223928488 
126.76754207635503 159.37066780404115 152.28048442439274 132.80010129365894 120.1135106787599 129.442547510821 152.52054868142375 117.08868804060386 159.9055293587055 164.67703913141168 121.46018336703945 149.35195382130334 142.78360557063695 160.99928472517533 151.26972122422399 
155.58954493895783 121.0934424983743 117.09185219260021 148.90720048945533 160.14966703742206 163.10125956519417 164.1286515878947 126.9434789759916 145.28116760740693 118.7433257292842 154.14693688542437 123.17398388319086 126.1651052653956 148.12123681093684 121.46835498354949 
142.4592788236346 124.96976082486097 123.04079678515774 125.12280900375356 133.6376060925283 120.30918861332027 160.4688935709542 148.00573087207442 150.88729550594633 129.9597192646185 127.86935524627319 140.44792311716049 161.08787686165667 149.37595734970773 161.75015507262313 
132.12890358862464 121.15400974168274 118.5935879115259 152.66481392951107 163.89326032123176 129.6859876648959 164.27577961735597 146.57061277002987 127.64986947652213 137.414063705962 116.52472087020867 117.23072821598883 133.67899700359786 143.1744580305401 126.37124755259573 
130.205348810409 138.46551460731638 163.71010411888 117.2618630131119 141.84717309405815 119.46794683168395 125.42044844390865 151.8403421160401 133.69829402461082 120.26740500266098 161.6435381039406 148.02565303450558 141.51849074773935 115.63627636243855 120.71791311816156 
141.84356982168012 164.88539457180246 116.21653041124901 127.67109176553387 129.92183903240908 144.90707822617034 132.33818550369165 152.97852362006938 151.13394670209328 124.67527460623054 150.9577987795801 142.81335627535168 117.94616321993064 144.3285509143624 138.6236738850789 
150.18261568451226 132.30249971539183 120.87582988492673 117.55889896303879 128.55722911724266 140.479856215831 134.48675445976045 126.77742776005424 134.9051173561556 125.61753182019152 148.18738076743048 149.91357215232037 154.5806705694793 123.85769790615116 127.97822185323676 
123.92575848591231 132.51555640552067 119.17923761898211 164.85399819435204 126.61440658338668 140.05062359687548 140.04243268868808 149.06902588485787 115.59129225217343 120.04545705197242 129.74145967331225 137.38030775471702 141.81546858899495 141.03206264890875 123.65264682185092 
157.7749793643226 129.3639790475019 131.91743953491246 124.1133176201032 151.4770338402299 115.32810769689993 158.07048057725774 155.49294547096684 136.82779238863688 159.0048024365116 158.6006741448015 162.0319846329304 148.83293860184364 116.77192099927119 131.33869924924792 
152.44842159955783 133.23306089082448 124.25612358229856 133.19967688680768 129.33823046346606 156.48957827304696 152.04163511657168 152.5317883394232 130.51008039656148 131.64535734433775 165.27441466016 138.08472629335364 119.42031667818013 140.7150800946184 123.25550678262536 
140.35506563377777 163.13220232181527 129.04075717930445 141.04074046492747 165.18568978337717 137.08113396400523 160.86364770448375 125.95258252545763 142.00594345591588 120.71299814209172 136.51223645413907 135.0825857340981 143.28921714081713 120.82501496285757 142.79725471728554 
162.37427539428495 164.29904164173468 145.4405529884025 133.95944206746728 126.39505630217322 160.80169435331823 144.07897042391954 145.69180038081186 131.4836177895916 149.16094572235886 161.38570802393974 117.15189526463516 146.79896042322272 165.339212502896 135.86836704647075 
148.60282300615336 116.91547290549006 123.98048974360964 126.44261813816837 154.24116965085585 117.74300927574535 137.3840918297767 124.99746771839638 129.11165085682495 137.64436081007764 164.40443348266558 122.79706785562375 129.10995485355915 135.48933226491943 123.91219062998839 
117.3117764338613 126.38524647426468 120.30406380663534 123.63390949999001 134.92954955193056 151.63969235290858 139.3658473243772 164.12668868754955 135.91135956212418 131.2978087013803 130.98449041642658 136.90095089987244 141.96339336118442 150.42779602041958 143.1903575500685 
127.1907695833096 157.40845535331948 135.4867693260233 121.13555700385373 149.57548260829827 150.2565473787541 127.56615783490842 127.1547099201416 120.10122693929803 148.27839340712666 151.2720818064146 119.63767732309061 125.67910916374261 153.923886940267 138.18986163668072 
154.22654070711093 119.0813284525482 131.75185615332524 147.41211599359178 132.68953069266433 117.27968803186923 116.18816719833569 122.92529185323146 122.90778894195266 146.326598729045 139.99375513305773 138.73872342707423 143.43901910257318 127.32085975389732 126.94591874578825 
123.38424624602021 139.15118081666031 153.12604876282438 117.31556161991335 131.45167477795368 125.66311124732233 126.666000040227 161.97415439408672 160.81902002903996 138.11924214231135 145.40887461520896 137.751194727165 127.05720987641772 150.0633442891575 156.88227649926134 
144.89188074347126 125.35596112148423 117.0313612867703 163.3329769897977 134.06624685495038 147.7863425919518 119.2507830450362 140.1408807064683 148.38774989643494 160.27945812726728 147.03053518926973 165.12005108656913 124.94662592889276 151.84521221540192 118.71734323284342 
145.09505843497936 127.04097889056615 143.19497602003025 151.53144440885214 117.9767779945273 147.0221537095409 125.79367181885698 162.15712370711356 126.02304755086783 121.39682550503686 137.90607990999658 138.80044394748316 157.2030392316553 132.09341649434944 125.02871008280323 
-19.455849947528954 -60.174150252011216 9.2170293901857 122.07159615081173 7.996767592972233 -15.999043591780072 58.41580870556565 66.99584138432462 29.843465365464937 -20.797746443711034 93.5481224723282 -27.52043673572632 124.5618076198545 73.1860967040532 -34.47810452368431 
-21.290858812370757 3.1198800496582635 76.83062444306208 -33.261524423426366 127.02419520542674 89.69344651768026 62.78366398510428 -6.910051211701884 -11.079193877937811 59.52149214369943 165.21549599977178 99.3135959264757 166.25561199062403 13.763377745931706 36.66224376587823 
144.6661791393277 146.1966631830258 85.51557986154836 -65.20935494351302 86.05392676824468 -0.9808909468376044 67.14545795078661 53.5396805534795 0.593060851428362 135.0730158404477 -8.152201333337253 54.6335798670448 -40.990087635352346 91.33380430178198 30.119997308292213 
55.70539522013759 -15.381643042611579 -31.968358650790847 33.32968148720013 -5.815321122817089 82.49791164065391 131.29347862911473 6.935857697138189 97.48345180028298 45.04466243652685 58.186697368462134 12.514765412332736 166.00672421547293 95.37473931272032 84.14536449253546 
36.13735368993612 -29.99337678868646 75.85231222829194 142.62651096383928 9.05569420756791 -2.971065808742374 144.04910189835837 12.847842560511111 56.3721812138092 93.28831140237648 1.163946129930551 166.46290050488216 116.46033075444828 7.175638805514453 164.66966527890355 
69.12106336925618 7.479970759280874 81.63070022849698 51.5754246839316 12.389938414284416 -56.71367670765539 110.60646420128182 102.01439318468073 16.267091877396453 24.154204803722152 149.55720374847922 31.84348337041989 -57.95719784925363 161.80496120189542 133.93470079500958 
50.0187117027192 55.636775989707644 161.1095207323058 2.6608210214546943 95.57515618789424 108.40308054526724 158.47725533997925 80.73414488201672 -9.622112331902244 83.00739342865293 5.8112160522256175 -49.961568667319725 106.04959366048843 -40.909655742142604 69.90094198099683 
119.72575062769724 -32.5844018222578 171.33260691881543 47.216288719673 -36.59141762737536 104.28825788438598 101.08738924771149 -62.551726413021754 30.18139398326403 -4.201573497177428 -26.12549273054568 -47.340634397137634 119.56744652246854 40.360980295138134 107.559941791678 
-62.630390235397456 147.09611974976238 87.32918997118105 80.87240551081177 -45.214653286554274 114.50222220174385 156.08924638803842 -12.567512458464591 40.29577243604426 -6.272011549120464 149.04601297853026 116.29492379225735 -45.5123099871937 45.15086395467331 -5.329353089506554 
31.104131543608318 141.15673265689432 160.22943691649095 -56.526129855320775 40.34383211044329 23.76699392045481 -61.69201608012693 143.7195080517744 68.91619543003972 137.60278895192772 -60.27103738349745 151.29452002948304 141.17338031624732 -14.602325235562127 44.846977608487606 
12.674152998354188 -52.75885933415412 121.31859855383837 76.94084391244823 28.43350080520227 122.6316691785255 -18.575767828856186 64.14640786018873 115.7005311334922 11.089876573613324 97.8412280796939 -28.83828800458449 19.47838905110639 96.26085550101365 7.456957223084601 
144.83061617727085 140.75896372490044 38.55370321539094 172.1122489146285 -33.57984745843377 76.07403973019254 59.139471345661775 165.756890184856 47.16760176780902 40.4819087272692 47.13977658329648 169.58784440479656 -63.76800922416812 -25.783467082408286 -35.175593881612755 
148.6631369732689 79.07159998112101 81.33060770363358 111.27032459791934 8.376325776110136 56.16079853685285 12.999450359543815 -41.298638975289556 -64.92200538807109 54.47324409531559 58.600300949357305 136.81351279865285 101.8168863283305 89.17461479371576 36.28192222468306 
43.571671980470384 82.40335354395515 -23.288986653821183 136.83452295204478 98.03855532054521 49.86489683099052 76.33124406438472 124.12656579785394 51.27005401441507 71.55882394332761 81.57255837603978 147.73756349417303 36.53214583569982 133.38831667098367 113.5536818349295 
101.60581631249698 -48.93455381264006 158.17617351305532 109.15107122718314 -33.20805723876456 123.82979948286712 122.33291015303584 -27.638504178467585 129.82217521460893 21.44647944180508 167.33651011037423 79.49680192785306 70.6270516802305 168.33452101103543 111.64226001150098 
-57.91640070662828 82.01004122138437 151.38791223790764 156.70094849812696 115.09093230583801 32.560381726170974 61.430921825123335 42.45402209494563 -25.974921355703195 52.80723688229649 126.4061863928537 89.0926950145851 117.32732133673042 -58.267048505626256 -27.873376678369283 
1.7947836346429256 27.00571436161617 -57.36675502365958 43.820272252719036 45.95189989709179 -60.31212663169298 118.14328873932558 -47.3003373888267 -41.34411571111145 18.01674925144947 125.81720078032546 56.56090844165678 66.77807602179598 160.10240280770145 -36.70222479187695 
152.66492618941308 107.23577080407577 4.737920315002498 166.0523136979735 -45.70387953669237 -34.35438428218842 129.54095842032027 0.14917903660243326 173.17972503785543 113.94141604629189 -48.94692730580627 -43.01233434933471 72.59785725993203 162.40692965351502 88.4964883682097 
15.23435962634656 -1.1670744557565342 101.86790075196518 21.81011085504248 -45.983683933381855 -34.159111063288506 -4.728169457860595 21.247447430342348 154.45451725447379 164.33213137775843 70.76689298750162 -7.797619428556395 157.93976677828843 85.12654306295681 6.101105972378377 
-66.19063433717453 -65.05025151087698 -32.12291850953113 120.03197923098205 -20.530759419777787 121.93437621040488 151.54375782727826 -6.78824719812809 151.90035025518307 36.1642444865999 123.84416085697262 40.63102689640941 68.14165669172297 0.9406621636306198 163.51778794358106 
-62.96296928555167 162.01326245146873 150.24573530258206 89.54126363835513 -55.5439953580706 17.379024707173343 16.537830996832028 115.73912026479053 128.88661108119203 -57.45583525820396 34.130122022108125 21.184277742541497 140.68365250515114 98.05322841516033 25.490534637908652 
61.254211228001026 69.41649753050791 156.15057858827137 76.3377033829845 122.20296489463772 34.65546144456677 -49.92914274297917 157.04506017757888 120.3128139628775 140.07410892430437 136.38655138373122 129.1592738130576 74.37429083257828 141.14798972287616 86.91648107605559 
149.13263202700767 -48.34087912677964 -25.54286448882894 27.396288972985715 -8.861838593124034 161.09571408106578 80.11805662402563 2.1820291182548317 -55.48918232845493 -24.58730480542677 41.67292323950828 166.5125760518272 -12.160866084867841 -41.91596124244679 50.491839583898454 
-15.057092677754916 100.30606450001912 107.08484704287696 -17.445562096638426 54.82664375831919 22.622246284674077 -33.286129152704 -14.785155180026905 -44.610530256685095 -37.42078671108165 110.21994921020476 101.7324184680729 -38.082098633600474 -19.13678814177495 36.61812609433139 
27.583051444125175 30.737417816798327 20.423824722002976 -3.9622676243142294 170.99255400722612 149.08895535206415 169.5781350452953 -0.6920064254522487 -3.6603902798666184 47.80451871957163 -41.40921171916092 0.297348475700673 44.3621027817217 35.473799767389224 -44.511155545962296 
32.51418356707039 -5.642913148928848 78.53816277300749 94.79923995812553 -9.053701847059834 70.07760179134891 -48.14535645248512 122.87311448077463 -48.69255476039429 48.29644345281993 30.522400821979176 95.01072463952909 71.06962987963573 115.07790339968145 16.133336771372967 
34.85096437997268 -49.606079318245214 165.29174061596336 157.7422700717183 108.79597110054158 -5.084850286868239 -52.70257695444653 -65.23484221842598 -9.118908713128064 145.42446049844307 -16.454261416981815 153.79013217123187 28.099406009468424 56.805520514111436 11.606902593714352 
126.54910787729276 154.5440231896077 20.10252065576566 100.41746246400425 157.5685963202408 20.61568134003842 70.75397408619241 141.39720103563508 66.15253391385727 -19.640977968385478 93.09554701013897 26.35766531153979 94.6797450943491 52.634064114154825 75.17199360369347 
-39.11613607701738 66.1610287700044 -37.49277591649938 -39.47744269046478 168.66719504978917 -54.55838461978198 -1.0076629760551583 -61.7003269789883 -57.53434247701824 25.169307245298143 101.3084936476732 104.83010864384028 145.50349513162547 139.3104583464221 130.90326527382507 
30.546162754528453 -44.483911286820366 31.91314771935845 138.0095487006904 -17.84359273555407 -25.511407512794527 115.91100912942417 98.67332990439047 -34.396750255615316 -30.92461890091974 -23.90195850159403 96.6708196639444 -15.534114113059275 101.01198192340925 -53.19919134109351 
280.81085892914774 86.27057922060493 145.32871308373493 43.53100561812706 133.23382898902656 140.6750852148803 48.03787644885712 304.3828673422845 231.30291702235013 297.2973836034796 154.4399331564179 73.20605549034539 155.39902869218741 166.99420201420511 267.3963178685551 
187.227994855439 254.86875228260422 61.760521940919965 181.69132172073031 261.78658263914457 323.6737429515671 142.8742313442164 323.297607909588 254.55809179279694 325.6838497696132 234.3528124997334 73.51982588586853 45.981991715149874 240.01198870819402 217.1939056926169 
58.50547087069165 41.35616887865083 226.08079547704514 74.21937079137983 237.22637043120952 284.05762460486903 152.54028324415432 111.30231813438279 158.14474653193346 92.88252176869067 121.36951016023832 196.4520326558263 121.29081440899257 167.1119231060269 175.10078535800082 
83.61494879093453 42.02045576816791 282.04222884876793 114.38815522360875 304.08459980043574 47.35200921667562 102.20304706502631 274.0565771245499 329.3865252763869 219.64421775096798 116.7357259113631 186.8431775348477 175.56255545792217 278.1754780094709 98.44543676150244 
55.91738817823146 133.53177857437746 226.76480075906903 190.19683946645227 249.80763391860108 188.48198603718274 240.18721738905572 288.9274132741489 327.7647623923316 127.43544966905239 161.63586652874497 84.69345703009529 272.6883258757923 314.96393761890226 203.16263322544842 
256.7563328197605 58.6783467521305 252.57256552014434 109.81767551548533 297.57716616812536 224.94852675178376 325.02978002731413 120.58019208264434 56.94629271431532 242.44720028710586 326.31998944914335 170.1501844140658 52.5451415279382 283.3577275005898 145.284196335506 
302.54281138553256 129.1342369261945 297.85954049863506 91.32456927929248 253.49598094347203 335.6603875572995 285.259982678171 158.90558729966915 310.9052853608557 119.99190439641403 132.26785199943856 191.3016991103464 87.71439315991564 274.0950471950465 99.78905317127358 
207.12755953420168 173.6919443834944 303.5738993925744 218.20064581859396 84.34865507399437 40.18413519112762 261.3156357506633 223.75405604324487 153.53353864000846 138.7298857052501 223.10885651717427 125.66524292730737 327.65386860550007 322.7797885922961 194.35477193204466 
239.21210790426568 220.43036040734586 252.37685902156565 336.3039544750758 188.68789764141403 195.08015835666166 33.35834777056552 66.61152533499718 286.20158356563 75.56373219534896 275.7794746495257 247.8151703915524 295.52411583623325 152.86054218584246 282.27588764827954 
128.15964498871642 159.6404592784781 202.28396798123487 48.76959932301111 74.69342294421878 204.92662138400516 115.47108313760634 157.21462019239655 295.2047450918319 233.12875494860174 340.6942521213425 279.2577035468537 140.4997442119908 173.34563076738033 259.26670401588933 
250.4693474900324 241.40739871936947 317.5090270789526 261.68490803111297 277.5816356922497 275.6905112093476 310.63273017413894 233.15116030615962 89.35313798078546 199.38163090702574 68.013621445457 181.51019699315452 233.46014067861796 191.90586095998285 287.0126511737044 
247.43916466561566 305.5837935316637 201.58419329528672 201.07721406976594 146.6500329866809 255.80344869824032 63.59523740771243 220.89532742889355 153.67941076852196 307.42256485842336 294.57889384795146 43.64907231933176 198.59400560501803 161.0780977074375 159.19218654223405 
51.680241903783646 120.12525331189318 162.2222405773506 296.1311888659908 313.553896773317 185.32656696458693 226.80818276667728 120.14243988941158 76.01994510034078 319.5081566146805 186.11626281253217 48.91351961571669 89.81136503204829 165.16192404272095 301.9687942717312 
167.38960354198755 253.99710371487402 157.94978262457994 86.33815417565177 281.172666554086 110.07373330100049 292.00515264480714 307.4243125099953 311.09811594720384 107.07110012613852 127.39325144012675 205.5334056290499 200.99670163742678 103.12997632119757 97.00112485862132 
171.50996313091284 240.68991451960161 35.384289573683866 288.7305240220272 194.64384687771832 158.79864592827127 108.14046971496064 280.00108478600487 247.46406603713643 214.9919917867253 65.50775865210386 280.342524280819 207.8437845960086 249.87984697489804 64.48927604782068 
137.54766697941244 334.9761684352593 90.68118786780641 169.61037701093753 303.40050543073414 189.8766142747491 202.3182153982578 205.17390412349093 151.2847962973416 50.54367380729542 118.02635387093439 109.98017121022978 300.00924854257823 321.3154603349857 49.437473698120996 
165.01859947273152 316.11296653336944 175.0204995589064 293.0922619765072 274.3455428969089 285.634237629918 244.29591330904097 69.74637828490523 300.91605448480027 37.41560456813835 63.164676754392815 307.511858141561 184.4895383778324 236.09375652138348 307.1629075740723 
191.6709711158252 80.77244486207488 290.0815753789441 201.56236429147802 198.17312489459502 214.51958326957168 215.75662158104063 300.1722066290049 104.46861036587572 339.5954893394737 177.01887817550042 313.2045340439214 109.43743197019113 151.2257286035939 136.58962414768922 
287.91396368084816 277.266675940614 60.37245207548678 72.72920981078148 56.82216061800936 47.95467433243242 208.52077270797218 222.74426234555816 31.18257808399947 105.03795515900299 171.74428181746424 39.471499957236446 236.7385537873117 165.70780819673274 34.25957833341194 
35.69622225112113 308.0755182751136 80.20861685498767 332.82828917913844 267.6268891529767 159.14708707599937 143.05318680897025 55.27273617208543 147.75933022491913 209.04765800875163 207.62300063795956 266.1636555279736 175.72670493737846 324.91773300755074 221.19166690853177 
185.06899213633977 315.62431420514724 331.10929674563715 311.5367975661766 154.32521289310344 69.22880194073699 155.48335613780972 103.47752068750418 332.92134800807673 137.8022995262075 52.57904077612555 155.94406522433118 253.45674747469582 303.59868182124524 245.82681855687355 
197.85730803503122 160.07995087558837 188.07121696943722 276.19229225854485 56.15415937340194 261.91067129290116 217.5140468216674 220.36521456485482 239.2702799701095 41.7753652996197 283.1622663437526 85.35608033983452 138.0512780228558 216.8635603093648 294.2392663426265 
219.39963991859088 210.10882485814858 149.92308567287628 122.3601070536249 301.4841679450252 315.14890447130267 99.70252375028805 188.21643454851846 208.7613326859325 248.55363796367456 133.5930885573237 96.86317073004233 174.90982741958953 329.52990034413676 116.24651951917907 
156.12963557015385 202.0894929576466 140.20280474483783 147.29539940050427 171.07030483478846 174.1957777613647 294.8587100902737 192.69350775831282 284.10392760204206 163.68791597864563 126.35037315595146 127.00927484412726 159.08449330949745 288.727407093285 295.0885515242369 
276.8208257300182 36.28931618278235 147.3679432807179 40.44403563060191 124.0347983681915 66.14337928760858 275.80692347717627 153.38619688009345 338.22035376461565 160.540206553813 234.5277560195266 144.67308384265158 86.9487114593767 181.5110558397782 225.3396671814352 
241.0140366674965 133.61502458636105 59.049960170621205 160.27294000763587 90.14403190948133 44.8597881149807 316.89377964402115 110.02529156886403 53.691693083926026 250.6600376387033 145.26227699624914 189.47969290439733 227.55395913811117 272.31170418244113 211.92810388854863 
169.6580752238948 283.7665397034209 277.09275509594386 192.86408220128996 211.1891882148218 148.54026876816306 69.30041708484612 132.0906774656851 171.34250336281346 59.839373901177574 297.49808839132436 266.31418517464806 98.15648650425773 152.2869617131175 287.68343211913077 
194.384738477009 207.90003340264056 223.98006267534234 105.12831839510957 205.35631718658357 259.3042900107722 77.34840257096013 95.34334308506665 316.46922703038865 103.25395089459126 273.4441447859745 238.91090972080022 91.66942766083669 329.7052156595622 46.71942883089356 
319.11995307008067 145.31723388122134 225.2257915399215 143.4931923022958 35.98691331506165 173.33563160368672 329.9417531225016 71.84680451781591 122.22293125135546 159.5764909421909 263.15263557556653 239.87326354770767 186.9588013240963 111.42207727211758 309.79105456658726 
248.94341883664256 116.70245896046436 80.10853059471614 86.77590586049503 104.46774439221471 90.60658444536276 118.78713089521783 91.30007654719984 309.05853038056773 73.60622154134367 60.664095635735464 36.05732678195807 250.10590778115147 252.19120986691752 330.90754270770003 
80.85472716151001 351.2899575864077 146.16186661851145 207.36150352258323 343.48224310947944 225.26742209257972 176.19046447911703 325.53136573323627 247.4070584972272 349.3114461768223 70.2266045811414 83.43433778277642 135.79474539773275 287.31970001970217 146.61423387960124 
197.54354659658767 171.85759194577656 291.4017141289171 138.12722872588242 279.8458531016835 308.4513527169544 105.5941854477744 74.72285650881115 295.52472003625246 107.13993348311178 37.018650395294735 134.89596247095943 161.6789191782475 349.11525957818344 332.18684199233667 
273.0434071371593 333.3686087638192 205.2015496738632 143.47854813673788 89.11005189814729 203.93621290184518 325.4329480465599 213.4803256795798 20.984387606409236 60.321778916143906 139.66837220589915 189.31256912709813 322.0623711280406 328.44408207369236 125.46779593786323 
92.43537936876028 240.17199982587798 162.85219836071443 46.63218395490733 299.5255864175489 83.68903344931812 95.68623357328086 309.4917726767376 121.35382979169309 22.084315976385383 294.3902275954848 153.57414827386822 314.87735663105275 282.6891310942907 106.87015678545728 
131.8925776386654 208.33422658476255 336.16983985600825 235.95521260058217 23.99434422425935 29.343485208398416 191.52097607140232 44.68322285191252 343.80129788653346 45.584012858789954 352.42223468586053 200.36177056688268 196.4956218052192 26.501861068651678 218.62218727532735 
61.38603178817763 24.68417213578841 276.60651737064984 227.73750198946192 39.40420814211671 256.98391093525174 47.97377433960601 234.94847818611328 195.1542785625348 163.43815133088918 74.94967760373017 84.23328933296109 100.73481373168221 186.22836010352802 35.74291910335715 
157.8783396889651 123.999465439999 117.41839294932484 146.16421939671488 257.58261485158073 210.47066899278317 167.1072320879746 57.76641925194732 21.786013664818203 286.57923804828124 99.48464087456102 133.69030771058442 144.6222764197133 153.1575820437627 234.53146417197192 
93.97744063381319 168.6840050992376 112.9647769429678 96.78675262165893 145.24979461490312 263.7291464662292 231.5555164390789 58.22740445776928 301.77069926532874 24.83875605629084 174.19318920070674 143.3258559661295 67.21907549539239 285.6268919203335 184.19831539924638 
223.61972881618695 274.3116679131307 142.65608340088653 90.2718943883406 165.13306804854432 192.52140380218108 109.88597063364784 257.9052870756729 28.55948201771248 129.16761584931976 50.20590227189053 19.567670057966012 292.2762658061313 34.32380535144375 173.6738472539169 
259.2743942389128 71.1648834538457 69.05083420635208 31.59952869083352 238.894823436545 169.89884971107713 268.3635214107917 338.84448394133517 188.6797705545673 122.07691487996583 95.39864111319807 340.95955927288435 160.55752737440915 38.03161445491757 243.31198401450823 
213.677899537849 170.7186044889557 88.10888804054835 348.22681249178754 242.01898112798662 303.6375798009226 337.1030669166015 83.20184441208639 185.7283877710718 81.12490072402647 296.1695078981021 158.87057984500316 191.49686704340385 316.017786712521 94.25913460280103 
336.5030420648159 124.0656542371166 112.93937801799382 296.7124789298025 164.96720144132908 350.54046708434987 236.15080284177265 107.31106991362627 208.49492386561542 119.95896730918932 113.56740826216651 347.97523068377245 212.35711205371746 218.29044272416357 257.7820531904229 
143.99175597774394 57.3014548037919 248.92830631955707 256.0446415827183 209.85649545423038 161.41878938873415 285.33667531910703 224.40733257272922 204.2112403514721 157.442382358251 304.45915246836614 204.44630172790772 29.182822929725738 262.792613181737 42.50452053639752 
141.44245642768493 316.2069959675433 335.32667927233774 308.96204016037893 155.7021440473974 293.33434238922814 135.8400382576794 281.79338582560683 123.1806803047955 15.829660919863013 135.858164612218 210.2113642975053 21.542033952168484 60.40979455495128 96.78156454887608 
28.100192762419006 193.04053828453146 142.56408247594516 238.35464161264176 263.794433058929 95.02937748064086 71.53842861743567 217.71919374868395 166.04769015812957 318.78700023197257 322.2819750488194 348.86687126503307 175.64319574890285 216.65709510283088 328.1806643821452 
49.161557784079484 148.1706084875499 210.17167479820978 260.5404693515303 220.14742291482935 66.58148243828467 26.178201988268007 46.38628681830203 221.61122687328594 226.1825903174441 258.50420352938994 48.89316149031084 135.0121737759775 108.82681119448864 314.01923752168796 
93.99987237452773 288.92964098792413 255.66387990267881 267.61269502194386 186.95408994763952 19.647096399363782 46.27104343374357 352.8038499333942 193.14159428342282 97.81017631054206 316.13673700092454 348.32401247776295 254.93334119599197 80.28911312994082 128.87744544033305 
327.6136598354102 185.10667717975144 168.63743728125016 45.30515040590507 246.88207722474542 315.0419873116974 160.68942206464249 138.70267855251524 222.96298644407102 65.79008264149465 74.72720978785085 232.97462034683824 29.741147079354086 42.646336343041185 324.40758583156685 
184.1385906326544 251.07312613452928 15.933759860364127 204.17779790235284 136.44937608790735 232.32994903683002 132.10010568876118 109.8845261537755 139.32165099736773 253.97164085083995 152.7448018531116 287.7854872296275 78.49929157628625 355.0904320259766 251.8539257506453 
323.3103618882009 253.0464012002395 272.9229874502536 91.80748895573647 295.7330654536154 37.47378886667447 203.4180250376938 110.32779430672876 75.3949010849139 272.6346895009344 93.44643087013027 245.8138806646135 23.730309267691805 297.15587898561876 192.76144923529 
185.06148157754376 49.05113107148192 203.87352318602044 146.73427444344836 30.674741896347314 238.0618741018377 113.88683926540138 241.18584827655403 300.7962349100701 62.554229481176876 99.34903805075464 107.20330532621229 307.45739483841317 279.4837052762848 292.71059574992614 
201.16911236693 58.851481578300465 201.70635021227557 36.245022991795906 345.91227544945593 87.33192767878474 193.41555042638544 194.78309979087274 120.23393090534329 287.86191653557546 61.30021533461695 252.1285143270409 77.48755713239792 258.4780342878857 333.7774955398859 
259.08361727761314 168.72251903664156 262.9075682763163 52.07691138919922 61.75639449917554 253.2881999886902 239.72915774101943 332.57281597265046 283.4298651205504 261.30332889515205 79.41617381255577 156.53720894996368 117.64418295744761 33.177177285311714 42.91394941749168 
149.5685284178019 45.9681226814149 179.47691823066071 29.93628431164258 267.15145589862993 276.1211031636773 201.40173130323825 38.405266254088716 189.32900228743594 170.27344230173978 65.12004844215866 87.05260318487365 307.00505839164646 247.14586961062608 130.69632572834513 
344.86158685481973 224.88597864945945 176.6625977170145 74.59920280798838 211.3349473185431 321.1642225460105 209.19920232559554 79.86360709183602 43.54807058515253 92.69054419475327 242.41049096888003 337.82941060159055 251.30439294652982 154.84435459964334 86.95994918543317 
161.81363927582686 104.19769566531993 94.17384438372864 249.61066498670036 318.89438548192857 263.5966952296313 333.2844352025612 298.1328901102577 104.90059263279457 204.52017883128792 136.1550072390616 312.83719621553666 204.49146835374032 28.544535520712657 214.3074294458275 
123.18333828114423 298.9467495567345 291.7973492182082 54.26081305681229 72.51501958985878 325.3680912999241 198.77450975558045 239.361866819706 95.81790209793137 124.68754959870007 224.93565567376862 46.60502942889332 213.23036970891835 79.34362048251214 345.53060357808806 
53.96553386893135 70.83429260368544 93.10333894283055 257.1780383110962 107.52324630810267 19.362330186256944 316.5799637696995 307.83299434862965 119.51613363606461 51.83901328990316 114.41023949416184 128.1593411308507 295.5995698915266 259.4336829770863 76.30344307020957 
29.091876006466208 335.9561753822884 279.76523134639274 28.39592959979543 50.1521196819928 349.51306911593144 59.142568343158906 131.65428476686793 290.1493992542703 36.006497744550245 270.83489995998 154.19835220604307 152.10809552827055 318.9984013797458 63.77492732293521 
117.17572829363765 62.71503493006676 194.14101520810362 242.0815431153175 177.3897331721415 325.0818185162725 177.7223300279238 214.1621685430771 89.04728943531089 171.40016837710704 322.9940602683398 204.4868317654941 111.42408926201331 318.35167682140275 131.19322017862638 
145.29946608602347 269.30622650285414 190.2087031785287 152.28299840764606 136.7029123729464 76.9447851136893 154.69834221945925 178.793352399149 255.6464104984676 182.53312483652232 241.83463763420778 271.2275956937183 239.84775267699882 184.56157758033095 192.8472358632109 
209.12474327429143 228.29709055932682 242.68372786631855 195.25142587256894 177.38191208361656 248.1515005362282 102.55749201778578 252.48529007764225 245.30845325062867 190.4423922061024 197.42558157948855 228.33693475170213 230.95412851590277 197.9562946831814 72.1809900183192 
238.40226113709429 176.8217415449194 117.31310160714243 233.22542658545646 249.6126091605732 105.8364135186131 71.84299974901737 182.06327506687148 104.9682023512156 104.79818066997149 81.56047964825615 248.36749479193662 122.02496619577485 122.98938588983148 241.71681734301353 
128.815443230565 222.48271586219724 144.22251766550124 180.34210157051078 130.84325063993293 257.7229180672017 112.30483095516385 73.98224726002597 89.23242059200686 90.15834030337744 263.55014720197016 183.99256806673952 134.56949325099282 158.20550320538285 245.2082969011192 
81.93779101913698 126.19195763439335 101.74764198349374 175.0050169665339 256.7228199668656 171.88474185512848 77.77976489975316 245.3957847625534 199.51801748718833 84.2944693516246 268.08437559699166 265.9038724494252 226.32473276438836 223.3738572631047 193.9491496933074 
115.09871720506297 135.66706379635326 164.12455620094659 128.60515224257603 179.06129801841 209.01436068084965 131.0214579238278 259.9974555868512 240.29486198435933 136.94154599909007 93.17440525926027 236.33363322995172 194.98665178947147 104.57115528215178 154.9514115044666 
198.6701064194644 124.58557065420254 143.64101662922835 115.81097021839909 258.8430897871233 210.020908804104 155.8978885850763 151.08885310989916 166.7080828685776 95.50635590059244 194.7250504050131 225.88454501006257 116.81604275773675 147.29046751071513 130.55382310020582 
244.94462068258346 116.54730134827112 252.21425586780686 196.52534084984524 174.53249107818485 98.33162666547483 138.60794191723744 222.2044100764583 151.14593123850352 122.22007072442534 77.96557438753347 177.7648747918243 252.93746528944584 75.71609041821048 209.07677633163968 
267.53692879383357 185.05180470673682 258.0364344249096 92.28553076910096 99.73846150939376 122.29682131614518 83.13017805473083 253.48722939621476 169.17802138677098 92.57626328677104 267.7980945452159 125.32700911608873 152.41732942056274 219.16378462810678 164.01798780975457 
115.51874243076655 206.82391658593806 140.0641158324396 105.3034328422941 88.4549362772287 244.19696398745083 221.99208446363352 119.82376511143181 225.17697512695875 103.48690804752255 91.2570601082967 142.36024314944947 86.68019788850192 139.80441206478832 117.9053055735497 
188.05156754051475 143.9636851610585 146.21565749125048 103.71644443021026 157.4636925162112 244.4305153549181 137.31126245554344 185.3160104505134 147.4288719265008 194.02435031343074 101.67399815906393 200.33679865674662 253.84904648115497 106.11327683045089 187.83415481357363 
119.22191378608767 148.99967696382657 125.71515316338255 204.18360193304636 154.9251550486337 131.73783641114898 248.24029702386648 146.93547521809785 266.6911663330709 183.5410146441161 118.54379623159204 185.31258367268768 101.43730936008035 102.17854075493256 203.39542885302635 
87.13484472960592 227.29843966364223 264.877189054214 134.93091720258946 257.8811519970345 101.16697165382443 176.34805336677198 89.50643760550346 187.55286861122227 233.35129839658828 246.504586135035 214.53789080849614 264.21182063766963 154.90276900479967 152.55040363446153 
138.25246680414753 246.60511889696775 126.80174370174616 133.69961154561685 117.59328814918672 103.22043986112502 184.75354986258458 206.74320378890366 202.48417727064668 88.50352349209132 250.6069639099583 199.52587101044935 251.76860075174895 217.85285171143465 222.60072024510362 
133.4397690534782 151.4315475897509 78.3633535952045 136.40907291993878 210.87316913497918 193.70723592061452 97.84667221493156 149.25065801658582 99.6149839199847 268.38332593573585 233.99498224256834 238.84558091756327 235.15040481651883 230.05210245881125 136.57166059716974 
231.14131596423192 167.40800301659303 190.10131357022038 188.4481062799179 233.75995607522415 109.3957593100975 111.00769900348786 113.36319034720127 270.06274897173637 260.4692805073794 82.18248061788978 195.00064351969235 76.05114172859739 192.53728653914226 99.67190004395398 
110.10070185603261 221.1189596897496 100.51661863132227 123.76952480798434 255.1242831667305 75.43572499780775 73.98484585745973 125.30236267579659 115.92308229916583 173.53099749329274 71.21006540696 229.53911270416378 196.8099360465813 75.34546286982415 71.43158073379709 
234.96808575105464 180.98868953516074 239.62057849825112 235.82044825862894 258.9074127124668 168.78619965003764 119.4093196990299 246.68352707981123 125.57102412444266 144.43381297057266 96.802929739289 90.07499262403576 221.80833957119575 99.47840931690845 123.4364387100656 
199.17308819399548 213.8589011360669 92.06957094666076 164.52487929305897 116.74600184505486 112.69342867043451 193.7410471951231 179.6135800876094 176.65597459505375 225.38266540418007 250.56186019108114 262.8507354774782 89.07907340046019 117.7495628760214 157.1939525130939 
193.0914829682819 85.99056294294384 221.98970861806802 191.63371558711034 236.09372433956608 231.47013334633354 177.4672254694476 111.32522921105686 102.0820150630479 181.91436632758368 156.2101499309581 164.7199013765436 128.17129654012564 265.5582491755166 72.48496943521693 
226.56971607674936 96.79826726860583 160.83693126661973 126.46953871442236 145.44704820206937 183.48135175654988 247.36535928971742 97.53316488747204 78.8971815284074 270.4126079320448 175.96563360834062 79.07570140387044 74.49543369170823 113.79186032938625 170.4236606230421 
260.23527885744056 239.9918752295341 235.57415574517583 260.74966872708745 73.80338054693658 141.06395037745176 159.9296094557412 223.29634256954054 132.49017497901917 212.52134473430755 260.08908940251274 119.89800284149396 197.54060487008093 253.7713095050633 110.57817854291685 
181.3199188958937 150.03589154361333 234.40143047515497 109.07468618530561 89.74976988479318 271.6164560678891 245.92826646843636 138.8017586462808 132.694873827763 141.317729630166 170.47400102061818 170.87703362148702 113.88357778976842 235.4572855678465 72.1697856482916 
83.82937515301404 202.1531148569497 114.03383302881457 87.32093482067184 263.3687257359121 180.0624913277971 76.4579347723703 206.38660360409563 96.01308924140139 99.54109525896322 251.78125321892665 247.10639472530633 158.45628663071295 162.42616859561548 160.6380847525009 
250.1339305329194 178.948554238793 225.41694765028512 206.9132453176338 121.42672362399895 254.66916705355823 203.93463943565217 160.46462573647455 203.2016822056689 172.65690671070672 244.63279374913168 216.5048176925309 246.67379578739673 74.10472896597959 264.0443030205173 
130.95176164073902 177.84870377064098 263.61434064893297 156.68041810955327 180.74275955555743 186.27844641445773 112.15511021866556 255.26094770364375 233.90053445015906 146.61884773359648 76.43222064407985 208.28345451996165 182.2670218604818 194.02004255404114 140.58608743204533 
89.12131054919811 128.54467542903097 267.38221163826006 71.04973889053849 96.20386435851452 86.00202564387726 84.0799715420476 120.46683665724878 204.31027742346558 131.83429031547462 129.05770414148643 97.47067344302312 164.67682561823122 162.8407785414073 103.93006505156819 
199.6220710821287 159.17203505848806 172.6476189330018 229.0009186158215 73.72005747815872 210.88440849950848 103.74951680335818 191.71259547553578 269.32354335740604 147.83305142682568 147.42722076654883 261.0037367257911 202.64298397275817 168.09132110800115 96.85811145048797 
99.96643548815709 266.23136461308695 70.36617013465987 195.7836852237537 224.98920896783883 72.37562054621472 97.68745669323799 133.1068195353572 219.32161385344133 201.58860017873855 78.19737916714979 102.49548531920274 196.0990768981963 76.27170252786965 102.95672498101762 
208.86529412493837 233.26545283821136 212.17360413336112 222.65138959985615 134.99891181406912 186.67166412820853 204.96678621886676 96.41411849425342 221.92440742805178 77.2676776350489 158.84866425963872 193.75306757440262 226.91881653009926 87.96377539008886 94.9676446583891 
193.14961961168714 209.77508812858392 201.99854737674661 241.325887981528 293.46491591622095 261.70428393222153 299.4521189509192 240.18375021115122 252.61064331873774 241.81684926502732 233.5291794767311 245.1179736196344 226.52744194653363 245.91237690274082 203.51338616155437 
206.67649841253038 297.9239494084791 194.34476573121242 248.14607084277338 195.22940540366105 241.104347272053 297.92747347458885 200.04684067374268 199.0431069289342 281.9807820895256 195.81931715237027 280.28475300127866 192.46755115319877 292.1363797789861 206.82671329666178 
218.99054522205668 265.4339274528735 227.99056889697886 202.7915897307306 206.5610543217483 200.12845500725518 216.8839329184533 265.10245836405124 250.43969296104368 232.53692152475264 271.9815130501484 252.7082021412664 221.95197752360195 226.63697796446843 288.7985075159893 
213.02065159206924 262.5340769629173 278.749980585151 246.92465675410563 270.05302209604173 248.0592969790447 278.587621610229 258.645895724119 195.01274111010036 271.3632441784183 249.02134673761554 192.9811855540996 236.94994634880175 197.90493639006618 254.27284019709487 
245.35870136638562 206.5119096469051 233.91041529475962 198.2996669211948 281.3190703041653 298.2649864421285 249.3757577442462 193.40150825835877 283.91752826914154 221.31622878222242 255.82295337553182 220.86150709042636 221.85579365289283 248.615213105584 209.39649830745103 
207.12804354924154 227.44324111219967 196.05008296807017 263.2947433188418 224.93573023875797 290.0770407484575 247.62888265320447 203.64608865281576 262.96105063684143 223.89111065865455 265.7548085871495 241.85577512696142 207.57329895286944 215.5932407075979 261.4445316253911 
264.7900233189187 239.05903869837854 200.1112377402127 272.095019220423 217.79605870929237 267.57483526547924 226.0494110509041 213.29441010244864 210.61983269258496 219.53701432463336 294.22756972736437 242.65133902664888 214.401489999538 229.7999266180397 223.05018451523262 
223.6310674573793 204.04510332723112 220.19022106161606 276.3977773853343 205.34474836895868 297.0886337498647 223.54456142633083 197.31457573439508 278.35687536716307 271.79498998667475 259.6262525738291 270.97545717432973 230.3417353641234 229.88043751561713 194.9042892695415 
257.1325645724976 294.5961313896346 213.36246511318302 250.54046854957787 268.6875098911847 293.36832734070583 279.1214391829512 253.20858427381853 274.52183324992177 256.551849501243 280.3338629207511 269.02021725469126 267.3006840110801 257.4914680301451 206.00187191531296 
229.1569302847069 287.24561263938153 297.932909466503 249.2353542622037 252.41983097870525 214.5439413310306 235.0419255217787 232.61515761260083 257.9746165528993 297.85928448924716 248.39101248680663 238.13112479513197 237.31853406127405 267.0899806191759 259.97832358501387 
230.91792354072544 217.78129429689548 246.45192425874137 243.86728890113804 211.54632323739017 200.96102234613053 219.6137879962299 247.06407505558204 289.68607169919596 295.68424427999565 278.4731932761881 212.2130518930017 260.39485839235147 203.45197621866407 293.15479454163875 
255.47539156525994 194.97881080295446 297.7235218851666 193.0005379255234 278.91864227901874 205.55168705776433 258.2510704615222 291.89040010923145 211.57994217254236 284.5618264926312 291.6708524890511 237.59762699193706 217.27784090295086 250.98218131589016 204.82117210637642 
245.28244009064952 258.034163120488 261.0074326684941 289.43656030600914 195.10932806783927 260.4555604167412 285.4491176846475 270.8471412284663 230.23113100664546 209.16449585498498 292.9453727931657 245.1312254764186 225.7992041223003 294.0584350029488 289.40135085537975 
205.71210538482015 228.91872956253724 194.0165293577277 251.28329519189307 208.77182966677933 230.52198852832947 260.3172056548076 255.48009241636063 250.15698241695475 214.18438269600043 289.9025832701483 268.48046475029037 236.37312751480226 271.8157876072861 257.9623099544899 
213.8819500390494 200.70373329549946 208.82508570330526 286.95782121866716 236.48393211034687 295.6709338210549 251.19304623519466 211.930683117878 237.50463255994367 212.96225853368466 272.4071164050272 278.999341026684 290.02188834861965 194.48665816835558 277.4730916482034 
222.4931385936921 239.26698111269775 230.9338737958229 231.4886895959774 210.3905984375976 241.30000281411498 211.43583607318033 298.04811886077823 209.4754937876405 241.65580081357143 290.58597919128476 269.8927646496213 197.65317594864936 258.8299194972485 212.9869459374887 
209.35898845805457 198.65133318724455 292.9444835890756 281.5785086016849 282.54517952791537 206.3721063745263 270.7466672192161 291.26903843695754 293.554575204534 297.9645478929348 279.663385977164 206.13175063152326 218.86827706057227 282.3709106851343 194.90960172325762 
294.8037810102546 223.47311660444626 215.23493395807526 238.86283605341612 224.34284800891 292.18690441740193 198.14832592860674 299.21895823506964 191.69574144875625 212.16294521717526 262.18782791883046 224.64644333806498 196.20493604155726 285.47654766001773 193.7787458307246 
285.5633665708775 263.2011519638083 259.0951178668026 285.74034760423683 264.37970290397175 215.60141833731603 242.1835714286741 280.3743683879917 248.94766013462896 212.84221343769462 262.88110678121507 193.36366426849207 293.5492860872856 245.8253397075476 278.70065262848385 
289.9563074902209 295.1711066924206 293.63082832831765 262.43104661898803 273.49973212506984 263.80552236314645 210.5240512281532 282.8091299943491 278.7949746913293 297.025368053601 229.0721197860011 252.86979692713612 229.84231673558398 206.52524786801365 255.24367849922564 
236.7380187883844 290.06105410442217 264.24590942653987 263.44643424454415 224.87739525048562 231.79900847660173 206.2393709710073 214.4765858789194 197.74251155593427 206.92314911680248 295.49289897092365 224.42497625662753 207.21689735339038 229.37517566836496 214.6604077863672 
219.60937923682727 249.7663925243554 278.33978163647316 280.3688796670797 244.99434854150292 227.2974450386766 232.23086404146545 267.82966189092474 219.2437603225802 224.67906847794146 193.27644052315802 282.3650105805798 248.921867265184 196.27290527453306 192.4348847874396 
274.7798736492154 297.1938430710881 229.26418469681983 227.80269951095883 197.53328773916218 208.01287692246757 262.1870753816861 273.1639918228346 281.2404216503771 268.21846845446566 237.34535526548592 232.79544606027088 241.91350014576392 266.20952890913884 262.98234468189713 
289.1054819331107 201.01968697640547 286.6611056805838 211.27935063048923 208.24625067673983 261.18382893308774 279.571948786882 222.12427545266243 250.91054355077407 226.29291895409733 194.85412889763407 229.3834850609876 199.8015932788657 264.12743198004256 252.59630992407065 
221.6823876099965 201.64299411697561 210.0181189294455 259.1848363849625 282.2163718422503 273.25999582725 244.17658454399066 292.97156509120924 269.08561339413916 193.95760003783252 199.26079084367208 205.02664054138566 241.28780722551545 275.8973310587748 248.75963156820336 
234.914964078893 259.53678710576503 272.75869969817154 228.68125109821466 292.709838373809 221.37396262986914 263.1853363658767 202.71643421395336 200.06195613502874 283.28885454835176 200.1266065307806 206.0484410933378 266.2632003488584 194.7306088678828 292.49231691292374 
236.36391143442617 270.4365514342974 200.21205676542033 225.55726040128846 280.2146490587499 203.5167781511293 239.2054306698911 267.7981156719871 294.00752217383786 195.44181189370212 288.1581966322159 241.7473382793919 289.3301433030724 254.02865855348293 268.8567201071354 
282.42016884089725 230.6257042622842 205.9119483087906 192.80104326411146 238.91383477024584 248.33956293095073 264.3369096382014 238.72883621556812 221.01235734393927 290.2241797870893 233.86390397161935 229.54807366837179 268.1833874094832 263.98334941605356 223.77782961963533 
272.9191044488067 298.7578870065921 202.08259108615775 281.3413832514803 241.2318811806632 277.1316910344666 264.7971534254883 247.84936114799405 238.38341561544803 237.27671903700627 194.9361726919906 224.1900953878205 251.96987828769448 299.981968531572 198.8563753535785 
197.19338091129134 243.0157006982391 244.23986389751826 298.58102986577484 194.78986274048052 291.541744434732 267.3604414930856 230.0082819195809 232.72799982624616 247.54510774429082 238.7403739159584 201.44505746599575 201.9540804027776 227.94755353190106 238.61792368825823 
50.34655462188883 49.086868949780424 251.15524068039355 92.84391781508506 342.13784542194145 100.79266616510088 257.6770720703507 342.84118267552725 8.475613306402835 101.05908322448491 188.22968872662102 238.00736779972772 -7.416769514894604 313.4447641382125 282.3383375162896 
-7.353306569578464 165.09295304137882 234.83629239747955 279.09714152928467 44.55064255579637 146.95523022694664 101.03537924102667 -61.70344578791759 -51.827659727033776 243.58081259358073 85.6007240032207 151.96503413401365 -29.63004727078856 60.035134047048786 196.69269705813946 
55.48844571793552 97.24479056513562 217.4972899532729 43.258955329328174 173.24852487485222 215.79393839042734 -29.874014931059463 230.88735075778442 223.3232246490095 248.6840359868899 25.77035876196838 11.60772339704171 297.82617936188757 323.13787283748934 336.5173863982804 
308.2897808905075 123.61515698645707 235.63801707899478 115.1012425570282 14.565072962014526 -31.3438676285207 -10.07406721422052 57.67748966673851 191.7084137673562 286.03629360258657 85.46330168361948 261.83675137990036 160.10973896192357 264.03396516586713 242.16615789953886 
233.73165861728648 95.38662540857916 335.4117528520783 3.9706958112384854 241.24671316137676 190.23189464639958 253.02790950099484 248.83741148114888 138.87169964504085 -21.801198129993246 -41.02361013316539 121.93124491195357 87.62092896547193 8.965133870651016 227.69810624606617 
324.4789531158146 303.83471275417287 67.69376246371576 -0.1643193167325805 -1.328646049693809 116.31665674638916 341.33189371163246 -14.771671713719947 -4.586297916185188 1.9517324169370909 127.83821600761763 19.554077533554903 221.2290320030035 -44.82397610970176 -47.925652060240225 
-52.93887898891295 215.737136018767 323.1359189941333 111.05306878167283 155.64724438599285 175.06675597735398 88.49665467800767 89.63741577958831 105.43683532760662 290.113583661837 189.67956405112656 173.94293022295798 256.5498133276111 202.04518049804744 319.28328528568636 
-59.42213072731853 -27.17973044388198 148.89857425372566 -28.38989797465237 -6.778322733294424 202.5927415596508 -7.500989668141429 -62.091819784659045 214.97256013398186 39.136620930177884 238.49482327531962 -16.989659805750144 277.31245151100933 225.55716593232876 271.76899135961924 
108.59992438863716 103.55665314774339 22.803250498117748 234.79709386604196 117.91886326438967 -3.062700381747092 307.8192002513674 208.7122886264304 159.1698900291872 102.57391109717435 112.44574408162984 219.1078737925862 -58.01622248491109 308.2113895250883 -25.128697906728625 
51.961251725479045 282.43334361611454 -58.264492158122636 187.92003056621652 303.10864998445965 261.7100611774718 171.5735398692703 60.18159374176287 191.20226623923665 1.3516586791149052 116.35671730423005 193.36044756979481 266.7115069431974 229.04925606107616 341.28921123003676 
83.13301660635767 147.16724694474718 346.9819515906081 127.77284890651194 3.4070016766365683 256.49890447288806 243.9518506871791 134.8823946257987 95.67210728362673 10.976176718170677 -9.243860675408222 165.56259948168136 197.93445915586278 68.66921100854094 102.31062157036845 
94.72756052527686 211.7104556244562 228.0603813787285 89.91364763948431 224.37659582843696 112.01762912239437 299.5739070053449 305.2726118341506 174.0347796938862 87.12579837078616 47.83295568034333 304.8926915272144 42.13962466929601 87.52771110872729 152.54337324958337 
-42.157764901937654 90.34649439906744 8.884595030139124 207.52911134844874 93.67844987134274 33.57293390005333 248.17722666581113 313.5137387427692 134.92209107718782 119.36633507878147 287.4031282456225 111.22104566075907 62.282757478595585 310.3604784190286 341.54904241505795 
304.55025793269624 70.63469671766046 110.49388307292159 -34.29052199379824 230.03047151983287 72.4112005510988 -12.113515751114214 13.765169867644374 188.48175670382923 -45.05887779291191 -6.839127963215333 225.350587053153 103.92738176109575 1.2200310593228494 119.51402341519056 
180.3507802668932 23.375241109224135 67.46477731971487 295.9767070711224 -2.7727953288531495 241.81288171548624 233.74388665690196 59.97813283054697 10.496856294293124 139.5698155709322 46.01466301150809 82.1921240036113 329.9963780148373 17.38911249337572 174.99157710445024 
232.62156857023479 120.70615724221531 128.55742274925004 41.02631679585667 340.8691281898956 288.94635292424545 217.91981172787007 287.61192780040653 111.7215995165958 183.07782340610018 115.55901176071745 114.94829571901946 82.39837216129598 51.614373044159365 147.65821282969588 
185.9211990678502 194.6247142966002 53.70119684230171 315.59857646836616 242.6825706655103 9.042707703444691 200.65298779158928 103.06934706944136 234.6518796374474 331.4603388390935 291.2635287877126 255.62283756663192 308.223211366175 71.91138762238919 278.6255711553922 
88.08527953239374 61.511343649009916 269.49915633419573 -48.62470525018473 -61.230184759140336 280.5088271913638 -8.106401530354589 -57.68096099296867 208.09348335289133 16.224377473695213 192.45758013592481 -30.06457551584701 300.588576396265 253.77420381559756 228.57351017125978 
117.74013787155133 153.57644243831388 282.25781234695756 15.650383536900193 34.65777493103096 119.48620187020674 233.61955212255805 29.624330708591785 250.3950152066522 -46.113411188043884 -48.183541628538634 17.20398300178502 64.15696952039134 40.069553200385414 226.44837335611896 
263.72585419002934 261.6995413391728 208.62678786319577 133.11920933824814 205.62989232378766 248.79743899932816 285.31021801566857 203.08070185075212 265.0847858129981 163.28556116289954 -16.288471415361244 143.81880159520745 32.72205648973981 244.08019086975804 302.6494286901291 
170.48777129648087 328.5975973383135 158.83374510173522 260.83359169752566 318.4942420643933 190.9898298146511 335.7172775474827 186.56691352263772 197.90627473509204 335.584188026382 327.3854124654231 270.665306399461 340.36206857741877 226.8217695347351 32.54517114154349 
192.57441293937532 83.6929774523818 46.372794094800696 179.62606388654856 144.42466495581655 101.66121308800419 281.83164988848495 15.435225663672782 246.54880194949635 17.721663926259794 321.7868558518575 208.15293319144592 -54.201822853447894 37.65433955782602 -35.98951487292214 
-14.151596267794396 253.99064384588002 34.89009867951303 148.44600775656207 47.561121451897776 -37.328041946549476 335.78683790702564 227.77720997918175 137.58700699448576 281.54917533029607 -33.86035087175627 13.442936449028082 169.68446060739623 246.85801216798671 -5.810997796758706 
62.924876468029254 102.54294785740927 322.6337399455255 301.683973117331 282.5736315183728 261.1836178724257 49.26556675728206 65.96795315464763 42.19352462296443 90.79706432475908 256.5777314893976 345.2092621406551 289.3895231796485 292.3703526786138 18.631294774804687 
338.99782061776546 290.6099884723344 208.6644703385599 -20.193898280992897 208.6121263341289 146.13299449930454 18.76220521135086 -57.44791408458431 334.7138694349113 161.7087194328821 254.399445401109 308.91519941281996 -37.349475854736454 35.655412848417384 334.4685422978791 
262.5654499144615 117.15072003505696 41.21789399138083 -51.63333089789097 12.729422446719227 119.24995337620032 11.843323744169012 4.844092367103016 144.30203050138724 73.11545682655088 295.3791129372251 302.5344965660877 77.56149414212098 -6.91232916501135 166.8464012095436 
40.865734493688166 113.10109114126092 256.0163150837537 200.5164798199778 99.47727064574968 210.17727041702574 -3.1458123310577406 -33.976164096567686 -20.82848170123181 244.83930174590336 54.76491973081403 262.18254454647393 130.05460995209685 87.92375135279872 -60.151951055722805 
16.252182760801617 59.36552079248837 60.770160910689086 221.14066131693295 244.88576893641255 281.6448232185912 32.971613685244975 85.51899603784787 294.8174458945155 131.46211859383538 -17.04342229924984 178.58881656865896 70.30705505917842 149.06274740966256 69.58982818392309 
0.012332810755047774 185.9109549673001 271.85283213499696 330.2306090129772 77.15358306857863 140.07522052264122 261.22077310458485 67.31434876651883 226.8479060267569 235.74491323248355 320.14767622066927 188.2025619215783 38.436955044413125 317.14742554710915 27.383743513430815 
-5.787770160243042 -45.139871474828716 255.72889296237133 194.96248715908638 149.54630890387452 203.7389475757056 -29.59006486623798 -22.668434897254237 327.9817600569168 291.1765164557556 142.39435170521682 254.42809606017107 259.4185683840433 109.03674497787185 168.93302908444664 
156.4160539361866 164.40940832017955 184.0936109235382 179.75447113655503 185.34919784909138 170.80066340174184 168.69800696408856 178.0097184509349 164.70333356447296 168.50805109908782 178.58432393509563 164.54533099381635 153.9098368407375 155.77584894814123 178.14495372672184 
178.78131042518984 164.1745107369435 186.17966367891282 178.48653219670805 165.71454381661889 156.30887716059806 168.94078036534444 164.4233539936613 179.20210242219872 174.83306358440223 172.37150165964766 177.15263059922216 175.85842249492282 180.31828577555916 182.26041095115136 
170.87366461902226 160.0857424801277 171.41199462081664 168.58749905762855 155.4847958531774 156.77746516652758 183.7156791214849 183.937415456988 157.23087071009675 156.8885381374694 172.11797226044106 181.64643696781218 185.60368012958207 173.39153185365657 166.67232330013755 
167.2103880814288 166.59131297416494 168.53174435980947 176.30794523819796 185.3251484362061 183.99538088172517 179.5793349539096 160.48509932327224 184.66422621982923 161.83968818022527 155.836804234198 175.9401679596166 165.08452550458873 158.63552930983568 184.68471524184548 
160.99395113662547 168.96644577223194 157.97028859847575 161.02198461678768 185.65672195192946 164.8867831150144 185.78701207733877 185.08010656372136 159.54951943927117 178.50639014019052 167.3914530204777 160.3391099713547 180.270387639272 164.9153442021311 178.90615377376685 
177.11915881019453 176.44873876090324 162.35055794465512 169.36426895525804 174.22124938001699 160.4832113647076 157.968857479404 172.22828072776218 156.21008518118353 165.23711799064725 153.90416986975453 166.49871868845202 182.1390167495253 175.57426665097188 170.08149475520312 
182.6952562326573 172.5364837103913 164.82357079859503 157.67267180014318 165.46733890843524 155.27441712760117 164.1886645444659 172.5574431270849 172.0108476033243 166.6593287506381 163.49954992981077 179.19585896857782 171.44200540867396 160.3755809024461 160.2330433757264 
169.01910613706022 182.63330234769796 161.39080375354615 158.8297180751462 156.243520508399 154.44693370924412 155.11862590169963 182.6362493295632 163.68524803653497 173.9456265300528 160.14055165275343 154.90354905271965 165.47006335366228 154.25261417636546 182.13612499796977 
179.0646638998724 171.38001448475816 179.20789820388543 154.18806169741646 158.87593387890578 182.8230812339119 161.21671490398353 183.4779088025925 166.65584026738128 168.68146117894912 183.30260733885447 177.67515847847451 183.4788680590878 157.1082393462928 164.08388688535993 
162.86618090735763 175.55653030906632 154.83072709166697 172.33188209622443 182.17731311209545 161.94288721946845 180.63125376108425 159.28679767972895 178.39164948511794 156.61156455388678 154.94436472184293 171.99625676478976 185.05433901679186 183.9475589233843 181.89390509185424 
163.25865516814423 158.33271372417386 158.6260840916077 166.9329650126203 173.93508626709274 170.23284169188975 166.70772832216608 163.72755751576375 155.9794050944888 159.16449405328024 163.80318207616358 186.0667348889829 169.90669858642747 178.99798517061262 180.83544101596806 
183.92004768597164 166.0970864432002 166.71986205988418 180.37036733154858 161.7231612438716 155.2208097804215 182.44215490063868 153.83049210031902 167.07377688500873 161.64286397970085 169.51543262596485 163.94281705954057 174.87233484684134 157.29559368546504 181.58305954700046 
157.89133349038104 185.4236672168055 165.65852740087092 160.79961184018637 165.82456635936416 170.73297804731308 181.1494963976074 163.22372573390075 156.04578619233777 165.78785696889463 154.29371996007407 166.37020250756711 155.47066305376288 166.1842696376623 183.4675578369317 
182.35363229811685 158.75981120575872 175.88074808509919 173.01397593043868 155.37830534161927 184.11467534537542 161.98752023887752 169.97656677282797 182.3465422517814 173.186759087118 159.79781892139363 166.26994988383495 177.38185760110449 171.68730676111448 182.4110469702994 
183.44525604926633 156.63892416943324 178.20581881368983 162.20174801354744 169.32742262884642 162.77035763700678 174.05275428918895 156.68028849003127 159.87347239668966 157.26724485985366 158.33101155083867 174.82810829826218 182.9806640150794 181.46420283845507 185.3720519335101 
175.47149666592196 160.63167778007985 180.42063491314744 184.88338549106928 168.63301719154484 183.31679990271022 156.20977631002404 155.18044759632633 161.3417945563876 171.18068707229853 173.69918824952518 183.1423684349089 163.4805572783743 157.71234816862625 170.2789010375898 
171.4724206232908 186.0394997282119 159.2317068943633 164.2833211436809 155.8964112070269 185.0405557489172 165.42105425313372 168.86704638168115 186.25615542617322 176.48116369060497 179.9235112301774 184.12050032719551 169.14708800330843 181.74400469372242 178.1180785240109 
156.45914279715808 163.12825142191073 181.17521952741592 180.68887547904689 154.78593481398576 181.80885099238958 161.4649304360147 168.33240639892074 167.32965006989966 167.10591096578227 158.56819833349942 184.43950366079 185.11273966551514 185.02690640636374 182.2373760896618 
167.89831555213047 175.2544333722187 166.89655321684037 171.537196473578 160.80144295553146 168.76205157735328 169.22675036447257 184.38037628541585 167.5131682187367 158.0828308626262 172.33320465777643 157.05116354522394 173.9259496887171 168.61926912925526 160.77337515806408 
185.75651848241003 161.0992578276443 159.20211885396665 154.44072184145 172.95204390151952 179.15448835610346 163.2155863846728 178.3983665998941 186.25887602407963 186.008990644257 164.56247384793429 167.3498061559776 185.43716192326613 164.41947780221756 165.69821428836735 
175.77075266573527 164.3539537111955 179.99243951254442 165.63937691195935 180.15622001285584 155.38172957041238 182.29511014806016 183.93152233846732 185.1650957727851 156.5149294251534 168.77838064189746 165.85955087125387 157.556432580371 186.1806506033358 170.157563314535 
166.41981289400894 177.77520254033004 161.415983597689 171.75152587051093 177.31889248734964 170.9318293274118 167.7712283455014 165.9827633880482 174.50567105554788 155.97336576411584 153.86152144297938 176.96382936309294 173.89499088520853 185.23001073255497 176.00862105838678 
171.72692261797803 176.86004779607177 166.9873668809298 178.75238091353287 186.32424279122503 159.5596211231792 155.46382402630357 185.15935041785892 172.09648307614313 163.93141168264856 177.06051112770393 175.42361635655573 184.7480631572387 174.43191081673115 167.97350134516458 
176.33173377000725 154.5761685897453 157.7199757024822 161.33153356748835 161.17814760217294 184.297272257595 168.35543450769097 158.52005323287247 164.39546751892547 161.83619272495415 179.7627620478609 177.37166641849382 168.40330332334747 177.0084395316643 177.09815527244086 
171.01633467426927 166.16640293374752 171.02339333133858 174.96037063198298 186.11840409160044 162.25958763565808 185.7490788305426 162.38389358777926 168.22301881014192 180.83696338957907 168.69892854650783 174.09057166890952 176.035856530788 186.26198935304828 183.72055473561124 
183.64928016340556 155.30895405555552 184.66012999995803 184.3177008486924 167.64403783622444 169.13203398039394 181.08499233351682 163.81840870125973 178.81903463901855 162.09033350742016 162.88744923395578 160.23512475616175 154.1217303187093 158.02631756095906 173.54782293674788 
181.40502960204668 163.3286546797035 156.48390052030143 173.0564782870134 185.01147459253232 176.2828329183116 182.09145011093986 159.72177394714893 170.1204673142989 158.2004243734431 160.54931436801218 182.4870689852765 172.53998047524556 164.15535258793182 164.20241915718623 
182.23744847540235 177.2879561524502 164.35554632077452 158.4402498169916 185.8406929803133 160.91220558281842 178.63781453613703 155.66881398871988 158.65436890600273 177.40330994020988 163.23547838491328 156.76124520764932 167.10144572965658 175.5430148364819 161.85511844824518 
185.6830238590028 161.0504824330976 167.66325524072207 174.6820425416808 155.6292513042666 179.60601365683115 156.3108625137832 164.24326525497676 180.889055929334 184.18161490638815 180.9145461284988 178.84216986946777 168.3935608120713 167.39551918141987 175.00025583203734 
155.56900024128697 179.54764417730723 184.95661625954523 178.07450293464962 167.45210640582815 155.6487762114139 159.58914931786452 174.43089228824377 164.13296830330881 183.4926669472031 164.87488012855016 159.05287228014907 157.3400876854276 156.89827400393358 167.39250346598723 
-18.013893304116934 -54.75194442305483 280.93729145270106 86.32565815035872 234.12776577059088 176.71910627859074 251.3891012469707 121.16497996636193 31.268304193405157 -48.477391431924914 -77.96512082082893 100.10497871279051 -17.95673302662337 155.56106711256996 208.896289179107 
274.66756447383744 49.10310632186503 -4.265989103299219 231.02631938958564 219.53502270113398 232.38558539884525 157.2380189397938 55.88828143036906 61.15362702109235 24.31384326385583 117.48068208347664 -61.55654344534292 122.34318168889581 -71.10601437271357 269.83878037146593 
91.18538611808549 85.04035176198931 109.0965006113831 -68.79440824589486 263.889557867805 146.5476214186567 115.23993926247044 4.920522446492228 -65.04239787337244 -20.555918578525684 -16.46355931015664 295.79643933883403 -74.57766321807009 -51.16522232799319 107.60287406155908 
82.24802452485443 105.28077127686458 219.7364449745508 89.53385871537057 116.78366268710994 283.3639420290335 186.55847305002573 270.10381213629915 229.1134026169546 24.272808031386646 86.98412940658409 27.713864883481847 60.444560129696896 191.12692866617704 -72.68991477254687 
270.5255225801885 154.49285728128692 -81.29300865982798 276.642678926955 237.80362459903336 299.8489115730059 67.34239348666779 204.5592232871764 3.0157142900768577 252.70058707072377 57.45883770404373 79.99459953933419 99.263530780011 192.02033278414916 125.32051352405352 
240.72280573865538 4.919647104544467 -74.1609680101622 67.24963657410797 17.94698477723344 197.42069094187787 234.99376083356475 -17.17330658056089 45.133826264279804 27.237286076066155 -29.50632958175217 270.6428023766233 213.02841039886113 54.1649547816659 158.5982406623823 
-56.73850051329987 169.42829270260407 146.02694198742415 -2.7310780046969114 50.34083332039725 263.69218771537845 -59.86064060052294 107.57549698539236 27.45874119291358 277.7911678469385 136.09339863379827 5.982339171244504 40.26217917486264 -70.20242433379906 223.85891946476755 
208.75816659317763 195.7209125914993 181.61567489521497 75.28983607303752 114.71454919351166 211.16110880872873 65.37844010827746 58.71737223631382 184.7743519452814 84.75054265730267 -16.647476530690057 27.482143572663077 -49.990458387039894 95.66879225553933 -67.11323829768007 
33.53805347405604 48.41692751518977 131.3249499954186 251.71250283421898 95.0606192144788 -1.0534637985145565 220.54965552619853 -50.9668129939296 104.71480410457443 47.625898950357964 39.28584782365718 -21.90085614243739 64.386154851617 207.967025985507 28.198301066870073 
16.578206775260668 -70.60910556531023 298.0138535000448 95.71442341502149 121.96421482169944 14.16479205179428 85.92078970061343 179.62942982435408 165.1645850182682 67.18681086116993 246.75293338452752 -80.12465705897604 307.7969822878619 -8.154758499956287 -23.07264051747722 
303.1166524151042 -61.419332864647565 -23.157537670597023 139.74126000279986 182.2212270167708 197.4754690977058 53.431497768295145 -15.783538846526426 197.57667383865987 37.598670605751906 225.61890098450033 132.89674603241977 -68.29396322042622 5.638996447009632 279.8587748659222 
151.8036085130926 247.4411405544351 147.57667451456848 39.77803015304549 143.7356742832234 -29.451382744445127 231.64703474178856 74.60447752829506 62.34633723351723 210.56497737228761 81.82385414325458 -73.95006321883993 94.29053863158501 -29.56966220936291 255.5446651192923 
63.72125366345264 73.67571402284261 -73.03296599568928 -42.80705379456027 103.89394970176693 138.31028930132203 284.14280653454654 116.41906490778555 236.28949493820932 187.6982382900689 194.54047076082242 207.09779494505784 180.97539751330305 177.35207903147034 209.4188204983385 
-38.175425544864865 -2.473971871539419 198.07146843518575 194.83685100535797 -6.663565576870184 292.40133899321455 238.21590323189076 -57.63223515766983 284.59213567724464 286.81873072517254 190.7249125786658 42.009175955936854 78.03550951783407 174.02070794857275 297.19568431469287 
39.65985053179034 237.72953443765442 293.2235453402954 -1.9114317056401546 199.12928748318922 12.26967965056025 8.164106346227413 97.82853124225639 97.78562474557685 99.8811666332553 -24.950532074107315 220.03831837582902 154.75794571801572 50.88039778147629 107.93816138100226 
67.90132862807926 97.65920378981309 123.09043236868419 67.95214444326115 -8.102211488425723 75.31450517574334 -46.87051300531701 85.85198373553695 243.2302314712631 252.0824833867536 242.25759095789545 260.0922496548155 89.31100091179454 240.66197396388372 -19.660576347297706 
151.3062196763976 193.0489560776452 251.46866041606552 168.3940935351435 181.73464498866298 122.02322809486682 120.40574832916661 -71.16940085399901 135.67555619722884 51.657253073808874 -73.51788072320673 284.8803152445311 40.26855120171899 -15.832753090123418 -80.22806142464492 
98.9829770278644 169.1385283669711 -48.61349817965588 43.95572784323072 241.86715915296702 119.64134215963003 69.96823432484729 170.9034556732135 252.8387080277421 91.6766253571351 -23.63864582972399 -45.14311561457218 79.59379883916856 303.24187725563917 260.96560641694214 
166.53963994247755 233.04154393627778 -70.21867384534845 71.40655647919797 89.79401573017995 -16.365934659181193 -25.528493949871745 211.83856039310018 160.3514453524036 283.41397694345807 306.5978175722143 300.9127804372702 -78.7460092526456 -22.12990263019357 157.86133420173027 
7.2042886843752285 18.174968533397447 224.81542525042659 123.22804003653116 260.0657444128519 169.31868390771237 101.98850842722604 223.73216612740936 209.39336910372214 -14.725331404591827 248.79547065096432 167.54475097008557 202.08964649242375 50.23297537368089 44.65635876543618 
-73.55872173566482 216.86759713131988 166.54773818953794 63.414856826944856 -17.0298966184057 66.2720845358892 -18.25232886854066 189.13365050270374 199.5820378345515 -25.48421098032562 121.88016585959386 -76.50104329447107 305.22293348292396 57.49095351251128 44.899859600254814 
111.10842607136317 220.48399287154353 44.448118968676084 51.89886972471032 201.6834215489991 208.5898443636118 164.78366045296775 50.42402622093579 238.0254036490486 22.995992730370844 12.613342531236327 274.62961572812867 275.7618833048744 30.78776811931411 242.27283799123018 
242.77349037556894 307.02160389454014 28.720603226264984 63.92185534200931 157.34763549501704 16.751935456670537 195.15092033621175 74.20443379628824 226.2231711001633 276.0950335988328 96.31853136006879 -14.772502536779967 92.68231376981976 167.38125145659484 85.55636250160012 
176.60894596705378 -47.91207507774019 113.63018761837685 135.27041607105588 -59.51360579183588 119.88862133332685 96.00731320322478 299.28326023012926 -7.746410167153016 207.96427482695384 143.8357686197226 -39.87405768262635 51.60194982041389 263.73122266984575 260.1042128381049 
82.0023721154133 -43.91413219289055 239.21251588711613 151.75083768231443 191.80117630241853 48.44210415155638 158.2409090744334 163.18713707137542 -49.36190408833464 0.46202208829429026 281.6701745323073 28.924676577131848 85.97135459028809 7.660590521567471 -41.92399130588998 
32.7317169036354 186.32911771930213 203.47904979295225 65.91690959084437 251.20487750313004 201.1881528652334 284.0266739487545 291.9827946481451 305.9556447109804 287.142870170332 -48.60551349725479 58.39677438074031 200.98619596279826 272.47924189725853 270.7738515743748 
49.95341350023017 257.02275057920133 150.44716697328218 196.57531760104393 305.21536094636235 188.64953941064425 163.11746672569384 204.92583324600201 213.6991873813002 39.85795698094638 121.11201313215867 297.4456286357771 -57.85370291191249 82.76904091978142 27.131048624978334 
65.71725177124495 215.3166598306206 -28.81086106883643 223.87435501127618 234.4532124496693 62.9158644708337 163.0595668928378 -59.11460640127145 78.69947318750204 163.6878720875331 292.35156268892916 137.52847920557295 298.11636589834245 0.43925554516359 148.10148758072387 
47.745239899158946 75.32360495113457 -48.06755613962766 39.46297517320903 248.86476555018822 -55.36251577519242 102.3774853250543 224.54754215000008 254.13570873514885 109.2417467995214 43.433005388807544 88.84115498297416 281.12706506433506 293.59838480205843 225.38459672028813 
23.26753550329633 211.2279403679396 280.6508071914876 -42.15079149161787 20.422493562691585 51.165300165133345 93.28717223900438 182.06460734900048 -19.26032789990832 102.6700134010998 269.0674400522689 -43.59025268057124 210.0419552259625 -1.3781755036954166 -12.10615977738729 
