187.68496764397509 202.29921950755732 -43.882183347423705 164.6511845906416 118.866660429736 280.55912565930464 274.5880450189974 221.55572913151377 195.89772266561386 -36.39914907327107 264.672018237612 -43.8984285259226 -41.74906323031409 143.52710952205894 289.6006526682568 
-45.01101513345791 91.94693708827786 19.004420766735578 84.44134531211311 236.3611100417965 -18.374901018777308 153.62446793508343 135.199673307742 124.17613426614234 100.16090253093334 9.326609030736364 87.65307850103851 221.33985375881565 154.7190135360525 265.92822234326616 
271.75310251999207 54.401254459393314 35.72656121593366 266.2148746326132 293.7812886690282 184.8454089964842 137.74189724283332 303.7216916820798 33.50832496451007 -60.03941540336172 181.76089807876576 239.757498272156 182.96993542536654 189.4721615730752 276.4592631234632 
220.54034590333555 208.27593038125457 303.3972861508823 87.30750633171222 99.34586022351196 51.610669574008256 96.12580312153027 170.67534364504462 -57.60356178942053 201.2054325869209 26.249395571895278 279.0303723025269 -49.437607465007666 235.86341785773283 164.7393003091654 
-11.78352967140529 170.405101882915 285.9984407658333 -2.5180875050642157 71.96525939603889 86.89688701485547 52.03347410193237 -18.62843250674706 56.50283426650117 259.7898594468926 -7.480005259590193 4.437527548903844 25.97169408983234 107.42717743265437 3.3008761855148094 
191.168841971507 228.99347022613517 14.086353262348766 -63.38870870179148 -29.123341997709637 -30.183239460598514 2.8233739326687726 281.1265949018949 34.6911409268163 253.1740880360739 215.24026247482175 302.9358063115088 261.7616046593608 93.10207740771388 173.83281573295136 
-43.199632111725336 48.99252244355395 -38.937771137049786 56.29078537266524 104.12592352024124 277.6129063605583 71.0235012815272 20.509822211641776 207.94954411723967 49.46321732234705 55.56111337336306 234.75821262821705 71.20915029839169 -45.55073054027341 122.82605566504863 
296.3484699810282 91.28492327855615 -14.315803846325998 110.36802789755284 69.02719820858458 50.78182228490763 72.72605687006119 175.0056084828355 -18.490793154997796 11.624147133043692 -15.054912186314176 113.4865566440413 172.51624237137855 130.84303200833455 207.55753051227623 
233.1683659413872 130.71209367372597 297.8025520613649 -29.13258679202903 19.7498191940323 -24.672141569299228 -16.835085645490416 164.1819747186118 39.832877743886016 264.64269340973465 122.59582615122552 232.51488000878715 286.8026283177949 282.25716937852656 36.75442867366529 
195.12776016462283 195.14053355768073 141.6034274891403 269.25235073648366 8.169467639820084 141.23937007137977 249.86573119759817 9.667495848084826 205.39046241297274 2.1839929912843417 14.4180017039792 12.640307956094588 82.80300030160528 290.05659949911524 202.56122090697647 
283.1381891261032 184.20537783879814 205.86692457051714 169.69911591295727 110.02427266665383 184.6044721960866 -38.75206877998386 5.201626931749345 129.85834928237813 140.02987459318877 57.825190007505796 95.92138860578784 46.984322878732186 5.0600594038351545 186.9313899459396 
63.542178461104726 33.99661632040859 127.76017129159492 193.92569046621782 293.33185170380983 21.676570393780963 155.62035531375653 -47.569864389426044 245.12707590046256 178.59300203312188 50.014982443584074 -14.368426046681712 53.38653654044289 264.2954136452261 210.3987386682599 
89.5578847776389 99.4743791393215 177.92750051524968 80.04480612793684 232.11608608863224 259.8145106413115 293.8907558132524 189.4690720901727 -51.15510092596336 39.39292639261079 71.21840891575012 163.85067229056375 303.49226769321143 -1.824316160116517 282.01072097658647 
208.14817984854358 149.4926538020644 -1.2232206531052938 30.10149707008246 201.78112513736386 122.0981666909962 28.20086937719607 28.459500580251913 109.57381282963429 224.65004090783913 191.83824551125673 14.848276759529227 14.8326543126515 211.1758958993488 266.9177158155821 
73.22888854934915 56.14776263452481 245.16689099166643 247.08670659516133 171.7138091087897 261.31429578989184 -35.779625821519375 105.11953940756821 29.758054201081777 122.98923527592673 71.81375569351833 -44.08575190162908 145.57871961425724 -9.159963393795422 235.41301071515744 
22.998715702297687 201.2962833987013 162.27644898587494 221.49785183715625 298.23075392294675 292.4460487758527 214.37926922723148 184.69870484319102 124.57994386943714 98.37895492343041 288.2664300801599 113.24029803576265 248.8509517977705 38.94418355073064 303.4931790262764 
27.943484825083544 -42.71314297755397 289.88737284541077 145.90965917720467 274.9306560234065 -41.94251451627758 211.03912741076192 1.8343285527922433 89.46368796248807 272.8607397926134 288.7955756083351 90.0539592644801 -15.70476350178614 161.60430002904974 -50.883973865186704 
80.40645708374761 163.0124326716837 180.0145002513724 -64.09903133334522 79.16686919718497 39.98581486674723 123.91069693855975 287.8586896315522 183.960964947013 148.7395011306844 -33.268482314961716 48.444333531181286 253.3353360480673 139.12412389170635 146.77516022459037 
-40.810423810077495 290.7982387553519 290.4765389031772 131.2785072131643 220.17270783042215 236.81642691630083 204.01000489726277 285.9466711468136 252.556349886472 182.4664487332078 125.14296730790007 -54.03709599104069 44.50847334530512 218.05648666525826 110.13474144293794 
216.41175047253802 146.37007249712826 183.8272055896303 242.48868106319975 -0.6944628912167374 24.99336290862297 36.09370854453337 248.16025870168158 75.31008693563784 159.7933025347075 9.626210218602537 96.85482480559982 302.2276441872489 182.27761232236742 220.92926217053764 
180.50804971465647 264.1167383118466 152.31074358557998 175.37325483997876 126.37717870281033 14.076842312951513 88.68968284499518 -20.608676627134415 163.92398708632714 -18.453699101119604 40.05345322366337 244.51900712764206 154.9631621016174 171.37098509192572 111.47628277481449 
187.92824193526297 190.9279067668877 18.732367688411315 -10.635013305292787 119.4153135710316 142.18886295778776 132.25305147790323 -24.87635598463831 246.68175265290955 56.903780404739535 124.25566039011848 -29.607777727109863 -52.38723948433787 215.38864342844573 301.84576876176874 
165.85780778623092 176.5190245099966 218.9192198969426 -1.6008713922761189 -40.22502518217302 237.97834061205367 200.81778551060142 196.57047632018708 144.7467376913255 246.7503829527583 114.96078741845538 144.7432630551507 250.26903475374212 -11.353757798408516 157.73606893681853 
183.3652379279148 243.56326283575157 43.926936953688426 149.63048552831145 120.3577388729279 6.201294391541836 45.44905449709009 180.4064680490327 79.40009460648902 141.69804881857465 -53.06462498455197 26.521828060954505 201.29795511631278 104.16373420561139 57.74777534979758 
271.20117945038623 117.12284699996987 62.84277463516621 154.77960974646413 -27.77838948446535 8.976886010101637 -14.729461549859707 272.99018061202423 122.38004840118067 148.11148232765976 24.204697615708767 132.8869859358049 271.98588920590936 247.25478890085571 121.4174149591086 
269.5782489164292 86.50359913022645 27.825456131671217 277.97376401320565 157.7258328863462 70.9016463751074 -53.50459634446695 135.9067715012506 74.11337803712503 296.70481766836787 202.88923710907534 296.06436087389346 119.85492592339703 239.58786084699847 -57.74938726562332 
118.33753710996022 61.510786521441574 -45.12503102371812 264.4833709764679 171.7984901968323 229.20272634898055 148.36146011422295 148.58072851779173 193.32531772017586 295.5163160788356 97.73532786583046 85.54658549054425 21.69750473469901 301.00189104618477 -57.667085719914475 
-10.117852919900216 23.909070863165795 278.13061671860436 9.434785324022997 203.85851943328908 78.2377650483537 89.14937603160492 149.7886231478564 -61.40404776821042 88.62240972799701 290.88068413259185 110.88642983811731 62.32083798265262 184.85364567178067 97.72569083394843 
31.439790498439464 293.82191487870506 -24.449687414213905 192.20710526371613 -31.063306609416202 -31.125882831798123 144.72271533197699 180.12622281187976 189.67295034684713 0.3020022872314314 87.36781177975742 86.90518368996457 138.60295093083607 14.36785127231586 303.48785326503486 
105.86802074005585 12.969148624840088 72.84595350153312 177.27392499044117 139.04551424163958 -31.78871087941848 260.16076404042906 -7.71771962585008 239.9282786114705 41.73978643054181 242.0718721097469 88.84095908393316 145.97909513352067 303.1493978722338 59.7276771866654 
219.98880217911557 225.7893560619088 215.01284151669552 223.9144694821927 219.63326127580854 226.43561425221316 211.86417891132496 220.42540543024472 213.73958896978752 204.55264768821576 228.0593242668329 220.75867584906499 210.49945030427796 200.04613235104702 208.86600215456912 
202.2158743720988 220.90741753005202 208.23612768170054 220.11038249714943 228.04671788200247 205.19443882750977 199.29676475511923 226.99960839287152 226.93716138007568 213.40053658632212 208.71949035304164 214.13002707436561 206.35626450601015 213.40746611987004 230.20849003735142 
210.97912590659644 222.51564381261747 199.46173767587794 208.21661392503898 222.5320603720558 228.28668114322565 219.5881836249307 224.12829082134215 209.844788326714 215.28027941969742 227.05013178006234 220.1852108994177 203.98065811740773 222.812732613117 204.15248492802448 
208.3235955126657 204.1893608478585 200.05660976566404 214.61122244352995 207.98231150669244 208.15117922764705 221.59396717654258 205.73703535795076 230.65997821017078 199.86767461815646 229.17976348682 206.68364539643252 212.2289257880411 201.5301405875286 226.91435621188455 
221.3437834487524 214.78181984804914 209.5286875987369 215.6992552031775 202.47248715275128 207.76794904716644 211.69977832103586 215.8927590248934 222.05173415534367 215.79884368404993 212.21941009248968 220.685186378818 209.61031133110816 213.13714094983283 219.51115630136712 
217.74699320972044 219.1556275041487 220.07661531376516 224.91455913462164 221.29255396004646 225.9816030787833 228.36686837789773 224.4789235640709 218.9070116045439 221.9169832294716 207.7884995775526 222.75164143328342 224.1722713223744 217.7152802752796 219.61350921173477 
211.56009213317992 221.22109168898322 199.3233437134952 208.90623623977064 217.2939054719326 209.19811562401793 219.30470982213632 227.670817472736 215.68504520618225 220.33011441108044 206.0469225079485 229.94377413354775 211.1319145905536 223.31653019648385 210.37535425178876 
222.35090593746122 212.60790351763748 228.896055189055 229.39755246537817 223.21239523458874 213.37491212231492 223.7080948231059 227.82769526420117 219.00737071981015 221.582569499491 227.8189649481876 228.81767844031353 208.40108725161926 211.64043322418314 210.22470359778362 
230.11272342026544 223.40414391399105 226.99574641882512 201.6624855824245 199.9597577411431 210.45129654389632 211.8184032679398 207.47210132255492 224.64909612807722 202.47371276217612 216.31742947024276 210.7092400714755 218.50059240713955 205.96400099740902 220.87873144786977 
211.38787381836465 210.43931425731998 227.52124029047835 205.815961872438 217.19719227111628 214.64276342324266 221.83390969798475 230.1781668926901 224.13715491995688 202.19901831211794 219.37337503696514 203.4494152607035 201.05557498370325 203.70223556720353 226.74503870485745 
206.71517840827758 200.5079836008883 228.07190575078533 210.81729233898085 222.79307423436614 220.2939377402711 200.84919572664532 224.69459486301488 205.17200400411198 214.93109632037311 204.5665838162748 202.6954950441666 210.80185793951753 223.47609136195 229.1318709815859 
207.6117583619664 222.3551102758749 212.50649995686547 215.1878744949565 208.546780822476 213.16585728881225 217.54557054191545 211.39319100352668 228.94891927225152 214.32828065010935 217.95478715252335 207.62274561534818 223.53383286040574 216.31124332665271 217.429643688156 
227.69862373075225 228.37889471240493 226.50815513187052 201.60777372458466 227.99400245473763 202.81250460518427 209.20281519029643 229.4733019092546 202.86648200355336 226.82166296075948 200.99499661610676 221.86567753988797 220.2575184559292 223.48348014749234 207.98898629928664 
221.63682033445747 222.35115558751872 221.4113854531856 222.99783085739253 212.05282109372112 229.6544088939196 223.83324629539823 206.17626994755364 208.94886908675468 229.0467334057305 215.06026472552983 218.75450789257698 200.37685675666918 201.16585497599283 223.40574254114983 
221.68863652109658 205.6733660254221 200.44366354153343 213.09619354134685 223.23556901595668 217.49654744083307 200.43159454039588 219.2746240947485 226.43981163532874 202.44599721440886 229.42614615847037 229.9304943317294 208.02241936295724 200.77001720515833 201.19064407002517 
214.593302152388 207.67451983246505 224.22648087813246 220.43295695261898 222.01447133288033 204.37198032929913 208.57324194221854 227.52503801367308 199.79573507781882 204.97720101238144 224.4807426948168 221.3508167203866 218.2833352550939 229.5505751682345 230.49923838506464 
206.03818144715538 199.5710736989885 219.92656088403868 226.59856074300586 214.22803436338907 214.0525679806507 226.25136686657558 228.97531969734388 226.66585540619081 215.37938395397887 216.4538884842067 201.688149648929 222.67395225375697 214.09012532118712 218.36215045906312 
203.28999002659071 217.49863724034472 221.9490334583576 213.0009412425275 206.52022241581915 216.79021546217447 213.93175084721364 227.50151058671963 203.2098419571986 211.11639139617284 220.49012070386982 229.26546564160606 219.9392355698032 212.98782316158827 229.30140713794623 
207.6942430689417 199.32270361989626 201.0310302425815 227.06599153624617 225.90520803244226 220.3946610775751 205.56858098444366 207.01909460741442 217.9757512198632 228.2300780631974 203.60887825283885 200.1071198797533 202.62537529778172 203.910904067258 216.13475111048484 
214.80894121126528 222.3941415963785 210.2949653413662 204.65638590843926 223.4911731386086 200.49143281351263 212.26042788482505 229.1010855436225 208.69013627820578 207.0074488335372 220.22750580801673 207.19848547189386 223.86400193182 219.3897438489763 229.29408192457583 
215.36308519855783 210.0735345784614 228.07140879406532 225.95007840110964 200.04599546008893 226.4320757902184 219.60055535550765 222.12350714952564 201.93275167915314 206.7025211016043 203.9066075596168 200.39759655658625 200.16958148662192 211.7389104172419 209.2321434997156 
221.64728548924057 201.48318762577347 227.24040772698615 215.04807797250137 201.9618741271903 205.9476993076395 211.10878437840307 201.9079858516657 201.23485468289354 203.59037665341035 215.4966889371754 215.47076602920177 223.29086137080463 230.33841140187565 204.05217565245002 
216.50853933059167 224.97795981875456 217.3247329495514 202.80350807663095 204.30697054468894 223.6022969861395 225.66673132152275 217.50240272935235 209.93641261111043 227.02081062229473 226.8959605333057 229.80603484007042 218.46400546179714 222.57926485263226 230.66829966377225 
206.45753872248224 218.3431769111214 203.6010678319602 209.67705721014005 208.42542655487583 217.48225897725112 229.49409834925802 204.42874484678822 200.5686503493141 202.91709033933842 208.4019763041753 227.0289591855244 200.68795301348464 210.31605794163065 213.48100765824577 
224.81879855678753 229.48542166971043 223.72409927209313 224.8055196101131 200.26476319192034 217.63001561182995 208.26326776567322 215.5466844330977 199.38093646685738 209.51763665806322 216.51363866881778 223.39709741598236 203.04449925870506 210.39038346723706 204.4528837802509 
227.98724276364243 230.49550299715958 212.72204051672497 214.84605707300776 211.24658483719423 229.63239020565084 210.68749009952543 218.15422486129629 226.2616421429862 215.1918730098505 206.20869515978822 203.26926190093167 226.7913308455737 215.61782192082325 211.01430564928626 
208.757304705001 224.67339827657423 201.8260078197122 222.03064197306713 215.7364777824307 218.31899354470443 229.48935210619018 215.3330068788169 228.98140690631016 214.41017519696902 220.3865019875715 219.40246291758137 217.72952908277628 225.37900358228944 229.70906568022065 
230.19878422849453 199.60067606812328 200.64266454919732 201.69939289562922 200.0431058414231 203.07207938925538 218.4958754436663 227.71763947263796 219.4379021023424 203.1599478106144 219.63520803253294 225.03779066992678 226.52917598497862 229.32453205165308 213.4121706386346 
225.90550569181715 210.5029138592276 216.76477889236708 228.76098486828087 226.2602313314622 218.8352129870246 226.86468935628275 228.85429600961177 223.26062512658223 229.96367026870985 209.6399176738201 228.8553083298127 226.8329806989587 221.74330544525418 220.460005566085 
204.8851006193242 201.65826763043535 221.64503716220202 200.33183815775706 226.0122836106901 205.88077510351 216.32181572424784 225.7475710531003 220.54356345479127 213.65534368798163 221.12205233808442 229.11875573702937 201.2771233533274 222.61408821936413 226.87863797358173 
307.46439140744064 74.29246423418647 251.1725378090696 224.237659568006 213.0307362492027 142.7462698996933 328.40749572921646 63.16978771609748 83.16380158081428 181.32780769858226 134.85306282397306 230.71673193255788 86.2215694248607 67.25948895235958 274.89687493653906 
222.03354151272396 253.0953719310872 270.4876743154855 298.5060130598073 229.10554952321607 260.3050989928656 237.29224131517984 165.4349125644411 128.60957472969955 279.94639958917975 244.1712010408616 80.97874089264829 328.397404281403 192.4348452210982 109.52484871288345 
146.88935972921712 257.5467066622335 157.6112894383018 333.5922772525602 203.61093539152594 218.16230139949428 173.40393993208926 71.16484895074892 183.41636298873686 160.45001099086141 189.19160277819577 126.12359025358933 213.42850808574664 56.398482399952314 156.029921510686 
101.36491582798017 272.8382614029762 228.4323606329045 301.84931864053834 155.78118946855795 320.05347694790373 207.2595429180501 191.31294572938666 114.81550768868674 67.03945516136594 117.50725129914221 180.60012000789874 295.69236852717177 213.3388850079601 145.22399788291676 
244.3731142032703 170.65381283742005 189.53531289435674 200.53431615425328 288.81460344097445 239.11970561970983 57.22855818917117 284.7722525615302 261.58756190072995 323.15404161681215 141.60431654313084 181.55582895867417 217.4706582450827 295.4367008280864 121.61680923461246 
323.73071892437855 265.4980999981015 99.80128211412281 261.84226826226376 145.45930679441034 74.02087800767737 139.06643143485525 203.77429359808815 104.96609605384121 73.68859051455375 194.87323216769792 258.2087211596895 185.42326355810692 281.40061565693736 192.84405251399212 
159.06393286423258 213.36584949470287 257.2774250174966 165.56912268223863 98.47680392914245 289.1814577827778 286.1445540004793 78.92061281294326 274.8869223552656 69.12676526881445 186.83793566475904 57.447048291774536 111.29913137359793 260.70628706124785 164.8693857470335 
306.62201504181957 152.6241473042238 74.30631162941677 265.34693415439665 122.49691384676116 249.68125806274793 327.1643054104353 134.31726601123364 283.6355903842302 100.36245033975578 193.90243128646992 184.69707650137937 136.6913953309073 168.68897858296356 74.01950098148849 
242.92377833355008 188.76043618325065 313.9918652150355 72.05973751217128 300.36744491316125 283.42991636734786 168.46731220983497 171.6470997432034 209.97742025917833 255.05450764529496 81.38167374910019 262.11263344124893 245.83236950632687 121.25371500003129 165.4755338456705 
109.79118177654102 257.5449173419004 116.42714767820841 144.39066049513679 301.2509651166188 143.36660515039384 215.8492634739726 154.89829358766605 279.98693243835385 130.57834503049918 232.8189774516824 318.02481809468355 326.094005996285 201.06615253374713 320.29268741034673 
133.9535550761812 102.60936224040779 220.8892209851102 251.57061528936498 192.4900918700897 252.0377578214087 298.2736341935173 205.96554520503562 65.94519680436503 124.73262906442407 88.76169462124159 210.58413104822233 332.8220640243973 329.78364795001517 113.70434794554953 
324.3974130758049 115.57080516582919 202.86667106622758 80.39057381709631 314.5281054863497 197.50542180591435 283.0654925709846 260.37589924495006 214.35654070234295 97.27126954102278 321.24259548733056 122.31127358458495 172.86525840124455 224.7445536064717 291.4809461613618 
327.10099628876094 106.94086164208437 317.66464987169195 67.54937158860938 208.12335027353888 70.18933135150942 215.88813565479387 133.76507144557985 169.7525728181617 243.42335329704457 192.19923006183436 116.0752842332387 272.4882540594117 193.51275447413025 97.63633860803107 
56.56124193250351 231.03765849402367 269.77455150776586 239.2096607803609 280.01832464993106 168.87261732311237 215.0551824922576 68.16003441759658 119.42084913670328 282.8324725908286 186.16649424700546 165.76537425083384 319.5848791352754 258.2380210397605 313.6526884504859 
97.80095035181887 325.70136590850404 158.9016396279016 318.74407779313805 99.50817241578704 212.28218984761318 272.08960491099504 174.82676521467482 133.15940773086368 313.4520021026844 125.54914775907979 78.60849533453316 312.8781890018283 90.50885755603426 241.79656167800454 
159.3819619650655 85.20376102336238 189.69844348311503 80.76829410982045 198.1367260356918 328.60021604540145 99.80737376230553 298.3245628203417 301.68377006724575 153.6227778579784 249.48729097277513 115.64803996777674 148.21903004195445 148.373569499337 219.65313542461973 
236.49022276985184 138.73740846599793 68.4958225912439 222.68490806713 167.5121065282458 181.434189478108 110.45101733035023 175.8082407675015 136.71410522644032 206.91178772869694 287.2344023065265 159.54973786760365 138.88102188969566 59.02308389977419 315.3244021853255 
291.18163788572656 77.7358325049603 166.54269779381949 255.84250392618227 240.95503097464947 129.84592994112376 329.3958593761404 282.7300536703 67.44685631687372 181.21862402477774 99.76542346537938 242.431742022101 107.89508241118864 166.31481141345637 307.5318333918276 
214.80476835287504 315.0038294996472 307.9596481519621 212.79839026559804 62.60468344100104 211.94058408991498 222.0135321092395 91.00009511076719 323.8071226833611 300.4755305316228 209.251224334157 258.6537374723994 261.14206028820166 224.7463353246705 100.99968291671726 
68.59091697971809 102.01400670104368 308.47858029865563 125.47841628272111 265.7515604967248 88.82404650070374 279.9620317654976 136.96914264525913 85.58069981374769 183.45667372254746 240.5943419161753 107.26994084927523 218.50972121660192 213.30942801674163 79.42671908522492 
169.3442651732782 326.62934936244983 334.1845494225008 305.4184583534352 220.9280492158338 178.87373016779594 68.58250882677855 213.30324309984766 56.86854527939564 189.30861198626565 192.4740267691885 291.23224340589104 195.8001926030723 302.29032227591324 62.46685285640979 
261.9354735831013 62.22933687267558 176.2967537759389 283.0635574608441 288.5327473273891 114.80053367730258 75.65222082752504 224.50241911716688 129.3201048680901 242.8143927162395 73.58325393138033 91.90343465819225 89.86831415859685 266.29032518324817 81.85220150080497 
260.15592795403677 250.93282789697247 229.98262952138273 70.96311278796215 226.87145563645254 88.65014823811606 310.58213112129084 329.11769236191884 189.96100279164705 171.53125498146196 105.41008947895342 217.4711010436546 276.8997276895593 280.2265705541976 271.4231774955275 
207.9494625920856 141.2706212521831 237.6320866251144 103.87863984802635 63.131297403510025 59.73497876647181 222.62944010822088 59.59739910717304 187.66109813647483 176.3799327688201 231.2309882604811 62.80627742829036 168.60906441179185 263.9357302275623 145.9856939447255 
258.71518340783047 223.47365825047262 255.29072822397765 69.24073739566458 62.71357791540422 229.39606038965852 199.10466829572405 197.72508302254224 137.72263556935525 255.98790103660275 238.10340330574144 145.48400964309576 219.43752681336454 198.79585753606662 233.91969316295848 
294.6862433083545 97.12096487823788 329.8800921881121 255.07219048453055 99.77047769140867 103.87768877105529 86.51269793352456 280.3789028639627 138.186984488902 274.9768711159735 168.03471958604325 236.03023811153386 95.78962276467064 281.1136363268327 136.5080705333326 
211.32740022532826 294.1774106628192 205.4374720645957 73.00942474763052 302.56522403788506 138.01710652077267 207.33962732743493 309.76715421792665 143.63286808520797 269.6324284403785 77.97574972881964 275.0101287453768 65.3147898299536 158.69164594178287 181.1974328901723 
100.26404573960752 103.9096457430241 239.79690781401177 176.86918843568762 68.32704187410144 194.62494258596755 112.86276880119567 322.58457595434385 138.6294735120708 88.34128603429684 190.81929116199325 197.8059305684858 191.68466357870182 93.91707229685521 263.8587187835132 
150.59749353580824 204.59056496033844 179.77324127209067 79.80422685537565 273.6950351382658 277.27718699243405 256.6978553715825 183.0458545480205 233.24948368437794 309.6196009937221 186.6599191301587 160.9808161956114 298.3915909138502 55.85377143325574 333.0771313022311 
330.15645038709283 328.6910692887512 267.84018517462783 258.3873480746704 95.05466968906427 221.83169222642522 252.6427962924943 139.20852129427539 95.41075611601542 105.91708108903595 260.4027793870414 215.42867996593526 132.54065497823194 259.8272158513996 220.28391613469742 
141.94386663505188 148.25768370867343 139.1645711881771 140.27320319740525 150.18648638367281 140.5417814547191 150.2361112722057 136.27639793248633 137.1806443424907 143.179896434158 147.89720764216165 138.3741362505975 140.52584449070858 143.9703040351371 135.4931213224212 
143.6686380317178 139.22711555496306 146.70986112831847 139.2342422885805 143.357964629061 135.61914038596217 140.7926749301692 142.28756308268416 148.80094762310995 145.18879448103579 150.68290244280996 147.10929825883338 142.68059637379193 135.3688442585978 139.5496658729373 
143.48617958434377 149.10922835833412 136.8501204321216 149.6717510705555 147.4852066614766 142.5414601508634 137.7855199257032 149.3034227098441 141.25494569319974 145.4214545447531 145.07261215146494 134.11896020619554 137.93925518330298 133.61877060629936 139.62140656502297 
142.5114322827727 145.99362295306267 148.29614706703643 149.08301311946462 135.17143578153022 139.2770185111605 147.37980443340575 138.86878499740453 143.5184441373856 142.47950745672907 138.0003030691065 150.3253077605201 148.79141977423112 148.92686143910146 134.91833516551515 
142.14551244370742 146.34161990729774 145.6365464254247 146.5871214330085 143.05948014881156 135.07572018964115 140.2957297490437 144.9342377507739 134.51434124457245 149.52761388216095 146.747118621967 137.3339266560566 134.2243606472767 142.41483657047644 142.49958886974878 
147.65020379185734 139.87695392418624 135.33876381558767 133.9096125745137 137.73167431190583 134.52156362018056 139.45227422576053 149.27574500617015 137.0808791924757 149.28273594904454 140.81634103339292 140.62476542753302 134.2022813736594 149.2896674559805 142.8808371805622 
150.77054099916646 139.22159212220302 135.15262659318014 136.96401455845432 148.06357489947766 139.9949261639763 143.57342806563975 138.97239778503834 138.48002212685998 150.2796707974491 146.35780959912594 141.4463872403126 143.883673336768 139.0903904771988 136.3694400962398 
146.6274606269553 147.79021728245385 144.75331395171878 138.97202135344756 139.91974911924606 138.21465377939973 135.22918030810038 135.4631019488927 136.31451150953157 136.77657144954728 145.56892931391312 142.26111287231078 143.96256184807788 147.58671459328994 136.06031463882587 
135.23554980752942 139.7221363783339 145.30322256477706 146.86521843055024 149.50901101779127 149.46321796170963 150.68497523394677 141.51922430122738 139.95597223851289 138.12340687923822 146.82670910180474 133.82294355356902 134.4232743491342 139.08419806542935 142.7782293876204 
136.4592408534745 144.4920797745558 140.14181966297008 144.21781196595717 135.48158965322315 144.5041371509704 137.26137083158088 143.10822669832814 146.95726310469834 134.1155068794147 145.52543648849058 139.22983932122648 150.00130980040632 134.44237231934903 146.44104199632426 
140.84429002484583 137.0829809267445 143.473508591999 139.0348612053885 137.34322502584345 134.85366019860433 144.89937113815145 147.51280435279367 139.4975483846772 135.77644736582067 142.3474691579135 149.9643906901865 139.66857941234827 134.76796485686313 141.32240155296867 
140.44272493757597 136.1710298673622 146.99246996404642 140.9249392278237 146.91143768359322 136.49914923411208 142.2668274651144 148.80163101012468 147.7474096914377 139.35652340166348 140.79481573243078 146.79828707942093 136.72268723841822 147.8444332434093 135.91179069909043 
144.63557322837428 149.23651129315857 139.39875494673268 143.10337413715007 149.4302672895922 150.67584951594762 150.07923486700477 148.30561195302448 142.74660960324556 140.87232819690092 146.21725436490428 136.83212451162646 143.82457831216865 148.00205733774973 138.1384275729178 
146.39193455634364 137.10591520357696 137.4871956268635 149.35943407652616 142.0363251716068 137.9278102121442 149.73816951708625 135.22808238506835 140.43580248033015 137.1020210671834 140.90174616115848 135.04891704332704 150.66308586560598 144.8661426955291 138.22617421274452 
142.4257514642558 140.69584082504326 140.7957053727178 147.6551528253805 147.02563701195044 133.89354918947183 149.0613479311297 135.10292790178934 134.0007814110219 148.48682089696368 140.27956163612998 148.29663890100144 141.08398201651528 138.24699346197661 147.62377232527714 
138.1186570319445 143.51401662962704 148.5678902553209 148.6486354891298 133.88714244523044 140.56866383691323 136.18835687790138 142.74953648473377 140.55334403626398 137.3899494354045 139.2724846556555 134.09282748414313 133.98319738403234 134.325628163778 133.74105999540993 
135.16875671533404 142.40888779132035 142.42907911375033 141.60017336155968 135.16388787093922 147.64613473551088 144.87791719391723 137.8740734440647 139.34366528424312 141.42981737943848 136.25608859657234 141.35665218976814 141.36615685017713 144.25704764307545 148.62329049073898 
136.46753654725194 133.83236824744486 149.96015569897293 150.62160516243617 134.26922579417536 146.491876456327 141.41580203863924 138.32561399996175 142.78979375091217 146.7255049174701 148.81242895407576 134.90636919545966 135.86455052070664 136.03271717484975 145.52397871103474 
148.8479927187097 150.65015627556247 148.14478361188517 140.91379321263824 147.42853892554794 141.34399546106897 142.25940096686662 141.8975395093476 136.89688894077298 147.19081459141898 135.53551075314806 134.118341291494 138.23291525276096 147.56123543310972 145.74345280519017 
143.02135172777997 144.94415675376462 134.3625306429077 137.23186524992363 149.4210026645748 147.52203895060018 145.1186098036814 140.49136922832318 147.70650365677685 144.33712192799416 143.35570939294152 150.33245602558904 145.07104217522624 148.87500550734794 139.00401848276627 
144.63993672269433 140.0797336740087 138.99590039200191 145.17560787660432 142.63909588627172 149.90765288829664 143.99706776071807 133.80061113585634 135.9674037584872 138.34170643372542 135.7916519604491 136.62144851115005 148.45145726266273 136.59875479911273 137.89199985762298 
139.25759967151694 141.51173800076853 144.40072389179886 139.39491349705096 145.01405421490728 133.75554406854792 149.6304367160349 134.68116509895822 147.50133166849966 150.40788273817654 147.23268550673865 136.8119577706768 142.3503284777712 145.79838949279764 143.61780608761228 
145.6569823968918 140.38993113285392 139.43602238707425 147.46530596240646 138.87209846525408 145.72411495958002 145.98539737985567 137.99263017496494 133.8092101766227 137.51093583893902 137.67508883104026 139.84785808664736 145.31913970653895 144.1740891107529 149.06671164237866 
149.70581562757528 134.5759107448916 139.6027616840507 142.60568323867363 143.3971988200181 136.14804048684942 135.5855262380164 145.97375567022345 147.05659353682762 138.7029462203396 138.09033046742834 134.42608680233266 145.65359981346046 147.20971422348535 136.08432358441155 
144.7337676280103 147.84728357190394 138.23012139137577 140.63330471861198 139.23645463103225 148.93423169616128 143.70038392538163 144.758847521909 144.1894069164079 138.81160460636457 138.55385750524852 134.3653335438723 144.4457245357227 144.0344118106999 139.15834567274155 
149.09716016811868 147.9946143149556 135.19692113211306 145.03579275078303 137.28545560607833 144.62779776268613 135.07958856062072 143.10952358020916 144.58712853861093 134.7996422854494 145.22490816627288 147.9856830450433 149.7377599191995 136.64295646809754 136.79342277578866 
133.69292716757903 145.60247848609546 148.50114466955716 149.02307972689056 138.1499298167899 137.53659139378013 144.95381173538854 140.08355947482275 146.62576269510544 141.7914489761563 141.41102729112964 140.70818434292246 141.02383703778895 147.2306623701894 150.26423966052914 
135.1823731249832 133.9102837901797 140.01388610975303 135.05181073950538 142.21675946936645 133.93604484275411 144.35362731629152 134.01362647052702 143.20202784296583 150.2062208157952 135.97195751482624 149.3858337529067 150.45347243269467 135.4318978913829 140.62610756542472 
135.59754690079504 137.13217729898483 137.44479072208256 134.84063457361935 145.19757957861546 143.5555856935565 133.70855297566337 137.6219667066443 141.0298334824676 147.28224333459224 135.95297244334455 148.7916815907523 144.7137587610512 147.50496856623127 144.88985356995576 
143.20196385793435 133.97786397985914 138.61721082097526 149.66337279615658 142.2639101774345 149.04926586307718 150.55487114481951 133.60248200426417 136.13626624365116 140.61750765339102 147.94901064100358 143.36607968358237 134.16765198076632 140.6127233753832 142.7011739785055 
206.40714448558288 270.38892056033205 244.71090756857424 278.01197381127406 249.70070611004627 70.32986567810065 192.2419895624008 222.44333265989772 194.77725889751332 313.33031493703146 108.9147481634699 93.98808527855417 276.60902975257136 153.9723753187031 171.808971753727 
267.35720939260506 102.88421883113257 252.86839810441015 79.44308670436087 68.35077492446926 189.82338384031573 119.89734954213714 218.36702303466706 159.05623102533053 201.59581939838478 267.58875982222344 127.3446135102853 135.02370484113652 256.3997732663379 226.55331880510565 
213.2029024541202 167.80566017731275 156.63535399962814 307.326043792381 299.40963378295197 129.02934050135897 83.589236892716 109.83082528583492 199.03750530568996 233.60633475633017 277.495629906208 214.20688923979512 164.6427735164524 70.51666448557805 97.45671868809913 
193.8356420317512 116.83534137097021 141.85835020282747 171.01876219386276 182.62910145317153 175.69196588107323 213.11530614908466 104.66735481164073 215.78431358913633 249.09943030603247 73.48419454546976 239.56029603077235 293.3625093962239 127.78736077432688 301.29803106376886 
205.0163793983786 291.69696423968884 204.78237940719072 124.96663532177547 287.89914487401404 198.54821805838222 128.59342340543162 170.91121869108474 299.5779401943797 288.17710009842176 311.030636368836 122.18472608034196 300.1137631461191 89.79150214430078 298.73853088463005 
259.34115126612863 305.7621657159542 268.6958703819868 228.4631666295772 170.17947112249755 186.17368709880458 247.74104994131284 304.8925872640749 192.1002629650726 149.67272234814294 109.46848636735925 110.07636380616205 109.57400680600557 265.8971382396867 193.34756425826941 
171.06281725463452 311.67720577419425 89.48090576569707 304.44886871092024 298.55281990074184 260.3210961006307 126.12185292367624 313.92393219163426 117.34235417212486 116.06968667864817 229.14774892985002 122.39083655329236 96.41915171877214 200.70435501334873 290.73195561229625 
266.2698968212831 282.6240325257569 170.7158031135659 183.23388528891593 227.3488039191483 217.32294430126063 81.3556308144567 121.63238620339669 228.99356169093926 107.88256091573425 216.68003974852274 121.19998537051761 101.02166545438038 252.23179687808698 266.1187921970171 
183.0634534853633 138.06367523197665 149.70416234312628 222.85050729663652 309.56678318639126 208.48503244576784 143.1193443432582 75.35239592767267 194.753295256108 165.58122550738705 281.4413866873275 149.11478613278243 226.10064272410997 282.81151314041085 274.60874788749186 
152.22354572097703 165.89347915163123 97.3139724579217 130.1627794583851 210.72728699419 214.15937644845351 235.86786801650308 144.70807668957846 153.9388158685607 281.59900150807 185.09343236616405 196.5617153243993 303.11331006494584 132.35458235852826 77.08760824851939 
209.6711131501345 298.3639422876227 300.9905452037051 274.6440508606052 206.51044042617443 227.9667357750826 233.55241016697968 308.65831619851565 67.4190814825723 234.24419631610613 300.9872918410041 206.35751398096573 116.2945332542455 96.7882864398012 203.07877737149542 
241.6133206624215 124.42244362655187 231.6768074714197 262.0914739117701 312.70499143745303 263.48994020221 212.8804443289853 98.86401065253123 194.13041411904257 158.1783401553438 82.55250347805355 227.8711641453644 202.9790927355389 147.4677895088663 124.3600103727228 
87.87687749575528 164.04725734665078 87.45966758235194 70.51889099987545 192.98963077069865 218.43491431936187 309.6444398645466 230.76963789512894 292.80055428381326 303.33375911089456 147.25357867682052 192.24303085218042 252.9863020981186 203.86099930386965 124.17719914670212 
230.04092066150207 180.1343398892945 285.3567717822639 195.13374593866294 253.2087216102241 193.97889238512465 243.41754104061292 253.66900973874863 125.48690929994169 296.78120158214927 280.48114765880837 121.97609884753177 298.28448198424485 186.65912261468821 247.28706632353715 
161.56238960817063 104.29530988328095 274.73434928291374 167.06068648781297 304.71574858122665 170.93622449509868 273.1155990576415 259.9521799933934 260.95857341253225 251.0863957210218 294.8734452495716 169.46393851680475 73.69787024334352 273.98193731259755 186.07393191863122 
155.41411552257625 261.40635763009345 83.98666430937638 291.36869507972443 158.7318363112837 204.22678818317192 236.39556687743143 204.14062460864352 198.035889034111 233.37108405034695 178.3776273782338 251.07518007781832 142.14183512225708 143.96547172637122 191.5121588973526 
135.45432234967745 261.11937894276036 70.6555106012828 87.93487295788698 135.25903025895525 139.83761578833526 301.6515552677082 314.90238182422934 175.06264416705073 88.9781978679436 152.27022152313856 192.06428705613538 224.87329746892556 284.705161527467 138.59930366893263 
83.16710441002404 284.444609283419 306.88250322998897 114.0870478492514 153.85811851768506 290.19214392445303 103.31702260787341 130.45253698830513 311.16254652351904 272.1205493621661 74.42949810186894 155.13088660280638 155.21292757183195 167.77826191117583 93.2245050538116 
307.3517235145373 121.87833256798918 310.1492619457591 207.2590818498346 303.23294421946264 110.0586021563463 233.86974576323 92.44400771849509 103.92343156262538 313.92885104708876 111.5723473016311 166.99726360019577 111.20738873634858 136.84355246657543 104.69877483134891 
165.58643078956993 285.5073021730967 79.20755862652483 104.78688743971361 164.8518356477751 287.3558163086294 135.11709109401465 91.90124324047628 229.95851468699612 88.89737110788984 280.89278941115685 280.78094110645884 146.32368947572695 75.04335293822109 198.58182198647145 
263.6353067446088 185.17264053695166 154.23131662304223 229.6968526272441 85.5494347137513 304.1948745893514 112.7477376781157 120.26705244072855 220.78491389577607 168.23104000616823 310.9570867992415 156.72500793141504 236.7606853432245 180.25326190795008 93.18047262578891 
282.1613478229063 152.97518391029055 133.72949905161988 71.9698154774894 144.36200779769996 81.61695093847621 100.28302466239887 262.22620504998724 186.3808109188401 209.8035153112438 114.41047183403617 92.69272423583476 149.43345766632163 164.54201314648893 71.55760824173692 
206.32171749517053 174.46858613105888 202.6013589642961 112.94991811378114 175.08859496284558 231.38648805800656 286.6288115209743 100.6272868590479 240.792203505185 175.2926130217075 227.5612474090991 123.83827860489683 210.91406658381308 96.04117566125784 170.48674823240006 
197.443092513673 210.2488170578642 217.0227637363126 204.00650843882596 135.68633098666143 193.53175825802936 179.91460408260744 299.7622590244724 244.0595086593294 200.1855349794498 282.9813061829488 98.40852635900657 223.4780092845621 183.6052252293507 73.63782554273614 
217.3587515375768 72.90088614049344 131.14147070250823 251.77890549919377 264.06225495774345 261.6405713942622 143.84457554361154 107.55175605763762 142.96815257810528 301.19820279632324 205.20558562147423 79.64854177702715 242.18098072713104 161.66208542917425 288.1065931828888 
67.0150764938246 210.8712026116735 275.0945958377409 69.60214463826684 171.86937431531834 216.37481294493014 274.41959239941843 237.33444097226345 259.48249952003664 119.37606029653031 198.9483787990034 179.3618343655648 233.97324442652973 267.11642859641506 82.07181724501463 
183.62478119708152 277.47964772192284 69.22566161996455 192.09832790467647 218.08849153934332 270.49883041900875 68.32966535060041 282.20489113068356 161.58447778327326 133.32776808836286 257.320448343321 242.93356309027124 220.60507942945142 140.75816435109124 179.52448747628958 
269.0177467629983 275.6340958105818 214.68178671966268 295.4017994777944 276.4606131931441 92.20320780542397 264.3692717162394 258.9663388910741 235.8919974404879 97.21485851899395 201.76564735234138 192.61960634184388 171.21843445939672 148.03881753555328 155.75598184272556 
77.74237720181449 285.07986129556264 77.83042109704353 196.9847429518884 237.39168017574883 220.95768051693952 162.00787434377884 235.98069562260463 288.05930816087255 226.15334018067023 174.5126684454122 262.2741586951736 117.83032271168534 98.9421805573686 251.10464322692633 
309.5432214976588 291.54107434836766 223.8704029162579 154.11780396767813 187.203575911904 248.73038585133304 168.49552970158436 145.19769893753858 89.44262698380042 263.0894938585142 120.48342446546603 91.156034460392 301.6493955134253 242.36911189478374 189.09615011713163 
104.92712921046714 147.05846692263881 78.9370388506114 137.81727375057255 76.93639713520247 169.6380327983375 84.88298992355269 196.90043045539676 154.12736276379007 74.78685937898976 171.93401427940603 181.6236086670629 194.40344853443975 42.68786410018194 115.26987077347901 
61.851770574310336 153.3747047636828 197.70095210768827 65.02780759581906 183.38920640869335 129.91956089554662 111.86372608824522 87.87844461297536 98.59003489389568 202.76498060743174 200.95739403176842 79.11956636935315 100.02776856511963 150.16235208363042 44.9730225122015 
168.81366115969814 92.90229670121862 118.22127033416135 173.1161087849813 44.61259555960122 130.4424582501826 169.7815690260469 73.26627079570393 90.93227561410781 126.19856333999186 113.01051752793991 67.30316199459307 197.3394036472649 155.4015002118559 119.87893702780025 
114.88422203403505 194.46469244046753 160.45846556437155 89.96558781976074 149.48322216468523 45.24968025186861 80.19120982952694 43.04495721466295 96.89970550912886 70.42874793455677 78.70228611949537 53.44401272139815 143.59416213959167 138.402403695119 122.05086384191469 
138.97498502502668 40.993314196376424 68.14378802095419 55.291164702754855 47.60904455026146 54.387538516088014 39.11584505171508 194.10776232015422 143.39622660263512 174.37360541297315 138.98471250379697 52.11831917566594 205.08245709187932 48.003308893535895 50.26090214532549 
136.33769650091412 112.55543448784908 152.06773820646603 60.13358360578796 112.72159635478302 105.80144661495711 72.54886637300626 44.080471777301234 61.828889894658055 43.85782969836984 144.15996699909527 61.551088862540354 156.81195776663452 78.92112939834354 168.53863819468307 
194.40160792675957 103.66214770422525 193.24249054717237 109.30525136992055 92.98594740250428 200.61988228180735 167.47484647396243 46.06651493161719 135.18868447856875 206.0137797676768 154.25218195862024 75.84369983737099 128.266136140608 159.95609022674228 145.66347450898346 
191.87014745698434 67.95874047190081 168.542985021775 111.51395099285357 198.7475713090174 75.48622194851018 45.63919523294046 192.29955886139385 204.59560388633213 203.45597804758475 205.2146483673641 84.84553459840456 183.05088372787492 146.80954002238184 158.8878588081339 
115.29913167927289 139.86099879480105 65.29729818766188 105.9700460993012 153.97026653926986 141.133025219643 87.9012896855971 58.387076404618085 69.94764542291406 98.25278396904423 128.83876186397347 41.38783248299691 192.61593954203565 105.79893488791404 63.17866509886581 
129.49098004113677 156.4455039766708 69.78221568895741 163.7109454687868 67.08494067910485 150.01386069148367 97.04182376331707 89.5202907513985 70.88703381527117 115.78921553071733 198.13666532531872 76.30376140357455 85.68123098317696 122.80534350321426 196.00056669622057 
144.22602461139297 142.3454610201457 87.35780593211214 102.08802637085051 157.9825588057248 152.55282888345053 111.30915205960885 132.28890961482347 196.8255860591185 132.21434430294082 41.4859356905837 39.27621446765408 197.4341828960514 192.36812286244074 180.86755890637838 
88.97552246986584 183.55908702692014 141.1534272530755 115.36844353659885 132.55492105541197 167.6573536765841 116.14662088477476 194.48136070748254 174.53062556501592 135.48925550174206 160.13280648680765 95.28540732802615 105.97523491993167 44.840215807336364 189.29675301133187 
58.215078490676945 156.68793597449144 160.56398637788843 123.84444690294148 104.51274118574517 65.50675931329613 118.75244962621892 78.29240009124592 148.15569898845166 159.629199744318 122.84906802479553 54.242087286797485 84.14480958938628 197.95135699871344 155.90416271470247 
134.0089497718618 70.50889460139834 110.72009700673395 111.94887146941291 176.75188984728587 142.9421610542566 163.75156973751677 63.68707931827528 141.56877994867858 74.91244010485002 188.57282145225804 191.6407060198561 95.034467961834 71.20185877333624 171.49793887253932 
198.77750298826996 147.7554427064636 205.65082287847744 133.61472593740157 91.89984679250405 163.45963477581574 84.98526844122595 127.67977224523709 58.45654507239816 112.5859402135758 199.37507867370087 126.4972424353764 67.3986997500138 54.35081395418975 96.82989146733904 
129.9224066877731 87.80949106838935 96.54258733353572 138.34256441309705 131.4724283270734 201.65708696006666 127.08884809453934 148.00199722767687 125.23109078733708 43.55878045240161 163.3422817332583 165.05359371519683 133.21574645639674 141.33475549430733 119.32808277159278 
120.584349012388 176.54285230905927 198.3121133005474 87.8184786284394 140.56483024537349 177.7518606295525 157.6572268205098 203.18545208297806 141.91097985337592 157.03885671424297 71.2360905264795 128.31468582210573 199.64424582894026 79.0767412503099 168.5123155617769 
171.41387917497397 107.0685838133674 129.73251263973972 115.16142795066675 43.564375617184346 57.07874677880993 124.45322467853852 60.735696962615066 67.40357617021793 183.16146912101243 109.76161209434271 173.84769292094916 108.87443293080628 146.31917070070122 176.298418367921 
53.44846116071673 159.21394234332283 140.20294757009694 123.62128041163744 60.38969626187332 60.979910884140594 141.0655674273196 150.4024993324221 153.1508786973523 184.7273058724283 140.62525948139552 144.59955107810063 128.90139372087467 140.04735349096387 161.49315834721614 
197.70645268116525 59.5056287804084 173.81932454263668 60.130554204745565 58.9880173056427 70.07268816435486 156.9567482556991 174.11961285659794 76.7883249993711 178.40794642813802 105.70591680975355 204.6664389414372 89.573947022845 44.545653008685086 174.04895429091007 
69.6521440638852 50.94526410624771 102.19731509566499 57.9377374336072 201.37708352381617 155.98228134512698 86.48864646925443 79.92663856469474 195.5399218313504 138.46658848483486 125.25226737372697 172.2464851008873 148.54740629386353 121.42476363960179 80.3814787466103 
49.9876120723401 58.08560871875876 67.18297557933937 203.6746022218459 88.07980531582226 43.46781079688057 122.54734451309628 174.25545922566238 137.81847335825825 192.06098714391916 167.60935985747318 171.77816192908134 58.65628817753013 74.11135069114292 180.60115961548587 
44.956188071173955 144.5652843813204 190.55132582258688 194.63863690037715 71.69234041085926 85.26187399048621 174.72127603816065 179.71693939137646 126.77884518497335 176.99000063360802 84.15371613928008 178.11094392825086 49.105740822740664 67.69438359783878 87.09930674515938 
69.7789036814965 95.08710979813597 184.3865754750757 102.40755087192676 202.37540450910308 40.37053826457097 100.45543894293851 158.46152938301765 109.24660189645223 62.04867436092806 136.29329706148147 173.52616128531827 126.27998023433068 178.17527547380155 119.82419678890363 
70.88974619471213 179.2143047303554 76.9727281804866 101.8768741671816 39.39045360510142 46.784032726144886 183.3123837301153 84.37188515918601 40.50672477823484 199.100635117743 69.66443503219209 195.21409661803008 162.79035689233476 164.65845741998112 158.470429972929 
136.97329003310523 203.83366690832867 176.17930808893843 125.53350450397467 127.3418408709226 152.84713646151144 146.57045893195053 119.85432895977736 87.48143217608592 170.7685114640844 87.66421265046452 158.73468839247397 107.35773128016176 173.2819718175254 102.17938984739585 
145.01693040527675 83.30146289420708 61.87042748810579 142.50665970955419 66.45696073731655 125.60676457539674 137.55639295107602 91.71970453174387 88.0149391208806 191.87983118950572 106.23791594632743 160.91217055242458 63.042750410630134 120.92677976290025 181.42905439637465 
112.53415246283338 171.71019087983677 196.1679224421827 66.76888228641221 166.31918669917644 182.35582122169643 174.07523506838353 109.67640680483748 87.12509565486859 83.40171082293946 145.57183997681176 147.34707645383247 131.9420432966799 92.16522330224058 182.39867678373236 
166.9007189004855 76.91483105577215 181.166196134208 82.25894945768431 116.16970806824544 143.84086098649715 140.30729318584437 137.66677067255534 131.30120065467878 102.25625543245962 108.92112767493909 115.74094259036465 100.67515671249764 57.00800781296272 198.6664618004865 
140.76360221343816 82.27474539430088 72.97603661950177 114.63639423248422 134.4587383560787 109.04789114478749 116.96292504815295 102.85916587943608 144.88173211785693 71.3119799171146 196.00165836481025 165.12137661894593 182.71469221884888 167.48517436464232 79.1050629857287 
146.044724369834 226.1058876082988 76.3729614768296 265.4339196984025 177.02701669617102 180.15024887957512 264.0286818331226 175.73832973702682 160.1960051242627 253.82544473557843 225.059404898907 207.41647958951293 225.3174464049839 136.7454278227047 169.03689333163663 
154.72687823474683 219.3075360405344 107.86544004325859 119.08498632715353 221.27895714093057 159.3942273077929 214.6501220275191 86.67948645501193 93.14207400176878 160.76746088892315 184.22096640405914 266.3198731663192 242.54590074615578 85.11631128724613 187.60271421534375 
80.55709015360485 151.96709232300574 209.67098092289606 218.64576263870927 254.6967326400609 178.09662197792863 242.6404206096328 126.82941801794405 91.72815590750876 192.7543487115828 162.30225039724962 260.12990525421367 107.61417010170913 145.47163139071847 131.33658577792056 
86.40867228149651 158.71398453671242 264.7819730342331 216.0138953678999 251.31617621765622 188.75646280316795 235.08733384141976 219.9802756614054 241.6103892847943 188.42823479308265 247.75397660735766 220.3516585984517 133.11269005431063 254.14660838125167 142.19515222796446 
108.76873915127734 103.08129197700453 175.02199370768034 239.74185222335296 182.38154655604592 206.76715588727137 125.08108771968008 261.7051655680488 128.3929034676802 140.31483449668403 207.35802207711936 146.36947098529137 179.83250106326375 231.61663906132392 141.45199839219097 
262.94303469190186 246.0994110067005 122.45247521717816 76.5199737403122 120.89062424197806 224.8632288153343 149.69958050906945 255.85473151242874 114.46119612714222 86.54612999392494 238.00657010572823 121.38341036133585 78.82122479056103 218.8586366535968 213.72281402548862 
81.30689136414703 240.16570689484305 100.9857506344025 90.43928743734634 256.0607906242938 106.48528250106705 96.74201793490184 181.07673287209957 255.33133209463227 145.0654995747622 260.25069411520326 78.95659211192843 239.55144759304696 197.76849868769216 153.15444251752785 
126.2692827654957 113.2398068535322 228.49326016474097 163.3334683458317 199.21304679643197 217.68096813795222 220.66092235921758 107.44258907150547 232.97229873545655 111.88237821362532 165.49522530508722 115.32747974938823 202.97173100969155 206.79064384776925 76.32055950420755 
120.54347383648393 183.1580390585645 203.00622720158466 151.64515178310694 78.35836704727598 212.7383832132562 165.3854377955923 134.39424683148118 266.1789745198507 182.17110442231007 136.36573957587697 151.44881265773222 223.69099885195553 172.88642811393606 252.22033076105282 
254.68757780439603 186.48775593864588 108.17125977247898 226.69318352496163 222.391895446852 120.14952824748153 138.8459641679606 79.00526500791027 85.38086632941736 256.20264416374675 171.7649658074405 142.25131268207767 124.03230204398602 143.07998125963044 91.91084477619225 
76.26764860783086 240.09044369589293 210.65840653835787 126.81855289018989 204.82096873382525 128.82635710851872 152.76592249717734 163.63205733779307 258.23702454557446 248.1851340860222 153.00422208070256 194.56294310344447 183.57018506358253 151.0813187324057 122.9670036896324 
217.23190496878786 251.70940824772288 103.18022709384664 78.47174957414167 105.49161573476383 249.79498001378317 180.4882208703429 170.60998880893695 96.92665426325632 109.81584944066091 181.17666071102448 183.42713983678357 197.57506081731282 157.04653957956168 222.96805354958352 
144.9784107949631 186.90819556999884 194.42233139325782 138.12017958483645 94.73861829322001 80.98320746446079 131.95707026465064 87.09212125778697 101.33088964710385 110.175893220261 214.72700268726726 98.22584149134235 117.93475828683785 265.4798243765192 133.0554945044952 
240.42238705902366 126.0819332303997 165.40754760796688 168.138302088699 181.04991351870365 240.9405019250073 159.18727045969464 121.87534366223053 218.26144184611627 250.13360019134913 186.67001102776527 115.0615672310322 161.49523207520434 125.29130596859287 217.955040135565 
227.61445187847283 128.06780292171828 178.49406784542828 184.68947661093142 80.30531255225873 214.66559108270872 198.9433552318844 170.2268272683449 252.42327717306293 128.29520086925268 94.84963451958758 202.118980435354 112.36386539423272 205.8625253239783 141.00038223561066 
253.08903146261244 229.83100949146592 164.57653640487712 109.25226742613103 180.50134130718072 198.92772293773766 133.24283409713797 168.50188115950127 241.66319987127298 254.24105406339422 246.3035759761708 172.35649661193537 163.54098543613566 264.0325271566735 126.73279420420111 
137.13259189949562 259.6542993633978 161.94649791438687 150.5363958088986 146.0128182688597 130.93407558163148 148.91052038161223 259.3638213857471 130.64934063851774 226.62679094761828 256.70643355419554 111.66729967718356 177.4901699392916 181.36067763759957 167.52482719473602 
89.26428759122557 249.0997979075685 102.97136252079991 184.0842542721179 183.21316056393698 161.86793086089224 83.30407572456372 257.57267237114866 213.1753373492327 199.83549214736513 104.08014399675014 218.32277644330665 165.82371344259707 197.72961866431194 168.26872531649641 
139.60241504754532 92.5529267702962 151.10664866046437 106.41367367979007 127.76909871644338 171.02805378813528 176.30294839554722 255.44890097015832 238.10824282729007 96.45952836049902 230.62182789420044 233.62385930959505 201.44853965685013 211.98134036340434 103.56662325168723 
252.45159072650716 185.53674260470473 91.38745861140407 149.75124788600905 150.62610019897912 113.88702343032925 254.3444352216365 264.2894877356649 193.36859040686 129.7561641379702 212.63927163869212 106.1122828452617 200.642701174007 125.79030719203362 216.35851353543677 
101.41314492843216 261.6085046609171 190.2843813647634 205.95902450057275 200.129147637998 196.71702983339225 238.17582274290552 201.22777706189328 191.17194553526244 227.57121765711685 265.8620213669804 177.78956380902795 118.97399810603228 154.1136864245045 200.14047542196937 
255.48188819351978 89.1714557336155 202.3641433638615 234.99750112071482 199.5728228104908 236.70726295748386 227.06795548364485 251.72760406125846 189.82647525235203 193.90011527527082 137.17185002038917 193.13184445462343 156.3892909628392 121.48024761041432 195.9187059999618 
81.2611594034335 141.86414016899897 135.78657450920053 75.43694534825227 232.31157896312627 229.1516122624459 125.62411894899844 235.93333259368862 232.8971792510966 179.66707116033308 233.07517696870062 158.10935064726462 265.62322325768054 171.15732411745532 105.03984931071332 
254.9146185340371 220.46463167834125 190.95594715024993 118.33546665425493 142.91119583304348 209.31946056974215 248.05337515029115 243.13508737329553 154.7037120142379 249.94523708902435 171.5091978815983 235.94629293561383 174.14479894813184 176.68307834301106 264.647513878087 
241.5348940289443 188.7359477137785 109.10166748184062 80.61759632669519 197.55864158658528 113.63172480199913 99.61373609351129 160.25196587217465 188.36374181515149 139.13984232246764 265.2894809703828 240.41594937280283 137.29296170721153 75.9306144933526 265.7870239484491 
240.98340184343695 258.0038712629414 193.71998282208818 158.06923093733542 153.94351307846964 161.5067140454376 221.62790326587998 212.3788074302356 217.1230748811606 91.50082167074262 251.34759737824328 86.9876764521885 261.02202626454516 132.05948694755756 211.40228069872495 
241.95121428387597 151.2433177871156 230.269564135064 176.04272565113473 91.42899611243986 158.24347382859116 240.6700694632237 229.8075563724955 102.9107302804203 93.49426741244145 251.77517312691978 178.58162762921626 144.30613450428677 141.6970566196586 248.44283468179896 
147.88085944421914 158.70374619963138 245.95827360811023 235.22102665326221 200.13063227282782 180.76311389870352 128.8655011700934 152.8809466620453 88.11180739259646 94.1007692219676 177.3760787898675 198.39742716752818 151.0209725323993 153.80547535623572 225.75838946127888 
162.99788112516967 230.94156194376444 137.1967748649895 146.43938409300938 258.6672571609363 101.13791489135737 146.20828891781406 160.46954074994102 237.1461499274898 151.71597774230878 212.24428210289975 116.1301202759981 84.66037593859944 241.45882225300284 228.3715712715269 
164.36343451905657 255.2772551257649 129.29695558930567 78.22413282245968 262.11885870538833 152.14625278453227 105.90889928587444 239.5014088395949 248.1191230143567 264.12409188261665 235.92744567532668 179.75045323244137 118.40828277903903 157.2030163517872 234.2275442395613 
80.1232317479938 84.99946324293019 66.2384457235298 70.42362521024864 42.772111870475634 48.650992334014916 72.57682853069497 40.308510588631265 55.18084177361402 85.18454832487498 84.00052633453768 63.03342991349275 82.5567718784321 100.31589412728893 81.20067240837844 
110.34367694575872 51.231624869251085 93.30973007480662 85.22812678930947 109.54679155686529 78.61343978058616 45.37195305740027 54.15587433996998 47.67425617675015 72.60804313106416 81.67847636520001 93.95318269331642 47.61767214568215 71.34963868713055 40.205171179918636 
59.48232870363518 80.65803244425148 72.51497062121314 71.92506437920085 91.84435275673451 109.54396752460569 69.60213873207834 71.16955025328076 71.30001353888726 80.28973241305376 81.34607594621755 78.29869562179445 65.75647262961007 97.89161058546958 52.605133660975994 
38.36193292468002 83.3106648101569 65.81908842210163 87.16242124302181 101.7026682552895 102.36291111777759 47.4208294194712 75.31424945539933 104.098995225636 34.59256029841721 38.09379196240379 61.86389472875636 64.26881805967733 41.7111377425668 79.29860960242249 
37.86502892739371 49.74245859295634 55.9219349059981 40.63873388592273 93.59546573736573 79.46525979700687 98.46941911157113 65.29693661536291 68.42275080566151 78.13315621027758 68.33700541900899 34.266518104098765 45.98601213823534 36.572067286385646 90.74712339515656 
42.210475795532936 48.505875509620566 95.3590030789365 89.63350303230567 55.38180077033398 105.73512559387846 35.64738482869631 69.23792399050387 70.03662468745955 30.599886432396882 56.458697778360815 68.60463762648139 44.501008818707206 29.857147072641848 95.7180450191329 
100.52688340305515 99.89997381164737 31.100714752498888 57.3567018765727 69.89715533991891 63.43598712085645 72.80319838334702 105.16053212433593 33.853205519439655 110.54786962653955 99.53952338773581 59.82696635084123 29.994824109348304 104.01161708288973 73.29370769614907 
62.713999581203396 31.564867409775225 28.952671100476994 109.83267806554164 51.568142926797606 63.12813317467149 84.95418648968857 51.59942338728858 68.046644924731 49.63740895655043 90.2607525258488 51.7822682706165 31.366303611505582 30.832275653386 51.3516981652283 
38.02105548428135 41.37455256951944 35.766328628500624 99.86504818625858 45.58905661089834 62.57399404071142 98.89310917667605 69.5128008191061 79.50384240570806 92.08798230058181 99.89169300836377 52.22709310783914 85.0478566352169 57.68418221439039 82.93437729247961 
29.469634194013874 54.76642397737681 28.811920300017267 103.38201682953228 28.941586183410983 30.97665094705821 44.062371248043114 37.77645656440274 65.80542720920471 47.48630046966014 83.99690129223113 64.37104763343346 47.37811346916216 104.40042996431437 38.29589068440487 
74.92672238933443 108.53355036512197 73.85423981511576 39.01056744104869 39.236837810384166 73.11299838514188 46.47870878900607 104.43052657266223 35.55892619631922 44.92273082147068 105.45949739249203 111.56385801528414 41.95289494588033 95.4582092277812 95.47092594525509 
63.20658386596024 96.13679594623743 57.47222587921422 109.18514371450901 103.23313692216567 110.52565578403185 82.6841754629823 111.97986508356152 53.04335633343392 103.09983755907776 82.91788088645735 106.54195986094099 61.49493698121395 97.30224704734599 92.83641623410564 
55.74478738435948 56.7926737100169 66.84641488902574 33.81514956286596 103.6447499822015 97.60388736476423 32.762076683168154 95.973070355181 93.56029952423225 34.266759854247894 94.17333504248494 50.91278537958004 53.83957561179028 89.43632172053793 76.94071079044619 
30.62190274048145 100.90178277262275 78.18365512131854 95.09415957277439 85.40753894468287 104.71194000717199 102.66193130075213 96.99104347513249 82.05865031620496 74.46002404374724 77.20283365259105 37.69799020928368 52.38451482198957 74.68386485546316 32.5014286414367 
62.29133250788986 109.24010240882009 70.5511514407055 94.82471527737842 55.44835665820902 70.8777902404512 94.71059578921518 105.78725831051247 98.1756447679921 99.31785581995692 110.09305564804714 60.72704725953932 66.80910807042699 57.70359330635475 85.53328334880564 
64.67951095068887 106.86759545997825 76.07123624549905 110.7311810270159 46.670424545183565 78.64874760933289 55.00971160360508 39.105800096133876 38.168285335487404 70.58928865730394 67.21707642896807 59.427209867613435 48.69302103019048 39.383226879603626 37.91439217207286 
65.37790070460915 56.96053930246063 105.01648939491416 80.21772532777203 33.18650539327915 36.22978506595345 67.07188893843391 41.14950043433143 29.37070072319153 63.4603844160996 105.60825921461804 31.84780723944514 50.20856628568633 44.54083298203511 57.17363156845966 
74.61071294094734 97.42728047591125 30.85867749286654 72.81537194499109 46.46078311817321 37.02764672268495 60.743801836972224 63.043215342659835 56.823019941707244 106.28158523050651 73.16558101497759 94.12637980952887 99.15829061971436 36.52526468145761 91.98291300777797 
33.58618959012387 90.5017918455694 68.4036004720819 75.9139535360444 61.1954615555124 38.20238446338786 61.7557235247882 97.64280100121157 58.43824531434386 69.33294111148876 50.19399334496566 79.35602015781245 109.82393355197762 104.82613220870448 105.31994869067533 
34.819590949735904 68.51370592126905 64.7982253470143 56.231093057573545 31.48362916926227 106.84208354468021 75.37667576673931 79.10241251870741 104.44554494681272 83.90966896169314 32.48512620267851 100.8949709594784 95.83611660327061 52.268718945962526 93.76526836176471 
69.59067075040984 93.73391897193605 68.88378936825816 47.60912636914401 55.50992893605668 79.81586950818247 64.05306443952658 94.93006285392391 53.96401226365789 92.69520086364282 45.92833828033484 46.02370937128755 51.593292346123036 97.68448471079316 54.46986312456733 
37.98741130643303 29.818944174934988 91.60934455586471 43.84103232057362 61.70471840790221 98.89807565402651 63.634608923397536 73.56228377253626 63.16778338250909 104.21904846787255 53.61913178962121 58.604023699561374 67.4496273011026 85.27133151553554 36.647658778973266 
87.73197470156236 53.888928161195864 54.133580997495976 36.2187483688338 105.57051791013963 37.94971065528719 74.78147038662613 98.57337243515234 104.85826693139624 100.2820878075243 95.1318781134698 57.6511000751256 40.03767330433209 76.63522847371709 48.79049744966976 
100.79445905041366 86.82607519147896 58.9942284004037 59.619740770022204 86.1406851454299 80.91474471936354 43.08697433206627 65.90672105592762 100.59278569910566 103.10658696822402 47.36574351914327 108.15103694252106 110.26194788101587 43.687694975050555 101.95807824794954 
80.92834082928164 51.789424693808726 67.1787905806388 51.38263733921958 107.51526483307515 64.59921156662878 102.78928582033227 55.646976574982425 85.91737304603733 53.73197181331321 62.51639597070247 71.20554497945706 44.54519381517606 78.45639527847557 72.42019080741363 
41.398827139695186 66.92692770088438 43.39547694766089 84.55186516035101 35.95521964477101 45.11134255351493 93.83414374659584 32.299948119182936 107.45149985625591 100.27397426562422 109.9910002463164 52.809251857435385 54.150305223241645 36.91158433798165 105.06089952066934 
77.97260216852376 68.19571602624242 99.56533844867538 48.84990705991211 99.04525417570144 97.14737008058789 50.495721337598816 60.23576951845381 57.84349069957997 30.332568248824856 51.61402684380464 43.724954623200105 49.995707176292804 86.75244972300803 61.40174007464654 
87.41177396017142 67.29194556854299 111.52154156637178 101.30133002044381 110.49328140429033 34.07724689820735 83.16085088424775 102.76847029166878 53.84902427443734 33.03851197451985 46.13293307052098 82.02454424981462 72.28108347369141 63.68086403689831 103.3364072359448 
62.36983407598301 59.30484511925318 30.547116953659362 70.608957767699 59.30103637707795 95.3964456632565 59.30972040832667 44.973673829043406 51.92185496270488 46.01591974581815 60.91919760287324 40.31668218511308 92.06899913463488 109.4761531464293 92.66126699796732 
37.8274566541611 100.81365135577224 67.8253963793261 94.6139199770442 40.212933962914335 65.72926812008133 106.94852960851097 58.82138716983461 70.02713007953179 101.84429553562863 94.38098934474728 46.42285367551344 85.21148676506441 90.76641362180484 74.63157780404498 
66.92998910000736 227.82090476202035 -9.591332323264425 -29.67156666214848 223.52728829849178 -20.555353343454478 215.84012373000758 27.52272376786304 96.69465282292842 -63.105086504410316 183.85419255695615 -28.521121180473152 -64.33097622006622 126.55710992397806 165.9588062602048 
164.36474061697066 173.3978132474032 -35.46200380240409 193.42023084116147 94.91071424449828 63.94148839857846 166.93190426284207 130.92017798294722 145.05431705385092 172.56575980817752 -13.506724404288434 64.45503730286663 224.49942163852165 -38.52085095483758 130.95249246757214 
-10.243145455775107 169.2267327641303 68.4242875535879 113.20830825889561 19.918470547655716 9.724939526758888 103.85912378556853 167.7224340263385 103.79730589693713 206.7974825996888 107.66059584344913 132.60810654947818 -31.835285691449528 101.16752612962969 36.65106845915129 
-34.21593230611707 142.40425901944047 187.98271867268608 187.30075810622998 64.84621486511747 196.23337743877818 14.511619500306935 186.3799905396523 218.4181973214059 147.02240751851406 -55.454610608938914 -35.107499902768964 196.46244337781764 -12.871942379969852 38.20817077012671 
-4.8326302825642244 205.9399622475911 124.29187976833165 143.59558241372577 172.0471448122331 113.84001974390156 79.04359266738348 138.81525404220747 1.1287474023214372 -63.32300858198821 90.7881292012384 27.82748588987174 189.96988625979571 232.59849485132906 49.232671776027615 
222.0271093489282 -51.37532382075726 -3.131780166785873 144.73381935134978 192.5289321720436 130.37738153762518 173.24750392792564 76.16031307976655 220.95749498423368 -39.98750676278995 160.13032889499397 -10.850688479320297 84.82806144585257 -32.145748924191814 174.9173711382796 
-33.65439500479284 188.69630985948424 7.014292875241026 233.44796318309335 229.1568002876789 -6.393056562362098 -47.664173190231224 128.3589644486499 66.82262025672992 86.01565160902234 52.240441942897775 228.696888157201 -56.7787168296947 76.40416726549074 -31.219620242931278 
87.4354058872886 114.46653236314691 74.03863149586908 34.51857224413327 53.56886045335777 198.6905832481715 -54.91089108973969 -3.6408544375358787 145.2237950217078 130.37276166895137 123.79507558894281 -47.611527870099025 226.0483550295661 -63.950273941390584 229.6594200070249 
219.20577916109687 36.46887653870421 51.04140899041957 -47.129381194496176 56.044293563542766 -33.19454662626367 226.6005974943874 -43.121825204689856 -59.37699420104995 37.261819449569145 199.78691000864973 21.937430401483354 173.3204743575152 -51.51708488103928 146.9128852531088 
5.6739350663303725 -57.86176310462918 172.73103063226642 156.360243451165 75.37206076641885 218.69965768555033 82.63573194590862 7.282580252205648 197.82507927185486 -27.344472436154696 39.032997682008144 79.50653718058473 -51.43252850367387 210.2831864699018 200.02267869722812 
213.76240011313052 134.83361728985042 190.23539381737862 85.63070833440094 230.70869519788323 24.067167985227186 130.98630292831538 210.1303764820097 32.9505971167616 225.10970369738004 158.61834298856323 176.9461128951257 86.76670750548152 -65.48714352285644 162.4659049500144 
232.4919213517927 40.14425758242223 167.8919807562108 227.44583161491647 5.80372090432796 206.47476420396083 183.70699585258268 -59.288952522494256 23.431629076863956 229.494689719986 -22.044052916326137 129.8481659065515 227.16395037016446 -6.093829634349007 -59.57210353251238 
25.70298338316026 210.4897138822339 71.38908434972657 -55.24762365568469 4.692428411150928 115.84885287492355 104.68808677932316 218.68754352364311 148.03371538505027 123.27424052280236 104.72902442660458 34.3053436626285 115.20506528499246 186.72072888808023 114.75679479631583 
28.79516785671747 124.83950597679282 -19.958155925472347 168.03374786130496 77.76700916298756 -37.82078294735412 106.03260593697698 233.84866206044615 50.60975246831778 121.61689930111737 -31.787593197715225 -32.3486457559925 67.66863216080057 149.26176205742644 -44.175194686698134 
203.62941881726732 53.90274404182961 142.9818473258081 53.41175779928699 213.31521498990713 78.61178897179636 162.60207772602382 126.16943323908785 203.08645758322842 10.924271102788452 55.437544812179496 75.83652609484977 201.17217960577108 111.43930365162103 91.07158952940463 
107.28707879199652 43.75348252275063 7.896531500591195 27.884939146342333 186.16104199470135 74.95289240780355 167.1650575677378 51.13331653683376 217.35871499689415 79.54569553893023 -24.01653259462678 -17.040085551318704 75.42622228965959 83.63519134911331 -27.687425584606295 
77.9454379827518 -18.852159709152446 67.41222672413403 148.91183664383905 42.92274766436077 200.06417252741448 89.49317855576075 41.53623227076943 85.07164772786143 72.51463366607439 -18.22998863445862 148.83444673593925 -51.11623401448691 -3.7306409067314235 37.91697684617753 
173.33389279940852 114.52298816953902 68.42948509691053 203.77125480295166 102.30688832037339 110.59342472550264 38.04264624220396 29.768850621706505 -44.22025782045934 91.95641227887805 29.938042319155358 116.60263454499241 34.09913874052876 170.86472450131322 -37.283025560752684 
17.092729960755435 50.205171289729336 -11.980486666002157 103.59847798350108 -33.04048831672346 -24.86593675433815 209.24950205583536 72.06859454331965 205.88637491350806 57.24888874742558 -45.732134708561176 2.704765871401321 202.57495982770632 111.28611417045451 45.73846800012841 
54.78035701412078 215.23738222032193 -49.5952571928448 95.4338509223445 82.68472581543301 126.71558848954814 200.72486945101775 19.387254300096515 233.35584157172622 106.40262921842714 72.73272687110804 151.0352824550847 142.6536802895684 127.56117915854148 69.43876292173044 
-49.693232368086534 73.15352028056756 65.39964989855392 28.225723392588307 229.52868615493742 -62.169161249436144 -24.20577936537807 197.24473292751185 236.73109272867606 -6.8481893186758995 -66.64109496225628 174.63133247974457 2.803763810857305 4.939452796399763 194.19665053365208 
179.08381221785172 44.368443277366495 -24.661273532513682 -66.09631482845458 98.5248084164316 -5.5016325623519435 -54.02272852122154 223.59468657280047 -58.52571741507909 48.011616210444686 -47.03048324244523 -2.278385972862182 -53.709203483773194 -21.88387735156452 -5.761962024578494 
-48.14954858230749 50.15147388835689 186.55775956371693 206.3534151250455 193.3439926505083 -10.891663654601821 30.6958194411215 7.97028187164814 102.70262386638558 -34.60712554797121 53.672943152116076 160.63670928559833 -5.319971836353616 -35.64356276796218 -33.56597967213246 
103.68325668086248 11.748604300843539 -2.797754919735837 119.60835937795972 28.373041780869883 96.76965546491729 192.07440967290455 181.58344991926916 203.72330257293333 155.09130477894524 215.139048249474 21.55333122250252 -15.738463933103766 132.67852397336804 92.75169117037339 
110.91550133192354 145.277208293571 -20.11600616780143 35.29329832425026 -2.7754759356207757 -14.800197024493542 204.33626819587857 -45.46959609704513 225.0554087021638 229.67096884898257 92.11144487491487 -0.5332810913037918 225.89411317949828 48.56454346977952 74.29927790124225 
84.82896991962599 -43.36281743732103 -5.891982428763079 -63.60711887291724 -20.15282482975102 83.7773162843416 199.27629825860248 51.18951585474528 -0.6539729064941469 196.83476340479012 50.22005110657359 211.8157214828529 150.8829848889339 80.07614447992253 140.91786274488595 
25.69631538499864 41.20503094382801 98.01351742312028 129.04141793003123 17.822502932301063 44.048967195720124 206.51377849022936 207.5879114303783 -10.024811303440039 -67.65060051921105 1.208861521324522 -22.365417280837626 118.30045362852866 39.36114162793916 60.87330702860271 
36.99260834182769 132.83381831348655 -45.124968533029865 120.03569677823293 32.01816414232843 146.08393933908943 0.7333101972802893 2.5239288517914105 112.39735608295607 98.88069605338336 5.172839882275099 -32.22612868213737 161.4689412135502 49.394853239992145 162.93874476620846 
229.898128023975 158.79411825668194 120.62485423661849 209.74838693724865 17.297152000704926 -20.549220893334564 102.75786202435515 38.43451729570725 -54.54250336951436 59.88692767337855 28.10264867040398 63.473970645658284 21.016556225057016 109.75521639942156 181.67669367947573 
196.4513299877476 177.27953662297463 -39.051438270581315 237.73325995809125 33.430659188411795 154.75632059564805 70.847161444898 137.85408541172478 121.93347559489959 203.90596241798147 -10.693483212783065 148.79281669641082 96.34361325666225 175.180907251806 -41.30313881265111 
99.92388575262216 159.65096406144238 151.13142438457731 125.81818265055838 193.87085903409513 215.6413685458701 171.7083044783335 262.87849429127607 204.55492777207417 274.0535250785236 209.00933821215716 185.78105166858796 226.8122400126133 210.36461087806416 150.55967815351949 
212.55131602150252 82.4495602745225 224.90013741364857 182.339405501162 193.10272532293104 87.5142583988943 217.11476741501625 195.5994511864825 113.98865396896775 236.33850915831906 183.63913253434478 157.3675504967457 287.2074062211069 262.08445359298327 289.0740387911643 
195.0597568119664 88.7343745033165 300.95592829630874 93.34907499902911 177.38992461146822 127.63351125621799 193.34650207791526 260.68746213598746 228.74197314064813 106.37855477635716 125.71362151434096 171.448501898106 240.20814614986375 153.07643126797473 291.07068450260766 
167.93468141432197 175.26987067281843 108.10067338462554 99.56332875135018 256.1997714004618 187.54353246339417 219.3878830452255 114.34573497394537 172.8673090126348 218.12556003303996 180.88036883880275 219.4964757238933 203.61726480927987 183.06732837271255 251.09553614891206 
143.87938005775257 111.20362520080928 127.38414570676757 237.91512170963932 214.32023300101966 99.95344699190693 116.72290652269533 80.58661763151359 261.31911436192394 263.55635775879335 275.4846890806276 292.6891907991922 180.62168801212056 186.48108474373572 139.69697275717613 
167.9353169970884 219.98332856141283 233.13603981805963 255.78471790124627 286.903180593305 126.10716649769319 300.13520755164876 165.13736608700844 199.5351679488273 195.76669677164898 136.46363662878562 250.40821138321232 200.06485382195194 208.81394939830537 187.3341641578942 
124.59649592937691 221.3173149795442 152.89973056496558 142.67338619804275 271.39636148468674 291.78262035448404 240.452436614384 124.92560745012061 82.56476506161458 239.85221691887995 299.4870073171952 102.68693284120721 127.14231068714363 199.3311898006359 169.93194367898448 
234.37374514699192 136.79482263664045 127.6031915269154 238.67891105800288 276.68844735064556 119.06647353035947 124.37404375716368 281.0795094653975 211.7065581055898 238.26677600154244 154.85449140887323 118.0322099962842 94.39887807636765 121.46437150095252 159.0254323869729 
232.89996756737673 215.06758297494017 199.8732460641524 111.45686039569651 269.1130161101048 105.53943533212127 231.1500917805489 211.90903261424842 292.6612327796948 215.18721922116268 193.76023789926757 245.1303488184638 202.7347631003343 126.54275025867587 184.63330114591048 
272.5974245286151 253.20614027426438 153.30631618013092 247.4229529627184 152.82135075677763 194.79795894236221 81.45135470019437 154.0550273009619 300.3240026074459 239.40512929452754 206.22337104853986 287.0028806268331 215.73420856102445 173.24012228426452 203.2103120641441 
128.2560626693493 193.47891318632043 252.16301826788904 233.1128108290753 121.805948699074 184.08750318828373 290.63365545438774 168.99785742682556 298.06449829317853 159.60799976068535 132.50069495722124 176.8499203176914 284.5365180640575 91.9593485022538 193.2786658524896 
151.7894843128803 229.99594674998917 132.10988858286092 237.78642479387423 272.56941988678443 145.82283170263022 211.64148245361423 128.9724362452868 242.23933655902408 274.38606912667467 246.22483617720118 266.35774270432955 278.82719609941785 148.76447904251893 296.90976960773196 
185.85729626170436 262.7327010996613 176.26887350926094 278.0771182635706 103.82070178438067 219.8801653544291 286.9021806253871 276.3172933436165 117.33747784266342 299.3830880081364 272.30455808594917 156.97752217162903 197.90236318754097 159.39734169153024 228.57299497995015 
223.66952384697348 110.9366485353994 93.20592427399653 189.212363479317 114.99102158120748 93.32563378260267 298.81258844096783 141.36079664077738 88.84365984109888 247.46786596527255 299.092729830057 82.19447649560333 192.73013274769687 244.36570786279123 257.1759108643678 
210.61034776374075 273.16307439152035 150.64747788902605 141.7258079414255 205.3391789150864 96.67383157952108 122.50335871052906 166.574211330999 223.77249160596705 117.33291534624394 213.85784226662093 227.4312795439411 240.90973408222962 272.9388039656251 290.405963288291 
194.73985062821745 111.67626648962401 172.7352469558485 277.8153129988268 184.88669898702682 138.15519422467412 206.25733560328413 209.84967499811557 277.87696042094325 256.2734938258143 83.3066880711127 79.73858254769338 234.513549045215 136.39308477383136 295.90736292194896 
188.48546114294788 156.0238109988765 171.4322715964612 267.980094267933 84.01480803172359 261.58666549567715 142.6733725631589 96.02317377490597 122.10343010741173 216.2303867382186 275.8049626219695 126.55346572001034 208.63861764473683 248.54501268800792 193.38952000820512 
138.08330090528864 147.34768491989922 241.88525446453033 183.67281202266483 301.6048731262898 215.57041623821806 268.9499684904579 116.76137731687948 111.66596338674333 89.56312429815063 287.46440688832917 253.72695519686468 138.97530774352754 83.62927402781568 177.24584064479353 
233.33179270309446 136.48131933450233 222.59444241664042 83.49732438631371 230.83085743465807 211.0781538584081 207.81948262910217 188.02184292916021 218.35453671312214 197.87394254304874 81.39010255879022 114.39623991348088 240.94998276040184 122.89666200436311 195.04764423271308 
145.9435172638121 88.82041328722897 131.1070958763657 206.10356317213723 228.23752304695773 107.22157141581147 173.60656720620165 185.89362110579953 229.68262986387 200.54785152028003 282.72356137091754 267.47707987023773 170.7749537604388 201.11363321580697 252.34506891316525 
95.46610280889203 227.26737898784228 197.315661384095 249.20464574063084 259.41229629035087 144.6479661276027 190.03470961677226 170.32336734543128 90.99455008558644 142.3008154246641 208.39649228442025 109.92522999922488 103.10614554694499 300.490926210711 80.06507888708698 
284.3642243101647 198.39918044208713 255.67997972983113 291.86252611434804 138.45260214031163 240.26695256071997 180.33421392543923 288.48289756475543 249.9297512525034 209.28075176833383 114.94835750732281 296.36223210033916 130.06124180162155 244.32923550577098 168.53907312187488 
224.38373921490725 272.23572696111097 267.2307978176192 184.6692711546571 283.74653878183295 299.7256288034117 270.47755017407775 230.4591838457741 168.39170614020125 177.8270356080048 235.18983653417357 238.95703425958249 268.5844831000978 269.23051365257527 240.35777147935232 
176.26362268250455 251.2275598582918 285.8377810941805 115.1099588903761 288.25178448848044 149.40798781323707 88.31170023205522 141.2042296703612 117.98131547804181 207.5374257674377 232.34423349048154 88.59529460112235 157.47152650280074 135.50268214593947 261.85086910144423 
232.30082603132485 98.54164527513386 283.4254097073489 250.8446149377707 155.634604127349 221.2106223875248 220.71873207598023 266.9307041836851 117.7058639471536 295.0813443769732 113.27666401106345 238.43740149501363 114.91502110274325 272.21305983851425 259.9517522997764 
160.32442248305256 253.40128051907897 160.74405179910175 269.46109602687886 296.7048282865337 297.0493541003185 181.8646050508512 109.08989177405613 178.03407112368407 210.58746043315134 220.06832242502495 269.31094666413867 231.7662523152997 80.76234695939907 155.79103157946335 
95.07189290378194 291.24400163137034 259.5185909820232 138.78031124627003 229.67709094393575 183.93256242949371 240.3635896376978 243.31250682807317 143.66139670010148 277.8880107433546 293.5764626619908 255.3328695199986 116.45342674461318 264.2764307965253 92.58284757623667 
244.16898585869714 173.30311805285777 150.29759871948454 277.285563481346 109.9551518836973 195.67619347197962 202.43038921078227 253.73024652850245 116.57043256762802 225.44110697761425 150.1811625661248 289.6637895181976 134.8949174411369 179.66182701633593 202.12329161467338 
210.54260700578615 262.2267340204837 270.8978430267689 235.5105926208727 198.80380669293905 213.10530636385647 80.6173604910355 144.27358422779525 201.36804869932212 259.16037830063067 89.6911869646488 190.51391838774634 225.63889793023426 117.41448142178534 230.55169034115957 
124.70115939905898 80.46256804533671 142.3497116383187 110.13258303262705 112.61773378236965 254.72581574482209 187.24810397350643 130.51491148017894 178.71142506032618 193.40698140981476 242.8923918092806 178.8390997273051 195.36199859320973 256.4366981387302 126.76732588478441 
