202.11358463355518 202.06284818018986 210.1639362238551 188.3307763302313 189.27451505231315 213.5651622711212 223.79469610301436 234.5892676070493 187.48456396593045 214.23417522601682 196.98900790344675 194.3224286534436 194.08563612187038 223.98934928613346 220.1412847384773 
229.3087659396918 189.5797607788283 225.82275879221936 214.23833039318035 194.69534014099403 211.84118875946976 227.9804131657441 229.04002178271392 205.33128438686822 191.19695467152053 217.95497967448756 217.34751695441466 199.18472357777475 220.10994890888767 212.8420957176205 
224.7071212059168 192.83079465963962 216.23910618052645 199.2781102207164 233.75782437364188 215.58717127873922 231.12512048243914 213.1925421900437 218.0116205268948 188.84172085318735 230.8933368209333 233.13772144781564 216.4629359466469 217.30844011049743 188.8023627075324 
203.12116537834564 194.31495081991295 190.13884868333707 221.2958038380425 210.3979508908259 223.53025365487386 205.19913197930288 218.16417708039842 199.12552198057102 229.41199948284583 225.28935583279767 212.89678531255387 214.55901287071893 228.38786147516197 222.543619347205 
217.89516231335267 189.07437846906987 204.64522954267653 219.03505330074267 216.67664822578092 206.34165015844752 229.1924865801533 196.3580038924581 193.4219474230905 227.13439174089112 218.42116559648554 203.96649346783116 220.62702448732927 219.49127219918535 206.13717963459945 
232.58405874611424 197.88755410445793 223.04467491729702 214.3827305825566 202.8938116781031 209.5471273905456 194.71420340731768 198.73542649761788 213.93301199238584 215.89986730699584 214.22728770012108 227.243000898119 234.92358492682143 194.74684371119818 214.45382816190988 
219.2419200085498 208.73085652561147 225.068836543341 194.03899038916765 210.66958926593813 195.4454555224094 222.8401901583952 193.112899561563 187.06806081193722 224.14550231424883 202.10019422513938 200.76933181280054 200.643540514021 221.2056381691574 196.34339493840682 
217.37119084018937 217.7972669831135 187.2544674023873 219.95525547310555 205.296170772848 206.11073300635672 231.68482998835006 225.45457390818558 213.93659981332104 212.1682242617485 193.70820449430474 216.47159552642518 220.45234499185347 212.30175044992782 200.68515691168935 
216.69778426711147 187.38402003910784 208.20531051434926 200.12644098799396 212.17054628604532 202.7085654191058 201.61838441073266 210.97909970865786 213.4351658873627 231.49773815427022 202.48738980066963 207.18736462057055 229.73962037472353 231.03678177607608 229.79795225879377 
196.2810800174693 227.23275189176752 231.59616606665043 207.1078968572327 228.54052000723811 210.3399416769172 206.0322920932897 201.45804222228398 221.67373568395593 224.68878674547017 219.64215539391967 228.59484852632312 202.76412581424864 193.9195912314077 203.33292365626411 
212.16122126468647 191.814523570602 206.4732284432041 195.0598752989079 221.02791994004806 216.67401145498104 204.9739397041216 212.41505484103433 199.52652884933283 194.28700192573356 225.09005201876835 202.87201146895185 207.09140458798427 208.73786643001378 225.91691314607232 
206.350293568839 216.4079329855378 213.9103453403877 193.7891574267933 222.75666113197988 225.49089946398482 201.09286760330613 202.57727513786057 206.57726128837498 227.54874167370687 227.17345208045003 227.0675339507452 207.04591915460355 218.4081337353278 217.5249719521346 
220.793090911065 227.7226661509647 187.94911238889836 223.38157871476295 207.1474956511549 226.90083961770318 200.62295065202417 217.07571357346995 203.6452323453334 193.55666104560578 204.74399345077995 201.2811079766941 230.40224805562144 200.5610605579858 214.13298741378617 
225.39556580773956 221.52984526769822 207.78575315165176 200.1657223401281 203.63690488104368 225.19091885793256 229.83500307318113 207.1650257108922 204.70093393392966 194.76946446725543 214.02668907134745 220.78071570261778 192.2527153220718 205.32269764521823 218.69737903051958 
191.6005041177791 206.47839417924405 229.34774218996063 219.35143430471476 211.4620540910663 208.59918107025453 206.5689882771199 213.04704721625836 214.9343318313917 229.73449161778362 214.96840739842605 195.72131676046774 197.31513052046205 190.71755823598738 207.62572949565444 
189.6769219801214 198.3944606360963 215.7017571851129 233.53042634495185 225.39995925181347 213.11386315719187 206.07880551168776 212.4200652951969 228.75064423896674 221.53693682942654 224.31777834177888 232.83949872918822 233.97471487191933 221.1739348128836 200.35389818834142 
190.1601607173065 193.02270282086198 209.28229589833165 228.37875775436606 189.96648498301337 205.76650644815257 207.056897012625 216.5057419702727 188.02817088630448 234.88063166948865 203.84719980646736 211.00572538501743 223.5797494869054 206.55416559041163 202.84058628324962 
223.32536928444884 215.2420403627322 225.75389817628613 197.07033474018576 220.79797053499294 216.0838301754332 222.7900545213186 196.25024081335437 212.07192247178867 216.1158346838205 216.53964566512744 211.1736210766343 190.7908606776113 203.13849278471125 215.11804875758924 
214.51353956943382 210.52893145646064 221.60823532710418 231.66661604759017 197.8133765424525 202.813979466227 217.75987333975402 204.98575034440057 216.97091581500817 226.15146944753204 214.60204951313239 209.46850681528585 206.96354294529775 225.75991147602087 220.73521069790257 
192.05957192713106 213.73430263302225 226.44253348918656 188.30626728833954 228.98549657163642 224.9875234804017 231.66232517702574 189.09600823367595 227.4423484506617 191.85794814184007 222.65973215095647 202.01021671448126 200.04103398281396 223.87078762074344 233.91605859194627 
223.54262384532626 208.72646034030515 197.92369112143342 233.43405375729813 221.1775889658087 225.6371348707933 234.02527410241407 234.37224760755532 199.40205702050605 224.60159545403843 233.54234753514498 212.36204506060915 196.66131642933087 205.9379469551963 220.94329128269055 
188.8167460282515 188.67118102023852 205.7783185328611 215.71001711938683 224.9056926807616 195.76484141857856 206.25730723681986 222.98711477783525 210.13117921203101 228.80548490940456 220.4530745728112 215.49017591448157 187.04677543199256 194.63685543670937 189.4431099540786 
219.97750279551988 201.54802809390443 229.53605403756487 196.6328515163534 220.78237899075248 199.7883130800859 233.5418147849105 191.56880384676512 228.5361497156481 219.83047987270825 210.70434846939605 193.58174043262105 218.56749052401588 209.30866015622615 207.2830306592553 
217.40954426588132 228.73436331468164 192.95927897964685 203.41695288046583 190.28465916391335 225.43607911936766 197.98512209357497 190.2051765296844 219.66529180228343 188.8635877617962 212.3310187834607 201.87819615127253 192.98312608691649 212.45191719717357 192.39283226869733 
227.74393992298482 188.60648116585006 220.391912655471 192.47413840092125 190.0028747566096 231.0066771703655 218.85204477898992 203.56609926688336 225.61509504340978 230.69497200045154 224.88424881025716 222.10964135136726 218.88255631783036 206.65550761843815 209.19262909594227 
229.5812467639403 195.12335243621285 207.86634269197515 208.52855725065467 191.42852746898777 226.5622779606722 219.2933669675156 201.37038202176757 207.99619810126944 210.40643235631336 228.9863372934562 206.844418089545 216.4525275788765 225.8390142385291 194.86093748466823 
218.7785784098454 209.7948317748034 232.2682442937897 218.97393181579167 214.94515179460072 221.27997514241224 190.69724332381816 194.07125176531727 220.83223739740623 208.0010119808455 202.79065554253268 215.6667432906523 225.29009787214585 221.0124009342622 228.9580493285465 
222.26758821962622 197.97289163057857 205.88921230572322 200.3726303908211 204.8618646747852 205.19344677474277 229.42579444167734 195.53739854419896 194.80183673717926 226.85483790916894 227.57092048508014 226.48281077871536 234.58545900127737 228.16983710130944 209.86996814347728 
191.45591591409527 227.14974718089798 209.7559083668936 229.9843189342083 187.16912914229917 221.42124524551346 220.94033661400493 220.01058016448192 224.0458408350682 211.47308939447717 190.86118691490063 199.0709065436494 226.51060713623016 191.62444325181104 225.48872978677034 
212.61635906904075 188.49941310103793 220.61266022046902 205.24508908353693 230.00590119823016 209.2331426259417 214.7216729887246 199.86422225718263 191.3312685972823 194.81565327482096 220.6808128716239 211.22052769236907 189.8365579219759 189.46003048475487 188.66562383885199 
110.94711878254532 19.418481609549914 -23.686034201490074 82.7136203718758 68.99638388001244 68.52022260947408 131.51796586680425 28.697228202277913 45.57675512085969 121.3399723403272 55.77464538460583 110.25321465246833 -9.485676315640312 49.03808400582595 124.58822358355462 
116.17427704770205 30.45293973435747 35.92781527217062 91.32851743896111 125.80968034249102 4.469174486372559 119.95603056887245 -5.270682460243094 -31.00524302096077 18.410463855193008 100.90934920699712 -19.049274050509034 0.6806841366045617 90.93329532867786 31.904527788762053 
107.46480821271109 61.62386734137864 44.19568284973067 108.20554564661401 -18.702835666980963 13.618608782132924 21.780710466120695 114.826187807135 -34.87953638887839 79.1155560876176 -19.896843752544193 94.82665342979823 112.68993544436242 27.097817506093712 10.89914006046773 
125.99242614424952 11.545929110731315 122.61539804354132 18.89246497015209 46.61804411562281 -10.601776419722665 14.53501563775204 67.91701548707275 49.46553260559891 98.5978608906446 137.44771366878248 82.30009611903517 30.706914020236255 112.36634085744095 129.6851035442135 
0.20177768533825713 85.99641650155709 27.848749195087606 20.308861242379088 43.306186883719505 31.071469534455744 94.57999317129477 45.07684429451487 76.06437853774283 88.89685881962434 67.34881477652266 -31.682534862645355 36.91708432673565 18.018506872896175 110.64480417445031 
17.812312437056214 4.369933389922167 2.239895916537229 -30.0358442980139 101.67976861654387 90.02147969122313 26.724283173732886 13.055824203822297 102.87728835372062 129.9895804861334 100.68200799778808 24.427300741853912 50.57483418718223 -11.088184998522301 95.70563137018269 
83.50530915208057 111.59226111033794 -14.436459685492753 30.59870975144061 88.95213498982467 -0.5474516446952791 106.60826550756548 15.087946474557228 82.45324786375288 -20.159318810629625 -22.340035791258053 -24.652325379134794 62.99297777255404 -10.753790653475349 76.56980932159523 
11.800375456055733 23.557416875536624 87.93986326709842 -16.054787418786557 124.72902938937747 32.6620601628849 -25.55505127851618 26.06568841866556 39.05537774664221 76.03354237334675 4.7117250022369035 85.44354953297749 5.18540722095225 79.72789009838031 15.010646986983872 
27.655588847778603 39.809490615296454 15.688643098320803 110.82926518816086 23.070303512613073 72.41993924618431 96.78978693640914 135.90804846979 126.7643476533548 120.5494375050896 13.017942733213808 77.64773808237553 44.36730928807634 65.95634367971653 51.72549584189902 
121.46039775926351 -14.56834136328158 22.054698440745142 50.59963056733558 63.38645248674072 25.063084045970314 6.800365694295401 56.54658167768156 26.973566869793252 55.41348691755452 50.66573905143096 19.69625610982557 110.32605266331825 1.7876049880914593 64.70429700197035 
115.50419860392824 -6.613043112849649 -29.791776147426415 64.4370005901638 73.11069049292881 24.12352145730317 -34.120974394757496 -19.973329709538646 27.85133587141705 49.960900762655584 121.86352455583494 110.7583712311407 104.45164572789915 25.0088646150084 88.54416186159986 
18.033166707964313 119.9446179388573 -8.886748135785062 128.17268419639404 -27.450804987653832 -23.544166361460775 26.82987429912889 5.812576389901189 7.3677251800222265 -7.498916468695011 107.39654760459109 24.044976138403875 118.73318984775875 -5.283918540425006 131.83115567173414 
-22.958853105966845 121.71486374059504 70.70438892247095 78.56222998000972 71.16224742685483 7.360130286912707 123.21064347658046 88.32171960848642 5.0650576481871425 11.018068247300207 -31.773125519316153 134.96726715291595 -13.710292747187719 104.57058918786231 65.69383550602389 
43.334913587843516 -0.7544930140705688 9.718026792528342 9.508958205241903 9.048454709797426 -6.989596377253477 -35.11127825972695 116.7416071578946 30.129833248782006 20.678903493195072 -9.535052706600233 84.98130479681767 62.89093333239758 84.61809936726337 16.907511741279052 
133.5708506936901 17.628150662938275 -7.4729349965038985 37.10011407148497 131.38056758805928 84.76892959072698 3.4504255892007976 11.214973262760864 57.1257895932839 -3.9011377138537426 3.6449761804887686 107.71520975111264 18.32564042285165 52.3876911477454 100.05356636315233 
-10.471314837502707 126.95114824026791 115.90100878142647 79.59074382440194 89.87569590977557 -29.18044305837008 56.53928987162365 110.11038820563638 120.00588712331847 43.1848731397926 41.23095730187568 86.0494111424772 9.136867649739976 110.2811307922012 108.36020254660664 
16.714983358622142 113.5861407188439 20.970506687373344 76.04305864247118 68.05690188020667 62.72231309085211 53.56145333937812 24.95018089750277 91.51743520823598 112.96466524061347 72.384008224779 96.04961498937345 128.5593299223715 84.1834211946682 -13.591833741563338 
-1.368759281528682 49.10161242772989 78.36035856397987 128.98185357783086 -9.728332767495498 138.46766760782208 67.77542339163763 84.82766656566052 90.02371089922418 3.674493342415886 111.85692460098986 60.81729280381565 113.2209900783655 17.83959730908547 89.19922029791995 
59.182780941754515 108.65662257957476 85.17404464095928 70.53551735800656 38.83048061055608 -20.383053223749105 121.52545654208811 11.370857914193095 81.08693718834566 55.30500849337386 -14.882855124292309 73.9405680587484 79.74197009114638 83.4162109249652 74.27552602290764 
136.57685170448718 91.29784389534427 27.33165759304582 30.018915837405387 37.54927893588771 133.68624114731213 25.176353429003328 113.59511765837635 -29.377723832766087 21.231706305868343 109.73341155475836 90.68638688234738 21.18398977676079 122.08790146869919 103.57514600564409 
-9.891734691838305 24.799248737695855 -24.494997499365876 21.955070015149865 66.1765101305296 131.585166243197 133.82179653489402 -28.726698356750028 -3.569853642714264 64.7995658215487 59.406213114507665 19.682626949933976 -34.23016588417718 -6.034126919034957 103.81651587846127 
21.581517626455167 78.86896306629325 47.21283155207681 131.02742264609924 -1.2799093387075189 68.58235711844567 131.94186146507144 -1.7502617749179379 65.97646358090162 65.0071884556064 61.88838430614035 18.174511307163748 28.9687561004329 105.27937849978395 31.074724203948676 
88.12105405782255 15.001466145946658 -29.431910444502584 34.29219159089327 -22.196322512976295 86.0649491482381 15.72526627329983 -22.419604387889002 8.69646449102651 98.65645775968119 83.63830447491578 136.5867916949399 71.95995620317048 111.49534362544446 61.41848790149909 
20.21111696389557 50.437835801668 77.02122995969683 73.7657143692779 86.97009845492114 59.19620870938368 134.5357844214654 60.929673826565576 53.3873060516965 118.35826618534327 94.51354643360733 46.282314778257984 122.95464011936119 80.89938893866405 124.56948667654044 
132.2547547408619 22.434713145061437 -22.937851625016584 93.72648447257438 85.03602581750802 92.46626855697866 48.22783814679373 17.490203849444704 83.27283050925709 78.77065062976104 93.64282958368491 44.690302558404966 109.98451095408211 -15.39723912783263 62.094004057357424 
55.839133883020864 19.854097466643204 23.9805283905224 11.34195079486863 62.00828150898515 28.687896089894508 1.0521191264460938 51.309296117099066 72.79456409031393 -13.037154590509793 -0.9281129395315446 4.683401267062543 58.89222565344001 -23.34475190862929 69.7684390311745 
9.736356655547688 5.318110836359395 -11.67606414051825 71.8033917719511 2.4107423721135035 3.22088117045093 68.31008135390599 101.46697888660185 -10.266906497154654 42.71004709574407 107.74704422770523 92.11580863480305 127.82790463082583 16.044790203831425 -15.273301786788785 
119.27677370628285 74.75763096137246 -20.782917030673932 92.23610933705757 51.139572365271434 100.44937562014184 20.404937146660203 21.022546521153295 51.980217966788885 131.03811819174263 35.80890764000819 78.61769666897688 119.71957225375763 111.07085376792807 74.39909622351738 
31.464620296166004 -12.120324527546384 1.4610027681379378 54.40699498306783 76.86833050625572 16.401610174527924 42.079089561779824 -9.853001754103719 38.535277848995364 -6.751397798677157 12.332921143121162 35.73493226516395 -19.75164878311957 52.3841020576443 16.313566829164934 
57.53837794217516 38.782454627921126 116.41357876638116 -17.334903069194098 59.43913663757071 77.71042761626852 44.62977319643329 31.952197478700455 -17.715465574749377 112.12448284805112 41.50233616181704 -5.747350015358865 81.11504086058837 51.373259690281515 42.64372766437914 
39.12436080607729 72.02177372560892 -54.32814431403007 101.58414671037364 100.95148516302713 78.40284341225673 40.64885963717401 100.61783590994436 -34.85366872040217 -5.347791156417152 -44.37876835051105 20.231135886072636 -8.233074350795782 132.01614972119944 98.15277115373603 
92.94084996110102 57.131826808700225 98.36921232857934 4.968969232599335 133.48975263361194 12.412901434551884 -25.65554923738334 1.9527476573868228 -15.457160239069708 85.11796795846594 -5.266992634334322 49.76923260353051 42.95907097188693 92.4440433923774 -4.5381076285557995 
97.99286579601126 -4.416620767281536 88.22273105227528 18.844526763787655 73.60314397132471 23.64510343969205 44.04598096341989 120.62062181216363 86.1687646037441 -64.41818510275192 -42.41253373218363 119.32057505125401 103.55165559363813 -65.25714795959263 125.17698640014127 
115.86825684938457 7.328435525580446 130.8093825862574 129.05377299815774 92.39195489007103 99.71294682086291 -26.658180787053126 75.12406766688066 46.651303937607565 27.15966584594736 -12.665524300225506 -17.953456402112145 69.34313719252752 51.70394031659582 -0.37628848479289445 
2.0280404904798814 -27.544348008395588 -55.3854732429412 -40.37398920965784 4.422344570028855 66.38252014665322 -33.7934192497643 94.67750359975899 120.66879223807824 -59.25607465824192 132.63066953577936 25.80690462418727 65.47085881191374 129.75879402672172 70.61707871484258 
106.9141704080398 55.59806592982473 129.2708970680473 122.43267905169499 64.94417885942342 115.9190735888552 -47.6467520645034 122.2296608679858 57.54302915570118 57.07338595183951 68.99884275435717 -54.46524283082517 13.729022615864395 68.91644483325156 68.24782598194291 
32.83892525494828 11.875906490528806 44.29351290310406 -47.252317730569 0.8427142293719783 50.386637043484754 3.5919492333446357 51.58009784048028 49.38912514121044 -12.393406451257157 -13.433676169546096 12.106938617374425 -13.002510901371195 101.13373922784898 39.01573533780592 
-15.94098058516466 -10.535198556138432 61.77866256005154 9.825643090123265 5.86267195720967 125.93786529582967 -37.070706915996695 9.10752008654697 71.56012669174699 -33.7529411452451 -21.41732225801892 -4.988906593632819 -51.67311863664082 -61.18587108851679 104.78969530267644 
90.79335547652322 28.791655332543655 127.30651907252984 137.39151015474982 93.75933906186357 108.30142341902454 38.8812605792032 2.128867282354989 85.04742256328309 -56.28439497491564 -13.283926289051507 118.32659117094668 -0.7483151309493792 97.96490085471812 100.50561134505632 
126.61460557716568 -26.480046595544017 1.0515454924999403 63.7604675478661 22.189646004102315 72.58573645648578 86.32195171264236 81.33443523419042 -59.16202902559528 100.83603451339168 51.3063968955519 108.02931420499549 35.86849676933383 -56.15015429941059 109.07817076061782 
-31.163573978321395 74.16121753011812 52.77619374322413 -13.86672553912377 -62.68665697829915 109.79909195613034 135.85661136088999 42.0123436514417 91.57028881783468 98.9352422713972 15.03828567291643 -40.90033952094197 48.202319336988154 40.838284620287496 -33.877409665887086 
-14.545941164562933 132.798284859653 117.11629183430851 39.53890773665928 -54.162773712774694 59.297412322853475 -3.0838112388227756 47.74728272767787 -39.437423074729494 -64.75080069010282 101.55112655331568 -12.964294174964209 108.1032418489372 19.729975974735254 60.031222655459246 
53.139098830363466 96.37944029773276 20.103429656821405 -22.766577938161795 -26.259709018005346 102.67601777854146 119.71714138382318 42.995965497085365 122.6816373927024 107.30416190038197 38.747791830687206 -15.17007704839412 -60.415728188120966 101.75534490441736 53.273022907774646 
32.25769908828191 90.40726206661954 19.86786512530692 26.84439552797737 73.47162590649513 -14.78723744350598 67.91675047524784 104.120104054321 -55.722855702866994 -37.32063701175119 6.373759907061867 28.59274301721841 138.4235291982955 58.66082322086771 -7.471432341450829 
-56.774931358145395 -32.981595886123145 53.423467376715536 88.6881739532975 -28.52218378669574 -46.85147664896016 58.65098363597143 131.91903227890276 51.969948411331956 -16.47253813927609 -1.5508710141091768 -27.029476767342338 32.78155005740902 123.5177330267636 -57.4547496451911 
2.83261750297288 -25.14967760230492 35.19733743592033 79.01654662987288 55.79205756416144 42.22916990303585 89.8676644194825 -11.924061979772425 -24.09127247591003 64.03298551789352 98.32842855590734 120.6592354640318 -53.176790676355026 55.61102069851168 -40.57130921757916 
-61.30714512789217 33.84242588900689 44.591248936278916 31.802562009008852 44.305151313631214 136.69293753225168 101.04221485285434 127.63128715744269 23.086313970644213 67.0715337350767 109.77285045837682 -27.688228152433048 126.34453729534432 -51.93989873374543 -48.12068082708725 
116.09102540798234 -10.848661347313026 -0.6919979399232261 129.26997378806334 133.2411709499881 91.92323789044032 18.953172353600948 87.20280580599278 76.50052361115424 120.40702595956917 76.99109243138317 -34.37499078890351 93.60790855108807 99.68955463640775 77.02745028022038 
59.44031529832506 137.72377343752584 74.14955052077478 -37.34705015006702 0.5419184952927907 67.86285366129759 -9.430781469409567 -52.24825277999096 -13.764507022531916 110.11491283323649 22.921885021388974 26.890374213531373 99.57414527417292 98.71290360867444 117.831315712126 
-37.38781795932161 61.85830864946904 24.920981973244324 118.7005442866009 -8.074870205665583 4.282984620296048 -33.155804159401335 110.64555076711908 18.968690318400988 45.99719100821592 -63.05987395025722 100.79342769641333 78.42192979693611 88.79444286241058 -4.802327589585147 
125.64744552159765 5.57781663040825 -31.932792589951845 -2.509879065062549 66.38350291464478 108.89587526571476 135.0992018373242 -21.53223688642506 9.279284864394484 -13.352591961579485 43.03661284090853 -22.07927797679354 -29.899239034192398 -54.849994164335925 -15.77720586641668 
115.32137131677278 85.37621807831506 4.592864039486727 131.87815648473173 59.27747930926091 96.50998786055423 -49.95261120421515 74.2341687594416 -13.662570512228385 44.50407477150033 59.72552279746593 116.91595575612929 75.48864154467073 127.87379078923367 119.47742257522431 
-50.838166492858505 67.72341883665591 67.08806591738737 124.48340106994762 28.937778336618834 3.7533858982887267 101.14762908037157 129.61274738868894 24.773630859694848 -15.73057080514279 137.74371879720547 45.671704689621976 -33.97073248712047 115.15281354858236 57.074076049179695 
-5.100319348540879 78.2885079438757 124.81123383383418 -24.469489489506614 47.21132438781315 52.80165707393081 76.32377187130545 -50.702549287049315 34.6529266178476 121.88834881060818 129.38227208450576 68.96001466420542 37.069551597944624 -40.76100722121852 20.746717389784123 
81.72620512944 69.39854509267498 46.53731642541298 65.98357955140783 110.67930315491155 7.604597636824224 -44.64384384794386 -12.494903494902758 62.646398949369214 117.80520182629978 49.37799317720307 66.50220375435727 126.52002364288158 102.406757035604 24.806037355691828 
57.34088633452829 36.87408532041448 -60.46784222430549 -14.987400249120277 17.06463817625354 106.67394268106297 44.4767851095196 31.465662509020106 37.15492771880426 74.6746651345211 82.76871457612243 -13.263101065257707 -9.90435148313906 39.7442344752243 -31.474012938302614 
46.8958028481796 72.74058978368636 43.527238923490415 -51.44297676440188 52.63860889195496 28.268654688024924 -22.08539940757764 73.56780923954072 24.357344051541418 -0.8422675513975122 -29.47010646267126 -5.631559043722326 82.00809286741442 -58.7340700100517 -57.50812595946277 
45.85662953245716 -52.03039497916237 59.21659831845135 43.380442720892006 53.740570509710736 45.429681403343565 -29.766623467495073 116.70616606886212 97.42422453589136 -13.247204745719756 -14.243109641172822 86.18449082455105 -54.759307052810506 50.89049514665092 116.07171689657214 
20.91859975879848 134.03728101185033 98.83035462972113 36.940051924198 74.80053025517192 -18.758307912084987 8.056614677773467 93.28260782850741 -8.209765821873269 67.89526905473345 137.59755705555517 17.984805415654606 25.675086583869373 -48.17777374638288 59.57677645994946 
130.29465286125128 -43.144277682807626 63.60639190869428 39.298349113191065 -6.361370096505922 33.896068482063555 126.59483063526831 106.35084463437472 0.9013090901442382 81.55152291257043 95.5073224644572 -53.462021094042235 72.51403763504725 22.17440685764369 -20.90363209398781 
98.16008443624101 25.98443064119766 4.371149849087146 96.6790535760199 -6.168162972245966 99.59531680717221 56.30484394532603 97.99779956702501 -4.351636371007892 2.7861749256613777 48.28579947705113 75.03565619575606 -16.15153611880254 -15.456278263787224 44.95000068311502 
80.56751353103678 54.79968731442503 6.909840162591429 48.35945590595007 -6.059163164738191 10.161735646120697 106.38323652414645 -5.743256662633957 43.34363414659927 31.45215656783541 46.7810055713292 62.945413828667895 -28.689045039092594 14.884459368064277 16.044404730452577 
70.90261762780786 32.664724521195275 47.422135159329216 28.97944894210724 103.67498944062861 106.5728290196128 37.26750779560349 3.824624856442938 68.75674741734629 -24.102149087078548 49.50885723064307 96.69454522547558 96.01889656704387 42.10982265685249 73.73018683136983 
40.220141585584315 38.82151767488942 101.92718246679554 5.245688850954636 4.124765616794164 17.54854491210414 -11.430504991672588 55.62431407167719 81.46992497031079 80.01062496585517 18.264623086669864 -29.550376704728436 -24.501671010346495 70.30627120973043 -27.77635706983203 
-16.58661528717861 73.08552344050932 -13.02469995541012 8.485115146240716 33.32623371968954 75.81255194914087 106.09548823936784 68.74931678232011 86.38078709955396 80.95052008602718 99.6745116905946 90.60378805637646 85.47582190492001 66.41627403455985 60.55536275397411 
-29.13491703250204 2.770172586008691 99.26132153565483 -21.18704624277295 97.59464756108027 74.76482987885096 100.8064443207577 104.10864206936994 3.569723265346134 -14.137497235459808 4.437694476666344 -3.461486442987635 22.601933630873923 80.97369544092001 -16.375665602459677 
15.906642015908666 -0.16668267638334555 22.6060073702548 -25.70626951972905 1.6454138716099322 105.72664305311316 71.77933580191039 63.38676111385077 6.000632691336186 43.69632341068353 -9.888603049842004 92.36407592158871 66.89607799966943 -19.29528094616272 46.61203909544437 
102.05366416980594 82.4986843834911 61.46135874479643 94.03113819262802 4.033292961579242 78.03759383695314 41.30793300992099 81.34554788641312 91.20666587569147 -24.3096528124554 62.57839083656883 7.341602695365125 102.29629860818308 -27.908675456193546 14.55418358784437 
79.64956733812836 2.6010282352840193 65.04520554348187 83.26129450790246 22.677531182576125 103.38266113747032 101.98983324856455 18.181726562261616 47.494870263185646 47.13801672825109 -24.774142815483856 64.29374638519467 -6.346161869999648 94.6999949703981 -13.329815783565348 
12.24107309624214 92.77106892953765 30.74913002664624 -6.687519204725113 100.05031196842585 19.871062126473447 96.84358776939025 56.20902434368827 90.63342729012969 52.07315658186802 48.97736966440186 -8.017401655036803 59.982644869391876 43.64395768863585 54.60709867583033 
84.19972093465846 40.97432097880376 -0.9657917868241519 38.40872498708882 40.85167439814889 23.849928348476986 -7.893706613269245 69.83312484457693 -23.61606346688094 40.73644490449276 26.990221250932557 84.99810164192962 18.53575766636647 66.88104622164916 14.318025872770377 
55.21980195593926 23.552314635386736 96.00459905580477 101.78847298938534 106.249926592449 25.010268293714013 79.32595664329367 5.3798226306839965 8.345807245858069 77.73958875059424 28.725705547222354 79.13920235071157 85.71878224222856 75.78712735166707 20.609306189266853 
-27.93563780120782 5.438101915558036 91.4938871309467 40.09674434684021 38.77269109105954 31.407596726847082 74.48110659730872 17.377004641225362 -5.1206799724310414 34.98193474871573 22.927111799276375 40.57244909353058 -9.962936509671135 -22.075034651978967 31.41458678864157 
17.761144869203633 28.080081332992428 -0.6473442250694603 17.963565175676024 -19.32666243706003 73.29916137791285 -4.7394745924489605 -2.1974383084282536 12.23820404655006 71.06502904671798 -11.211139706984476 95.74148195625463 43.05250961041577 15.043859328123744 12.766621332142606 
27.477126402242163 104.71803000962474 26.593273970076794 6.125051094815014 16.43074568042966 28.322206123372695 40.13475499921263 87.23370828249146 84.54125132840936 82.77899944769946 -28.691676836920383 48.45714664537617 52.79438096969048 -18.612169087597966 28.66513908091845 
43.86508199182761 -9.921124038325523 47.711947906430865 14.898224148776187 98.73219350284317 78.06869797882318 -21.67120670712568 -22.49729278953466 29.79443837298065 56.84791221446113 -7.438098542133037 95.99953373766041 78.10176032404941 52.751513127148755 -17.187844495858812 
28.212673771722642 56.270429394208904 -12.391175321517515 67.44599524650525 -0.1288192113003781 -16.18572731763483 -29.921197770955867 23.187270903985507 95.52192059361327 54.89299412333341 73.27938376693668 23.84515159494599 73.86501741938764 80.30574671991926 58.1142433695112 
47.43635329285833 81.37918616750676 55.470963824301535 78.6213003117461 -10.199269254262543 32.78141479221154 82.46619040248287 45.468456641998685 28.19078660079152 33.51540880443437 40.38697481681304 6.997953934554133 81.3998323828577 28.965403364215682 -24.18586614632636 
22.550331021448564 102.76390957015401 98.93327009971897 29.212264560866878 60.43299102569766 -6.053519679021537 102.14543330111285 26.25417766494943 9.77276971040613 -15.801973207582877 23.563474219821806 91.78832326661635 59.90234472082568 -27.626521069128774 92.0276856059175 
-22.49563989698426 6.8621376261629905 41.78075333604279 30.336638109944367 -26.173813238074622 -1.1867583229002001 31.26140685256309 -3.7707877383641275 97.68498184432475 43.42750717132705 56.79041842465574 61.50258795685576 -5.837918109507417 71.88577547619886 79.96124445408462 
-9.719814655955464 70.79607966469999 46.55670608342277 77.68570276633098 0.9836209475429989 78.10950315881651 40.269918006358495 -27.93888186082422 -27.455463663426908 62.982705291120965 20.725249655473355 80.78257925474645 97.93579664259259 -26.876670602708646 103.34342049671257 
22.791624331165586 -23.47091338562296 31.59237097539674 9.780421191432637 101.37005381094234 36.91172376445067 26.341339871000628 38.42177280763741 93.81538503644424 44.33046377530076 80.92258991335729 40.49156446806545 -8.293906710717831 55.17101324751161 89.52977083922784 
-1.7079242770518626 -17.67448064032188 101.23033938044988 -8.49830095442561 93.50917242036596 6.367238639082068 83.43550520761657 95.21331115940599 -6.262099118984402 -5.961339488956089 69.41293309408096 31.45123112536554 103.231554778399 84.70574774416744 -20.439824234800042 
-4.400679739949588 -24.783349406026066 0.40204964235110197 93.63506486024693 46.37138726795527 -1.2011062843089597 65.15027152745341 42.32587488148306 31.345254091617562 50.14062284468589 49.594911606239236 98.17017086237767 97.48039660127347 27.507334993643575 51.89942758493493 
-8.493898520250521 87.25389132861308 49.74634211354115 87.64912468254039 59.27210682739124 -12.286723405930342 88.1222620920442 -30.320561401289808 100.74392845235336 31.599980070251668 10.256031644546582 -1.165885471942481 -19.721509669394898 -4.509943883226434 38.12728461147819 
29.331488554934978 -23.813859290506326 -29.141066135234354 29.881885177209924 -24.356773581429067 26.723229230713116 76.36883133596562 6.14729461207007 29.717012808781107 -21.7399985403491 33.617562886328244 66.84429557463315 105.2949622588262 55.29106378480934 103.52056910566462 
-14.617964183629264 48.87824245066446 39.846493078571115 71.43338594944368 86.20977920935948 89.87033470072532 54.43970515778251 28.99842947771905 -7.362197245147819 42.605382859025454 25.184867829171168 90.88889596884044 59.84528483286212 87.64529258636169 -28.276446960808357 
77.45289380197052 22.455104889563103 39.38255156612371 18.93751728371167 -2.191959525318424 -16.511493084578106 22.695464501346358 22.00195595200973 63.537227088803476 24.30330427465787 70.45090659197447 -3.276851214156835 29.32815683468 -6.845675022486848 41.22160663718623 
66.05835345802222 101.8033069274985 -29.722206428785427 -25.330341537718805 41.05560367311084 60.08818375840447 23.03207783823831 46.72082963623487 11.551073722135676 72.98846767297003 78.76281605444636 8.267786589408757 46.94761570348214 50.397932066626225 106.43039805075803 
-14.473383582903839 69.35662125923518 95.89781431686993 -0.5228986337810362 54.457277208967554 10.411145595823477 -10.370964674973415 12.005104352225864 -7.608970335135698 10.986733635892797 61.46280129924031 28.692580883529615 87.66763887460783 -6.615707015954918 -23.163732894421802 
228.18486760496975 97.75094885699367 161.79292197634155 55.20659480310286 25.622497703431364 132.2099658597332 175.2653345593745 173.42242574633585 134.92550389627925 141.57054012683 10.907457436942135 39.42130746731553 -5.75084625661922 27.336551722872784 200.50957708783207 
88.961272396441 236.42331149821766 78.48215037412058 186.53599683257295 141.60605943705684 50.200656590169324 57.14179593838921 5.737961144416449 112.7271324192287 118.00694779076917 15.460534211417798 32.107327697561765 79.81180299596738 32.120982678419004 229.33564533090757 
90.30130792150477 82.64272803572037 21.285227372508878 25.232984802616436 49.772963906529554 117.29801773560744 69.68362440635515 215.2343067092121 9.128590794437535 88.78146747459263 201.92833482398075 58.03115102647361 51.45096524696563 184.09101489180486 112.74326068612253 
235.56127250662416 162.5559526469507 8.488527036599855 -5.506906929297643 83.73516690968734 91.79671496434769 65.58430770524707 58.18995607257432 237.2745043288069 230.64608386373132 198.41421978755608 237.73935870543286 147.63456582618159 181.9407556637465 156.95060131954554 
193.6703766754097 5.645796665878404 156.06188726271617 31.770677427840546 213.46838124475565 88.0816482105473 -4.808722853048612 212.88703385331883 192.52400599177247 190.69546554422234 22.593748416530914 51.4905783049016 77.36578423593673 123.91682725539184 89.577344657639 
179.3043035717951 42.24984713018598 100.44616867804949 138.35603626094704 178.00421432504882 74.34955767616043 23.99036765962783 206.03302532110808 179.87670295606404 192.43194250281923 21.895937410835813 52.998447444353594 16.637951409393917 166.27645875184822 149.97763103734988 
163.23512429383436 220.3129984706598 55.552965173586614 112.38750974717844 164.8853228058511 27.07810117890537 164.19753004198895 116.28820071471392 151.21156196157756 30.478946327912844 115.13576192699513 126.06008971016283 68.55601733371658 48.984638188745194 -2.8686224080427962 
18.397963639355062 146.5080487180466 186.44566332156015 193.96332537939077 229.771500588076 187.1826839410174 139.4739208300552 55.74847242206819 78.88969165073934 43.49287588238636 211.2072436148635 206.63710153384275 150.99179411849707 190.82064717558833 177.33243863345376 
-4.084136356617995 52.65303209939534 235.58122035032693 53.68089387178355 114.40602054980359 211.19478555758772 44.35298020902788 129.53931072907292 67.53569522022472 146.69375757926488 127.38681507485973 147.1373071330472 140.0117803204585 73.5794178434638 211.93393636801747 
180.7387488581016 85.21804839106223 87.94523554413551 131.75827668721604 100.44253630412517 81.79552282485253 216.9740098740253 114.49158257083842 136.3997261485088 21.999212549540182 41.37305883507139 102.06345049293613 176.46047899175477 139.92501295738722 126.85575630869306 
224.18841507498436 88.87799544799901 96.99714279878066 124.00318736937558 143.58036144678806 212.22650086817833 126.2322132717944 227.01564110392505 45.93792160679108 163.60207246223464 8.505543742557599 4.488623804810857 86.41242045583488 57.469282815825736 228.5401829455654 
139.81110634961874 86.12117136938805 167.30884980064778 87.0282168181447 100.30220728762025 14.966443640812933 8.997121237379943 34.45526164377996 150.34626926945302 182.17416808239176 223.7332725340679 123.22466427399684 66.30767864345444 41.63461076322421 172.81843126185493 
13.904686533772754 48.64412101319117 169.30257312941225 153.7494170648495 22.00281780187894 84.94073255721413 232.33108026931947 67.60615642630285 10.98955105180493 6.077605312726398 231.1146057291189 199.1201864719009 41.72660421814529 154.53655123313337 208.00475780318558 
225.8367613655242 221.18627758660688 73.556604004545 58.28704177586084 132.22198726666602 2.0930004518644267 134.52899346180308 94.6251075801712 125.69664329987762 81.65563173142789 150.14267055841833 94.99381657421465 163.80328219294503 136.17920101107703 171.19328663365806 
44.66062788768791 76.92054997856181 202.80182846033995 8.109986939462054 212.69445129470213 54.1435221368814 1.553107799934855 182.59804279648958 115.11145898127026 184.16164052056217 152.10181052368833 3.314015073030154 120.80817381198864 180.2577475122834 201.3516828775684 
149.92976710281175 179.52822133083197 202.8709063533287 110.34079692091973 -8.839001610865827 108.64579724887331 45.83165161340893 170.35700647717218 101.27817135058372 114.99794761173332 209.4049781164344 174.53647865023152 45.2527955622909 184.6641949711255 145.91377867961378 
107.29328475074942 166.68412696856487 156.31183807311206 208.56732759642895 95.34262079172665 233.4005321020256 235.55698980487097 32.00438621181859 180.00744936048542 8.049578133887447 198.87826019399614 -0.9867879923505996 10.131184873201143 5.852823581802948 224.5774206236754 
192.07590259122958 9.208040900678217 215.17580269800476 213.3814794580548 220.96420115754276 107.55747449678267 26.98923093099745 33.920666282944275 156.94528499432678 48.36648093517642 161.17335895697352 97.76631356254725 153.0501368450021 234.76368426639138 218.90603475913215 
158.45729559774952 8.874875205972913 85.51921292098326 58.84698281651595 35.61426321931463 143.91346674127496 224.0699217974818 122.26729020162199 95.4939480902548 80.153239746657 78.20151096395489 163.45698129536228 9.814537048490877 50.35240147837474 146.69085086500354 
215.77310896758823 63.43976353823021 216.2785612306231 48.950950112883525 25.430092518945948 83.04256283346373 71.36075734137843 51.87343934607402 96.13755525909208 169.03831007968193 8.985785824630216 94.42635839670558 147.72284241498414 173.46003604340413 -9.250952020731429 
35.063126267252414 118.64987498376624 145.12008173599904 123.17860035581003 168.06782007502355 234.0122838326799 100.92862243842205 11.880990151053332 20.74011025625741 220.4380128001831 113.00487821543032 226.53046978240025 135.65901568885826 28.418247912842354 185.85819821602976 
227.31487713307115 72.92024771811181 218.15276997273028 43.48306073645225 54.34460683003077 26.039303301891856 182.41248745429345 76.27321239798054 236.3603447190205 233.85179351925245 79.75764232462429 2.0213206638894583 220.61242412210805 180.67949452824968 194.29904220595697 
37.11917528283146 61.36764513551012 -8.613841446184974 144.527354653637 50.25716789083805 221.57659582730565 64.37014349885699 155.5840371748202 65.78300286161817 37.357187277757774 92.87733052129272 49.05109738005558 222.0824205428792 58.64620584465533 43.82750969971592 
138.7464278214961 106.97936232871888 161.54476740326527 23.046043251880093 16.659810651501672 30.79806822457251 125.29062034531904 29.618012828094948 227.69517080970854 90.86638054455643 7.462108221501232 24.573980371624522 124.22866260998231 82.41013912841858 67.60966301766763 
99.25852412629688 78.19980433481523 90.90289078009182 50.905460245191755 83.2378843323631 9.756262495873823 53.63783790256208 181.9242508009167 9.07417741386164 235.64577672496108 124.31363263949842 102.23121346124069 177.34627364087854 100.66883700446796 124.77385461352921 
100.73935098735774 136.22124027174272 209.4155047798151 17.118860695936384 216.4180037865292 32.045375545656896 228.62420150785022 235.16656092688984 232.16561811569616 82.8807591987131 80.28199630368871 -8.9222625366161 180.42031679058192 215.38649186762467 58.96820470586435 
185.64687508119076 -2.8371490837894004 212.56436830949445 134.8606425025265 29.29408377627962 208.7963867839314 178.19145644154705 44.783688199404786 184.63043987299181 41.05629767164865 20.681917428917128 147.75084900434592 -1.9974638679945862 94.70296564002672 94.78218129509187 
75.46380274770789 108.52146293188427 90.19069867405264 83.64102323869066 174.13681277599363 213.2412454782023 167.9728578336525 208.3826508343846 10.494837387187083 22.892318428370686 186.43296063293315 89.68700270193393 106.86843177442643 33.885355177218734 139.4157088984831 
82.73392011312923 16.074962861438525 203.0402522219607 145.18058854156203 99.60269562543381 74.0290454958998 64.16867930891281 122.6321337866253 -5.80974046668757 38.50962047647326 182.16000629615584 39.42527896026998 71.31203497870108 148.24258516613574 205.09637424900723 
133.07836213417804 125.9619490930342 27.022974744903863 45.61786634013149 52.093201663021794 71.49903967935236 192.29890775563692 29.132847797721404 237.6354760621086 226.0018918679626 156.12534614243353 128.24256309791164 182.15529723395693 102.46457205685685 182.95171776303567 
124.48606594612544 126.26387094023661 118.2358267624404 120.97926442992198 116.26439407702848 116.62028460585472 123.83118434204651 126.54906558307164 107.3346934847513 118.38770455047242 122.85968997350288 115.55737077392537 119.47199773929447 121.61359063338723 107.77067341738696 
106.9257447022488 120.9324772249962 116.11461500053052 112.30198605852789 110.37110554686521 115.61381647347909 125.71866223579477 106.78580691723172 121.33931154897938 111.91660984385605 124.36776829576736 111.79805795195306 117.58866792546999 126.39342787665436 114.76455024418058 
118.91004178169179 105.97444028617645 122.43843294133166 118.71510390809478 127.28976651776837 111.68114010834753 121.89946928095425 125.99514575827858 112.27512926712653 114.86988285358183 126.99230101631692 108.91480948006162 109.7478538873598 123.09848804836464 117.68744442369456 
110.13279322476686 109.6725998174133 124.02847963845831 106.3489873597378 118.27767456912883 121.77325440392966 118.79369725509457 109.97959634961227 117.2776831725696 123.91219992163049 122.26206063010116 115.22640195612888 106.14159249497204 126.93036187161191 124.61524733360208 
110.35844668588337 118.24495241219022 118.26582437496353 108.1335252086788 122.63432678768396 119.82226359120455 116.39463439591164 112.70594253674068 122.19032432326989 114.27394070445992 110.41516638572324 118.38620848163971 117.63901610523044 114.81163131868043 119.05393800369082 
119.7752774420561 107.01553503240618 111.00529252329522 113.18356067672923 117.79846824411474 124.64093506277901 108.76176765339292 126.62167764586046 117.88321448293368 113.93716434754229 119.61889166347092 114.33379237454396 107.73807515036934 117.87834482293682 111.9117867887725 
111.16757577520407 127.29052996225283 120.04768840663705 110.48893193628211 116.95833131883715 121.58385119653686 105.97932152931284 117.66650696855996 127.27525338784525 126.99663028282467 106.3664230021663 120.62888691171558 110.18686624248147 122.97245140036226 124.08690337488464 
115.0170397122678 120.96624005199892 110.0051670671595 125.4171058061017 108.4742252201664 123.7604963269326 120.83692191233453 111.46853820045386 111.52851183507471 121.20095544344774 121.66137466634324 111.80086002362249 116.28263654834535 121.39777276646181 115.81613705562869 
121.2947790403253 116.2133554310188 108.02364859472792 122.33748221024938 116.82671590366793 106.6312674541933 118.32667945767473 108.32859430454162 125.7655447938547 125.09242355206516 109.553957740484 113.78420646845694 124.11870146749257 109.48077146857565 114.09858103083519 
107.4921167857055 124.75514885576719 124.11780317125425 115.5145451681645 106.58288421499176 113.65013082016206 115.55621282674107 113.66692751527023 117.79565682244728 114.39963295645876 107.6828287140672 122.00205641206432 125.20016275141329 112.74696534196694 106.72674665766812 
118.93858305404257 114.27870674181149 124.18987236846736 108.15621638582613 107.68013713863884 118.15710417433314 109.90243502340232 113.01542712988866 113.95584288464647 118.23072575098178 110.41186979506183 120.72885713412367 110.13974675452693 113.88511815884549 119.98071824533982 
123.59861007980629 123.95135268888244 125.23396482134622 107.18417730185132 106.98164577183718 108.5964975819403 117.46024431336652 113.77631080196781 117.17488717839483 111.79109587758697 109.9599261921123 119.7174267743784 114.05657618692632 116.03869677442516 118.67619378906298 
119.25930106938843 119.2748414777627 115.62498452116785 118.49709758578784 123.82959337899845 109.47404536055483 120.19668978035129 120.10769844031566 121.89432795638703 110.29728229293728 117.23244877111546 109.5690674255745 115.22532481055632 110.87778896924755 108.75922416610592 
118.11423303640754 126.35868906922961 119.44835808750011 124.67963877881881 119.94694278863773 108.89125161803804 111.03184122644473 109.43152267373404 118.9456882183893 106.76897496176281 120.6554210043484 121.87280809773857 118.10250321176035 108.64349641025025 111.87430326926743 
122.87724502109921 122.95686648759502 127.22878685120558 122.29522339525215 113.43518320613478 108.75488919561752 107.38511259019418 120.67130397362793 114.13479748092463 126.73050602252275 115.23669203414838 125.72231955526507 125.77774060174863 122.99694626112006 111.7929601854133 
111.69817045056757 121.21085197405436 126.45074935850803 121.70956091875352 116.03424536241873 112.78262260340918 113.19061868812415 116.55562922169683 126.92679636197592 124.85330463739616 119.369194076447 111.01856426068406 106.29320269568133 124.51816879426542 106.4942413859932 
121.50574669102161 120.10077746912701 111.13536096191156 109.83532260821005 119.73563772292778 115.18629264711844 114.85952346793896 107.01150501020511 114.06455395431198 125.74177305676653 125.57660635044293 114.02543956052075 120.0211954912061 118.10848356833371 122.21507495039472 
106.96694845501877 112.8121883654263 120.17918673207012 106.14006158715176 120.92194923361437 106.52908370934699 114.84945183117014 112.6369791512241 117.45194531764433 124.71212529392889 118.1071608985035 121.8897886553283 116.86870374059018 115.51113681820411 121.08705022022765 
110.51642759667669 124.70943270376733 124.68862241253642 111.06149328109275 115.16598796909118 124.51975653889319 121.1583840813904 124.32702707792917 114.83406017958903 117.89476917904815 109.27730889864603 118.48157931601583 106.39782363392514 111.27978328517523 114.73544840309188 
121.05352662066761 118.89960499476807 114.86379706492406 119.26332360239718 114.3878054900502 123.42297878275252 124.6954092785524 114.74646235014423 122.82602435784503 109.52044024765368 110.81508538524419 115.6102731944886 118.59703777499091 107.2033526500594 118.36706289376893 
112.82064887625744 108.23100392299858 121.81516882625752 117.07047748715914 108.15155238971657 107.47815052693039 122.10578785002691 108.22368950843473 111.56722403388113 113.81542879630821 121.23698281279565 126.0846265333751 117.3567515866638 120.09825184050325 109.31182088977172 
118.6374573931744 121.95158117399394 106.08846915526962 108.67608848003371 120.48493181450927 123.17640161451833 116.71088623671491 117.28641353905846 113.40346631434993 126.36326465023431 111.26127898553725 113.61365002768699 122.04813777248114 124.76170105527719 113.09279610026798 
116.28004023592766 127.11706865226081 116.42543223224304 123.2061188840784 117.75897990704462 107.05638581136748 122.06631194641243 125.74718190122805 123.60195150296789 107.78645524118805 117.6163559651351 117.73959782723958 107.56483794608143 124.58858036594019 124.97058503498583 
115.34318117822428 125.92125618835725 114.55122173132744 107.68225670623717 122.03015925941396 117.86691393999996 117.65058076734772 107.15268367324161 117.42445599644307 125.97574020831652 118.9333545953052 115.08751879117081 106.27468549860241 119.2757279836718 120.34634439285583 
126.6731880686256 121.10804844909856 114.15063684076179 112.78159389969163 114.14131023771512 121.92599419529603 107.51170500373205 123.84225772319921 117.74338290266735 107.63878092938643 110.04312663186482 112.78410926757446 123.06467329945835 123.16116440285712 125.1052718835297 
114.0089066720508 120.67675067370074 106.84873589230055 122.60881027188267 120.03788408133748 120.59445911677493 112.56149435853514 112.43800736896935 112.85797399438573 119.00448803118728 107.07229871972096 110.13711292129473 109.4723969703466 120.88521846874264 115.98071562828918 
109.50448594456182 119.74611392924746 124.92345896718774 123.46898030856889 123.50192118699022 112.52161932681832 117.8740736561059 125.91549413441517 112.33359813668069 122.92326130995193 121.03219501130806 110.07344257031163 125.53872917251022 120.1248802620133 113.3949266339602 
118.06899547119797 124.8072287156173 119.38353680957972 106.71445060013312 113.90085712886543 123.34159561124306 113.54898949894181 125.57617381326193 106.42844618873761 112.69233117482553 122.63030895194078 123.64787807724099 124.7301018636431 106.73677861328814 118.32860770144732 
121.65067917588841 106.91646285992292 111.32583077625483 117.36207738012452 121.54327435429133 117.5228801353657 125.46942780807721 109.91625308650039 116.35258018010896 114.1792444647257 125.45174238621826 114.52762385685762 112.72877979374755 110.78771367429218 120.95102025537008 
117.3437954733539 120.21312013807572 127.134426075761 114.32721271026006 106.45899686252588 127.18018212461101 123.17162406529127 117.33241052149631 107.7760859413707 118.72961506599748 108.88177621066534 125.4996717698824 111.37240056872916 126.10200529813112 121.39626837266565 
282.3055297243374 267.69179838927965 242.72671640507752 280.2807029090766 173.94056568432333 244.28328550152932 292.8096273079311 251.79184234150756 205.9282665190425 237.23348098602594 273.1347329187712 280.1248208956407 241.28227339933667 271.77095871293017 238.99194370133512 
252.27800903636575 171.36254352196283 175.0471808508747 275.6167400753445 286.225116336508 196.75090491688215 264.00331631494066 236.93207269658353 216.54809276041306 292.21790097940294 202.45872798240467 213.96602413393975 260.39513898916755 217.0789716945947 246.01818782572536 
291.70545885142246 228.17084574322107 192.1374711883625 266.9634007937004 246.27572348483716 271.5926222503848 271.12842162358703 265.51998346899427 182.9547969511428 288.84162635271167 252.0583764557157 186.23559569900175 189.0180403095976 294.4223215568413 298.69635080179535 
289.5240292961798 221.15497635341373 232.18527108735668 214.94110713818762 175.7476153182371 222.33594441023462 222.2742742198512 280.162365573015 225.35447001540896 267.6571570193422 227.70325523741886 283.3226407955566 206.73797490013283 180.31605652809662 204.33081184473014 
289.2970314075313 186.55101402173443 247.32637851762507 177.14725276551582 292.2736219888688 196.8915869054159 263.36742921384837 189.00060247056425 255.02228070803804 214.99900251804885 244.79568313641832 179.1628572143785 209.11496785014614 187.14689278283538 191.3378589228387 
180.10777682978872 178.38935840622747 269.6182680943675 234.92632759148756 179.91347453055087 248.8990321546255 221.29847899528036 255.01791078155463 298.19519795358224 241.35788665881344 215.1067193621019 298.5884410519875 216.09941154574108 267.71083887575077 279.53447397801034 
268.18965882652907 298.5273375835637 283.41704484375543 220.38330434058793 220.58986534685158 245.38801787703335 240.82571127187845 250.90667142983622 267.36722268034237 182.81623898587648 213.34952580192316 243.64674791101132 270.04959478750584 198.63185251771043 182.61348117816536 
232.33762400198236 273.61909044080915 295.2805301546379 187.41011013349072 223.62316351763639 197.07043186499587 225.2664194142756 217.47106939625405 260.9530946210232 245.94687711173933 224.42980618722464 173.9607173624423 243.8844170018039 249.25213230981566 185.2699119770183 
209.08201602197644 255.47014454779634 235.85302398746484 184.30156784897412 254.74208040929557 216.439497413458 193.15269872064715 188.50208456750747 171.88585219474777 241.26786219834008 245.56598052561174 299.3755119925503 209.04947555197634 273.22719662140366 270.8782535847904 
173.53627026597064 202.56285129094746 171.18200862986075 171.6023952060065 198.1595452159216 201.46318996191454 188.11566511973987 296.2113794408965 195.56123364248182 266.4152237083773 218.5186964678698 278.1602312649493 277.5316229873129 225.7416942890578 214.19368632060213 
226.1595263776843 248.60849745307303 233.24294902304467 269.0877017850779 238.32108959729283 245.5304457851987 292.07573218691505 257.557014034107 206.39586400507338 238.94637057157172 296.4442984935264 195.92256668652664 243.38124569427873 278.2901427144752 239.39757203820795 
179.39498998805317 297.5492314228875 198.52167206829984 246.55014377129828 254.4490843146113 272.3396401680921 234.77749663475763 190.87243385301537 295.05726997251605 205.63050369301226 213.24369560319388 296.8269734841399 183.67115416579625 209.6056244433928 170.74406000016342 
236.17199874506753 217.69977865287916 251.99647064895444 239.22003860624653 172.3686739319379 263.0820811363317 251.447070157502 185.92446631899742 229.89260352856542 238.2071110476274 298.95489637155896 200.84120264411425 194.91425759930198 211.14266046358733 272.6294811381322 
295.7621272823251 264.09591462990727 299.0987015892462 195.7421600979064 216.69639645292432 294.2497969177581 223.52670231487087 281.43577963640274 224.16890705148296 179.76390785543734 189.06459857791143 248.13455854624755 242.02300625397635 255.45428563358007 183.2436013486809 
260.6616200444289 267.05301674068187 246.5386670836317 182.77009359943716 279.9397791543686 299.1547176575567 263.66741247391 226.9118603453737 207.9952982516181 281.7372960611509 234.52751458763095 249.91424353761488 248.68672648499174 225.32204898634012 204.14593571623953 
278.09728263502893 177.9053792687252 210.0948589565066 172.3297618056323 243.69713191809416 185.9116598589768 260.7163515188025 203.97458015652774 224.57584048794186 254.10337990232296 219.71355774313616 296.4445305299902 199.88494482424335 224.06630622133264 235.9206209044969 
207.7208789792511 248.32650524467732 185.5449363249901 238.36230335286734 203.17203307805124 290.4882723909278 249.13474750235378 200.27793553399175 208.12513234965115 234.04860804623007 216.51099311454226 290.7228756553057 210.38317744404682 234.74819752217303 171.07923309260283 
199.469033277991 251.08926323838824 250.9798650698353 213.7122347408938 281.12569055302686 274.4692884695771 269.2430866392338 286.54114870997284 257.02234485899316 294.11870577718946 283.64916563000895 174.7007545697448 286.9501552219233 182.59507688768687 177.0633350443693 
290.74535325453417 274.45570636337305 196.12433697336337 269.12904730772533 242.25450606284056 181.13268253327308 215.29641964149548 237.59362738742936 237.09571127792202 180.74579369711296 244.65000454100021 232.6411106967577 266.0839007502812 238.85215628137365 176.29415565579993 
277.0084044684614 244.15400968939002 285.5938212864596 209.01582821163922 188.2345139739729 206.54902843544193 190.0632254497701 192.38518257239545 216.50873913389125 211.2616457641332 245.0634351042092 170.03420470655442 184.33254456085263 197.97874603672858 298.1454507913004 
268.0373851816905 296.7619156990462 263.43926945037606 215.0114758281412 273.4116090482264 267.8801692836458 250.47500422429664 200.6826843971035 172.6286048466303 291.7190653324024 223.89996110335386 203.55037166078034 199.19204517969607 226.62665000959458 253.48899691325937 
268.9622028035243 202.07378136603523 204.97051111290386 274.1735750763838 183.0574813366931 221.61830133636076 270.3417246204402 201.96249600365599 263.5959017800307 198.57906899229434 264.33081338182404 266.50400720595394 248.45626937938223 171.69621250846973 222.3569602383334 
238.80626666953455 177.11467602853335 202.82563622359754 220.8068785093325 290.9867502846625 261.7744038158491 184.9323031224915 208.39757337062758 195.05602240533867 170.93898573353238 283.018793505664 259.2946452683887 245.90809328310468 282.7511299475898 218.73946461686432 
230.1008069374767 220.23315742406322 198.1179881682778 229.22816151028917 279.16652047452123 258.9691248435431 297.8903171441609 295.4382244295168 176.01250546016416 193.73902775773422 272.26373470404525 285.08130268290864 222.97514763637497 181.62584652414523 170.7441385192229 
176.1588028163896 275.3956317022682 222.25627568653562 193.1655304206499 268.1624202663211 212.57531930603398 226.55998087385868 236.04986834555967 281.8345988252431 204.1223940822275 253.4428523645118 232.861918149324 186.554953106229 188.54954949215622 210.8665201664284 
208.13167567526563 279.06932332757407 238.72908017338793 186.23724774242703 257.6635636445233 297.9609502311798 195.34892313276964 179.59729609076396 285.75923746626773 175.94471974398104 214.11670493423418 201.35409751008584 251.4546250477918 287.13056208963366 243.26007713450383 
246.90181530123772 183.35306144972682 254.41191874103623 189.76907292608965 272.80337811965904 237.51448666951353 251.26475976921654 220.78697201035988 198.86158460909277 182.9571677564027 267.95221503723155 264.6900539042609 189.7717246451158 176.6302515619719 188.29505109702092 
267.13087296347 276.53955351352346 220.37388984804602 197.63876624558424 254.41797076198623 290.1953914339068 292.6041609577778 188.02132974135534 219.14621895928133 224.06273520771333 230.59326755294043 289.62833627296783 276.60750926491096 208.56353713889544 223.9637129732499 
282.04008792866705 267.60798987284 203.34703692092364 253.3741418168218 201.1819038237664 190.1805307034154 192.8296467112807 214.95255100056755 173.01839257632525 214.28651850842928 283.3410184250454 265.9234921844241 253.59336948010974 201.72590234819995 202.71920280417768 
229.06844927967856 253.6094113148354 200.38283793541459 229.92838813031503 215.91412340095923 292.32128425059227 258.51769995110135 171.3422667814115 257.49163234395076 197.02087355322536 207.93273322876814 173.56441022155832 232.3590429732459 274.1410661805537 282.94846037164336 
-2.4799053645171796 -44.23604192984206 58.49468851789673 102.1806934192695 -31.098899951124167 126.79791595666912 92.1472950981237 22.615861123583485 83.93378528000703 -77.0011051171357 84.4247045395427 -1.328301235990594 128.84410634027267 117.52527936442057 56.95017516218779 
56.62756692307285 -96.46874299597268 114.15113616212024 13.0509402722751 -62.04133172304756 97.16256070528424 75.48507348721343 -93.14531964677383 -57.096727897968805 28.33081225638273 -62.148851204035005 -2.149153663938719 -77.05305993460037 -91.84296499524771 143.11125451404678 
16.82414372084908 -36.906675744930915 -85.6047361100783 -6.661718931186556 -20.17834253279446 14.362975273326967 34.69762217368155 130.18874342691117 66.66213661582607 117.0571966983601 -91.46105073680573 40.90649726894459 -37.23313206900919 155.5617525767898 49.90865175243967 
-18.290448074278657 75.09862626022591 46.60370994512478 31.069801285055192 49.348541354465326 -60.61341376137082 82.68757014268213 -21.23317021690545 2.7502435937922343 -95.58888003868955 -51.835430163137154 -68.2754846741472 148.98909415602395 19.548071825561735 148.3226795932706 
-46.90729209864623 151.57686521830266 -2.3981687894252843 -15.073782682394267 -20.149806052352872 -36.008939889944166 124.51195439880298 113.7957639574437 -3.2576402672464297 79.57231694726333 20.300624779769308 112.48914638308456 22.751445940192824 96.75091401273347 -79.18252025696665 
-31.6107043686133 34.37906389768868 -96.16821232801908 -56.527750803477524 -34.32875967331826 -5.809940842191708 52.37756677213942 52.555462362362945 4.099408989124797 -12.039678242599464 -33.77038527042718 65.91851505574625 150.562933192718 72.52386611789014 91.14455354978422 
102.77815002476596 5.021693611472628 108.57417478434108 29.51588359447004 62.43858961675237 96.98209875372702 -45.16180858079403 123.48396874015195 -75.33289790756419 -79.6229676894728 -3.0031246678469614 -46.72331278415884 5.406522721882297 25.368056234488137 -16.648635691438272 
1.176553967733227 100.42058960321147 -18.101168081879393 -44.28025812642418 -43.55047710552632 123.37503460804793 33.849755170301066 99.60032972253866 33.53511780451548 14.853883066641501 -89.09666733359272 34.02625186893961 -81.37153596384175 32.00054072447544 88.14704404855836 
78.0605375886136 -53.836333720686355 77.68514911041369 -18.284000428715302 31.194050007549222 -12.82280846407265 76.79618252380807 -33.98711664895529 -19.265205810658017 97.18295113346183 77.4175814744746 -19.584744475068305 -29.327757169090106 -8.494295321780115 -64.41361708399796 
-48.18412058858546 105.8015167195693 -59.61886478986262 -70.82852855497062 77.97527324685784 54.77853434039967 61.74285314875435 40.36070163054127 56.566675083339376 -33.41196922505866 -20.70104249121907 -15.82912728281778 -88.29861145253378 51.04695325668938 123.11064974361385 
9.264826334272712 78.83171194053325 -53.57247593259397 65.92411974975927 -48.8624001377452 -59.072690414291934 90.98899138466514 -36.33850358382588 97.32863291750904 11.985101153907749 -44.675652428746915 52.021773573036924 -46.1123644118952 -3.1245635741894233 41.432093255254486 
28.305873801881816 -36.950812537717425 -31.016603345103036 123.89401685768642 -58.660681242256466 124.20744847220682 95.72485788862095 -57.32261399064199 60.27528681440283 30.71031916856647 126.74557350732523 123.9678432791119 5.387189946380488 117.20453463389502 10.954555571303061 
-68.46706083804868 104.79399016029028 84.55004236932128 -77.07664173065112 46.651394871935125 76.42613796838042 22.795719883237524 5.869877230621782 112.13188950221063 8.888493219143896 -39.049819927501765 -9.956378858472121 69.80678995734065 -68.16615054852092 148.89044353822902 
-49.25986961962624 14.782627855041568 153.52482271043124 -2.18668659806643 -42.37448060007327 9.761733320165902 -69.8549474371845 102.9570589875441 96.10698525682476 73.32055075063657 137.87185498617237 141.07284646731586 131.10414784832358 32.37561501264996 -17.06294937960091 
138.58498155358774 8.460141671933428 -89.00109813272546 -14.849267536524934 -84.9515206870585 41.05296954364702 80.68735953383886 125.64132572431934 126.28756723995288 11.885840698293393 74.91335290003435 11.905744645760308 -27.66598320032658 93.25419871298315 -61.97412144395318 
42.48569552757844 6.320509337445415 74.50438220581741 -20.250417038555938 -57.71211127108147 83.4374367692425 110.6364312022573 55.38286490735253 -67.46586104884848 48.093673858404955 -62.98887771981421 -10.39151755945133 68.32460845852468 -64.51560139110659 109.27860450164793 
-8.490142007465835 -81.33741105855397 154.40704593051544 46.018287655298835 -13.591288962348273 10.168928966356901 -92.76776861101806 128.1722485874942 151.5791114482082 99.07936476784836 134.720183827587 -78.44045911885192 -45.37639482712502 28.639599818668003 32.41980261819306 
152.73558962440177 -23.52377082391409 -74.72804840964102 -66.93145571158146 93.08547638573224 31.82243221805318 44.34603929133051 63.75715597419257 29.71590885095766 45.535657224185215 -25.29953397256962 -54.39865903879368 154.99421762950396 42.7550894387477 88.38919295545954 
91.86140694087386 -9.049745641433645 78.55077633980058 101.491538279486 -55.60727612632591 -28.04424530090732 140.27452596452366 -38.23147504094596 17.914208330561905 136.94406619656445 -25.98612369898447 38.244604707186326 131.20134010267805 -66.307241874829 105.60326930987425 
45.22886932762371 61.45184310376284 -61.53645746521276 77.88195882276288 151.9086724644506 66.63710261249987 33.59566169931263 67.36193362110465 108.13794843551715 41.1918746185636 -48.898250682352746 2.593970288527501 -77.97894610403495 87.05560477783162 118.7946451166916 
-84.17202621378527 -51.363787053024986 55.54575576880735 82.50970774030863 55.70557125783348 -1.3074372468877158 145.44674154019498 18.525834121206444 -38.770848615057886 90.3961149936075 156.6714717104465 -37.5664023526127 29.248945809073348 -54.27621122993204 103.28873679470549 
-16.341195910497618 -17.432639074497573 109.79659225897133 -12.231612089890476 49.090873368743004 111.49211963776706 -8.552426958425698 68.3539643649295 -4.785061507293861 52.91350282805526 -69.31903600811368 128.05769853713394 147.18806192898103 -15.434407155386978 133.34005083771456 
48.95688466363235 -43.59687648099411 -76.85296544152834 92.56392703032863 -42.33372162201518 1.9377054986327664 -75.25300434210047 137.31484976232747 154.31661557925452 89.09543061354508 101.11277611117312 -89.97958667333424 142.58947190795857 -34.49676560237809 92.69433766837916 
110.77721980632909 1.539580598628632 -29.17729951158752 -26.26153041757948 116.22745956000243 -72.15204278310989 144.5817626294837 20.75261599997158 -34.463718637774285 -49.05352728652697 53.77915896260028 -4.322707001531626 116.70554083946719 -15.997878268624916 72.550063689276 
-83.73057015176924 -25.026095209208904 123.79797007003079 57.129367315831914 -50.51226701334754 -67.94181744345832 50.14359594346361 60.81888826469175 95.30956097388143 -39.536040437566136 112.06430111938333 42.986912371304996 -58.10599034550298 -80.53542744352524 28.38685619729077 
139.11588854912605 -52.411049465410535 13.59472614257848 63.36041316542595 5.380278184856039 -40.058378732782 -75.22536815612128 -59.22042744148615 136.45519343212828 130.63820543128548 20.130715573134026 -56.97579531922209 -36.11259069431485 66.66723802865037 9.246062241132776 
-89.70582513747358 25.54788340905344 61.428787840236865 -68.27825140701961 -80.8214538094018 110.0524068375163 75.49401885004151 143.97573305171557 127.49299464864721 15.57057231663157 -40.228561987352194 101.75934635183795 -41.40437000985034 123.26013693904302 122.73123533408891 
129.73822491709433 -37.81905256951452 128.32940014383564 -22.548633683761977 53.49863707837251 -23.499248907159014 93.8696376461359 -5.8508855081464475 -92.38143824372996 110.21945634649829 -19.52234093393608 54.54892010388188 -28.559294684976848 92.30067401254895 79.88876023603136 
-36.965070516056166 100.46920814004439 57.38270927864575 -61.937044004009095 -55.19128350913376 98.02449201212822 47.66845781341392 68.69244265314602 104.93327865252918 129.53743826553443 77.05878911567795 -55.8311605332003 4.713981619796314 156.0189076773451 -93.88120661442957 
124.82039630694219 -41.68094609085939 10.192932979188257 -93.78786233971037 43.718719693405646 -89.36099479848826 -65.5551250413725 28.244409185503514 140.1953640877946 138.39798162634906 105.99772905541211 101.1882949012792 64.1060176576808 -66.78119248792267 -77.740918542306 
294.6987373404002 265.2939180382848 199.0098881043212 286.90596205865035 159.37525550643957 304.46860188260086 227.62726598665532 50.53699583793325 77.09580999945692 239.04332503120366 225.55350053816193 55.40420750444868 301.69082541638716 175.9839359402922 239.57217767704876 
129.16479023079063 130.66144754475118 86.83483694291286 231.22068714769287 24.324824136340126 186.77939281663564 163.955740868359 26.20513913821009 151.67546247178615 185.7249892458429 139.50397589382004 36.14806625235162 195.86801760717458 146.13485623723585 164.62854338696462 
259.9738763637482 52.04094424519313 304.82364583063276 161.33706157003746 215.48336896040155 207.72966493570192 156.30223070258384 63.80658342648078 94.47065154023046 148.61687482916187 134.05376051175824 154.8937153821466 239.47904439385616 90.28871320251613 245.16640429960987 
256.0538072784472 75.8730212652819 96.31319350478681 91.63724699836747 69.70101370618345 298.77178654768073 86.15806556324537 233.73386788065903 23.378743570215164 253.2745116114075 276.48860925940414 258.28658424871935 94.0908232209522 280.4727680559325 227.64034028934077 
127.39082973440617 65.85418175679416 108.37812620704862 207.58982995972832 104.88046324696022 213.47018856718375 198.15027719735178 144.75379659260722 56.021708683901984 195.11753512517532 60.97732253481632 126.53962826973407 266.17793423511523 175.69972414895938 258.15613702009273 
281.47624460913687 299.70859075628334 137.71576060698874 170.9288379655728 295.0363025979544 300.0015935616545 157.3338461848284 294.0413116070413 235.49580622654253 123.49442617015207 263.8671073489036 62.1307851944639 215.44975777614627 221.20707881461428 115.36563602456984 
30.66326998362742 252.8650937081394 302.2037289804215 179.00512027301244 250.17380545796382 246.221271324917 196.23339400423393 285.2699905906317 117.83304338590574 42.0389514421455 121.27455283048786 174.28439680525406 109.10011192197135 154.431613771168 256.8186755053224 
281.83679051061773 66.79253864919559 182.57044533119188 98.1434263399565 303.8436279940639 241.69994335354716 195.14114830095326 248.0805899867132 224.12327165078645 81.40924321852644 168.41289632625995 191.7749229702742 47.54111228160433 258.810075883707 302.0850804557548 
110.43483690969165 186.33990508404494 143.6575444490341 126.08919352819744 176.39139351476805 96.7349068035835 158.5874938572267 177.69029230697737 234.62737387698067 154.31406505213263 152.35420140260186 144.74889081614958 283.6101411886508 183.09368516607762 30.2790557350107 
228.2444324568568 125.09289067681544 253.95730601977934 277.9552716847164 72.6840586473193 118.49411412098573 54.46642874783846 191.52977049360072 121.07469272474114 179.9061634518973 50.870870329374554 155.32252894051874 300.7629629207331 235.7261641181786 245.85045299436567 
231.9297380027188 165.47182921692223 36.14439278223671 276.613268366935 237.51526123383954 248.15842906416188 23.04872753538907 50.87010308977736 237.72882266718915 213.7817183993606 166.16680951860974 185.32674523987004 180.97989978414614 249.66285901238743 247.39578635515002 
136.50556613358532 158.8652170421522 57.020379106624375 286.4498157549586 209.46514120688906 190.35181628900443 115.79078641957368 241.53632397873267 282.2621967375712 254.3309055104833 118.168071747101 262.81316440441265 278.6073474185393 285.7246952188707 221.06192765293196 
211.2665764797872 110.50616117488207 56.43482677557048 132.60211648338282 191.07999093980513 225.1398331297226 232.7605042084192 70.45897920309335 303.70564699281744 76.37291259418299 148.896571672665 168.7194268927686 123.36240604606449 170.43219201530363 54.08765911621856 
97.2242124402928 287.465610824642 222.7347892254844 204.2552772646659 149.8151004339497 215.8668407680452 150.79046596107932 116.99828045183878 281.33584501862504 229.65690556134635 227.92917730392958 206.39764934290756 35.84319939633225 89.58331178710274 116.9285295009843 
119.21399824609574 161.30081265298625 80.98130887927206 135.9875526818651 183.41603867093409 256.49850750482756 97.20157055172861 203.98209416749253 207.39677252943753 145.70879828526142 124.89267040450014 217.79995830838524 167.06878000135174 242.81721948969906 107.87217455616621 
172.4021086240355 138.53258749751598 199.54837217248073 297.3501957222712 32.6297728840666 105.15544591541618 175.87888653544715 26.697468070743977 71.4463882889074 115.91856736656882 103.62530949263926 40.0795468682217 267.33171586557876 247.7271860204868 237.964497285106 
228.95381621519718 148.06390355290404 172.37361220990948 52.10746310358577 37.91347263452097 203.57104300949416 194.84556199112413 285.4966331202107 151.72496089123595 250.00245472459028 160.11202624447134 232.6191022316077 178.77278934027296 244.16281826637345 44.016160263058765 
190.73595237903032 110.27843851214193 83.77669554419037 282.5150713939829 116.13763846908101 170.65648179292893 166.21266556269137 213.40871166163762 293.580540254099 231.7365022030077 83.50470594434063 104.3072048089143 111.81845556015897 305.4710071042857 213.78887643102374 
152.02934802441428 219.10634624297134 41.91815655193095 192.36622569429824 248.46914837983832 42.81528029348914 239.68696796945187 137.4680158577242 115.91698236641379 138.8819613022449 84.6248975488962 209.30118142571402 124.13935831075389 34.11978633391761 45.43690161925254 
127.38637622774567 170.6556030010512 182.1025087831449 110.55863543504904 72.43426630903531 281.69085867422757 95.59672879668544 35.45185211822621 63.422407390585896 212.77111421324844 80.20221437726548 102.64028447918396 299.7133203897499 254.118280169707 91.59421551047839 
177.48453293281455 190.46510517199863 43.7612549665679 289.4268017196121 99.70323154392278 254.98050386954105 191.11068387065754 287.8101099624741 179.68338923555433 103.55355015815664 178.68442329515284 72.9148415129444 131.2086143149341 198.99748652019161 149.86581564854447 
59.453276978572504 280.59146340391413 262.0549378436061 110.08400276507192 195.35573337955583 185.17039791528157 72.47585490198064 138.2485618413446 79.40473384504259 82.67453029349298 214.30133236307083 91.53371762444974 287.6222318035257 270.44231553725166 90.01603988840029 
159.26946936196745 139.77184488954032 82.80926447243004 72.54460375940221 137.8614940625577 289.6889366996817 77.71665558288782 42.93964019314075 53.00525254402729 232.02569217873128 293.6569971386694 214.07039907274628 262.7431181961864 72.27835015409316 90.85148720840554 
153.27067047609273 274.20798766757025 50.16541536607655 206.51526708501603 157.43130620250162 69.21194695952329 193.86942918557477 140.46566641872508 301.68967673645363 22.881028631185547 77.19307912951842 162.03145434339848 127.40650830135137 115.45749722991577 275.18652012596556 
186.5130016556792 288.3657124053717 79.57819849249657 93.05020279016226 97.64076759891408 155.7140929280604 135.6933326428524 198.69191458263631 39.26787520195614 192.6357841347679 35.28478405999277 276.8958748199525 168.41986057185832 213.53615907109233 75.77545564328781 
163.34140613379068 30.090219210372478 99.76569805856883 297.2486734059654 202.53637314483558 93.14290480085619 299.33818758515207 195.5705563269561 168.71241310668256 163.35295480906635 22.51398668950212 85.06542960322153 302.61257890570465 248.53519319527067 85.54420021025493 
199.35909063984118 87.25931491726374 258.38634051806184 279.958892312994 294.36569282298933 243.19534500191514 236.42736020734125 80.37095410648391 250.58712683910258 264.86453209987474 260.2491762501763 84.46927519483151 182.1779754104569 160.2665155123781 238.66508572116044 
146.81889180750818 195.41827185915503 273.5585398993404 63.23666283426427 169.81382453976383 142.08528187472643 259.4395540136146 196.708942552108 212.90069881744552 115.95477043922146 257.0776643076616 104.75938650614367 199.63280831178616 303.94540055468497 245.0023202055691 
299.2643275988647 177.75314651142796 227.26539602841325 115.93000492506592 275.19099909914456 66.5806578679972 235.37584849763243 57.9712105694428 214.30436263778623 179.28206216568157 22.9020482673903 164.4977794213308 296.1579031233078 199.68438010772758 74.55201717643197 
37.85871459095766 293.18970774730894 70.00472871385475 92.64191542550655 65.59146037600459 28.428817723661666 305.7324790717183 184.70090617921778 222.25517650920662 231.32677161892084 23.00500209821881 152.56774057400784 79.03318199113494 73.01007464309714 245.15905875886293 
129.0221671612917 37.56314723645116 -21.53612976553036 274.787569463849 154.91031416968013 295.48798142449544 41.41145751310532 -64.61354454571222 308.84167676851655 69.10683856691429 229.41004902947782 129.9745211439506 105.12468396726865 23.660766549942906 96.85699877333235 
60.05805822973892 -78.79454107359521 148.42357022794536 197.65133948095587 134.74218634258906 262.1659092509382 -3.920576009511919 314.0737591468228 -20.033169669257646 212.4440061652893 60.51745520527888 34.261113708014705 155.1336384081438 130.12915376478543 -50.41341855065462 
300.5775073452119 305.8683834015869 17.033471295548196 77.0195723668401 186.64023602972145 50.81710885130326 73.86484616293785 204.81466477506495 304.3526660872015 105.17447060223915 209.24406161379244 -59.520885084020634 234.43973923263286 342.9150449692407 156.13615896200542 
25.855992490470342 175.76021173320584 45.83575852103391 327.1582128412165 233.01663681817524 70.06334803887663 77.81219755563879 58.43555200198941 169.07339316024314 -47.272928847704456 165.73003360869728 -88.39336711093357 209.56573417622474 340.3183798564115 29.08821630475326 
311.7482134287336 339.5420815000034 140.0961506937872 23.729050922174594 307.23288803374743 -77.75684728335786 311.2878576250665 -64.70211946453644 277.7726679549784 -74.05017006290034 217.01187380549294 91.14500264801535 187.5512644620601 96.49745885935727 65.87129528943638 
44.338268341309856 293.0037622350226 205.55805150389375 115.26859509678843 61.129713531391786 73.08416976626361 62.57389942883242 67.66671709998386 -85.86537958122913 87.47168018051951 336.88801399080614 -47.37436104535107 223.73273699471713 -3.5616533070470524 292.37133208299383 
106.26996794908311 62.74207465482215 -23.319273842984643 30.021354460844705 46.868570057465064 149.61706086270496 316.4630367565787 330.44260209760245 -19.614508508890694 180.41127790264886 347.21737930142143 0.9265634474663784 89.65158611782721 268.54189311847017 99.4646508212119 
179.22787015748565 15.130900646780972 -20.413869101689116 286.92322753739006 147.0269187472617 46.77514441660182 194.72388148485265 14.213670600930172 5.09240461349961 -35.96483395580594 -21.000665696376856 -2.9447804366243844 75.00519597480249 241.40321758338848 175.92530376568305 
65.75348122848732 35.48060364590606 29.382138919150194 122.30272616522345 263.97961893630355 37.724252432920935 263.8366852234747 199.9234835295319 -86.85962982217023 -13.640583647379259 228.43240846022383 132.76301542917759 -3.0866596703181557 102.88940905913628 6.201344232502805 
-85.84793465255515 -48.26786178693703 126.17244937816258 -59.288970917773725 -11.38762030434819 50.104520722993584 -19.905658009824194 181.75261859664118 269.3853668037348 -69.94888074197955 -23.649365829892517 182.19173781434438 -43.893152885746744 284.02889825113107 228.36131748347782 
207.79567702889779 152.52472310794442 -90.96942466739152 113.1592038499731 276.79456662307905 263.9210701555768 329.6568368411538 152.4721867308065 196.308524284743 96.57106897538489 215.86313370565665 109.50776068365133 155.71105488382864 206.5740530575789 164.21224833544107 
137.1209229388317 -39.1927256982825 106.3673952066328 -24.54922605691351 49.39550081676617 116.28459870768606 163.64066237981302 -14.070915463616672 117.5278640646913 93.49814811171493 98.28129854617112 -19.86386266640862 -74.61619192408612 178.71905595427705 59.49296783570452 
203.24678885069812 -89.70283831357311 334.6558797562814 169.95874169718843 189.9479513817135 135.17447139183957 -40.062877157892494 180.82308258888293 87.87702579139906 131.81084495060085 180.3017068868944 82.98296665856645 323.53518285503424 335.99524164477066 25.566845513961027 
82.39696391764497 34.649826667558955 141.89171503374166 356.3514170928055 225.0282579225629 139.7412749279611 85.87136449561294 111.8852743806934 300.52011972651417 126.91235776905029 309.9584264583077 250.80736387694571 100.1325987309977 85.87729421036471 154.2953458262395 
128.2985350945786 214.52508079237015 80.12052434460122 308.66956421870157 -13.104007171695883 248.26341135443965 288.31742724707374 -59.66787286805146 246.29081242646367 99.88047802097341 248.1462655644691 222.1654432390527 200.36585819330827 199.77206926973463 -89.17782681682966 
109.79765890604298 80.7580890110739 5.3524100273824615 357.10650548614575 262.3635531371394 -87.40609097492353 167.76181590674554 -25.167058885280127 187.22830818384 64.97319300551919 254.51846606052948 278.3502403771821 237.50099514254475 -60.57606073818269 263.5772257545855 
33.75290524790786 74.01986573594755 -55.96278242566729 195.0472883807168 208.97081576180864 -36.94892357620757 300.294316670227 12.598206632251703 257.93470547109695 -43.28889594287838 -60.576006555198575 277.21019317949543 182.26901806807393 50.81409506394942 60.15950743474022 
320.4288077369195 -38.08189751090539 126.21437614776647 -31.94880476602779 135.50902300965785 229.87439894430827 -86.93970394854003 312.94140819118445 88.36522138280034 241.90546293120565 275.02102860116645 344.9286545728045 -39.122088454303686 44.93254762344759 95.29300392522512 
128.8269941317927 47.49618755352739 -32.57860699967624 25.444163041324686 118.89904846306177 178.61544681026146 63.63532414157493 35.12638198242692 164.50701915750972 234.65556994901715 68.5542182094238 75.68087157276915 217.5428829548997 155.1871947421539 -79.61741813731376 
272.44237843579384 150.87540575980026 23.389078639120882 -65.31556901882371 300.25552590441737 291.93226882941735 46.09554933977287 -62.42082637154377 258.2714888072573 325.8335296409078 39.546867928394676 91.31721005279195 41.095688679762304 -82.02647474271849 -56.164144345026955 
234.73659009716465 183.94513276774785 308.27372332284205 32.85717456778235 344.9220651834399 286.0177692384315 268.40493795737655 259.14147840927205 344.8474915039985 162.06518321873736 85.40055564802185 242.64152261105244 340.66511335754393 28.7989270894017 1.1048227284134242 
-64.69014863754555 -41.27908437365745 41.16301482011363 235.19942820035715 -41.09515946494094 135.4825014895979 -21.396454478447524 3.936811174857823 61.57900755970323 130.87773232465733 267.65977794178946 -65.14177326421722 187.09189112087807 262.1573493882721 41.81535816047412 
289.78202581128875 299.2265143521422 -36.940535663354126 325.6899995976671 192.88129885926293 -91.45878799194995 139.9757436655998 155.63191975534676 303.181948963444 -87.64855554884248 65.41102704203257 297.7762964763828 317.25372501568654 180.48859509909505 259.67693766807355 
-85.91352001035487 61.20012298504011 335.8032781265176 -75.5513020567131 -28.66039415237414 31.497782731217498 265.6472375532679 -12.873591144564116 291.9866996508089 272.7270814996054 -90.28395106327517 -32.829003011550846 65.28357373368303 100.55634963591689 167.20982125479463 
336.6812806646365 182.06052582864606 295.95178127479846 -27.783071527278395 6.723870079500728 253.2065044378494 13.975813993820012 39.712944072279555 100.81876280155262 159.633917342012 306.67743287433933 -53.57651817652709 220.79028129825696 121.9764203596884 211.57374535458916 
77.42005254480125 107.16728006462156 348.61332032702546 164.08851058695768 140.60923382989944 127.82992421956769 342.27882958144596 257.127229160198 184.56048874950778 49.48570255056512 192.55073131684145 148.4215389501574 320.1585476471116 210.5902894792644 116.52689576094852 
295.5947985472352 116.41797745266473 121.20008636608694 126.23757478716104 -81.33319819004309 262.76037830058533 -35.811374415720245 297.1572790479263 63.34546440712904 273.7807021252319 125.50573271226523 178.77297943828984 -13.241135285076425 -41.31264320039557 -32.41030528870338 
4.154391785733779 289.65396062028395 224.53543593028542 158.0326539956112 -40.26717644633195 -56.92319179023785 71.53499937953882 -41.02185800502445 -65.63165125800771 -90.52906228139403 288.1616449029536 244.67086387117752 87.85188073651832 -59.09768490362472 -57.695955586468706 
216.58413320257773 124.10259694493391 269.02899445401596 7.783694098975616 324.1110333058898 -75.48226625277513 -89.06276431025043 351.78092597207507 100.45039778409327 -7.7205038740754475 89.94451788479935 -80.35353390827188 -66.1023256888754 118.72692851199861 215.45782197318005 
321.6277958694088 205.55698575395803 241.473752264145 23.669063528487357 236.91285003048597 57.36067539880986 330.42470396826917 110.7655871585917 54.244433432148355 77.2313898896831 -38.476117971943445 123.92518571017038 93.45056429965217 342.0304432182438 181.79712200075107 
