214.90891847317226 145.47632681738472 157.9160798792588 171.8290374903463 158.2016975398202 242.8270106115047 212.63873122424343 190.17439706764526 172.24460065053978 281.4758771007797 223.3479396158457 144.78992390820795 250.7653817028534 280.18563680347506 154.38647732224902 
279.276381368712 295.42744969787776 235.0492696762934 175.0265903731187 183.04788363898416 292.6574057502286 178.96491645037733 138.01336331369765 169.43867370237697 242.21470313607472 150.38988165790892 165.18173508166322 137.93466673604422 265.47993384244955 249.02117796747376 
156.96801392499086 259.26534331636526 156.04866475654583 213.85156406758406 136.61270399952696 209.89771758586403 159.59577843559404 194.80642207488697 185.0397855299525 265.9203529405613 292.8165649404132 272.6077657975032 254.1312049837543 296.01536547593776 142.0259473805226 
195.32090320297294 229.7451778194238 184.37858851064067 227.35643601141476 213.6134410919337 157.82067132762825 258.2536621759805 156.71528454558208 212.43041225873284 176.34705410897016 251.95920587580514 210.0331278200414 158.27508797440328 261.1130260437279 226.98745108590361 
283.8722345661249 228.08607603115533 295.4072071693716 266.6578333527274 265.61713842710986 270.3488985635887 222.29253930364365 252.06049737507203 132.29216810243446 175.51669861224912 295.08091509542663 212.06118317267794 133.87958831959074 200.93946568636576 139.23554881125014 
239.8938611897916 180.2367653965513 185.35171197061078 219.38953923718313 178.53652115947224 246.19002716830826 143.49336431058802 205.8307002115564 225.0098441096173 225.34905751834617 184.17971569068933 143.50523468892428 192.80544885626867 148.99499322388075 178.62117737318005 
147.61572028865942 214.83185293307736 293.7101075815551 218.70360139406296 151.87986430805702 178.5440469778735 214.79934642734264 243.52296628786996 253.94068538692318 290.62316050459015 237.6391160874237 144.10726888675515 162.9917676653263 157.4766182785129 237.16754561242445 
200.5407281749995 237.0313350439257 158.952217275072 144.82917909718114 266.67195132679444 192.0487648949558 244.95808869895802 265.0789487881941 280.1281896605129 252.4484236149972 235.50402937219542 232.51921618623942 169.7720782938826 246.70243046053844 289.9850792368423 
143.21618970749196 188.34163884817409 219.41013962435295 221.56516263391842 178.7702751939534 251.61567944734998 169.83634083445475 135.37691548445457 148.4043001840387 152.90893180564376 262.39941324694496 282.60058200866365 145.73380458137513 189.46635672581974 296.9873767925643 
155.51072711566013 256.5692075937066 140.9585536112925 194.59145910295967 134.41138995421366 198.66295893384705 210.44509542219078 225.4518559012231 282.5490067936023 132.86397946637408 274.21455563007476 149.59672443754505 209.9292760351504 189.14484721484078 252.44567786471134 
275.2896172702341 295.13538875460915 162.40369745760594 161.0529021835429 190.47845437781098 207.48260421024526 171.39193695140133 253.21669605068075 241.64251052589793 174.1866977733184 287.87917223370744 275.92738995040577 206.4656580393118 192.1565784377883 217.847642757742 
198.95856944954323 133.17494788685784 279.7599585197397 292.4044561759061 168.65082733100354 186.83091265876948 265.73785513465054 295.32491827679314 153.23077088800676 151.36483736337837 292.9262978696129 223.36747342536913 288.06232991024694 242.0305376975524 170.61245543699948 
196.80503471874306 138.65172503711472 217.17123690593672 194.8889649731727 143.18379114810068 200.75868052943218 150.5141474553907 173.61165460874815 289.47665527396094 162.42524395253915 152.3954140778907 197.0968137756768 220.33812331693062 170.15882438895466 266.3526373748549 
210.31197683790379 280.8332208652373 132.53435934803795 184.98074365039332 241.3816839270375 219.3894851977975 267.3618940085395 180.72183908181307 250.58444960749276 240.37488195372958 174.76286794012202 211.29923319937467 219.6534073301646 165.61468039483833 275.0170388761813 
139.7313365924834 163.7301907448911 201.77949221649226 213.70016783297933 225.0630013115126 162.7763124751694 202.37259814671523 148.0197517425977 132.96364309001865 232.65339560690705 181.3285376398399 276.36218004184843 160.40945942474332 221.23673954915256 257.5138124949557 
283.7468648836243 244.4794802781269 190.5260896993098 195.0898203781327 260.0076178369461 136.30438751332395 154.84865242129337 255.97666515708664 186.41584286018224 279.2740609926914 231.00056007910115 276.8453825115163 271.0607470059087 189.97513254557074 247.08171351841872 
208.43040748965012 266.62340781683315 204.09460735184894 183.02141287714352 239.9691480580812 230.52528613542447 193.16961240337397 296.47575876162597 207.14430289152472 276.80443397825536 265.24162234666534 263.2136166148975 245.96111529711087 192.47684327311077 178.74641345258306 
259.05654503899706 184.21081184068547 165.16698673254405 290.51582155029394 257.7557899086603 233.57333622248223 213.50161765998567 275.4944030371074 146.78107258078563 235.3528766974668 223.54818951460857 283.1741763761557 208.20253379850513 176.2129780476581 198.58262499252407 
257.40648789835177 181.90092343812378 179.02646275449598 192.44787276186014 134.97948880784253 289.557256455118 237.22580040391085 152.71094478423026 261.5715581763734 246.08963014694785 197.01132062834694 187.55205439506906 170.27253757600664 281.99325647534397 212.02844811648137 
242.1085885946572 182.06682096681794 223.2790425461145 178.344032885362 231.62058981822827 257.64750891566706 227.6322266283188 236.9301274535219 221.0571841047851 197.4859046432967 190.43452978489017 270.4734460783354 260.4393907062977 271.01325767066504 245.3404650991104 
156.70015377429917 143.03099936773998 157.92169730806924 252.8745945698073 277.2625700330566 132.55152592973704 214.19293131322772 175.7222158223657 216.02926414607055 294.2572899014507 293.5816177021722 178.70872717388622 163.27769786260913 145.2699458431982 154.27879887188132 
191.7454276636773 180.51080989720384 209.84241603527 279.40145205734575 258.82479144796497 276.1668034298965 134.05898650009817 132.91301648626592 215.52528404084845 298.86611279563965 139.28450885634268 276.6199653600039 207.08880244099177 210.66588105066614 200.93571809572822 
174.71855641854597 281.8357633620223 204.10654672158213 240.85643178042022 233.21766316862798 281.067906219587 268.3094040931669 248.07730482059134 263.5036751601406 160.01920649051337 297.77848757817213 241.16882583132423 205.00086402194864 276.776297538368 251.69286771832464 
228.24286859582958 277.5325243058288 185.28507284873112 202.8893992547513 270.2025825657579 248.9764761040115 156.6586828780992 210.9047850801557 231.79880747444392 260.4998862241325 141.25629716902586 169.97850039026378 218.6339792226126 173.9283734696088 206.37015029666952 
263.22171767941967 198.9013987046183 160.8279830612705 285.93589954947106 288.52528811999605 207.29646299965142 286.80030238438803 298.4620285451696 246.68371998390845 225.36182700340103 297.6248465625257 212.28046056544133 156.15712922989692 168.23443684291527 157.2840196553625 
279.6546885403024 161.96435281507252 183.51418973806668 209.8203492931186 221.11222101776428 259.5616851713544 140.2392872614862 225.21819970827516 134.63732191799042 269.0854583642457 170.99976619017616 243.65698978417993 221.12529762620997 164.64941378329905 144.23290767268966 
198.77342571942793 294.04055309536784 158.12339661821565 295.3875981952149 228.01169519774533 156.53190653944054 184.45259896919123 144.2259703295909 203.07536755661692 145.36753475293233 187.82333990518924 151.6141159322145 298.8159711852096 191.930072604381 169.14806548605063 
165.09243249100192 164.58802736864328 283.8276474858011 257.3822035631231 187.97531339241377 192.45178743317544 208.82646967989558 195.15763075942957 251.9935006562527 253.2281165422084 268.5650270686333 284.50909949786865 168.97562896544386 197.2016014255202 238.66925560568936 
181.3242034398353 233.20539275157608 214.453018121718 170.42494718936547 157.6933883716443 135.27363736435026 180.4542282317111 174.76711265556855 149.98512836492202 153.79740211205973 182.36878821505704 245.70644544980334 197.63974866522568 298.3436751377629 138.05858495428834 
281.3374100045025 193.15902896360396 254.30565045857315 224.3514434630909 284.29110861242503 252.90348496597738 268.9765946491988 176.09663391951403 286.6250460838056 154.34405347319853 219.5201127395969 208.1399093119671 161.7494752745422 161.86005388403458 260.15008226953444 
205.94780194592465 129.47914588821243 89.85074586932453 -16.28169534462628 77.40004426568123 -15.069664160808358 47.966064018822244 45.121504994217695 178.91696182374454 41.80201213435718 -0.5000831622705562 62.98698523433931 190.2761554059806 188.62287420199436 120.06630297851518 
205.98206255923088 171.78854221530304 168.76108717103682 158.85321749785552 -31.454425238429454 138.8100153843142 181.32829138307648 -11.577356136329072 146.62819293399042 -57.66896166164097 61.529354258866 84.9291095662011 181.89967618721045 -7.117851827464072 -18.264400361305533 
170.415951097838 189.06108820242295 27.456790313663994 139.78633199931355 152.16345640536355 26.425922449900234 -45.388408352103056 -19.207019583430522 77.80239910490982 178.40589713539887 -59.81342403572956 43.8164762038874 24.428875385871557 -49.04136767246867 4.332900987799782 
-34.61096317727714 135.86671482860152 -41.644694031756416 135.89523605060026 116.9932246580764 43.667868309412036 175.80127517678162 119.93623649803789 116.27665028784307 131.03778632699863 74.13369969135016 14.202991144722567 51.48781585000767 5.172018054893492 -0.39720565589793466 
110.12663063537823 211.8684562119256 9.59794284494064 19.37933100525951 206.3408385044611 0.6490298802941652 74.21346915205899 152.03385613625207 -16.59102739170838 175.23873943270132 156.3869396409801 185.75936314829403 -12.010157562570186 123.73065218629156 14.21225495055615 
151.04717748991763 -4.1303298624465725 129.49195111481856 118.36017362239767 -9.102918853844848 141.64904913703444 -59.83899140759405 -1.1774692157237183 25.840407423763374 16.414286953285263 132.62828488543747 38.927573035091704 11.345806782449891 8.874227217197365 -41.54836186819028 
111.96682764371405 94.27436414253992 181.83955041839116 137.96795640465476 59.93549303972285 176.1306965223168 41.24532722136038 84.18916191870329 -30.315953760481708 193.3263704631571 138.70529950259794 -54.783336426863805 4.543020360771642 184.9384141776504 97.25363267734781 
97.05982716520916 156.4502211165667 -0.5293915995386911 112.03165411136777 136.12569697100903 172.76200938636853 14.658124502661416 -15.337843493811953 159.95730478752313 154.93989298215212 -32.76008014203291 151.7391023810875 181.03522101081987 137.3744263084352 136.46133011761464 
189.69494715998314 76.91767671469023 167.03454913346783 190.77319831769137 56.08064467705274 20.451383389979647 -40.652010095190874 73.97851730634792 114.68666619465859 74.68525672705906 179.4395084541454 -47.330951202162815 170.12061339667298 19.84778765276456 13.248838496975658 
-43.787721267765626 180.99221641124151 29.803666384353114 131.719684684925 85.28152692264487 160.1811879994876 134.43814558576003 76.96705262558487 180.86334551967346 -30.69266277988349 13.801569908296962 133.40290249958534 -49.738352416454674 81.3321894965458 181.51053663878113 
55.563258682988625 142.8776736805028 9.236654650676279 122.9121343753333 163.25297935186654 -20.666263665345518 176.20782434794705 -21.087019046416493 80.4796902452793 98.57337283401472 70.10021655872214 -9.135950071738257 52.98081664827878 33.275281041123 149.38560662023664 
49.78590227837409 117.09029001747174 151.2034983974761 201.62412916163453 -45.806733149498776 -33.62396640342975 186.81490359446104 148.68303620254852 9.197141512533015 -45.75960693959069 146.76111745604737 -25.433964382417265 145.1362807657432 111.41691088417627 136.63300867218086 
-27.958601492598312 183.69333880009285 21.77500911865662 21.848093517307994 -26.315000521565004 18.53785425901642 199.25755205735186 154.17768888296396 36.45026292658704 -15.044998703238264 -44.12628807051735 191.1774677560188 177.87332339726805 50.17539106299859 130.2734809643484 
83.36046007229899 211.09164069091844 157.93250992229525 88.7297196768802 135.0325938100899 14.492970287557519 212.62397828486274 62.10973514744787 23.525114702156678 -8.630415245241956 13.890160620809048 -10.415802353495003 1.4845743802043643 -48.55763242364098 191.51358535764135 
46.83737074968085 121.60015616417019 -58.09204270208996 -25.703281431108557 187.06921527830565 184.19819379210492 205.33232229352012 115.58834892396956 174.69571654137337 -38.376940377540976 -33.933114560009315 -26.787188877191113 199.2946538455413 75.75120721444932 74.14605560315658 
81.64639055215704 5.973491325479763 -55.32293949170637 0.10478216835230114 -47.14331194437202 99.52622919064174 20.736689509273482 170.98421224351551 184.55846181721927 -27.911560299839707 -1.9113106866893332 -52.92817625765308 76.49823252633104 60.92559747455281 119.54220597319389 
-54.707505014854846 166.5191264422568 28.097495504792626 82.70559608680716 -8.520145155882219 56.3476342459136 80.94564174484532 -43.39551930566757 180.00654120932316 53.37969391383941 3.560890271016028 157.9235911292257 -24.89676618664742 105.22200059168952 -24.176796199069777 
18.741781328270513 147.47526226788764 185.46059890710464 59.11679506552991 24.18342949589357 152.97523125466398 159.07651828741984 68.48483537180286 72.56742025089005 178.85590216690255 -30.119733245391078 62.730187922037324 146.7422899782469 -48.01430868443481 165.13339938005402 
141.50672909504544 165.28878387398473 74.88915909643038 129.38997136577976 102.31414227576587 212.32823857847723 -0.25885775206749173 13.65943749249977 205.27236567922336 100.43139108415727 -56.095585502413314 170.68498391892754 23.824946514219 162.3857945827201 107.93254292450996 
144.85712347666666 201.39087674579264 85.28749697521454 150.4105647339053 160.19524468039677 169.75522740570628 172.92988874032662 142.9101885105501 -24.793314705780595 9.317344606233739 106.3797862292158 89.64103336958328 -22.056419228271388 138.6382308825365 -8.716116841976977 
-48.09492722034749 12.224482318183256 19.422549671571538 -29.18415908139298 79.47057150503053 153.9061301650077 45.77280783306326 193.6630163893738 154.30576945211965 2.6883872997319784 128.07909035120034 172.00566632884312 -10.399639706942878 -52.60681692867749 199.74905573664802 
47.65077906041872 40.976992710013825 66.77492196444891 -43.07798207459091 43.378988033206504 192.54838232176272 101.55846565382899 124.19263096825009 78.93067780341306 157.73188438469626 57.593809579780036 173.74531571427877 171.91281234113166 -29.09348029031019 205.75984403949178 
-58.44431067890789 -55.4839165477705 -45.52450259369166 59.83281623656671 -19.323869686230402 77.01483697951412 -24.22288085599432 40.99553122829206 -23.894038339203313 -11.288648280572673 134.3724283850805 59.27317213688702 38.62252081077755 67.17117114581646 117.79457244304342 
50.61045779426754 120.23454393614477 141.29419456830936 44.262677056136674 197.45534741641018 69.71236908331156 211.21254763777642 -2.2063684231733447 -34.10650626334476 138.09777529185098 74.69129523525234 180.65074418320202 -18.128720913283125 24.134460182011345 114.93960723209517 
181.55431529416546 97.33235184952346 83.37073976799317 -60.68667805864993 169.43264688122477 103.43655122053929 144.19102046840635 96.41502745791655 46.30858810142362 53.83589064318685 87.55603423250889 114.27832483178233 135.82126807524364 91.10597680531043 35.926032307442476 
-43.4034578146687 -53.58593549345177 -17.783446904148782 13.724101643700727 19.67631144573621 135.8324401009499 71.79909187934419 99.21333618654361 70.07714689027287 5.35933267339734 37.53047584007363 163.7617807655852 82.43751463984387 165.69113707280428 4.771160224557796 
70.13613286432278 81.97972884270692 107.59330928705677 142.118029428091 211.23306975908042 51.7437623483579 121.68011028789871 71.53207216193351 205.3198355519882 189.10021688448063 -55.38132874208217 -18.82999968579636 -13.495056762284442 86.04533761525317 56.195492387360325 
55.03385927210535 -10.143753343815327 49.4837800146019 -3.9314613646874648 7.812634489903282 103.08049132917193 100.03334865880052 -14.08588006629217 -37.025842460065434 3.1547802647520697 -15.880268446184544 21.70217425523743 52.792082294065814 97.69360642209548 38.22199910675398 
-58.222197025177515 118.74036792642434 115.29083772055989 -35.7999548391857 122.75039626954973 59.673699814083086 117.48557069429884 124.20420985668648 51.49132887535898 49.21243667599595 133.45721298075844 5.911717152198129 186.96509017817374 46.96864541472613 -35.32632579804443 
27.808921914601477 137.56680226082383 122.65396602422089 -26.857004198037878 123.5428520892176 207.11356462561673 -56.20594043092122 135.38140740922967 113.70471889537325 150.04296030577407 193.02515192086727 150.5753860936804 22.403480280190358 45.03328160503968 171.68443727743315 
256.6895111862651 234.81754670055398 150.37421762604316 95.89514684307845 102.42753706298403 132.93174470028208 224.315507830259 176.64694156229692 298.8625346428703 244.8310100272191 82.64003085043115 121.47765404647612 145.74781090086339 107.35422679403851 162.35214603523445 
83.03544786025495 93.2216479273676 201.75765317826372 210.22302695305333 248.912626700228 136.0122656291746 105.84242487097472 221.58387030698646 239.8958110801459 306.5785918460856 314.7590627364792 208.3425969452987 176.3291033133102 314.3799478927698 260.30651775120793 
298.59029537826257 231.6742279226493 315.4971903254798 285.5443461047646 204.71571703176926 186.1176691995605 224.7660001627545 241.27890941574236 235.9892811892469 180.80983025188044 99.80567538938088 248.47924786976472 190.8856033121188 98.34141667541573 183.88204432728446 
314.11272896611285 236.85718324951054 253.04669709200647 233.61241916732902 254.33481778730362 245.56908293067508 287.0588543215671 179.15703008317206 86.72999423715932 294.4110601140314 248.2382096501694 142.50304180727463 224.22632034326506 315.70739638059285 246.51739100884564 
77.67868414177684 173.1932039255069 225.30553119206496 259.90235886560026 206.3202388118476 256.238292661621 216.49143979003426 141.70690035839726 135.34890738498063 176.40352749526568 142.6305428629265 275.8647197874219 98.5111840798445 143.99193264658348 108.18092753152796 
310.5563311799015 274.5683168315991 313.6024729683024 224.83591019773948 177.29063551683237 166.74981821720417 268.956389361495 201.04039730138186 75.11314475394771 217.90672102026105 89.15084400540469 182.49624760441552 290.0296593109967 109.57985240907823 80.02810491720588 
307.63060378315026 302.1286981807043 277.131494377192 126.61465970119126 210.90643032393535 126.21500013171472 101.80077910360778 74.19260916804502 291.68979785263394 225.62134377703143 75.80822720270734 145.17802537547345 204.14781196023304 90.20364311582604 107.31893321666519 
81.78955194530651 125.58051076223208 308.65207047000695 86.80347983672739 81.41685450269745 294.7965040987042 219.85707279993886 148.14665766542817 228.16365318583402 235.29603632562828 79.27476352988347 78.81257938292472 242.18058386045888 262.280903778057 139.09444208542214 
133.20687544542838 277.98172111960076 133.62690359989648 149.45305024819774 282.3397549465071 110.51521842645934 159.96401712895104 202.99550079037957 212.31662424105747 200.4926611975871 211.68393732773282 314.2516932608355 96.30495951757277 239.65661269912584 273.08880918674794 
108.43991214471681 308.80348766194606 252.1964268603414 315.7167024412139 114.72870628242629 299.7909197590575 234.91643237355106 195.5614135855041 191.85526656558392 255.3975334844469 237.89858275783376 217.45794893429354 212.31282761478317 104.82669247071976 146.64362216064643 
171.03213612292382 118.29233985526378 139.33680232595776 259.9186244126266 286.71035337476917 219.74406585242647 104.99910532941838 126.60488502635481 238.5230114596266 181.41749489757822 117.78686417099611 106.55671583832407 282.37344216827637 209.0373671112406 198.75362221280403 
288.3278021963197 208.19993150916346 280.2537841702622 284.3749147319827 182.06757522034297 141.72393210561947 200.6251580818984 146.9978665049724 262.5417044806409 123.50832218282275 217.25844931718453 196.5766317764128 234.7434560667355 301.59336151810396 152.2617734848123 
236.3028586988545 296.0562329349931 157.7754624697778 209.3068052369208 234.87412796469403 189.94875935477756 197.44638939912 135.33118326843936 84.74392724082617 155.52496204684792 305.33405822901716 258.2904050511796 170.94459949945977 277.2557801523931 88.4755094811483 
160.01718085703564 168.79874624709356 262.6779883216373 268.3232651769778 205.7786170764741 311.6150691367576 241.90723394252416 248.10663755835256 245.16396773180597 101.29102116513982 91.42167866691531 197.29323565994602 304.2378542324784 275.56814472624046 93.65026508405616 
205.37078677816476 78.29969446866238 164.79497844314903 238.9794978274509 180.79904595271015 101.06825286040888 293.8975939304744 192.81774745414245 96.48049721209415 276.5136345180412 89.791607616309 132.8545371690544 296.0709877639903 100.14530869755512 226.15851536816322 
184.75537155432775 198.90661839928543 209.6816919322726 212.80264602813037 95.51049385166942 92.8579638760396 173.53283965047166 293.76869779406604 81.7036093948798 189.41244974794546 308.74393517699673 286.1781415417808 199.27474302981358 267.50588253401247 316.0177338412203 
197.58410379593244 235.44937296639256 86.41933891993513 302.6269830360817 119.7939590769406 287.80469226657317 177.16175010543523 139.90879341355662 195.96155927880062 85.09243775052843 165.52762418351477 133.18813691843667 296.0080090349368 143.98637204592887 296.58033605731504 
231.21154655174664 220.00300466082945 124.31372904479221 135.1686978176983 230.4779736109035 220.97884388082295 308.8396601715816 163.01155009320541 76.04029974883107 234.7062658156849 262.6934550989589 102.08559182072122 293.6103478881198 253.01614104269564 108.80311581315614 
133.58444763027427 251.02657411203558 100.32018722710609 248.8412675356271 192.81490190898032 140.61352059984029 131.70826945198894 149.70506470918875 256.60475777631575 152.163154616383 88.61185724711524 258.2959736165552 223.8076893616048 205.05866746410575 282.91398244031546 
142.01505671831393 288.714379475553 213.652793900648 261.20968841500786 270.38068310792846 245.5035882053985 259.4709683100614 279.80706470054105 192.98639015929805 270.91556325253123 197.83129818193322 205.5997123952037 98.05433331606946 313.04320327636674 145.27135405585187 
268.02280062835104 134.3227950914864 132.6432350855585 223.5283146530031 237.73660384223888 308.415399029304 244.35023992924926 122.70450913279609 265.15884038171293 239.0500143774577 270.4223481805483 305.62241732012467 194.2088224893074 300.56852793963606 258.7213841626316 
207.4711354640095 268.1382427502614 90.56635002851479 223.1667068188148 98.30421849647972 277.30015781923544 145.55569714545948 102.79520331432735 243.1438250050271 202.38318489171508 310.38501424851245 220.4898191759038 91.1411157412211 78.75673321979471 222.69009413025293 
109.22205530427343 133.08684030246107 272.7468057340984 259.9435800991756 158.86649525992243 201.57756755657294 276.6956373324894 272.9311356877231 91.44553789581694 205.47710727491167 202.81578577445342 198.2574053709793 196.88629670030014 221.47163637756532 145.73985825379697 
75.45486221024936 117.42705473714835 290.46598260661824 293.9507297437369 224.6115427024446 260.1023138526877 233.40576042506578 187.7414881139922 300.7888567277672 303.6452749076326 180.53034934295826 121.33602235608461 292.4394655038983 301.7880305167246 234.86817603582958 
300.57549176054385 172.42062306730583 93.66242995240677 293.7091752257295 158.97370467476048 229.8036250502802 136.20023536870573 197.84268017652136 89.4799895728589 293.01628291995746 180.27664209004314 277.69575678891806 195.1519802970522 82.42579620879394 209.52756595268912 
122.7093901009481 215.79120336736088 125.11329288079048 123.77934431803757 89.33577714119284 95.27802647940491 305.1099589448985 204.50230085554114 298.5652629896313 88.74406462894012 243.37942475977007 280.4586422282304 266.54160682866654 237.1949471918429 243.4475327190108 
80.77381618367266 133.954366060682 126.48478712356226 253.09702890862044 167.4649788190519 239.93777406900097 169.11114653938998 206.24127344111437 115.59685525437945 308.6645918737745 129.862030659678 295.89248647929514 140.0162045807926 240.637902855199 162.02842488160644 
255.12632680422053 292.06630206412547 141.01749695925554 218.47002859619985 135.4118067421823 174.99676392266701 228.00493135638922 92.2657359341846 212.57164938468807 97.48460997963386 134.14501795990387 233.06325713787487 197.7788683779911 293.23226383055885 166.28867793498844 
192.54193096294762 188.01499161773415 206.97803499358187 143.6347887596209 264.40406598760507 171.33841684740878 146.93804254726228 195.42783183521078 77.83554736366229 227.71341268286272 271.1606154029614 221.00386595078177 90.41660407809603 166.6822284743712 100.19031891324136 
98.45030778060456 117.92867574669842 145.3206597262866 309.5420604262101 218.09554224740614 214.7533494234679 210.78509497858286 257.3109125876081 248.60823864236133 114.93519020865352 268.65379670115647 251.10376378959546 95.19748566341873 251.96109687370094 193.80366884544233 
174.32646895167576 196.87072889724925 177.7223424043672 195.77068475896363 203.0994125349162 173.64399008318537 201.91203458810025 176.79516963275773 204.91744651599876 191.73209129683562 179.92293293336306 191.3882079816464 195.93612966259897 200.99756684619192 189.33748918829323 
186.61255234950448 183.61550717641035 198.78935294370498 200.9160290515119 191.8140760592842 194.75396545313555 185.80240664796614 208.51738883908686 194.05986654230543 197.9170437314105 183.42159792988025 190.61761250426724 198.18125232293906 194.52405518025532 184.83605232288193 
174.786076330675 202.3301477744295 195.19944560825016 181.25242772540014 198.02614217950747 185.0208764320608 186.8141030725722 197.52852691505825 176.19144270875424 206.12774273255621 176.8850915502872 196.04983975945134 182.15126391407065 187.18273817278435 188.2999297812203 
189.87960773303084 191.70368819944724 195.20392642130787 200.69747622898223 174.95506784428525 197.5971316654989 205.734554401565 173.98604581671128 205.66444873961316 180.33802805615338 181.20969223371344 188.98128169716716 188.40717459302869 192.3416102058358 176.10243720096247 
194.55943782289006 200.0343756543776 206.61485547990065 204.45357817386366 182.47574871583626 192.34751313554767 180.79585505186836 208.5133054826686 203.43437037601146 184.41056173606 186.54736513645378 186.58756393896556 196.22024206867553 189.32752771749006 182.43737450521508 
195.32035241457027 173.91641083199036 180.38788688009743 193.95841549582093 190.04714867140723 182.06311038216978 193.59562568431835 193.76459873321815 198.07951404595244 184.72120751178755 194.74126377687034 172.9878237218123 185.28231982387413 174.1500734933977 208.45713245552977 
179.60380588045 185.2396861246901 193.7043952908739 191.1378787779721 201.00429206375932 201.52466746314758 202.76238389534058 195.08429577084226 174.5307884277419 198.35560237317605 183.61015011801402 175.1234649407115 176.15421563705914 184.1859201495503 188.11886497317582 
206.11133979488238 178.06284706463558 195.74548323758165 180.5202064805262 205.58938806576913 184.5553441275131 200.4744742889881 195.7630971682063 179.13511938254868 178.47335362593745 189.5994569449456 190.38540872307797 203.27419786303156 178.60980914242327 193.47262619432666 
184.33409317300163 186.8304891826826 186.5333005958422 184.4428382831925 177.95818957786895 202.43694987568546 178.42528142310422 179.75077997583608 202.43238265645985 182.24696250837775 184.7538921921187 208.01620669245165 176.90709007794064 201.4329413498784 188.65254347632347 
188.33711848583175 194.83469849991468 205.3298421359042 174.61737609787062 200.9030040990156 184.73968781639914 187.45485560029493 175.5301456555645 194.3930118706661 182.66287967361865 201.03755165935496 182.48113503815637 183.1192231771305 173.12926968502768 176.89915599275582 
173.53263756532743 189.00207785367732 184.71975524069902 198.46290432854502 192.5343644642847 190.03810926744117 205.12599129324113 206.7390393348322 185.96732204642709 190.0410586031231 189.95961035341327 203.68006849560112 201.29446432363062 185.1647208441211 179.6651402531281 
180.55335817978008 176.1338485272336 204.72672571847204 187.27955831444493 179.64712284349585 181.41393389563498 177.58268092122293 209.2252852145859 203.94662034209387 174.45427842684805 195.63182372177675 206.87248178696672 172.74930851396087 189.6970302952957 192.83608538577982 
189.86795257026426 174.61329693103423 183.51202569244 202.45413523226196 207.23276950071104 192.59685866005591 206.4062422346693 188.08856672261095 200.0434671511081 202.18222091344686 173.68900174671467 181.71558384912407 190.36410379511017 200.31468036782078 204.1099255502706 
188.51326252015866 196.3337717840733 186.5306289646996 203.8264023684136 197.99041022109637 197.3967500943781 176.35022559841954 202.11479182063314 204.78562336180045 179.9318871248205 195.1575440317609 194.4919231326192 187.69006149556418 188.65834447509275 187.9946143381339 
205.10824539064615 203.56055821364336 197.05351075849742 189.91460595437925 196.24404491803327 189.8445377950938 206.44906292596684 201.36718970706644 202.53428560922555 183.43631282922067 194.55763783194269 172.94981078183096 174.0909058673244 176.95205601145753 206.25442958183584 
181.3463008045723 201.98555671152744 208.84567527315767 197.1964341675539 173.10497663068526 196.72432926623074 177.5409979045945 182.57533178160844 187.23877830344426 180.86648192584428 201.89914523835574 173.61966647721073 184.49251425945627 207.71701861441437 194.8910330896539 
207.27615096151544 183.194472772538 176.98061721008585 191.11626576291326 178.61330651905334 177.80245733086937 200.18149753239715 182.49101860528415 185.1438895225048 194.56871537895967 173.25892563215797 183.43389053353118 173.6380448581608 207.84715537577537 191.01156519124294 
197.76703730163325 205.61277324877403 193.0447882260841 193.76353285043487 206.16024663354298 181.2913145705163 199.0321734201584 208.5920391521664 185.53734433102537 195.1134720884343 183.01562586157857 205.26744735202533 181.74690850600396 200.85492396517822 177.33208812037225 
201.33322562298295 175.34790185476953 205.50534042348914 183.05457562385513 181.76142789575132 184.97175966504503 196.04551760573204 192.26456549806545 202.59131116032825 184.45768869168958 182.81255952395827 206.78031733076375 186.33387593137303 189.86794697590923 197.00195764505762 
202.91347013737428 179.94090998084113 202.07484366798468 205.04017296667155 183.4345560629549 198.83305009667083 187.15197808154494 193.48529758171793 207.66238316870297 191.47539753884377 177.6741289416478 207.66611974228493 178.52672966961447 197.00923764190588 188.59471381435836 
177.74337059587103 197.17513224410675 208.9022648923789 202.50261138979482 201.35872144144304 172.66531952656968 192.36467366764865 187.84107956945783 175.8740641109698 188.56349909342828 181.77333962407025 202.22878991630574 175.82674872461521 180.423792644562 205.3205687591525 
185.0479800541318 182.72186424073058 190.0476526284326 182.89431809833022 181.0270727328826 191.40400520886672 185.25274205775125 175.28656319566073 182.9209152215341 190.72648029002102 200.91437672218487 174.57174347488743 201.9208964368772 205.89151898090148 206.6669453384476 
182.88575023173823 184.57142633704558 186.6838582712546 174.0575215734875 206.63133357864518 191.6612114055005 185.87739748351524 176.5542153968839 186.68804389147678 189.8572479415351 194.06580511854094 203.1499423897875 190.68362218514187 204.1146255801377 176.04791917059367 
195.52013122705364 196.3946224300046 192.8726300482691 189.1387180677213 181.1913711769833 192.31893845837618 191.38146177780965 184.86869075341804 172.9132358318922 201.66547204792118 201.88552273363197 205.14639861698367 205.80283206380176 197.55477681791746 208.79096305436903 
197.893127992489 194.13882890476563 180.08576758073886 177.74229246165132 190.46259336983331 206.60112478895664 187.97044434671653 203.55154948605693 202.1258204215534 177.7561442297336 177.9565292813494 204.77195389471936 197.85140131245922 200.07755775242657 181.79815627386867 
194.95409291922903 196.3742603155893 195.12155517389414 182.50493784840324 182.17435035000872 201.80160961524982 177.64494594174096 195.6936450246255 182.61630190672398 172.75707134816085 189.71464268790453 172.9538736764138 198.9220090864648 178.76169578300437 183.1772923167215 
179.30110549558486 192.03074438747294 193.80882525124582 173.81404736149332 193.61856309116703 206.31807573282427 205.14157044020928 183.56119833972704 188.8021685313829 208.41402432507888 201.84313268183266 196.17217888939183 191.30607581789718 204.4677239314318 199.14179342806563 
174.98992791085013 201.9223820827003 200.8393516416528 206.3351203609066 200.3890456189498 174.9374378629403 187.82621026839325 208.30743582270813 189.69541500355183 184.74052434490832 173.43108145992085 201.66787862571823 206.90091181338502 201.63207777104435 187.71235753180474 
208.24305329740608 205.77709072784805 178.0743299781828 185.3841683640314 191.9998366572589 200.94158749532662 187.48416760644514 182.38468793032567 184.0297552487978 181.52427137608834 190.28604648404408 197.20348702320783 184.8355605627794 174.9742476833695 193.22545963518732 
184.62299493108534 184.29361059034665 174.68535350385503 206.69552479502988 175.34690461727953 185.62420350270827 201.0560220973424 182.63761333766783 180.76611943938758 176.10916945467818 182.113687020601 173.5918781384117 177.24124125562983 194.62992769155005 181.41834442952702 
284.9538232281824 246.2167920987834 240.33979157051257 228.34254683335593 179.88143943210937 211.83753137578276 256.6157629337381 294.60171763172434 241.94260761147711 226.46117463186238 197.14344225657683 279.680671093393 246.7975126654559 200.01417444388807 217.51741077784732 
191.75505699123704 243.22246116149736 229.6747339286286 235.66006330286842 244.92486279746947 239.5546865705021 240.54786829455998 165.09763419028786 254.73497594340304 224.14979313330537 189.8098177852877 278.3691948884235 209.91238395581502 271.40604486480515 279.8492383818064 
221.81651653565123 234.32825575141075 179.8324683806948 266.7411794117497 269.5544635488497 281.43603221415503 221.51615589928656 221.72603247330738 218.91987634836312 226.2985048580382 215.32567862512525 227.13206063393548 213.52393344002672 291.84266464015616 276.5278236158004 
193.26708114548208 195.66080474786827 197.81321413579033 188.14433813499187 238.6917070649484 267.0583398067074 286.5929196113422 166.23949120846058 164.63053284657477 255.0890309427491 272.9842027280193 209.70797258107666 290.3039084167111 263.83946778639734 247.66661367210884 
267.2972293650364 181.14987030855863 266.4855696647517 207.84493833416954 293.680418327713 172.53862556441686 237.7239516029536 227.76818289155725 202.29464967829344 246.81553844313632 170.17962445993956 270.0665300118867 243.79746125950822 287.1151177469297 271.85386441796527 
292.059611072509 195.83212936323423 270.0547864876844 227.89570643262653 215.01214715966302 176.24075834847403 171.68742326124666 251.30545674756218 230.3581459532727 258.63326749649195 209.19458717597058 189.26050523865416 277.010096275637 171.80004391263367 205.3870710206602 
194.65176211275642 209.65695933139568 275.87772110963033 221.76159046906344 290.01946715703434 208.78826091813175 164.5294626048154 210.17198219789216 285.41482577072827 269.82472708810224 191.4575081349393 198.91543635597048 288.51482955374513 256.3864980984646 272.1641939214941 
273.6360534877098 243.56742131557309 209.32954592354127 223.79026052751192 171.22960637691108 224.19123003954934 212.9383298265852 235.55870538044672 188.38483383239785 242.64897195469857 281.82356282743797 202.10902525531526 167.32563906536834 167.6783717274687 290.8932224778771 
201.89563140656782 258.3800349342473 207.50665094762908 294.87089935944266 201.14163401686747 220.44773715415303 203.02112077930371 257.3854731980241 241.35318116066202 245.79206186029154 219.05974029775524 284.18446999618504 238.64165854539579 191.61843418089683 250.55275057047226 
192.21127618889136 206.89540487572896 180.8531108690522 231.09420445433858 271.3908111586594 174.87741719428803 181.7566810103826 193.90827605705053 191.2551630567387 227.81244578304478 278.55975403114826 212.93106915413395 275.527104740861 275.167450497625 204.98448526098338 
180.44488631299774 222.27693861438013 280.13500579842787 172.32841772787336 258.33307135650847 194.5730897805619 222.884713615465 186.3404439960667 270.9401653669699 275.44868603307805 202.39714450800872 259.60655641059674 219.62399816873253 268.28883452373714 257.62927519351877 
235.3859040943131 250.04597913428006 278.791364373221 263.01050839214713 206.79375607407275 197.2561049826674 173.86114773001188 239.03647925226625 287.42709791330446 183.8485436276883 290.1420401434402 247.77431923843548 260.7519054317162 233.45514429122812 168.20364104370037 
164.49469318885167 263.52239547201805 202.27647888708356 232.93050845114124 211.0651651874889 196.05770121059072 188.8787513743878 208.3673473386799 243.71522667560367 290.9548927416834 172.20260869576396 219.5498997611473 230.13652032369484 233.91386126039794 195.4301794516957 
184.89599855470502 279.7927029521071 239.26562201528583 286.95189779566306 265.8614930670828 196.03243018079596 255.7040650195711 205.7439626361387 240.49109734289476 238.41254941793164 214.95983610617833 218.73339000978982 291.6407313538198 214.4642772448014 289.50188462745194 
186.1826005658933 277.9149761810643 190.3849147242589 194.97668053241262 166.51623490145926 181.01101454343893 171.48777559284179 283.3358490769909 276.3797616117397 287.20853563724495 239.75524028921396 192.53013296645926 222.0589763492377 234.28491440260274 211.49798918842066 
212.6047583413479 198.73002865214283 277.4467703778493 266.9226825916857 284.69378265407556 291.93764989325217 226.26589202045884 287.7196599360237 258.72919153195477 174.68556346689482 166.06352727479398 196.54156775570195 181.47633039924514 171.44125139851405 246.73431913634798 
273.3910365551901 275.3173031662734 220.57582490082748 209.18580003080586 252.16660238331175 214.2161715989892 268.17420192793236 263.7118882969944 267.4030504328951 269.62208399947446 235.95476506026722 186.98542876425225 167.6313907139523 268.99395469833064 241.08776213381145 
253.29095704005465 224.7563036448444 177.80916727394376 202.3556953248834 208.811054731861 292.0149604695631 237.51896928802228 258.28543121411036 224.56997402526264 195.24742720838748 172.99877682910852 211.9294879078775 241.2828297812797 219.4426358985323 221.3849698557739 
242.52203718669932 272.4649427615908 168.78680446930298 198.8856578498419 258.8753769690325 169.84228187519045 278.66911331249776 209.24877171484707 263.2095964584221 235.64994886083753 192.32919626508829 219.08769319293657 216.3688932522958 165.739251847465 221.42914435969908 
263.74222820644894 248.99811817223525 241.28810250671967 203.7227072009192 258.28418138948797 271.5696453174753 209.37684276223143 213.53617200555567 247.34654850531012 212.35222178747426 255.72510338389145 194.6389186507878 234.12766997319463 250.43311863025684 271.88189518516987 
236.5120884152048 267.2927431206136 197.27894730592914 291.65404163820904 278.65150651594723 218.90124452049653 225.74062320729666 173.6480792149096 272.54553782305925 229.76177456229496 291.3507948870997 232.78514661643817 262.5714472220125 204.07094600278617 271.08154391363723 
242.44212538546225 218.01597239444936 165.62680388242075 257.08678545199706 263.7935849971317 223.56308610604344 167.49463918129302 275.25004256019815 247.93298087553364 264.4128668829397 178.1631083959148 283.0911648333092 290.2262577571822 233.45379464815505 279.938020992814 
202.6551534340607 240.74274569166823 211.98511390351055 199.88484914164036 243.9143602456695 280.658402128752 263.2569179436834 199.52584839904412 261.45554134946156 204.274965309269 270.09266168719 282.6145716534119 281.92350315173974 194.71878592720478 192.01105560414845 
182.9656309376635 168.34906675684667 289.11702393612546 245.7132159690886 164.92216296536012 203.97603805235505 210.76777717394168 170.02747151770214 173.97393464774478 285.1723818108145 281.56654892612397 226.29355264016567 192.22890174724895 214.07985433314292 238.26990419062594 
231.57564900281582 216.8516447269672 184.6108850568926 218.71335819863654 201.71212406591977 225.92903971084755 175.87854773519345 275.78394973788073 281.4954207526291 247.48471444480373 226.26587511977326 291.040073224088 256.7450517872594 223.52736768509843 263.13829580335107 
174.63950000061317 235.7637558612412 247.4931256627712 164.71280099974112 216.72150970530205 203.26817245497247 274.93580770025 267.16291460589616 256.2181630525824 242.31998091370633 234.37921478055563 238.11888389723129 190.81889455843086 226.41062563610757 273.2552754606339 
286.9250237610958 226.94805313749248 167.64836276963274 257.2345718921739 257.1326640693099 252.14768600898952 228.72963961905083 185.39375699253495 273.5219494257871 258.80026322758846 251.6745794797548 225.84477448317205 165.2342568812613 293.5503140673285 182.25052465522322 
170.81425619818813 164.34001233857182 230.12331560052615 202.0755754871445 266.1889603204632 182.5185524657918 250.7108388372518 172.03438635095097 248.45655147327358 173.07893276550436 281.6859989589688 264.997981282252 278.7098105381615 270.6594783298842 191.20481972559907 
211.01672819834354 193.25627121034935 272.2081514177583 181.29271096568039 260.6677122305631 185.94510952658965 226.62885710010227 274.69119544418425 293.6120023981209 273.8723678251928 253.13346671283935 287.7616077708902 209.27440470804288 168.77240266979598 167.81277684112618 
184.4921090893961 200.6755407569225 230.43383068677366 173.66420496394056 234.6517043778104 229.32315233795464 273.764713192262 285.5560401631783 217.73173773636677 275.09502952236255 183.3174786653388 227.28215907028638 267.7376634527895 238.59511124279294 202.21624361812079 
20.502105140882737 197.12350523009138 301.1232384799076 189.41110598358785 306.65021602688176 331.4678276211535 130.0484228521004 195.824575885226 119.96168515407754 176.54873888106863 106.64455279042157 91.3968600458699 146.99233948133622 114.90106663629213 38.771715650103545 
119.18583735032198 307.08608487656244 238.15185209454313 302.3856234436926 21.86100541350584 179.58052346417725 20.719618682902926 201.70808346147078 103.2238164413999 43.71624595330415 279.62434821632803 254.0932530149754 342.5369738076176 327.39292044956255 329.28934594802314 
327.3244978070048 247.86695703954905 315.4979286428705 361.0759654046442 98.83436099437809 296.4858432374274 251.1780038020314 331.3018434806032 137.8031401815491 307.7776283061709 47.10734663178831 282.41920265604335 132.3137734582615 116.94133166071241 36.47216337935875 
48.534644817100805 190.45973769627784 315.95598040156744 43.86403763656411 34.93032467222212 239.06131485416114 227.55192905160993 99.28699629497393 156.89331241054578 151.94396790530539 94.79500068599339 121.59408047927931 356.18567007721083 107.11395808162605 118.0082046501532 
42.361353882054814 15.050018726103598 197.41856750836251 44.608086048974364 133.65269066005231 189.80375033294678 231.28061435419926 232.72336560627235 135.74837268441127 128.6008616474754 112.8735497017063 10.518206155120705 141.3033737320829 238.2135478557123 58.04801519827412 
128.5326482506444 131.09892794382637 349.2960334067141 223.53264093095675 266.310712393246 324.30652683443543 319.3317965491239 129.9664797163982 52.17571856430161 101.88388265747301 135.18910298775052 82.55156133314647 316.1961289569298 345.8679175908922 327.2486035988193 
200.29325203389095 308.2453472586536 268.51962340441236 351.7878223843162 294.12725371390053 322.6721925550732 201.37156790566047 350.5254106166169 271.93844982393045 148.46581146492292 105.9099575313885 43.832024626379415 107.09613315094512 124.3209860096735 337.33145914510226 
119.01334309811666 66.85313661088938 14.851616784573087 188.14623618293786 361.79326917011343 117.36634028740123 111.44916542035519 248.18334325872985 303.93999382636724 90.07462892575406 46.36093564532167 316.3493315607156 263.1944840002278 322.78006781440206 123.38645783320842 
87.06697545920439 286.338898192942 133.4859331313162 356.5785196163888 299.0398748883643 176.24141043318969 162.73818112077026 160.39149224564466 303.0583268740627 312.15417253374346 273.1235781860768 357.6218493767621 185.34627151597135 17.099932420870335 317.6023455107281 
168.6030080124093 71.47654613110609 363.43992934751503 364.02496187543994 336.5670960373799 252.99092830099005 128.76483628235275 282.51843137663184 242.05162308287032 293.32117580410045 129.3106216886372 82.7362294723453 230.72529551492488 278.80314485857974 222.39374402431088 
8.926426201959893 347.2052580813496 16.81178946772323 25.388947836656513 206.23907938724642 299.9467523028956 17.389483570209137 223.69943182534502 258.5392279537166 327.731838393993 317.9190438769632 100.14484516451093 118.24553263596323 282.07737582972464 141.96877399718397 
302.01499411772363 315.4706532320088 292.57782561740487 107.25917223906522 127.96877882128106 13.590907624924961 315.4242606605467 246.97867653843213 214.41487942681687 103.45160234132125 290.63203927471295 132.97731594335647 317.4109231189276 310.4386567970438 158.0196470830423 
343.4450740080082 108.15392539689041 188.49550465291537 107.31477624214355 287.88834604812257 255.45346798995672 271.7956783382641 296.5258258643891 187.25242028186204 283.97869769454786 343.6466112013812 110.74132123780187 82.97746356420001 157.10674640257895 263.8447381279571 
80.91370056748019 354.06418210634854 317.85040527800106 145.74415599563395 226.5974209771403 218.2687998314604 283.72526922766065 24.818114771301072 195.38569042694337 228.36555189139767 3.868555693504661 193.49452849677323 196.73505472580916 330.7844010293207 89.73748405754391 
130.52787468346156 217.72973309033898 354.2623826197308 117.83485034692218 264.31496313169635 275.4589128469196 128.11203124308838 269.36453268373384 299.7371719201894 353.32907639363304 263.9377783308671 119.08511762509072 185.36316136490257 207.4110557769534 144.5396976125581 
97.65712768048239 85.97284954332392 67.96464065212388 128.12787963066052 349.88653539725175 92.84944026938128 165.36171101225455 241.37940193162774 219.7286623168839 237.19711877437072 61.65051043351214 315.9584726450385 65.27942919956229 354.3650391328576 105.91182013048572 
338.6054076182037 171.1809414030189 282.79679860201134 149.09985743283278 174.4285873337423 62.5456895210943 279.1035013141406 27.127238001461468 255.0770133912439 256.56416636294944 119.94878933605072 198.18055719610413 172.3808841563378 8.125692771347452 71.0704667609912 
106.87707709205928 324.7150046531711 329.77477298837215 342.5028662421991 151.89714844769895 180.30234177122628 90.22944782377874 57.096002805739055 16.819721276668307 43.46823373168705 165.08943992570426 64.3123915984608 10.175418399081027 299.55810787569663 302.25684962539253 
150.38892079246494 18.418749657354248 359.8342998809863 120.29466840575246 55.212121253609894 198.15868816276088 61.00092004896326 222.7190074718701 4.145405169211471 33.03177982234803 101.04231880103573 220.24548725984698 299.7594578472786 41.405176762975046 266.99490454722417 
314.50823639159916 215.85416651193697 357.79219438824924 210.55127172475045 204.32666840820036 328.2415929252714 158.3322703161768 339.3390555036746 297.33236089507085 293.8545655018119 304.38239304257945 182.50127174234586 129.84557397898413 203.42738571959342 241.50017913530678 
58.31534390694805 192.51852692482572 136.21200143581075 166.6674105737044 14.157511899908398 179.50454796685653 156.9628812016744 332.90564132583813 301.7777596619807 142.29227159909897 308.7038855117693 76.44334555689684 106.18818761823422 232.0681365682782 330.45228961534497 
114.13338164724033 122.4689842011463 10.271665780600927 255.7769486811618 180.07329132197248 251.39880914188785 22.979441932788088 222.9774879549978 160.72462375299938 121.57753417061778 294.1138897557585 168.0874122475421 293.47526002658594 231.65422526018534 8.466190511708353 
54.790980299779704 206.11477242358865 203.89208750106786 259.7825696172836 104.06680784889751 59.4714654227265 303.062401153988 270.63581324608293 193.16730204621507 323.7918859859729 50.84669663068737 42.97619821144997 82.16142039460934 54.43913422594747 360.02947371690556 
99.55322840503227 108.86663113815945 273.6184561251554 272.93992449028315 340.3663583700169 7.668734648840604 42.83062031443885 277.61668340269455 130.56124661540454 349.860026103054 264.7131953339411 92.8454229607881 84.02543100876531 127.94174675361823 102.16101875086703 
219.3379444298531 352.3630675143872 24.927665712869757 318.7198692949107 321.52357943460794 106.95476014094649 83.69791141185448 209.0725805395747 177.09925434076996 338.61061530071424 323.7622270202501 33.24020349481694 331.8109735847127 254.04609772261773 276.38552471273545 
178.10370020847392 85.84196009448172 324.93406784027735 136.27174494049171 231.33336603838364 27.102423822135474 120.72387214168818 125.44268647419636 323.12431827174373 25.542619321469207 354.7985270734991 56.287928919401594 123.11927844393614 246.54340972647583 43.49664612624102 
27.427723477232703 217.65705484006986 188.39391782386798 215.374025688755 100.80672809480369 205.56935241994393 19.41836282482217 50.12043832179706 235.55808699622906 332.70750087306885 110.07567161964084 17.272430300936257 143.09233093439792 123.81056754830297 19.879586449341208 
15.474256328730148 201.77462395933657 295.3802011072017 320.63424797737326 157.05046550810414 186.19849127196903 285.0238845413669 2.668330103530893 58.61903371820923 288.660306928885 352.79277234941844 220.29839320373065 321.95465330584534 145.06002130530123 309.28823915422737 
92.80984794077042 353.9682582863333 196.88472018334357 211.05856977370235 116.87997522028672 53.051572818318995 33.94267187729627 235.5282425423503 194.39100292243336 91.00514919201305 251.28289756052834 100.91798282819755 306.6101958482186 277.9045661722202 330.9668088166018 
244.168637396259 268.054905477516 72.57460525515138 227.48173332576454 347.58490322704074 259.1529590962343 69.25421723524089 5.238300128980631 284.8153275654522 30.228959565687468 39.673082034618915 24.050836402172074 16.752941805537695 360.662961884797 11.843137542615388 
186.67025656570885 187.62656211937792 187.60170665082137 187.28216924573735 186.68618625449452 186.34377310396073 187.36927779349963 186.0908338511106 186.65491179837008 186.4944729314079 187.56784496433036 187.20494253740088 186.52797003892042 186.9642917590203 186.70196456713825 
186.43852155181045 186.83545625604094 187.2063640506717 187.64685055662375 187.61803844553395 186.29306162654925 186.62343096240465 187.78714358242698 187.8454909397148 188.00257017985584 187.7682403216242 186.7663513488988 187.92379332416246 186.27010642399992 187.4677854298985 
187.23869321609183 187.05056679455043 187.80305393234312 186.3107741941305 186.33965648739158 187.45346347869332 186.23990407782975 187.54580933256773 187.54793635111892 188.03972963917488 186.3380328410199 187.9361067319979 187.94592194875634 186.95013097494135 186.7914756704944 
186.4664020345344 186.39836591761383 187.53608840519425 186.14112085532955 188.00227576225706 186.57571473712588 186.82618532813652 187.78778088442235 187.17159091606558 187.97643450215205 187.2240565811821 186.32454561836124 187.08669080138398 186.33337442231678 187.41273886481048 
186.42624397770925 186.61414637956665 187.78017368810376 186.52775275863178 187.7421298105068 187.72672983369256 186.86545382536994 186.1369136572552 186.7786089261465 186.85038056135573 186.0288432387164 187.81038671783864 187.50460212721538 187.73974338602486 186.85163270462695 
187.00968269820294 186.57294083456173 187.58859446415136 186.4694009864262 186.62310678410216 187.1043800842448 187.9580364696618 186.40499854618375 187.04268499166878 187.65411060423213 187.18665967658782 186.06768388311167 186.01350840559368 187.9376579840045 186.30033985921858 
187.24305742184447 187.22874582989886 187.96222740396382 186.68582484818762 186.44438246818055 187.86223604743904 186.8061345552784 186.09305558281082 187.01802519863082 187.87352461123024 186.0197239113816 187.78205276602725 186.8303465911321 186.77768108636377 186.77283569132555 
186.03159156235947 187.185004066628 186.70861350642272 187.38385120525544 187.90226097590713 187.62161243124814 186.99937804766944 187.43213029287284 187.03910052016573 187.64235187065287 187.25277925632278 187.77879633642019 187.34557359808173 186.8484787575845 186.16260763405114 
186.4457573555077 186.4512137367902 187.79070973098123 186.5882961518566 186.1845340532112 186.51866631431142 186.41526501719463 186.76475272094578 187.95274293212472 187.1408508737998 186.3148052793633 187.72457350687378 186.90589672199914 186.95914025044763 186.42344401037644 
187.27730751664924 187.50194981732594 187.47684442489538 186.92276187397798 188.0180402868529 186.64305393313813 187.70646161638442 186.98664609638843 186.34617751781036 187.82723085155766 186.92936186799648 188.0089217007674 187.6115847554387 187.48264958887071 187.04255887693773 
187.57396424436348 186.95086301840666 186.36345256287544 187.69017923790756 186.02921242079086 186.7855738765277 187.9854249624452 186.56337094508908 186.9313712139721 186.67129419252547 187.8736841781611 186.42748832331128 186.51383512933728 187.7909508113647 186.06819777182295 
187.6334434425789 187.35599455689388 186.1774083338712 186.8157987503798 186.27509031578802 187.85346643610154 186.26474068241765 187.0341788429544 186.92351734504692 186.21788534018833 187.90742797800877 187.05818014152746 186.58795296706384 187.8976902440879 187.05785353296275 
187.82755322324948 187.06558104238832 187.7628878093677 187.10056166402666 187.10827425155415 187.02917650960248 187.3266143046655 186.83543467269882 186.5018849258557 187.41171973637682 187.7299177976515 186.18711354864175 187.695909472499 186.84950590278206 188.04073726764017 
187.44632492057886 186.3225681458742 187.39890389531385 187.07114776985986 187.1895694935435 186.94005235250197 187.75462191408332 187.30573060518316 186.91336454461143 187.25695283688893 186.56575871605298 187.33451389156806 186.2028747560901 186.6653009342569 186.69340217554102 
186.41098313522542 187.45214041323726 187.73552175010002 187.61834794410973 187.78926898161987 187.7733302967226 187.6752321682394 187.82813065335193 187.80323134235567 186.45622409585366 187.69529865233682 187.0030385248999 186.46391135546156 187.0503542105248 187.2063440079228 
187.28157168368438 187.1067572350485 187.7843625606953 186.8787916007118 186.33590420222507 186.04337013501393 186.84033866353138 187.94899479506515 186.62448704069965 186.94214466640892 187.0066518429987 187.9358320307143 186.8997610773704 186.56750628976042 186.42087315406997 
187.0758766209371 187.82682182087493 187.58946248682315 186.09697325825067 186.59346975357954 187.67305116427832 187.67128566354918 186.78610905805857 186.36804162737894 186.9746723955691 187.50760156410715 186.40869329573476 187.35877881503927 187.93485141248456 186.1648647333152 
186.41198175660136 187.51049944983802 187.55424698525104 186.5030749513028 186.5942503168761 187.773399390634 186.56004411998788 186.82137751223715 186.18903015184065 186.18343089526147 186.10646107838585 186.2236418944831 187.49870016720257 186.89832867945663 187.1763208375954 
187.1339679407936 186.88024543192 186.29607371204412 186.0437563956623 187.07500570682646 186.5990791891526 186.77115503693167 186.01376359259964 186.2066242537289 187.8011677965498 186.8149004710604 187.5643829895315 187.84657532783788 186.45608774497728 186.73400291547966 
186.04973180823535 186.9098197164032 187.04423232703417 187.88851066680428 187.9783645680675 187.79949252101915 186.61050497915284 186.65360175004724 187.61938600208106 187.6902751976089 186.02569243984556 186.95455405523828 186.56219601928177 186.43218864859082 186.04420470888164 
186.25423429948486 186.78966108858464 187.99804211798826 186.54187341968324 187.99200414500194 186.0090971004379 187.49023432750883 187.07232177761915 187.4194796491316 186.23928345193272 188.0293465893528 186.95947753506405 186.5717902528599 187.37649649925953 188.03835294563328 
187.69074694672236 187.28977889129533 186.17595666032466 187.54983372855602 187.7866930237872 186.9278574378848 186.79034399524986 186.67973745984833 186.20482668990738 186.92149753800075 186.81636798784078 187.3602492863113 186.53963679844935 187.37483535106142 186.14887892105793 
187.9132359278461 187.7553862156047 186.20626874307126 187.4915330992593 187.2374577429745 187.42117816033164 187.72269406717677 187.57668418319707 187.93977591206297 186.28701395347295 187.16193990404474 186.68296233594253 186.24693100163512 187.60043038020717 187.4098980745235 
187.60749245203368 186.48408167499122 186.15538664255268 186.3451193543247 186.05434613388846 187.38768964406523 187.64744391309605 186.2577994509427 187.80699146218743 187.17073503761975 187.40163662651202 188.00049594600895 188.00439642299668 186.01989337025793 187.57097440500087 
186.04561851819744 187.54595505266553 186.30434515113274 186.00731411689492 186.56304773214316 187.06174890854228 186.84958208963775 187.3808100074172 187.60676277162094 186.39146672716515 187.2993907056617 187.6588656246583 187.11378657201487 186.00442778769826 187.11871656771763 
186.74965721337978 186.61689758367888 187.0630164332477 186.2388562660715 187.50369823433306 186.61935260915695 187.3398464072001 186.6081922949934 187.62400454770096 186.1943325101917 186.78378636705548 186.84860211470348 187.77497945490683 187.71982354137592 186.46740198502076 
186.7600374846788 187.4567818940265 186.7264550130487 186.1456806035498 186.02059280604732 187.33042920981785 186.68817730487754 187.18375444182396 186.97626080811887 186.60873900196347 186.16509441584768 187.7493473034855 187.01579003207797 187.32454290391667 186.08935794202517 
186.87855352047904 186.15455383115952 187.16835946172617 186.6779988584129 187.2194140321032 186.4866320870564 187.34894021026435 187.9525420601216 187.11180238929472 187.2188594792165 188.0035414534099 186.5939954076177 186.02648694715225 187.5746766762191 187.0159359373753 
186.4552175572381 187.3740462530536 187.12688441724964 186.1567718505777 187.50469081152536 186.51174913145158 187.3336831212126 187.97019204084626 187.42863455171351 186.9086454047266 186.94101498533917 187.3984351218048 186.8596259044119 186.39917158205327 187.1914137306954 
186.98369208321344 186.56427638558026 186.15883201514376 186.8949203012597 187.906563233305 186.3535103744172 186.74793105478398 187.5679188636235 187.1464412567096 186.99981946669078 188.04325652351483 187.60479841235437 187.637236545329 186.55874419349934 186.69966322312376 
210.60260317401026 214.95067591652403 211.24862590706869 205.10283666723683 228.59344276571105 215.27138264301655 226.924811927351 245.41805119151826 198.1018034219856 216.29599895074998 232.63578282009402 229.8552798181281 229.80998602523502 232.97495494783664 247.4244435827042 
241.14577433905495 239.7918709887302 208.04255164533797 212.26946603857155 241.23167448882919 195.85038447731554 239.41137022483758 232.2262603660618 249.39720017300175 199.23617205708837 217.33169876317453 225.41754949802112 207.7385811630373 235.68992695711245 255.41755892436356 
256.6597595051038 235.40829729509557 203.46579043167387 217.06755471680958 228.8964989155737 199.68409523421286 226.37258619125566 248.24454835421687 250.39341192651634 253.82627907426468 200.20894181721337 221.46042966533184 253.8875787633943 256.4127005389671 198.15530668480582 
222.03618908559775 209.44042157364072 202.90258437067723 248.71509724830474 216.29655723903267 200.80033235715868 217.16461477543265 224.35009766460647 248.19758035701219 201.5133589176151 230.54622945846288 242.11105048873688 218.96657934087952 243.56874213171747 245.04442824356357 
209.0814715189866 211.20971666097145 204.33551769643597 234.1085396538162 208.44032676660902 213.99003018610756 235.01625696137592 236.51409131386185 238.6726951615269 201.2244982958944 226.9162594818163 198.92315961314682 229.06644718418076 249.24104261266112 251.74584845383038 
243.0691985492336 212.29333778359066 235.41206585993632 247.34295006292086 247.77962663239427 200.81227306830917 202.5871042088262 232.22165588745406 241.42466656227336 244.51713514237014 213.7016527946627 214.5222726608995 242.11021404866253 245.00124164381086 241.5410741709655 
232.3674920153885 196.82265314222101 257.55866104587886 197.7661510383482 223.397786971188 234.95942521288066 232.3872753993457 234.3224545114552 248.87023544215404 220.97512108005628 244.1367592541496 245.96856543714938 238.46852759724865 237.1134896988148 241.6873504664109 
256.7562010753773 239.48860032192368 195.45727631514853 203.26984640460572 221.67373567747305 256.55794612170837 245.97461534225374 230.76624910577019 213.04282873495444 225.1628902542395 257.1368644580664 230.21252614192278 234.48503295679814 216.52104609805662 207.69670545384594 
197.46043304259646 203.8565112944833 244.69230749139496 233.9958315667547 252.75323641185582 248.67631374618077 220.4604548649026 212.20934575430869 245.79982655906397 207.63049198946237 216.00421326186984 205.31878486815322 197.85037242975264 231.42905762862495 255.76393621960756 
211.08339706426327 203.97047558021615 250.39156971981836 218.82893575054305 243.7664210521976 221.99237599766752 204.77464879020707 204.9822801755276 253.29339188259056 232.8133005867138 237.46261932224832 238.23937755213944 250.36526143170352 232.1855854487071 243.9417942341725 
238.46743901150052 239.10021503458614 256.8868861168959 202.91557000351654 203.14863501376468 233.44151580998948 235.36156666932172 238.21925375866556 225.42123848504403 205.10315420129558 245.4888070860787 197.67600138546442 218.33461242035497 223.252461718252 215.32947631547103 
250.84457998417452 245.2952598939744 236.15508873068802 230.72391724448667 197.61010818037855 230.77964430678279 226.1554993841702 245.33123019146484 197.73855409106295 254.83542544885262 250.83941630508 209.0510499827852 215.97626362481793 212.27613054061374 233.0736054523656 
201.58677993251845 199.73883702788356 247.52948291348213 255.84178409615913 252.10614531130352 247.834061665318 247.55646972336655 203.73131918964944 240.61965950422163 217.8153205337892 249.34582878762325 252.38907536740382 229.23731010199913 224.3586822605759 255.84174043860392 
203.76256885082643 231.6404406106684 218.91093477081995 231.00985491793398 195.66509318472856 238.80086898305882 201.04806425209011 243.38685254155197 211.31521844929983 219.48409941087476 227.22741813957626 206.71341552488622 227.88862078107275 207.42608535069112 232.9827159576894 
249.66808875159694 210.64651739263593 248.85367346901577 231.40139321113278 250.9486477422592 237.63554420762512 256.22206465109207 256.90887405221997 206.03080570933392 202.2309791086477 232.3549918393713 221.66140704204582 216.45351978701487 256.24059073192547 214.8911418552039 
231.17180861789222 219.1921613629323 218.77007373602314 236.24007477850196 210.9970540137279 250.21216755005287 215.4246868964384 237.90739935412685 224.37237766255248 206.84915831119926 234.46978635745992 253.9972197119626 231.7199481866621 217.69198746279218 197.2236080020565 
253.8819496804293 251.53918314796977 246.35381849567645 245.06406524228177 249.97488064730643 219.94906779452973 197.85916030511612 257.66812026676456 202.91575245471705 236.6148200360905 253.59031192814032 202.1737130011443 250.27979026364136 215.04391165926165 247.93200399467744 
230.33264216018728 241.90602496186753 242.15547417611586 225.41609247124126 205.7000912086245 243.0929033821176 200.8992595821429 253.4543146547781 219.45557654290806 230.77396938154337 239.82114030707905 234.42561817789144 249.84651755385016 200.81711576024094 218.066956319352 
247.0973736282612 225.58869966072317 214.3037930199255 199.66406977285948 197.8368770266597 242.6161154334429 197.77972663399797 247.31706628834985 254.3262251153843 257.7019908930746 224.94271797488506 195.45910107626105 222.457691508058 206.50000823758037 206.75115433134766 
225.3536642851141 241.85397680151215 210.2967425692559 219.26057733206807 219.63763379068826 242.62088348277547 207.3609809565861 238.27528603284458 223.71025631734577 253.95430352087766 246.11675604518751 212.34704737674943 239.50945711302444 240.86884405557296 251.46754016280877 
227.19553004205616 205.3740353413542 242.36124093049517 239.01223997423222 232.26909272828408 221.55958200729043 197.7552794859852 249.1983139037995 215.2029073316829 223.19134219218677 200.6863381324817 215.28975527519674 250.72584806004576 198.74320682124295 236.2122518720721 
224.80812839557666 228.88542518342422 246.74181546304078 242.23869295450996 248.19172410617014 243.5969906802876 233.5408786606671 210.43506160674136 205.60375077711558 208.32007223375493 214.95456424755338 214.87974158942387 207.5174969465819 226.7781019216802 253.55884304514908 
230.963058850986 219.68616497142523 217.52301977605194 204.2279906500818 216.0846020878653 249.9238101504109 226.8965063292377 251.08783644464955 249.7194636771028 230.22049795250837 233.31527943257882 249.4868738824691 234.68037498302274 248.3465050282611 216.70117068725884 
197.25707029917223 205.73872867812537 222.76611082986366 233.21373541488174 247.3043364117331 227.1311270938585 234.67699130003848 252.26721699485302 212.02140108523238 254.2167768006266 240.65153415784619 224.74141918404518 235.01649809408167 201.8284351374889 199.89854397156324 
207.9164623067401 251.5548089691691 213.46833395469895 225.45809362925965 253.33602016268134 230.00385413416348 247.24213038804598 249.2814765361789 216.95859339000208 255.60640028424504 237.33387090822433 249.01990189746243 219.15456254882557 196.51741197782874 246.6590320956587 
218.80696654889235 199.83253814691366 246.40056391400836 220.5914245705737 247.66771905120285 241.99904351871172 204.58319935437703 211.62003879758862 255.8845446287954 223.9181515132518 251.11776158006685 221.8002248025382 202.6610889484183 248.87246570587735 223.27625559788902 
219.0023589005047 216.01423893622405 202.80029288837721 212.00801907701694 206.1995221334652 240.43211439740287 197.6986344077585 201.28790953599247 214.42722229873866 206.4959997098525 248.14265814839823 212.76907900021573 217.11674235978518 252.6316084865651 221.81966420859473 
219.68511328060868 242.22351342854927 246.1541695201516 249.19613097837407 256.8216526915968 225.3119841032911 237.18196159332015 252.40463522682876 245.45382843784012 198.9308438179837 217.3530688418688 241.47301386486012 215.58839683359864 252.02019263515834 228.1596013999875 
254.53780182346054 200.9642731615728 242.50364384036 204.53704580765782 196.98652484118514 213.11786156067456 230.0561731261924 241.78133323515118 240.6145010232462 201.47917595070982 238.5857496090786 251.94472192809724 249.84520256910054 257.8736756361908 236.08337325807304 
209.1837077951336 215.23374235877847 249.84800165964683 238.688815393839 207.47278889527203 225.49686175294605 252.4032580075874 235.40275899969689 242.21849236438902 197.34879047336773 200.85053788283997 244.88976418857246 249.7456796790017 202.90325038073885 222.66880580780418 
322.0992547310809 313.54410230947406 177.9533553325525 329.12339021509047 200.1327840411019 203.60580298624245 202.59462069486563 178.38287363499526 253.52514705455107 183.50413739662295 77.53673470065912 97.06762747136426 315.1069481760287 170.83625234272012 252.32740416755541 
243.4103324908138 95.3343666354947 294.47523792952603 288.34788388110076 78.44775444779488 88.30783300846863 227.7301758679421 175.3090347304241 314.69391001476265 297.9438611429846 325.66526217817136 156.07577510647633 155.40095823306848 108.26117691462954 175.1702556723016 
269.65884224941516 207.72529433421496 153.92325072650766 150.53025869778196 118.56002839088625 143.20853264279498 98.74024451400548 78.54241120738465 320.0558839334566 71.6360145273995 194.70401128665324 252.09422577233167 264.21998468003517 245.90088114924475 118.337479837308 
195.38287536798458 338.23178341983237 132.21490122842513 203.0089959292847 118.86453414549366 276.509549093162 222.1106397678927 323.23685304568426 317.45921066031576 63.19039706866468 296.45960145058376 110.25193252767329 168.0621570598462 282.62055128744 78.63946219636213 
88.44754717001041 90.4662240644858 211.20081579443138 137.92358271342295 126.6350725280088 111.94847599637211 131.12459308480325 234.98604482294456 128.70831448236143 91.4205800775593 182.54698088626475 71.12888617604668 163.59207516550052 170.66172778345467 312.02724211480256 
307.10676128987495 134.01511194366105 235.74969435718 313.93781190968866 67.20635029376172 173.87927674821285 192.40677537417918 124.96817939243418 284.9495986557055 189.64023316847272 252.87209178067152 113.93016503363685 121.6930568056495 308.32216581412854 132.82283340750826 
195.33411476031833 334.0080692605162 76.94052512701808 164.34688777227456 151.71181560260624 82.58425108374855 120.23190305730277 336.2070444768135 321.2638021070128 292.94089211018115 173.0418611298357 329.66819700836413 230.7087639409974 179.10661990230113 181.2990389532552 
85.94795356560252 312.99862769784465 223.9155597693749 212.4945752413211 165.01127384434258 141.39017238985315 124.87051644431538 291.9548984811283 82.94937161975842 76.70063407778521 293.50069777760206 259.23498516337713 249.73801646498595 85.04121920704034 54.64748225465237 
272.3096525046467 331.57766218036477 141.28260249876138 270.2111021225064 317.4827591690878 183.5204026669758 93.41119622160349 186.080736006753 64.91823414727358 301.8900629205407 240.98441982320023 112.00103814229101 151.3348795005032 68.65220835943238 209.6907330957481 
307.76441511294064 181.42132798308336 300.19523647915037 314.29695740702005 164.58036647419573 325.24325857123483 286.25222474984025 55.82029293669306 164.66441249138379 81.26540617270777 191.3788749923473 109.5303421905985 175.2086042248257 325.02857251447267 324.10745806280215 
99.6944246734147 127.59394420068573 141.89716589195177 84.86601082465265 205.09269590463916 54.673658710692834 122.83068395019258 265.33209546023164 210.0392451834534 173.94363749887043 160.52930873453766 54.42771684588644 316.0477767525466 126.53719568885663 78.8810905051098 
123.2046570750771 265.38228267130523 143.05457311297135 54.52529430888783 293.5317683937384 231.36960546428097 323.2199664387988 242.68283078287823 135.2180980564949 135.68623167197683 98.06137365299779 206.64680330422615 176.39758469510588 245.92945490427178 247.36189901491085 
233.28093608760173 254.94249167765363 228.7454765171811 151.11990523654558 121.56314153206468 92.82803474472354 273.97952590995294 285.176769671525 293.2047178768063 313.5277182844775 205.8769100698557 98.21177736853625 97.25256269879472 84.29725637488993 159.2597344997995 
301.9760938395022 73.83449036390924 251.3268926953917 250.0044515875613 244.3577431666218 141.15519959936768 314.561915336796 342.98795533270106 208.5912970708322 215.33971289434604 99.43858074020301 290.85299985140296 317.27579117317805 342.13273667270914 223.6647934427251 
239.16025760321318 249.56105723692187 124.97753287882031 86.12777300109565 315.38725789029286 108.3032106521287 302.9369550763714 100.98690750439708 292.0917227902904 192.48518162505138 90.83756084925963 135.1477660171659 165.22393715454672 118.9000950997212 79.03729883986436 
120.1942471760316 302.38913342083447 293.64725784811026 337.7803231847579 271.91242679012294 330.9421096786913 255.6335415660697 253.0986558790259 126.04256229627596 184.31940476843974 253.11722600660468 168.7177892734947 235.6573615036973 158.12017131578676 96.20604421507784 
246.98480509324506 82.80891036934128 189.79838816333708 210.02002551713454 292.65882145828726 308.31166302078066 131.77563205272 281.0992324199559 98.72313477937553 269.23489358229443 226.9514693540485 215.2237176009759 183.7340142041647 271.3693954241594 159.56511604397383 
274.72526784173147 56.3948264784348 127.58631495787036 274.62481146735877 278.9996037272921 81.37033780014522 267.0551576477677 186.79760704857077 229.207056110655 279.8643312512687 269.6152060983293 202.00969674793586 117.6114418359777 167.8772212767601 254.68425884946194 
259.58669784195 263.2678167849174 328.2785255399433 70.45961745166073 118.20283085849586 201.5722234059937 242.38187961848092 207.7896218739387 224.22436698337577 151.3850659290694 123.25712716831443 113.42509086669222 205.7572571149553 203.47884379654326 209.41447316045839 
189.26797981532366 267.6675981821172 211.57057495823648 121.09758216169892 273.6105177865833 278.3011888258404 119.35345783148648 228.6953843047019 330.61339779378045 58.03050071666792 82.34190318867512 253.6959806254213 80.36071428998346 187.9168355264004 170.53579218283602 
235.47755246493193 241.78792109655268 233.35885321406474 176.2152182494532 159.80828793725348 318.1708220645198 85.49144814720556 233.27908660112217 139.98923624457507 123.62610967490872 259.9113310155575 322.73223127969015 122.41600606938711 232.1849479068798 77.84916997667786 
162.0458483430387 232.3676645389463 329.31300339146617 195.9879431071056 203.48971255003156 55.7361569288052 257.11873424607074 320.4551764416327 142.51715075737766 187.12614814232504 205.63505966135085 186.47442392235826 175.93635821017855 138.19008191511352 190.36839691389562 
138.34188922033138 93.65673493565703 266.95053766817966 74.8617116901216 112.71846818024696 139.04414534690113 217.13898625756337 172.9745834505294 323.74043218125075 272.86158935440494 264.6915616110416 118.19313380468392 304.89037768904467 55.62222532915257 301.3993320249196 
303.0521683915225 322.06435434028356 302.7531869828575 115.47753685249123 227.1051722583228 302.1783577478139 147.24183408380304 143.65523759118767 193.04247538591815 334.4504590457948 108.80690359244664 71.21159482211134 173.62381564189317 80.23149686725766 281.461456530977 
116.37238833644048 209.53655921627612 65.11850247107577 224.52968603282275 317.74654250680146 176.69601534251981 194.38699211351485 202.15776776452054 71.92193530059095 98.28293352324062 216.0578946589916 296.9078364987622 107.75972258964028 72.00387499851708 214.6596357222388 
63.36727160603082 212.7618264296848 207.12044570951534 112.76497640861376 223.55064392641296 136.45921617003097 258.64557291819006 190.95703264511076 185.79080895988346 339.36969954956305 304.82088374585317 312.6501611184925 262.22875011550855 214.89132287880497 131.39778605299904 
171.82248609193732 341.2249933086265 139.38238144004197 276.7887823876912 80.44092345193002 154.9264331949002 135.46288270883855 224.15310703644215 326.8860710270711 79.78597442122853 230.13762017246032 232.49851923662834 146.96113386330583 263.3246459285507 220.35408430417155 
219.726248487452 69.31362840681888 116.80159763617297 291.57455048634824 248.33644938754733 222.65407415104815 170.20580724116832 56.41705020640498 213.6655559733427 328.1094561859072 266.1647185794821 205.3327992737713 137.51655680394015 135.21079316509204 54.910984227016016 
275.3825117706116 153.50785214751627 208.92176102496728 72.58453046931295 321.80762796998783 149.93496122590955 141.98167139729412 114.51939243794055 291.1019018884683 325.7232640190317 273.3164302476257 118.05350331307707 279.1822020902429 85.86963115679951 272.03655192439066 
232.95945198458165 120.63712357130076 252.08219257539412 111.18968313595303 150.14468341121977 149.79931490307845 182.88717077810074 311.28758772220965 90.96699496503905 86.17729305520339 321.75948127765673 153.9428032738897 334.2044732902998 127.28424923130142 262.81593098161716 
95.91232984516355 76.99042691686145 194.9481935005671 103.78844215998438 92.72994945186929 230.12542039079824 196.6968200546924 231.154522466981 237.71789216352676 113.61674972722282 205.57288160297108 212.42863150351124 209.24462248106826 219.472368111902 176.44596308706656 
183.04466447762866 114.02042491977551 214.56504319179686 138.96751284445588 119.5912590347017 68.706071623191 164.60938457831816 104.94731679216908 87.32498680999988 204.9948840422788 96.34771533040217 95.07266257926445 83.92066247699265 221.74723575672812 89.23359979627594 
139.5010606614798 182.513263884252 176.06435855157068 105.21268914470511 147.43979446602796 144.8417717025908 106.14363172760656 196.2591820913837 121.03713810450817 213.59086694938597 164.82526269468195 121.49211536340063 167.68420193590856 214.01884936313195 194.7177260216974 
188.7642952312917 70.57702338155369 175.06785558177307 237.47890816862727 92.03532245097266 237.17921641455962 160.63214689671491 148.8035871217167 179.3089252334231 199.16498075758466 66.97253381016722 71.71237847285597 75.5235639256461 171.430840072504 134.6685585134856 
234.43119670955886 217.28814857405834 136.28077120226675 191.31347362457115 127.4234140034223 125.51706335444523 196.09985445162957 143.9748315034409 214.53592107504878 227.44583613900411 66.12902970424263 118.99953024658032 230.66686856024333 114.1806186239165 168.54224418282516 
150.58218275901538 68.25517179332137 188.11578223209955 87.27468730173857 208.2543504213129 148.31512498019254 137.81824758250823 187.91900764755985 237.03036751695763 198.30968016576216 192.72715784720722 132.628751034548 83.07410379488644 185.33555949821124 68.20216812365399 
77.9117907795256 240.04769001854478 73.05686907785062 75.06591323664946 123.53758067051379 154.67774206611963 114.89020542148074 100.26964570462928 93.6990039285821 191.60707427679986 103.49996189727096 70.97157227808019 105.51335257347375 238.40986030389996 77.5606429459019 
168.436991537317 136.85703925548825 129.28015093360494 186.21553572132527 115.01751176887669 186.7335720617705 95.22329576852476 178.0061535495616 173.49548386782004 224.2632753283306 108.49927285031288 71.18706472185129 71.04990413731319 168.1266154000923 129.36157322666912 
131.88478044119802 171.18606827397207 112.83697205936785 184.8754996465659 142.1985745151851 117.90124044057947 144.06221562420902 198.57503292982983 81.91748897351681 144.3334873911105 230.13916566734338 160.79383825059256 211.98775723922614 158.3900464327603 113.33013686944221 
208.8967448389493 111.88134504849438 111.2382227072634 133.05352517024477 234.51690321959174 149.18906937761452 133.9551858620332 68.51919037840105 131.52081389466645 225.93489745489757 141.8451863863558 139.59932967158483 105.39877292124268 233.233460669391 91.59022005736976 
139.63803244772703 231.5659364065243 81.25147206717547 212.39553921167706 174.03822404283477 221.04796045447952 130.1093770476318 149.94877199413156 114.76674539992992 111.05850714145083 201.7857855733936 231.8520967834493 162.70590463956202 125.78363207123967 100.63170345257066 
162.27554650887083 78.55705968593888 78.51565842354155 216.65580435665203 239.8017487763935 209.53979717704212 69.95769903407724 109.46957759137484 84.50831774367016 113.73087902742567 188.06312721053476 200.82034946949284 180.79191684914628 111.0360318567275 84.1173820969094 
127.96036610107657 222.11170058136977 204.5342047457651 78.1950489188995 188.54361626291686 160.7462058553168 186.64805831461746 155.94745808950088 71.02141210833695 140.5092636778104 191.7655467424491 154.13777720276588 224.8231670410329 99.1129053726836 121.36819734674526 
86.70558194187137 109.67691922322649 227.47945727275052 164.1961743620709 148.59381661035107 112.81133990490034 102.61039642214752 220.55352357830813 224.87115476370676 194.00743045198595 209.13882739663993 160.46905917927916 148.84040848884828 164.2500529133448 142.80679013453988 
68.9909827908053 173.09842260509714 172.99608943470076 195.54620830259378 102.31341984738697 163.4854039450639 88.13778599470952 164.58890869827775 210.88175322296362 160.4920461469332 224.9304224973153 163.8368315202195 183.19003667839524 151.2879772247419 215.3147139229766 
143.18109758647364 142.16477437795587 117.2986898249565 105.83791030033123 148.00933971940916 151.05644047332567 174.92586169740034 68.13768496263553 223.5300463258759 71.4177222768271 117.77439008443662 220.0215984276188 163.74392183313623 161.3545580987724 214.99975369840084 
110.03730089448003 152.73598679468012 68.78882436491202 150.34080136830755 87.35828586617984 106.29518088835768 137.82447944498054 132.55944382481223 173.57203670636147 187.39203233244737 161.85811498163184 110.03420763778507 143.4193016464785 171.02262941308783 178.28538153437222 
134.37308123616248 98.32848803860135 185.42816709363342 162.5527537787562 237.92672332434344 126.13266860904555 140.16862623430472 117.5567846488942 230.81076718380584 80.7391909177313 133.1280787224872 163.3849895917975 232.34774677721958 86.52041288855571 127.51311786189929 
226.5602472719354 231.19697892420018 218.4834769434516 224.88985256328965 133.95928307069525 241.08266970563588 113.77654982278652 180.481332727767 89.72983276284494 160.47894285086227 124.02140220644122 132.0351438647532 116.56252121838345 156.8561768852136 79.66165913409013 
204.69553589442634 108.27457500774949 124.98966451990421 75.17960667417944 132.77927570552987 204.9241243935436 205.6693140429244 227.50585883030334 184.16813823452895 91.54921271961913 215.612895294753 103.70825773358258 96.38713225005246 168.73748083408253 106.6395275346025 
233.82078082823588 103.55160900302306 91.03947579254327 199.93093255272984 207.25886071647915 239.63557874395983 166.7238107666084 235.7199579127396 93.76723099560257 221.83489143065668 64.90194316609653 195.20672791595985 149.1850731925868 96.63241867801321 215.14483795632842 
219.0282181424946 98.28361958009717 76.23565017469619 179.571956754162 227.1650605474735 134.23748796354607 207.3439064492201 126.80253865385077 181.34671557865147 76.8536834121146 176.54656358515743 160.4180296289544 90.31836672169202 103.93462306621096 89.54484537571804 
90.80796542895155 123.70620225746225 178.1345191435446 138.03942460129167 222.41861141679573 207.58026257109424 80.02545800128469 78.76240617673848 100.12260775201165 150.3935666286826 232.9882138918398 225.24278069949568 161.34544018970792 216.39695412940236 114.99549414097018 
98.47182041098706 142.38153099401652 148.88195251258907 106.06792151553586 176.1617721049693 103.36524314488668 66.15487887380114 74.56797865652725 100.14299774353202 100.82740186341465 193.51761616780357 106.41144686899091 147.69287438258056 147.99982156217848 68.72631102217304 
233.40189957101185 202.80499067920877 162.75053004500253 108.4715943464524 171.18829156784085 118.60065937388646 97.54752745715282 89.26876836842655 207.74601251949355 228.45937896407955 221.50300421763282 114.84320313560545 132.312769598094 79.72320318370797 77.9583465304305 
175.87234804100905 140.0536842289644 214.09578079324254 82.25566669089616 180.58146717049138 195.9928506637337 210.89917622192297 159.06282312174756 131.3891760544821 209.61537508388793 144.72986133065547 223.77413055781108 77.27576675715046 185.37732852258165 107.42292679841167 
236.84734172345856 100.82204591554543 169.98201425898856 238.7540441932183 86.91663624568736 81.96807124077226 124.64990412541233 206.6206246458156 150.71764289155206 126.68157358577011 180.8341989288681 201.98172247521015 151.32248015297625 103.24012315515293 152.6139299854774 
74.83659405918738 167.91801872776117 132.39548786866064 229.53784178946762 100.0944609861561 172.55122516712075 133.37425274816363 150.03214969978868 102.27329055349824 78.80489516466157 181.18440057309923 129.04123172985572 137.95513678305815 218.2381899257865 184.4281410725447 
220.0508323447376 89.21326946071349 71.99936327722818 173.79215868214544 105.97811640757138 75.49125238177234 188.95206403220678 143.64737214453226 132.32145502684307 207.91508086069274 75.34106318476469 223.79458693342548 112.74918522478599 197.3688463752351 123.03785697412027 
175.22497953434424 236.03158164406796 170.05621066311704 191.9192681044011 115.63790325462824 207.32074066380062 225.8590235595829 137.78791339335066 152.71038326977953 156.3264292648399 135.31722048054314 232.67330724983222 142.74709393794592 213.0929846718317 163.49525684748414 
