35.48887552969661 187.05293577786387 256.07592907435213 230.01186356195217 223.72147436736168 189.1271379742966 211.32707645051954 31.169452406493264 55.941752951014344 186.46937065781327 136.8527273056928 262.7468965514437 239.57816045966678 142.69189828271044 69.72060927373951 
143.90184621441352 80.76496585044248 79.93455482417409 109.48804047234074 162.2504153742567 189.07332988557397 38.811860065253626 102.85218433250844 52.670135848404506 34.971370533537495 24.002595136981956 173.11242055893348 25.442691639951814 151.64461176494967 26.022388390203915 
257.63430002145583 82.84414310296317 176.1016006541206 121.84461718784829 251.6741218691858 193.46864429581598 131.76374562831327 265.93946825346814 118.14542103911874 110.40704827273808 159.81425556729153 180.92182715462553 247.13197185688688 83.68221935928341 54.35089724057873 
247.82627698541705 73.45897219357069 58.60163816820847 224.44626346860838 244.0758944988363 97.24712613352648 29.31167621083721 219.23332893348635 110.03190705874366 153.49773504979294 236.9923202058992 128.2967498427945 51.52749628408195 260.68872220173756 50.21483850739207 
164.71005878545878 109.92510286546137 255.23596944524184 89.36817471686771 26.299748160711694 150.81135145470375 26.39410062044221 135.3174479045738 138.31214141782806 185.83794402203773 183.43868432860108 260.00843126987064 164.3369589546677 74.47363661284129 173.1112577427716 
184.0231482939089 101.37143301289626 75.60347638446058 23.93275221548132 41.54676842727314 209.2061873704488 194.64027031659037 253.96507227899866 36.954294339960285 204.85731675850673 96.12625919679573 138.4891669804312 233.39306633615797 125.07169265426415 224.32711401398336 
36.02015480769234 185.399944678875 207.55947343963896 78.14169044112577 122.99279997475992 129.42592345731703 110.2225167602112 118.16105791500217 29.560198570437528 121.4230429797863 109.47276124103908 203.69733652910497 129.5018309142555 109.75290810701446 206.4411506487388 
193.65833314020153 199.6851914901364 68.0269687121434 238.2782421270535 170.03501260766706 231.40896164667504 178.0714976893929 196.26085881190846 47.64934186578775 136.80738493646686 182.06078561472486 237.16590456252487 147.3788729007781 98.39647245598398 24.84711021652918 
96.38294542898318 101.63673845657881 44.87360846061382 40.47339756506652 74.02618650705338 31.592107668531206 37.642634092032225 230.0507943410206 75.58279571283504 166.2833665107711 115.62717754961787 31.84544462657219 247.77433542486835 69.83334533713793 28.780949272306025 
253.86556162041768 217.51677793994418 53.03996837474493 222.04565628703506 225.60217976522313 158.96970630763582 60.57512100988276 32.19557634738346 94.42063113771002 215.75288954237294 252.3553432115025 136.72737030363666 209.89875650019263 96.00119793260212 242.8160195185327 
30.94398372249063 91.65145065978118 248.41750830879386 188.40518820234348 96.95453187090553 240.6711454452905 74.46997876214517 107.57274057039633 204.9218968870951 44.69375105276077 130.28501964008643 238.75932450005809 251.9657160006106 209.41184898017832 82.364179112329 
178.75992434089102 141.5806569751037 45.44540967260109 207.79212168523526 174.00808090534161 125.56469451135266 31.592447751301844 37.12176666614823 252.48881468630503 208.47220167215477 108.09544318022752 40.73550027887953 115.10513211018338 194.72269191877155 250.2355387911045 
134.62795173037892 26.236196903254026 100.91190360911531 92.7482789861289 206.2343798837187 221.57311784846786 249.67516964000504 201.15685980225936 97.04767062278756 254.88991931139861 119.79539943137735 157.27866342397897 182.9197182995823 221.02517316493652 70.81195857319398 
87.31495768890395 165.448250239954 251.24526350207606 231.482647979786 56.35760735347318 48.3574590695566 104.53393635218598 257.60528176165576 255.21416852524817 173.27313756688017 218.53650792823225 254.94883267755017 212.96009948500864 104.19332813715342 186.60778764169328 
112.04738435163225 53.02817783326799 38.459310107573955 240.5912596741976 161.24156199632347 98.52865675548553 161.7260856929244 210.56958155873485 210.96934141420672 41.4978032493769 25.02520893284844 164.94307364148767 261.68785961575736 209.42195110227942 83.89673155699862 
199.24586906065082 139.48603132070858 125.28239604434114 137.60322366012005 210.32070487547492 263.51289804929866 157.06098914850105 29.050060479390396 122.49803599811617 162.41488355913378 217.31899008143648 31.062250776168028 72.97232374345376 24.210288561146225 170.58909682613609 
155.3920538970296 124.25754201697221 199.0974176996956 259.9160098443497 66.13103340277493 187.29467484508183 98.07600590230471 177.02744969705265 237.86406724060214 78.03817280564957 151.70988594561823 118.44126559789264 242.1616897260908 106.13345755873904 54.47018085355111 
229.34748653454915 241.65205783020173 246.122332930021 207.58909284972077 228.90733971100371 35.834212970115374 115.53301431572872 107.53955607277625 129.4582493000435 257.0766717267572 194.47267228274023 66.85980545334903 171.32237612704796 57.62723470165846 129.75257225051905 
149.84992026231754 174.21653445305577 154.0925523991902 40.749667690815 201.53466471612052 118.59478926172685 110.99370950989687 116.0845494776253 147.743288213766 225.40153483232365 123.07099327120659 59.79279706963162 259.0283566240342 186.4848931249967 59.37622220496179 
117.31120414456875 253.19348311473874 154.1280892343769 236.19807831186137 217.14652608863122 81.59759942024746 244.49438531351967 119.358708863308 118.60267864903895 115.39943438241309 55.51498784175647 205.89265945005548 146.45330884503238 30.844473103516776 115.8361126535651 
139.9337381671931 94.21020087557318 97.35200614465556 178.40587572365797 170.62118376864544 169.08641365768864 118.29835530093673 37.699619130242766 200.02913159875897 235.2709209459984 158.51635820303073 239.53073185752163 189.35600173245632 245.7809666701321 192.1541176149937 
153.5942611266235 264.5830404467403 255.9543193502265 116.40693559930682 158.0493719190091 248.17385000106577 44.340998499348466 190.2733589614176 63.93912090702549 105.48129986297258 258.3769280427449 78.36192737895524 208.2150072257695 108.20999182483325 217.46151983312996 
237.09871785389316 59.021776523974 175.20705813983722 232.66788104762355 209.14897540377973 108.92500732853824 250.10746112067937 246.5338217057058 241.66768353398714 77.27750641768225 116.00377047209494 178.2095182231348 185.71180306677593 41.02188045441886 121.20250188700449 
146.73893867426676 25.136375279818242 180.57797722055233 145.68716305051066 103.5996636920916 147.63803237778473 156.30091435249523 103.81022751980764 117.80231124291879 131.54623665420425 41.32834872753382 117.16286125108498 101.19354901169014 199.05375025320978 156.06052508430878 
235.38826537358977 59.6853159595358 32.24560098300668 192.8810483482838 47.5889851736698 208.27444726206886 186.66203671978542 64.80001143177535 259.0896593294701 217.54163690333553 147.3301855015767 80.42922466334957 167.4049268426558 125.59311704912145 251.74074825663934 
173.73789834104014 103.27610563921174 30.38753079844777 34.96017264837469 132.52616444094224 169.53840819129385 228.15736485525395 213.21774148809118 240.18641821341168 52.874794747559164 78.39360363761112 36.584427300004194 91.44237669533705 114.06190130377473 208.0147344480954 
253.919291981647 159.64170705724354 111.44783254985944 73.95915307467274 131.1440174921642 37.71228187456306 170.0125498402594 202.8564131136937 161.44754605523326 156.2804996052397 149.51392137812346 205.4193965173651 71.62118709716202 108.94841183937014 69.12864918512658 
55.06240311906805 217.17808385599898 205.00630214019804 256.1069380228508 84.6086826708799 57.118726520888714 132.5050037885232 106.24660345766883 147.7543271018369 225.94598627464063 263.9328446857501 252.94055365947838 162.38783118698444 204.83410384339055 199.61285785517498 
48.19261028329543 28.370001138255326 88.59494444836719 63.59243293472408 25.067907023896666 119.11810055852544 260.93556328349456 55.21470442956311 243.9988636914925 144.36563828624958 223.4040318949256 239.69700063797922 204.5919095517403 99.22229932699943 136.71065550131834 
49.363542353883 163.53660215448343 203.53792632528888 220.4368765903111 98.01798322740012 74.57912701094159 172.19089900279357 135.57702122141808 86.92751016498195 157.52040541658516 191.87569282342827 130.51766061109169 147.58626995681578 124.62769610609348 25.16849976761064 
63.83744711237735 183.83758305446963 16.058079162649562 121.42208184303465 77.70305738655489 85.92535874384492 141.20326076077987 19.9609066984138 123.19074956855596 179.52088186929097 199.12118126167596 67.76832621553172 7.107583530856658 140.25194325216134 226.5354320616916 
81.70146028038292 56.366236771227406 183.7505950208792 163.12933366183265 221.27610481024226 143.67674429856766 30.65778528216459 7.793360850365509 186.32287907997306 -28.400830239177825 102.39880526530166 149.23030197073396 25.802763865092764 14.523302010777059 224.02169044037845 
15.883648840686938 27.380936600726905 157.54255111230776 18.107913404857875 208.73753086747956 75.49215811821895 7.481279420515612 131.55911280752673 55.320368581052975 43.24048765796087 207.0995957841021 -12.809967767079812 56.86700665232965 -31.02786594478748 122.37566309359644 
-16.5299647457877 117.3961808869579 7.13366199499584 167.45536581208972 119.86649219924917 84.9683613621212 99.02271059704276 230.24452688908985 110.6382580731244 236.21625091240173 182.27808510228394 195.4064845158719 90.78778113704703 9.457581308837625 -28.211436891929424 
208.9503361618795 95.12846866504299 -14.047657055221599 -5.858089848225259 218.8648813857036 158.43396396707064 12.249159464258504 224.52479645416662 43.64506171026511 -15.699060505587191 184.83559603324292 174.48178687395736 217.7260683935066 38.39057195801173 -3.4784928123994803 
167.83063406608682 96.1445302577857 39.73114013524834 -8.475035751970896 185.85527758611738 12.86632328861154 97.1724133034813 190.52034631314825 67.22999432790763 125.41204434100723 165.82324870593362 -15.35723853771815 101.72943723822422 218.44046514027315 34.79468418253306 
184.03337377548877 163.48041220611722 30.431129370922683 19.427126422520388 118.65967853767702 219.95847260594044 111.09365988663666 148.74885873745902 10.109603120165225 15.580590332353488 -4.857726349712578 112.763733701912 9.572007519846757 84.68744206227248 -30.041013791059385 
165.89178080770265 122.58783846031795 -25.32365771951098 200.58376316340207 89.94182126977634 112.2394669083028 83.7067888702707 54.63811117674457 51.69308481866203 37.38520378353843 33.86892977295001 177.22732803375337 125.76579882301724 236.68805133832092 58.31426247423336 
192.57164913180094 101.81778020310395 226.83039053686082 -12.258734852896868 47.77033145160654 109.72967416423523 160.6079505383089 170.66610784796157 183.64160473162949 114.24323839324816 134.4964867613447 168.0922419805767 27.107002955028584 66.23412048053835 40.602611068848944 
116.98791105034798 58.751341435384546 9.404713337262656 12.38345515033194 51.529073981478476 89.82759152722672 105.96317464239158 -17.790577237583527 97.89920365867911 164.97798233493702 165.32244452750763 122.88372796725491 -32.518984822587456 112.83932321763069 228.69880977691344 
92.2060068512916 160.64375090723524 48.98693249031972 32.46375081906798 220.6183473218532 214.8037549138317 209.261419986095 -16.572712093557698 -14.688903799009221 201.89738074002852 214.2931933506579 167.9830820092365 85.5945291911613 29.542738877255857 8.704102135771578 
42.049127294436374 108.7270446992878 62.427425999619715 107.45215364240318 168.19086256581625 6.752740419829038 184.29617624637237 177.2217342357075 54.478924483755605 24.00881373818249 -11.585804307816172 174.8172000055445 225.11601066298203 122.49508748496552 102.98611135666636 
48.67712480116501 194.29815126243767 170.68986001440962 235.40030099121822 5.115222034698839 125.32489788392564 13.889438289450446 189.04006630503142 85.99756050152801 203.89201419906573 21.08591225194774 212.18881207160314 17.702593584367435 1.526899156110069 225.93699369303613 
122.36200031276093 179.74511719406883 176.71321264010177 111.92501893017442 43.13550143336515 182.16044198005866 191.37353031576845 200.21100475458528 161.89873332357712 207.21174057970842 116.34106380963198 91.86546753263787 93.87292488518843 174.5837568073987 168.4194273243796 
76.67218922304146 135.4277303382012 146.05092687629366 136.7594725270321 104.80233347096063 38.92219161732764 152.3803032304821 227.0631404032069 97.66111380604295 24.21908517127246 27.885820590768205 35.94609418551143 217.22661751174388 203.41673509486498 -2.8674938227419027 
-15.143969987780338 64.81145153802024 112.52948478182134 98.84356146449659 2.31688258785519 161.6409416214288 -6.090875385017448 -27.620629319359306 47.098724780349 -1.2907766589891878 107.63771646119483 -19.941204410325728 118.1259412458727 95.18889292520919 221.76853540274996 
75.36165987934912 21.61019331060595 105.65781709850958 15.998437206676087 -4.865090876775444 50.48258003904789 94.96303451442712 63.94840953803819 55.02502117741737 231.14773180181834 -26.99021587950231 74.96025106129179 9.364497209019781 62.195325678401915 86.49845064255645 
182.1684152106386 64.56449188246245 -14.264236176918025 228.21369248939988 34.097949485277255 176.26865393237995 89.54345761195505 224.0665913236095 162.83058161091938 69.14933069286401 68.29216801304922 114.28525011601286 53.50694379566502 151.3355274941891 -31.42289867108377 
1.7111631774286664 97.64778860321303 61.53871001612457 66.47110728443579 216.80042101095438 -13.997870552401963 114.97543505444548 174.44282107220482 -12.533131760830592 82.99175561374848 70.75435351737583 75.47169138866232 117.56557949286389 140.3576791133452 178.31511205435012 
90.87012621938759 60.85661592821684 151.16208436221365 15.169330419537125 -11.032443909289118 214.5482384460744 -2.8695674996163163 153.6897910681177 110.82461567800291 -1.6277358592027298 114.32092922939304 -6.721678804447777 -2.3518630858507024 163.87230050695402 -5.493724318375712 
212.44919609921897 -4.866318143712338 181.74048024014064 166.41411238102086 127.8648256459918 -3.242048316572472 186.75207966457543 157.8459962116851 -12.638437925765267 15.890131257052843 199.73840262720805 85.2776195523394 -25.879872369335892 16.686722906048566 74.91621013114408 
233.97495306297316 73.19553341421408 -12.316892346939238 215.63783655798449 32.850179392636434 89.59589165050846 208.56069087163618 182.91020605941972 3.8402310577672267 73.43727138389687 -26.55235323835653 69.07922259907873 29.886589133807163 92.7816174749108 0.5333066299000393 
5.585054821210662 203.4872088629595 16.58315620450955 117.49884320853457 208.23863911320925 155.387856914514 97.03297707975403 -16.24945951310879 111.47415714848782 31.53740924470091 36.925010083496915 46.359140191927395 96.34896648082454 142.32615937627352 39.01248344748278 
179.39032103172357 195.66784160421548 150.1123171651295 -11.614500268623342 6.599280115227145 201.3747005005515 98.4290511632249 65.92410396130755 223.83129676766015 22.87997192129083 -22.237715342330887 -11.906934073783166 128.24164082823697 229.41746438269416 207.93673290279855 
44.53434127931514 113.4341067646273 124.03504024723316 32.201013387297635 111.33044504948055 171.68753717252818 -5.591308558947649 193.2333288178993 -11.604570808391745 201.68807589604222 53.615134632716774 98.32155752269549 -2.945038641452573 140.32657475474997 -27.28773483343035 
202.47811050502588 -13.351311331808247 201.1189177794362 77.53582701841054 -4.537921030573688 61.340113422223325 68.30610572070177 159.05761002101553 230.51375164127063 191.99420214812486 78.00240542846319 65.18520874197759 102.77751292932689 -15.338552189089473 141.98445212368784 
174.51318685343006 100.9771173519666 59.30076890671863 51.288524018955385 10.874540138173273 171.31626575445685 129.13266276489034 -16.867373753912045 223.6716710405458 103.34759490991422 119.95764076276546 77.21564136688133 186.95855885402278 209.48603098265812 -7.261291368825265 
232.55523833031975 51.489029273713314 47.75305461137158 -30.767191161544186 211.37811821824968 51.66471027903334 12.6464952404731 218.04317380288785 228.55910766437194 -0.02097441118650778 208.69643311757585 125.28284965030204 -3.081999783732531 71.22331170943839 39.50203980063529 
124.89865894065431 124.14104369477391 164.40361606598424 137.15981262618828 17.11833555392272 197.92565151398364 58.83652236874731 121.03540524746913 55.72361498198421 138.34206820156993 41.77199323344813 70.59977263785713 82.71175444537862 62.55540852169675 114.38186263838787 
211.14296159105834 186.81993323191926 73.42016459311607 81.20623600699219 72.44705406957925 224.9584206656404 138.17978892771367 231.41612121380314 95.59613511034672 209.98032703593668 41.92692247811674 149.65104744837225 91.7178238099441 83.89215493578081 228.68550749675285 
99.92173749555351 249.91871548183624 225.79752013049247 138.64794504596526 126.09865263030994 301.1015500160024 190.82637903055738 -51.47258785992382 236.05076054854894 112.76093187601535 207.94614104943642 -60.233709693294415 87.69633891987363 74.15721664736418 42.87993026428025 
42.07443339227913 66.62493731968681 169.41639366646552 59.1689273979577 290.51438341031826 236.68664987009933 18.206198000772034 -13.972147101793702 152.67927633665437 253.50684752981934 266.9466299643898 266.0803465183957 161.37195342781192 271.64776732438645 162.0454578728391 
225.15340455866559 -17.283925461091222 173.9974528113731 14.051687717459515 276.14693143467935 -57.379998344116856 248.2429837575455 149.77834507207328 101.14962189373938 187.90764647035925 70.25031374483311 196.0940109257659 7.757445435743151 282.1131447208609 31.910493797969878 
296.40387504229886 196.09553061952184 -43.24864761061825 18.906784460193364 156.93193383632214 211.05659145469875 -43.12844987286907 -26.383148704211635 281.3065004233274 89.32036047126553 201.7170721570882 -29.92028981760238 -14.048215654859185 217.4002495743023 -69.76714442434265 
139.23834325735734 9.365938525470384 -8.652958742399619 33.1583324596606 -56.52189658744865 13.269731761972324 17.697707029070372 219.05184705378926 103.72584796400909 68.98459878241783 72.11118507144255 -32.702594157443805 21.500612919027958 2.0237469930125798 256.695359814634 
22.09262105852818 272.7433698588977 180.23150163895372 210.4116995247571 17.297119095448437 265.23180521076586 -1.7765032256509414 224.62835196235793 230.05730448028729 160.25242934046167 255.58247125208223 271.2325903612715 29.48206368137646 254.64045031267196 71.80924625047663 
175.51472648314422 -46.26990499349182 -38.10019683475532 171.11975364694166 118.98421211070993 -28.629862448063207 232.39937343206068 23.01140060948832 201.12787885442597 294.11894020521845 155.5170340740884 172.12771118554213 252.86121791972212 -60.194464580350655 -28.953392992777168 
204.12291171009602 237.80269492966917 -7.351493952246145 6.690558126995228 114.42929973795 217.95214266310452 -69.47467814258417 25.752410694690468 132.78338249039652 268.2285372080263 273.35895430794403 13.336960323607954 74.7520789031069 121.63408017363045 182.69377939263956 
275.68910432852397 -8.27069090271182 200.93503273440044 167.86372310142548 -20.497221278486336 185.61147046980417 -47.44623148560089 -67.58905610685214 265.16739597170397 2.465354302287352 216.70764601706284 200.0561021493298 12.222116448620042 31.427126459926782 22.65533299454441 
184.32637293510956 283.28395855753945 -19.307604966895475 238.58480252703296 106.78050417569443 -5.690402085839835 217.99683449370323 252.4578947521624 -66.56462500697265 -49.997176811678116 4.4784950000099855 -56.667962173226 73.13333372628816 77.27492507720453 -47.68554873579505 
91.5448051537928 54.27372731971133 42.391344447356744 253.44840396832078 57.70224146502275 136.38993393628593 77.9183404414836 138.44204889684286 250.5925668686069 196.8354862031184 87.14683725529562 -30.747848588966242 -46.14001206370434 154.463805222564 84.68620033812618 
-22.074370567273895 298.8913816693856 90.6161869977065 -33.098364377595765 14.40171950421572 205.9014814649274 63.97675961845164 256.98928870489215 94.69544874338101 188.59811745115908 46.21658027417408 150.4757471967608 184.60497704514498 -48.41826234894964 -46.82822578911787 
182.1882815276944 303.3568904634194 27.319988481755928 -19.639932088093254 -66.88101049505028 12.400765935849208 33.77714630655511 221.27521008795205 204.12662236228184 27.36010438804884 231.07362360906743 150.58811558350925 -59.189687493012535 31.550715388575497 -61.82963678778641 
112.92246675290764 169.57259799613482 270.8760834655959 123.19663355625866 -19.569795690771457 104.84416154647565 21.17786941539005 113.87339455692876 185.68284745944524 140.69219836100135 158.17406836089745 5.071605571605446 88.64507705801918 239.73304151602204 189.88587459776622 
-39.08810264719116 169.49481240681956 74.82606664456043 267.1072508825181 230.3014031505015 176.89939152447405 217.22301756777696 299.6204787841506 178.57920589482197 -3.4699903880399887 -2.733543431988082 49.02252624288636 224.65712737509048 204.58392939070202 91.1155522386768 
24.219031641978674 241.8745511102961 269.047004944679 220.87356304198042 262.0056142505598 52.25297504270952 125.99026781223989 2.782264198801613 -52.64054949572242 213.55253966302323 45.19510611320209 182.81184818847888 126.58911218940838 127.99519210592769 247.72156013700325 
99.53303443880165 115.19439053113064 78.28583874221252 73.30414193753896 131.62839320541823 27.618433432247315 -21.804447695561123 -3.8615741367462135 -49.92653298157185 101.28800708723801 234.8515064317053 61.80596048566585 -17.88348303998967 157.9094205125347 114.79553516723931 
252.39512042512436 261.5646571722451 207.0422926712287 -31.650848618529636 2.6065108749136527 -16.087063195257798 287.6404441890942 110.69956156121316 20.47482130496418 100.40563330978398 -41.45053087328895 46.88345034756192 156.4708027323811 162.26701479341017 214.5772809674926 
181.4809111840962 68.15177733192161 251.0555951203448 254.67192881729957 -0.26468631876302595 86.50107327002175 -31.57063201472559 62.9691957457693 -28.529599982940724 156.5850701398593 14.132583860103267 139.2067049965919 -42.28878462197483 290.13268132435167 -34.285154846426394 
225.73437445902076 136.20177839585145 198.44538583156108 245.7795350463684 154.9332254891619 46.78847836882751 -69.23040174376636 154.30043936736425 169.28160996420493 -32.19791042992268 -2.2659971354172654 14.890848575218698 193.7125969461728 -16.14367862865032 111.25007076307153 
254.9065990775023 -26.671111516574904 127.60290971266386 249.14282090638957 -26.525122000299888 -57.67955436522654 161.92277757890787 117.60904258476376 161.41982805559948 -43.72099838720506 230.24832420761922 42.89519139361067 70.60497884770317 90.0697280344398 105.46638676959554 
268.20387937664475 243.0178442247134 153.8611318179383 -44.02502520717508 268.9357395812077 198.86700628536775 39.35336009487584 16.063205828174958 193.77220543870376 115.4531888039323 234.32817418409687 238.66831525035045 74.02626283685086 135.11338584014496 -60.08740865725153 
110.51816252141958 232.5617997052503 281.4446383069853 -43.182043451800524 35.53779850684428 275.2590807235516 145.3133901656449 0.9484580422622457 -70.01287664331028 152.2858407958846 62.125060231630584 -41.50966550786089 63.39758270616093 -62.79563646325874 191.4937332741496 
40.83467758313651 288.3798148997636 76.5573577647514 -3.3950773513928283 -24.717251275709728 -32.45245059104079 -58.2321944482877 189.93394401620137 206.1802607976741 229.80278678566762 203.3375023579231 96.526324635755 119.18073501211109 93.63876736837085 44.81370015638842 
149.39311046275924 -28.203705723438595 286.24705951303747 -15.09916648332127 -38.85290976301995 23.878367388885906 -50.019401513457396 218.03437628866843 187.5237842888806 154.0894849238413 125.76422825763117 -20.322913599440625 246.13565092937725 134.9545058392058 -27.323964835118787 
123.25888047040215 242.55064251106947 202.1529182933452 -52.00114069659575 35.83391116260735 0.499695880664504 250.1496785740077 -32.85995477691332 124.1300995384617 124.90682496553137 14.732451313883843 104.59946623916653 73.72374717254434 236.41623787431493 110.04071193195048 
-33.34725886796076 248.52564820684873 258.5672470820865 -15.432927129973784 19.500266764785906 249.06504939245306 279.54569963681183 -42.88490122355745 138.74794037094043 -34.646281238136865 139.18009515051224 44.834864746839784 219.891413208999 179.78055769616503 -17.95144944332587 
73.0617798751457 198.85944349723954 192.8088223292157 38.10682812541218 65.85708202808487 7.9808065239331825 235.75075434049248 286.6523740882791 253.69994059214227 290.1287466752485 5.783529141788961 113.36842364350909 34.71797210622155 76.62006988176583 -18.109387826199438 
-64.18114851852081 76.72043012829738 121.00799055815901 154.88733711331403 248.70579363767106 157.18598453975733 -56.37905300348274 68.77132602423774 -56.70690467022003 291.5740833948132 171.2425234498495 -43.154402389821456 124.57303610877779 129.1424560388656 -7.341715704309195 
77.31318834612802 190.09020459038786 64.54863240316197 211.34118184481596 133.40679087405877 192.79312149653978 134.2105190489056 292.6935204542267 106.91833200537477 63.17988576621491 263.3331210216596 262.49052615012954 285.35893019794787 -14.64824848741155 13.688452102179625 
188.9019840006747 231.07695630575762 379.03548664260495 377.39212247597953 368.68516453143707 224.17962147010945 272.22571062970155 351.8426427336591 248.39419099378938 193.4204488527927 185.5680035249762 338.0473869640385 374.3367190314566 255.03722707816434 254.67906489640325 
327.317896229286 181.07150483565644 182.54716500608308 384.32186453161694 346.45045019751467 253.87254250479117 353.50877549378004 336.0984986238229 238.3918607386413 182.0775519720812 348.4045727253175 343.7311353031678 301.4586737714972 237.01302461391987 267.0300560785018 
194.39091205830164 246.79328724399383 236.53776805709538 275.7096528435551 271.78819768401235 244.6195042869715 310.2143035672779 352.4352034774196 318.67946180531203 294.2313397752717 339.41358487946115 252.52131308630055 360.60004503354435 366.9474385850062 368.0402595426452 
349.5202699040865 217.9756360482068 376.8986138627334 224.60974434091145 195.79274207225419 173.58636934277615 268.79994443541773 289.79073492624286 174.90305197692783 356.8131691998633 303.34611602366374 370.7431628131923 210.061414619063 185.12344249276882 306.7391607828748 
254.16097506860186 295.00021888972503 188.64198632615134 334.93990169160065 307.4938804173637 347.8104637586647 290.27864071660133 285.9264660324917 265.38872209144637 334.5897949084488 207.6201798528295 386.1849549582415 337.91604869862965 271.18860412238666 291.95037029317643 
251.12527952491263 204.43251814205215 321.1374987107032 266.7534925891076 272.65397511973026 367.1768417754977 355.1974190951896 343.16534044878676 366.7843412875997 335.79882224839747 302.2107037808072 203.06088366490167 351.4447281500556 296.82245340582665 205.68795003179093 
304.42432579853323 343.41716308768525 321.53514674530555 254.1478517035226 175.30915764669055 293.55831726172073 365.7418929146388 214.93635154144883 299.8630954043701 171.7359020794722 332.6270666157799 378.5675876821137 338.16044174644543 209.65170689868557 216.3937763590583 
328.1369331779056 235.9550253921584 284.0898447555892 384.7639430255925 257.44631770144906 267.01179830105195 387.68516476408143 277.9496074728056 354.6097623223055 222.0104060055018 375.1161590904686 381.07848455947084 274.1191800071929 216.466688437089 387.7183341965313 
307.9830036677751 206.78467797352505 271.80630587122255 182.62237947208806 327.14218348507416 287.80656790954833 293.530594068477 317.6211000147705 264.08148335674315 292.19428796843226 224.00870200062874 345.90674740678014 359.9585745421689 385.3631776059817 228.2293372790167 
218.9121856756866 336.3676721366329 335.0886199847778 316.46671609476005 300.3811020279305 335.99384961457395 297.70528614852964 271.63725027873596 248.6495022365665 241.23676344275444 171.21760842089842 193.26006564011377 177.76573935843535 221.40697637948762 286.9200054010639 
315.0002976461777 179.6035395187916 204.37430425458155 264.1619166296375 372.1193135826005 197.69561267952207 207.44134600337125 183.0493661187368 296.46123883956716 170.74714456910027 206.41448161831704 229.99486423253603 260.43210094821086 186.19663821980413 229.94629773681592 
220.22667996819067 175.4302784996824 261.10049000953603 341.73252500301055 249.97263832722916 335.8339638219793 325.8624542225258 292.1739998280541 287.5314408739307 271.49126261720977 230.86906785224255 242.36161914313485 250.6956906257202 323.31569497293117 179.37807845992455 
379.0088629274295 371.3620110280254 289.31524910934615 237.35581505491416 271.30562003468503 282.8710298147697 273.90851140223316 220.59960207018827 248.65363674388885 371.96619181768665 317.7541095215757 321.65249036297297 298.39958751765147 314.22430105056844 383.07266487565084 
177.9890626512332 349.95487140461665 381.9396418278304 249.40272423261723 356.45446096511944 297.8001703239497 204.1522717942479 359.9021407254701 283.8358952415954 328.24781257758843 351.7067071775468 384.19216238131685 264.31435142792805 328.9115684530724 185.80160094648207 
228.28463821064884 204.95470281237203 318.9052461427149 171.63350630254652 355.7066838842112 204.95295036554103 328.09115713190397 260.4375134974807 339.13376141112474 367.31362822867675 243.38372583903418 203.3378485263616 320.11586681415474 279.0095248563356 312.7806832593567 
324.95908688462896 325.1134745179572 192.053226978821 300.9784217203683 354.13197086266484 368.19713583152304 172.13815322701706 330.30240883243664 347.5538466707837 373.9741970807833 363.4243684139629 333.53557126573924 183.76156602713638 316.3320608094765 347.00957763403704 
291.99689284426506 226.80401484166254 347.995554743413 347.68089685165444 349.61437178460545 258.6782681692272 199.46251322379445 385.36369842744995 282.6617547089483 249.82019452568346 249.95456700252453 239.9129261612377 385.2477338363129 201.02517495702796 323.40730444757224 
181.4683710925069 306.9540997039629 314.37145971347184 180.55410430207365 355.1717690440261 203.92716327868317 195.48437680121523 202.9137732182479 274.39807765919033 307.3460738234079 188.06698263161348 352.3775007591613 347.3610178780864 265.5775673621323 207.8339669993339 
290.2120046679413 193.94624757863176 291.0475314495695 236.6629556092306 229.85873095835294 354.2386567166867 214.30300794363325 183.83250717108703 285.89702570268526 329.5296062323746 364.1006095403686 297.6755123871987 317.34343120252765 300.8869234253763 186.38709295140347 
337.3813868508398 355.3458278143039 307.16882892592463 272.0316996937336 374.2843752064766 331.2784756941423 292.9823923713466 309.74236251482876 172.14040980874614 257.87990321619054 174.33147835423577 240.37777698739052 386.5804083411684 177.70188125963548 253.2970037186937 
204.51687242093584 381.3004503586525 370.13478724058393 289.1573531987731 258.88596013927895 206.11429995735256 350.24160101867096 233.7383846514387 235.20801262275126 259.58333870852766 175.4604964299598 240.97311867842689 277.5804010275237 251.87184106137403 218.03203203747137 
206.970224579224 173.4943188799398 310.3340659753386 282.5985292956243 260.3035015458711 257.74466571030626 236.3615026764661 280.215827783666 234.0493204818775 337.62813605631226 301.1509812409073 327.61494091158113 194.37845331421738 355.6327709302863 262.9370260098026 
355.56100849320006 287.0927338700737 237.28576675194068 353.47924107529127 270.88912796777305 268.4069364225019 175.75760951377714 337.1445526116492 259.6934740970796 292.6913738994939 297.0725013265811 272.1080493000371 302.38824721169067 172.0650747969196 177.20423697762703 
193.97124764086385 172.50229946841316 294.717556151917 170.4985655480233 385.4628523049363 213.72106605299425 203.7341492624012 226.9413740329162 248.2611077284729 223.30090905663025 306.3754384146241 309.72893892863453 215.74568767498533 189.30699552708785 350.33097816093107 
374.1690918956883 349.5638885086927 279.9769531917869 342.1260243319043 348.14640599487 299.89635726081826 331.18266859199963 172.79253555367188 277.2483226025929 212.30226688133396 178.86605206343913 339.0556126283425 310.42139486855297 379.5239420121543 212.36676605307278 
365.27503763539556 177.11201149737423 244.83168397981433 223.92599640151235 212.66409096766648 252.79050378706467 253.6210204162728 327.85473813899955 197.40058743012506 367.0186503321296 204.35222110714716 232.09892413544597 277.43452131324966 200.45150714848364 374.68150473267383 
290.32721493750176 299.88190771244535 309.32105723729643 181.0876240994178 212.6970409581681 214.44214930619677 195.44415755320838 203.55368748663602 283.33918369334697 214.41426631023668 207.45029820918867 260.50671579387074 228.32190381677154 228.69679308942816 352.2069172592963 
264.30102851826075 310.8288648163651 212.6229653847486 313.8562557538067 261.5206821728209 318.89373588002456 280.4646009218147 258.88229305960925 369.9528554534595 259.2922435606144 230.26279394345045 258.13172447604245 184.98915201675013 198.98887790923288 183.7027066345113 
352.5246767271153 244.1739942034194 281.7239211913107 252.7694896911482 215.55569799262489 269.1439121145436 178.65037920403284 363.15956716147906 375.2143077631769 302.2622388297758 378.2909154228538 306.48737634869076 283.4793060538001 276.61959828726975 262.0582392989553 
261.4367098678744 261.50264850426595 196.51655567860584 344.321930924491 211.64130598065242 213.8787881263797 194.42807657992094 353.2941290841166 197.80016208465648 225.60209695298312 238.89560421652902 179.7456775686382 174.89140694106484 369.1798013851014 253.76962283507373 
186.41661849667017 163.04438143038305 175.81082896998691 175.55117788861835 157.11201842483143 185.05341638475647 177.7880547638367 189.80310690406702 184.2916895223225 170.76995078925893 165.54283966600534 167.11379131477267 183.14717644592417 189.54746264272603 170.16830534009918 
193.49011705633873 167.13966265552324 192.8885782313592 176.03680168191246 179.47640564200162 160.45964505207687 185.53870756821942 170.0638724802823 180.12105064388516 166.86084785872865 173.72308189129714 159.13234726792453 176.37084536575915 190.8105246692478 184.0479191272826 
187.74932952072962 166.47351489620928 164.55866725610184 181.69110725272506 167.99252641399968 174.58719142165504 176.56210724008065 169.47654447518667 191.5787137122677 178.65874923966817 165.13320614136688 189.23167703552244 163.22803726121182 157.3610188284733 173.2836065795265 
163.7820964260046 180.6379516254759 176.20349825273783 166.47114258566498 179.0388126254957 159.4592986740867 169.14346831295006 165.08606826151438 162.48610366726567 182.12706891781204 179.26451217057183 168.10895806496333 170.66333243199972 169.52245885553288 160.51567544246112 
183.6132729687441 171.09190368689195 186.63293890208578 156.93321680823271 161.25453931214824 156.31728449488813 186.15225817847585 186.54239024933955 187.01802734369326 191.81205732020757 171.94792234390874 166.45944406278554 178.02818099759182 160.29181139962398 174.4524950325532 
189.10915879613103 164.7250576405775 169.06298119652493 163.33480181862953 181.85865731604656 182.98321212617023 167.07908067697153 191.85250478882003 188.82498725681342 179.88381531861356 186.70091638905984 166.93201835578682 174.78959379071114 172.29328220569215 189.074745204547 
181.86403321410697 190.20621384525884 170.58162558569737 179.6794137540198 184.6748658402778 183.05620760243352 182.71294251114156 188.27322811585498 185.1312484983142 160.8523251724716 178.82502864347927 169.4146748115015 159.16593873037266 186.62996702248492 172.6653827828143 
164.30708298663018 160.19771255212555 175.46830392590732 178.81261135532833 164.78808976696467 181.92483617147266 184.55582557347196 166.1821581981191 172.25107127708748 168.19290443365662 170.30327124120615 171.1592020850605 173.98942631676385 185.5489127914212 175.52301372754295 
183.65549182861932 186.51242500819686 178.64496137754327 177.62546443205804 164.20649840918566 178.94084772063601 175.91476060233242 159.92792623810442 172.01731556273634 169.73391252341807 187.67872174262607 183.110532756948 191.69842566194865 185.8055415979146 192.83121528490736 
174.07228570882012 175.9806595193769 166.2896590560059 171.2967831210671 189.55062402265574 184.8038919003694 188.44015404218615 168.49752404133278 161.72304370904132 158.65190662030105 179.27431081781216 176.51263503901458 166.26175194447083 170.44324267553017 169.13992679253658 
171.15158490163662 171.5190017138101 165.18747048737242 173.24582342767732 181.907223238401 166.64233333200005 174.2385146832392 164.18735421770984 183.9404665719922 169.13661196965757 172.1786380262485 190.44137887987173 174.24270020180532 158.7643097634962 161.89017896807886 
179.99839168988055 175.88424301237754 189.24144869452846 181.0640540300703 192.67022243358593 164.6869667183566 158.99123200151615 185.59977250572237 182.69719723757203 171.9862378939224 176.49214590111723 175.81133195785355 179.04918612253968 188.24988135311037 160.3154556757297 
193.03130317979284 185.0349452263574 170.57308071165832 161.78620429811122 172.54926899049306 172.59797739809852 165.4526633705054 160.46968499583892 170.3494473989132 176.55658680300584 170.46405366313604 157.8013333560109 156.31264193487658 187.47847801873837 180.1499411107114 
160.80490626297498 168.13156335601025 184.73694287948388 180.5214441821363 182.84298245436267 162.16313536351112 181.4709160036145 185.62985884973818 183.30470133056878 165.26494248595262 179.76394918675717 185.09014617436506 186.62275735693348 167.59171480347675 157.28814313040945 
185.5653304860192 156.54363757013772 168.06034849813287 186.67211151188042 185.0542445951001 163.76928893438685 186.90371585769822 162.78568336505418 186.7853353696508 177.5073808070295 179.4057842324566 176.81163945964045 178.49540237402246 167.70378533186914 169.86204011009306 
160.53759629179285 187.6035064191431 162.34060511974388 180.09836629331565 186.77019586539285 193.30493547492316 159.08224601057034 184.12482537775082 161.038364614284 156.4898758691969 160.6463312327588 157.55066641426623 169.6625341904399 172.38993468340658 175.33444797996708 
173.26374340395284 166.77384542022435 183.3504579611534 162.20160985674477 176.18073148774207 157.55778588903434 159.05402691180566 187.77451984569598 168.34345190632257 173.78943739809407 192.4468103854694 171.6359310475592 177.0099132832865 171.64404583402992 189.9886025480356 
173.80197150042844 172.14254537483353 191.97170519261564 188.37440956372217 181.3014315459051 177.05970610594437 181.6546631273782 165.0532181173051 156.12353417779133 175.55240890699483 193.25365075806965 179.15394435246787 193.25430089245606 168.79553223718486 190.67036644725658 
192.55141998520966 179.62156451293697 179.88209326183411 191.0549345700884 177.6797817551508 185.83854131475198 159.5326665605203 162.67406308255613 180.749332332937 185.24273083965906 170.35898534355255 187.8655388969042 191.61126234601696 168.33375991363613 165.99321443935395 
159.46070414174716 185.47827711295173 175.73869776401384 169.6034720396619 157.84103007581297 167.4644706706066 167.6864224465125 169.5835046134483 157.67330525240254 191.2376506500397 181.5312295024795 168.96403602839712 185.30894631691535 165.4520100800583 183.34681744585635 
175.8202721071214 189.9458652832071 170.50425561613667 161.07955100696904 180.5500400973501 164.55194175153522 180.96419906112172 159.54378739547835 185.04593233138064 172.91369197809746 188.91324132591356 184.90561890892516 161.74539639858685 178.35258204242763 186.8818444177455 
192.516776823673 186.6132043261095 165.64365904324185 191.19833206701088 180.0184498758478 175.92418638748725 186.08418056167628 182.02410504563642 164.08953581088906 186.71916522609374 191.51034694394176 167.01693448286883 176.53053028539972 160.6599517294161 177.9971960124456 
163.61147737607212 183.69281774371512 187.36947629684278 183.98116692146363 169.40027847121928 174.3020976903124 186.59866717908736 188.4075315952179 184.7766928354726 176.81323915992226 161.78611571795426 166.9161184547855 183.17492269743076 164.76518684064374 186.9748201305028 
170.93484885734884 193.2443095531302 168.66713302811007 187.9574673641962 160.87485309367105 186.16614631655924 167.55448655223984 167.58340511898615 158.2219587267894 157.42724873144462 165.09540008123238 162.35836261195504 166.24537185089497 168.76150139139588 172.34069855930093 
179.82799175179912 175.97574883254936 185.4231787622135 178.87150097317345 176.77988641403186 175.46125627289985 184.56464674876034 164.84647313753098 176.7849435297427 193.56649903891537 191.8696966454224 187.86588873174236 175.76914271333789 184.96596497073682 180.30627050941297 
163.06791589846222 159.26927650073705 160.21735825109937 167.36069835872917 168.22310619432184 169.30911085651047 188.50312003737773 185.4116642441648 162.97681010682416 175.56652992509134 166.3488767058636 167.29205763607007 183.9819199729582 163.11686007036596 174.99173865199504 
158.69260872611846 185.93509642779955 175.53628933545932 174.84237309507841 191.46580301101991 190.2035258724313 179.9315663450206 174.60495560666533 176.87001193615183 186.22378305707505 185.9083591880245 173.46634849917882 185.36611356418922 165.56685911128687 174.5044401592587 
191.20368383075828 160.28811053253526 180.86525587441344 172.924132817741 177.734113267413 156.1297777283508 164.52046147847983 187.54439789646423 158.84450614735886 181.13296295238882 165.17410929287945 176.9367818541913 178.12502049366395 167.21980650877833 161.7114992743495 
156.83602467704515 184.80636354637704 194.06216766883642 186.56118555349292 191.4588700561269 169.37913562222369 165.31546984753658 161.7675423258605 190.4699175464758 190.92988687186 162.3600444686645 178.32522576649092 182.58995950659073 161.09840927000045 176.96442847191418 
187.7524247156759 179.33103849270248 186.65648140171677 156.32580238992847 168.23704316847926 168.39787173882098 191.9229990356619 163.45749388670654 192.98704395677782 156.4418805261952 183.91276825713643 166.68639063469885 169.64869899555097 191.7918737146022 183.35922993710483 
144.13894437010487 64.11049286491762 149.01822180424907 92.3273738195875 103.17516914060911 100.04904607729688 101.31276219572156 131.29859583219513 116.1258109873273 81.62130799831932 105.0694665373222 132.0889269069844 121.76623109458049 118.25150380035271 68.6725960180369 
122.03600591381543 98.54684392700656 80.90466858513261 161.19154498412973 93.15071273395158 165.3058543006988 115.59283703263017 143.2358421691621 103.77751157447392 129.8048850150821 71.49143547928115 66.3596731877821 142.9777068835043 76.75733268508739 145.46688557391644 
59.47596126784175 152.6853987961332 128.46258264898626 110.91326705098493 161.43304247678861 115.56653916540773 114.66629758627701 164.05117904688768 93.16539376503451 101.73992934239095 88.89785765812937 72.54981603890957 153.33626490555284 150.42797952575307 148.51976632171795 
62.656840641836595 126.73271623778427 134.43954439749479 142.98170222397638 119.80517351741767 118.4524357926127 143.7998949536773 99.46553918057744 130.98240730604158 74.41191993772819 125.31808328705134 71.05382536435151 141.66318615337298 71.93250734714447 148.83331426264215 
63.33508015748884 61.18174848457364 161.37350929210257 85.17305014501513 141.39351374561346 161.404939463481 126.01600672812326 129.59321955981426 70.33036208287888 87.28435206192216 140.48861942543556 103.10319600978275 62.70965433521777 63.820798771136324 164.9668780656607 
101.02234924120555 105.56313480957488 148.3188480648215 142.11867991305053 121.73531055190186 88.25042902193013 117.40032467116615 95.90410018444541 144.7205689573898 86.67462952750849 105.32480500259439 79.36573258210335 144.69141867087336 144.50935954024916 126.05876731148679 
147.12286950841934 164.78419738398918 113.61159878620785 126.94274953400847 97.6303347935885 88.06222638237081 89.84561150404993 141.53120236681042 159.41125955099332 143.7965572732117 66.74721438993735 66.25103716040549 121.90196353367203 82.57576395440896 144.77784478638085 
60.9047939676126 127.74487340680369 86.57728444276688 68.41409141885488 161.60661256701673 148.81799412961905 65.9156627721565 93.08804403234922 132.01123590332412 92.47147191915727 162.2889265949301 144.58571937343396 59.42171912033297 157.46137297307484 92.23553791500024 
163.4104856889133 72.80095119226439 166.14656574578197 100.77524388831841 105.09208379271098 62.43581372056672 120.78511918005287 123.2975237309148 69.70784568724709 129.05941406476973 106.69038947731802 59.97512598588117 77.16235106096408 132.85684391710421 127.09468996576865 
114.27768347552174 129.78291599111554 148.8040813785185 155.94850365063513 125.14915318972841 105.74245308374955 116.16707478209307 63.892852118561194 71.62692176081138 133.3222632349411 114.05187898597646 83.60764531855959 152.18401890932796 63.01243355005527 106.39647971276521 
120.83014294207047 58.96059703275162 79.19232725540999 156.47968255844393 147.0113264456661 157.8379402482434 155.37118823832208 68.47050592965968 137.86692647244055 93.14332247618479 139.02453436749312 86.97939624105479 154.44614928819118 107.13542187579466 127.60746418431854 
83.3363686029564 125.99610514359935 90.75477487960015 137.66058056120127 98.01300586740336 103.45324339893736 100.01381885860542 160.73273308509349 85.25705761444637 102.33789047798297 83.99902633615456 71.4774655179609 163.64963170687807 120.80595249311112 164.3924167265352 
59.85597301137123 127.04152528406347 87.11226055832014 150.61977714716093 102.35560466567581 136.54191416944354 151.21480905298546 137.79693811331902 149.11720848641636 118.18064476275188 65.87826215343746 87.72961173879034 109.38823222085514 68.66280515358451 89.93013331168302 
111.84607190922534 154.93187576848658 131.5216256101442 69.93321249847122 136.72127787019147 103.25627003788651 84.47166834664507 64.97127765764154 164.835355904227 133.37891144323203 74.51859438650935 137.97256549663837 150.57388501536684 142.464031394612 157.54235533513662 
159.29232402745373 104.63967681329896 121.17036397725994 113.41119353123366 88.2249701875389 124.5860697167681 72.30528976682847 58.90505758632868 163.8654279240404 105.25401064457267 89.52045170136337 105.03944148838696 62.89165962095285 160.76369343863277 82.6708286633501 
117.19752120949511 114.02664724501766 98.83506689438285 82.49931317648021 126.41078787820197 144.43192180114102 69.39239184237954 148.01558370027206 67.3596911805089 91.12645062839769 112.53650380409475 119.93450717767863 140.49994265631574 94.30891736467316 141.29802510867927 
72.01525569123197 163.54960028916298 80.78698983091782 107.72436466638237 154.66200120638837 103.84834707943877 143.88007819630175 153.53959919385971 153.914521071779 73.15092629852046 112.3357313000626 74.21732662297735 99.87621280474082 109.8940660410722 133.8376763355193 
120.83830566127003 154.2120371535525 165.06065225383355 160.1979640723498 155.3867990047798 140.07221562491566 75.73037985536978 137.56903028407902 127.7194821909342 144.05926675130704 128.54461715991533 149.13182742782433 84.04972992201148 148.59824971075864 95.8243031988739 
76.76672181012216 161.6653152566874 82.96838362938735 80.06592515160035 62.83879809171251 93.1529722621255 108.17582109352827 163.8853160677965 119.56389350060552 160.67419540494774 150.95892947618083 138.29629656824045 99.02062303877308 142.0565685172288 123.10996987299025 
83.97492182240089 151.6996495671328 69.44685731626134 156.22814883798077 105.52193202237012 119.98141426844121 74.36688056869343 108.96265960131998 118.25626874788301 79.52065971392541 156.3534523816503 100.14294240141109 163.5399293622667 73.68849749526619 84.31823832790572 
147.36683163852825 88.65821377519576 148.83628730159145 67.6576604132498 87.80463734112894 165.6778154736864 118.68881016069435 119.7323055805613 139.6406679231893 88.22916109220134 151.783623497941 147.02655625339304 61.314402767574435 165.71178659156334 120.7107566960872 
107.15596420912092 59.37243687725238 68.78895016321408 163.69621161363165 76.40615285781024 128.95198943236284 162.09173992832908 120.20358874404629 105.37074745059425 84.8913550685653 124.01913531579197 80.95904003852772 78.70537915095169 140.3300087725618 112.39444060756915 
106.57708545989956 78.29729366433261 115.64079254448637 70.20549065939434 147.9698876835299 116.97218103575878 123.61490510201209 104.8181658747539 138.32834335046942 68.56940970302995 109.0157573780955 69.72280663053763 116.66109126996517 89.21379460523376 61.017544843397374 
105.74935589261307 87.49413563563712 139.4554907747451 82.35720880873677 94.53779983318904 112.4185645868951 97.38192563797902 123.34045148468944 99.97026841077258 145.12792280635813 129.5385722555617 152.72073395004077 132.9164775093372 158.38225406793333 58.72822435723413 
144.48808727244543 106.14282075932877 121.15690206049649 72.25579129773331 111.40930010370204 132.84454352505304 108.68767349219189 112.59960426646208 124.22027183009327 135.48438385307412 114.17723506042728 143.01042785903934 165.52725994722994 72.44309377080346 120.97963469226403 
67.12416077226922 104.28081548561022 101.21017982131653 99.93490556484973 72.06646193248054 117.67769031834058 87.21927791316998 135.73082230141222 87.924333769219 118.52493308061554 149.45645563712463 66.80508244844053 116.52789203752825 70.32917743440659 136.8009278628685 
135.74683802253003 105.69247065946054 149.5735482581747 75.85364689828023 156.07587078862497 128.35990801540373 64.57622061701555 148.7128729112266 66.33853313627921 144.94249764485602 148.39437353768307 153.92579791459568 138.22062907538435 71.73102751701363 127.28776533031736 
147.70894891894903 116.14303083918007 145.91515842432793 111.6762252953396 74.98823209179878 145.74096690140533 72.74861485983152 66.96243116872589 134.30151656468382 103.52327284900942 154.30252122378775 123.30113540362497 110.22002542530865 87.11484558537238 100.75029240937866 
102.05986325715841 146.16918150029505 141.5040120797297 58.77861480570133 146.85151880555054 78.22020499376286 87.3453827831163 158.29024272925392 111.3600538542307 67.84877451290328 163.2951521743265 130.24476104079 161.85863339303052 134.13207726683953 118.9985355016054 
78.43274107052088 131.52735354845512 118.37289113610134 79.55276841646685 153.10350313485094 90.42187288654881 153.8733548180041 159.56614808045364 145.7091725403393 121.33156543369995 89.91444624759855 70.69073909735963 75.36741694731819 117.85258119475795 148.16912532894557 
66.32850848918208 204.66148025003494 319.3349218418706 46.54544706260959 94.70977775596724 174.15581532910855 47.82078403807815 302.4162999431303 295.8936431678343 186.87808515925624 124.69121058848226 222.92704502339072 176.67899672506053 128.421369507327 242.38417004295 
246.38908127164757 159.77961942105 120.8769230789082 283.1948205815727 299.04178412994753 136.7034086896713 204.269059792537 215.4308077070206 244.88093109491788 321.00965113351936 149.23191458082994 203.37739680474127 92.282781306462 216.52266769818522 103.64977178906071 
230.4417280218014 213.76326193574286 294.36536599431327 286.92950946791643 291.20947718133715 284.00626944068824 46.942694550863635 264.129638154648 343.68342082927404 252.05793417655195 275.44223531402486 151.8411829496514 237.94298934682112 71.06993879033995 53.44867828358828 
269.3164103557199 134.36390787317697 82.83966240746221 316.9795980310462 171.54573039783773 338.2256332456586 78.12432660108986 176.74695669433683 60.925396443235854 251.25228971061904 270.9702304930803 170.21167863557974 194.12648942839 176.11380795991232 316.4848629492062 
157.8429527997256 269.53210404571485 272.0308120492084 213.30806807986724 145.52490836798165 79.47496861389035 257.38690369086453 54.86266761844521 270.6573396079333 318.69564239703766 276.7450545001468 290.39900045996245 193.4456640909504 248.4539415697739 321.2017385999154 
180.82201958508 208.0109075686652 145.5389101329705 57.64165079024893 71.04331265463979 91.54396020255832 76.3753008047889 200.9603316662737 124.948599333671 287.88971655367084 274.478243314276 297.07160445844806 236.7992945735737 327.1091725746413 77.14134535490777 
167.74454075136538 183.34959851773888 166.11040845618913 100.36181480613362 91.22060586361884 125.17850592390963 95.25901118038 349.98799958781285 261.9173017413458 276.8512140704731 307.60259934145756 67.52451289661076 198.8244409266173 79.4402660387712 134.59008725377592 
276.15643813687376 161.8708595856575 274.5320679529333 92.3355814161409 261.3350795328095 108.69494378494099 343.9042368039728 250.34664089665867 141.91244192136372 324.14903958162495 143.47187242633436 46.67882165942454 163.73516013409397 263.27171927378936 88.49239070232062 
82.9553635103366 322.8967219253874 180.1722995455256 146.21136629529838 206.40001094030325 75.69523814599066 238.7866177506392 208.573218813748 69.18120526168441 252.92659345650952 285.56327461096384 318.13932924601795 235.56117677173035 272.56981766056316 197.6152003908457 
258.00688549123186 239.54796319879716 352.0946423536591 119.13354937529816 186.8963150801239 201.57111422283535 353.0989064059129 49.822593555852734 160.52341594841357 266.1792855315217 256.9409714901992 290.8089695964352 348.6945809433515 93.57391529472054 296.47097966089495 
98.75417405103377 172.15832203432586 167.38960321178723 194.96842695254915 88.33496895786777 233.61580219375807 171.2379384925796 97.81529425175191 309.4543276025031 301.89451775825023 334.9943659552081 247.66133583107057 117.59566697615539 316.1567085145009 110.31488576721073 
161.8287509032383 207.34098505353717 322.2677247615396 132.61930777348613 215.1220737519326 74.23319317154309 263.18478551521184 67.70340450622341 89.86123703945529 65.20898825041675 331.84270201996594 331.48573490311855 226.38943020627735 91.69025582503741 176.55903995682755 
202.67040550346942 174.39432547393346 302.23279543678245 285.12318166688107 334.28175743167094 237.14985657600772 322.4657779607734 103.17143803559482 199.15927848257272 258.1404398869015 289.2676588417734 183.58485616986948 230.1310101820487 145.1647027522518 180.62705492599494 
264.72796717223605 251.90678248375045 287.65030208187625 326.18541217926395 248.71188940345507 348.2019654211141 158.06542651488851 103.45556688675498 222.3794123642116 220.57306658172035 101.12255774690001 265.0280294835395 90.66056760344662 183.8996894111962 181.97096976100562 
53.97862134432387 143.7516055764163 85.87279731664009 230.65194546343136 267.2074835245983 328.26324068034194 53.66915016493162 59.24483986392407 313.51877047819517 257.49201996459703 149.87890029785865 175.76402478297004 111.14125956533928 243.40223822301797 128.94049655047655 
314.4044302109887 326.4624711275095 59.305181821186956 240.33835591605725 305.99141902953284 330.3165077732705 165.36888303382113 305.7614358277939 119.35011519649193 244.87246989798564 297.05511137791666 101.74874049154059 79.00874953204965 135.74098232072933 258.99626100792125 
259.1209720456552 124.41055656895259 194.69781033939506 268.98532298129555 271.1471597698467 108.71815819393511 136.86729497736133 217.6839598942183 145.18505580193576 237.40539548405383 240.6975582551522 259.6909578681262 213.43154042547692 227.21327781965465 113.89699862722384 
323.713863715004 108.90208659907019 209.78339130477136 273.45545853654835 274.8500828162224 105.48918664202715 124.77407744230722 253.24858762259962 138.48720432812934 161.50865997633338 339.55868008352604 261.93691123260317 183.58291682629067 51.448112888731856 269.6754840804058 
163.31550526028167 249.99179189296305 145.9333425778632 270.9745526858379 142.34446497835333 45.834789183409804 275.63013440271504 346.870856555676 209.6307946046738 60.08922413513207 110.31345297800688 62.53288738713288 115.69277269028557 338.86476314814604 61.00714231929206 
190.0986454418028 79.1150529193254 59.36728477708349 168.13068338565944 221.8675316691795 134.101680684287 238.96909476572537 93.20903487672291 162.59586308499314 121.33959459154326 209.18650312968853 284.4852954126799 282.0862453630408 134.75906557700017 190.87907387816472 
203.32369679888785 290.26415638574247 97.76114243721166 74.87522149610066 110.01180148607794 232.22225540725546 177.39856703305406 110.58122286962765 147.65351845438303 302.2369706919387 92.99932549018084 340.5855212495194 289.73444676759794 226.82948417075855 342.41433125078254 
163.49696535582694 218.50292753290094 279.1862360207485 279.5105289874224 199.1986965681398 259.6601281290509 297.2263677888852 147.43997622525228 73.2712960844707 297.5486599504296 167.7846973899342 153.96483911443988 246.59175615106983 51.210655514305884 326.7106591658347 
102.31776157091005 86.85388671686931 60.24368254804444 61.38490972508991 99.4862365599115 287.4382523535678 83.45734339789925 146.59604634196887 51.12244028518833 324.73840101039366 82.29459735886454 46.11533532579796 141.3849576124282 196.09442809695574 327.3941844752836 
325.154248817257 168.25981528310228 55.224043328633854 237.3303975813661 149.0162906051428 271.81823137103004 95.11667418822388 194.53030392750023 164.8508212122528 47.84438354202249 338.18816484181605 61.291043980457765 299.35642425165344 259.47241326883193 321.15875529149014 
235.1736122665362 95.30327643096743 84.39602562372858 122.55184771038273 188.0824323692813 134.88277845962142 233.98442728895617 314.2864833229705 291.5027376758104 250.02871584596312 339.5897747638302 231.64010908022348 67.34427276323578 203.37585620132882 218.3607706238862 
329.691548128529 50.6281980903931 276.62406536972105 334.06792099207803 246.76712567956287 142.5013860603143 338.6873732102339 264.5330684254693 201.74992931746914 147.27455055900072 49.906167245115626 325.52350747004493 237.20840858983 353.3235555830181 123.48674136296277 
129.80858127587248 314.8753357232906 237.75465630398583 245.06595242845452 160.19092648402335 232.2063058836485 267.73095769877193 302.3971968310673 316.392699946774 133.24713125896312 200.20577904987812 75.75084999841175 168.2121194639065 201.31802992060972 290.06618675633126 
152.335433492302 66.97067013706483 115.03346144755672 128.57110527466875 206.97074785190998 285.4335007580621 333.9439175060945 221.6846508432792 348.2087063399416 81.18088709524002 110.5397847343789 294.7027039120303 107.7683610208579 159.1644494041836 88.23506407584401 
266.11249222595137 176.894687338983 346.100461288711 227.4632383586262 230.8990076506761 201.79249123686262 218.82982367649106 347.7036824628269 199.05292986216256 351.2904363605164 332.50054920759067 130.0052797161889 133.2999533756912 275.94634481027435 312.8300817981012 
81.12827325176431 246.40060817079848 227.3078984477281 148.53065277450293 228.77731520669576 247.68700415289405 341.62542440367156 97.12448124448436 154.5691748933586 234.10552539680995 107.18481332920035 312.2981767263768 115.64490962408418 275.38774852260127 82.02806621517212 
104.87200206639045 232.42687966067157 16.778250068637984 158.66646872180735 222.2719719034852 196.56158391470788 68.62700027234108 182.2705254821188 97.78801839906609 199.430310193486 140.42716331185142 74.68896906608164 169.27413344070834 46.649194751694374 102.97553502783364 
220.79792999068405 31.436990013224346 194.33891460780487 44.09444075528955 109.5959370312139 61.69670526976122 207.66040915982146 83.3913554678359 144.3643498761845 214.84790423621735 225.10238493314324 51.24853781431717 222.56927261609624 37.81429461824041 95.05114726242778 
61.89677867436314 65.28471236171713 198.62219994995485 187.00906058653246 229.86702313308402 162.01912818890412 76.33333725924977 198.2861654479415 79.04523176383807 19.307577389771147 184.67409565759496 152.40703390352334 74.53112073670935 44.06752905100171 106.28427372730548 
212.64802025558873 200.39850295234854 26.846303259968572 41.98798829468987 19.008782858763354 177.77021905878422 50.49203482192098 30.918710060934234 10.211923191094495 170.5312016563627 11.410895863922553 44.22473129851529 46.30746802125518 15.529421441357933 208.39509443988007 
219.40378433756416 16.398583409514366 163.74657660220083 97.5508259262917 118.0952089275924 221.07158564566626 111.4121632693256 162.94087256080624 78.70765094654598 69.4866154024341 132.30594549058355 217.1296092461434 158.7358554970076 65.46956177318414 54.03974930959195 
224.83244453407218 39.116239071327456 132.57915878622322 160.8560104628656 208.9422318680296 195.62751384054332 39.829305319657166 219.41640542361088 213.34261218497443 88.24314754216273 180.13804314818245 206.2092011881166 117.65156559706232 22.14671728516663 130.6661710404211 
183.43689913054854 201.8559007324028 59.98150369197495 108.49910095981893 86.66591101098592 94.18529309336164 67.53228298201876 181.0412075175366 33.35268800900121 53.31442340768483 65.65329183103577 87.08474609482812 218.83914954310984 111.42430208419141 234.09834201592338 
141.60502451721274 195.4340559530189 46.717748936342794 80.82404097280386 102.843243444098 56.65817494728187 234.5153900242171 68.99375369061347 225.3369783710627 120.00592150433776 79.52854362977516 131.5609571598962 23.603554869554035 112.57128148872786 143.44068316156813 
123.880515771833 109.2601432818048 141.86527972122298 95.31822849333057 166.29387325065056 157.2302391312543 39.23382079621553 48.38916295519451 184.9814471327555 132.72104672831694 112.35037239815337 166.29252399817992 85.20445644299058 213.8624729609035 217.39258760589695 
94.07953535797657 11.978060862411887 105.68383362176132 43.043965043307715 90.11651072784416 150.34606280800398 87.19952548661256 75.39652875025455 60.260555732015945 233.74237628265493 94.20189589842117 31.350158622235085 201.79500101645564 50.3320787730973 76.61084897158837 
202.05288436782948 114.40930394208068 226.36684822387693 36.74077168043799 174.40458197292747 127.09427622316286 169.6249000906516 99.29581373051124 188.61282694555197 131.3293061985247 54.62564259742493 233.2158751387615 131.78372571470982 60.44411333757209 234.7615224898539 
19.76537003132041 73.78294289610461 221.64085026464014 183.82693454091424 176.1494571938281 173.96437180433395 62.6911872631404 114.55839784361956 136.3229061679748 57.617542915663265 23.54849951558999 144.54944811304023 108.71800183527012 213.69286788052173 227.97864366381086 
143.05887857341403 229.34949380089122 186.1254381442969 132.0426658265813 71.40554693097938 166.6851813354984 217.74234940625456 175.93386454581494 95.32502059371556 135.76142804304928 14.731148807084278 177.53786715065115 209.72062213150792 81.15137264723832 14.969589267273188 
214.9523805748725 157.70583368434694 31.60078382026835 170.0180358360417 170.0522473681701 215.8313445586106 92.1197262426167 195.26950446298937 16.937788504265107 104.08665486143992 202.4977208389647 98.62318592557034 186.62852751526913 177.80047073319042 107.49740727320773 
234.53770618772162 19.703874053674042 116.54536556889317 189.70489750155411 19.741595829988032 59.85330526817804 22.722396543691097 117.97270052414329 162.2965312072586 208.49566933740437 79.74557074061217 205.046457739467 121.43638775044037 178.6077345212866 51.306643265850006 
129.3035377136762 138.2354711008015 168.61055559906288 51.291521277434754 68.56805938822008 232.4318566254709 209.60663170437775 187.01144340030726 13.410188846336162 166.05486091440036 164.29380483675828 101.01114062749892 119.07257003327666 234.27879345317592 17.815727581570243 
166.64083758459964 32.67135545067638 181.91084847521302 85.12838172046817 176.78981110699516 214.28993004156197 15.281124217877128 64.04403207536502 63.56555191750798 37.2358300071182 210.3332327025977 21.583421256925213 220.35063704830313 71.27597686843906 58.27360969368044 
93.0098084195072 216.12405064522892 103.83232871203353 21.19697760070595 52.33759167402932 101.14083525593728 29.009662809538636 90.36731568259928 82.81533862257429 188.93500238215134 7.784039789757513 39.63190307338025 109.8746724165442 205.67210792511264 71.14957922179254 
89.46185661381479 44.22769906756002 113.76704855195983 137.22588731505604 23.874383176940963 39.57057155008441 148.74556010568588 164.54268549508606 146.8168411638613 14.442352666862902 114.61803656682284 128.6457028237561 24.49631220530926 102.09628068940675 159.62763180110534 
36.234624667801036 132.5423261420377 120.31761605875903 10.523478316424267 43.0022187268553 125.62297084729136 21.23977445748739 29.370359582401612 59.68481988964034 19.390018897017953 194.46483791647006 180.1392449668652 122.08547918532403 75.4957392742051 15.88214387028987 
129.51454307670974 45.642027271442636 226.9582195752903 68.68256794131901 131.18287096174686 114.09047942544106 49.43833009105437 121.52751435199774 226.92396503229057 26.725264876706632 66.29174878543449 77.55836619674992 12.033455579555405 141.19576074308256 167.99429171290367 
27.7476674149778 152.7987558100391 137.20609646685782 29.896025115545942 92.65871635208859 144.14574405363152 179.40743552229642 205.43309370870207 226.8114613702658 80.70313683981395 114.38882679341621 72.99426449218971 86.431353601041 198.3200905193302 32.90095885808137 
70.75295122424052 147.75169156560838 76.08759892460995 159.42295054296005 17.970038708796558 192.49108226450923 17.47310366425673 34.71313379776822 76.64926867232676 8.853415673074744 132.61357585010438 127.49524276742761 100.77854349965534 156.83746915774043 78.82624334410959 
162.00680553140594 167.68224050087923 164.3097304743765 80.15655455465095 144.18271387784853 210.12390225747015 13.349512199284117 202.5239472724808 207.25330394756213 39.334736514092576 11.172057263354382 98.87952238059202 33.28696863888723 233.09109379130203 41.56577362998193 
100.51583965147596 130.40129878706261 207.37982989488196 27.74183303605726 65.81065490690042 135.4622426354934 156.4624965944874 62.179007874775166 56.93200886419064 45.659416065775325 214.72719692286896 207.7308567753725 131.53688964773625 53.42249219588866 90.70587359158583 
222.58162438704838 234.35436713168951 86.8028563730883 182.3620432676958 169.49961477558728 41.00293301697895 218.73222298515245 24.08601509453146 76.9733477847838 141.82130115912904 168.94745010490485 210.8559513997392 93.9851018588134 175.28259236168225 231.22562119352193 
141.61026341026826 143.47869934047375 223.16228508893707 17.04050642645675 54.33336034495821 109.68917176253461 99.88048872923633 42.65688611762056 176.0134388762117 129.26897943637402 202.5216730193248 201.26433332495213 159.55661060554584 164.8110043653091 76.36010815767642 
187.59219147264903 36.89135159887881 9.748203735978002 28.254881343645735 181.06698391133475 104.69493424674391 58.14780678756564 52.720754210492665 49.14181693890455 32.75222163290472 206.05580276082472 54.287750428231085 155.8305918408227 26.593323138504424 65.80886474850814 
121.26576023009153 187.29610832074025 127.34677463329459 210.4452154312578 28.828781586105293 28.355418933680482 137.4104361662511 195.44090209848832 198.1091405523924 125.82691644519383 21.678944091888226 166.3693829160906 201.9619024672218 72.69059744960636 215.51402819663846 
227.38606529577848 76.82143476961761 28.53567524386496 110.47079733817633 121.526950016647 221.73178962992085 97.06025126805815 172.2328068082493 69.71769309947896 152.95799305178622 192.5209268747125 186.505412803522 45.36308714147553 59.86289547274578 194.8490927727188 
89.73784575021145 41.9165022720451 85.70494959701848 18.750705235214962 115.54846181749352 14.521527716010109 27.515273678084778 32.74308605314326 89.84009280800737 118.35979756125923 61.98194217237908 116.66838355752665 135.5832599154886 66.62760097552112 172.62773781640806 
84.29463464499163 95.81306824108016 150.22051581774468 165.62245765315498 88.73772191971884 138.13221596549351 27.279721975816997 148.70023114532796 69.29707075533457 10.5838750235527 57.10649841897023 131.66971015429868 120.63378771882235 37.074130272056905 27.65109370907249 
64.00248208197758 106.43408177386436 120.73859249868076 118.87826720750802 69.69821314542864 107.98806367518583 61.03264758613447 119.74859965367023 38.118267549516546 11.34784247819709 99.37799434723061 82.22473166757884 7.3032142886591584 23.153573362594454 170.02500151327894 
95.953579098776 39.727892848390766 24.702930138334978 132.9689397301663 43.326809151794535 119.59611478846222 71.03018505769883 87.74319915688676 155.4287824680896 144.3737708467001 39.09697639182797 126.36575523121597 154.74631245236736 146.3060834187122 21.270877024479415 
91.18583649103861 32.54408192162755 47.45668535664732 139.95892830762762 134.85551420874643 124.494798995338 86.19441347942806 62.947444998122336 83.1809088248396 48.07438366917934 35.33721013091619 152.36356487054007 134.37701006439255 88.4364638896218 166.23305702164515 
72.31905050755036 13.524305188031356 12.433298850895643 70.94836026660926 106.90940506912251 89.812074428303 140.4975359278548 160.3825669723584 98.74130651404079 129.74580706897035 70.51356769753136 159.9334695928738 72.24226618656559 28.818601963474215 134.30871709450417 
82.81488570850452 33.57067650635729 70.23162014916551 146.9632531910156 143.61129073977747 109.55770921615839 82.48708757645511 28.093181483425443 62.16950902111593 71.45565370540946 18.220657247264892 83.93294366808614 128.2126668795623 134.25013101021023 25.276340188482372 
156.08531137682735 31.668709439523568 165.72481858591874 70.95257045842268 21.26704170872113 163.78410212609538 99.00518188404362 30.608465138041407 169.77103698756957 142.47088720537346 137.70609390350353 153.25097262282742 114.04283332157222 16.240702303432954 30.570212154540144 
21.82253366772733 16.29089564342685 71.45152720212099 31.285057080095427 90.88767642903447 68.72526017801566 30.071089365068275 65.58539579515127 41.18572413208529 56.00353900874539 80.18300012020443 106.92819258803844 41.5366967368679 100.65665114072794 113.2140739799565 
152.9787488066139 103.3704550562285 159.473948633958 15.769844063822188 23.433519532311294 81.123016090735 34.43200037090429 22.875496359382105 69.77587082906774 12.181930633101675 65.82634390825547 8.490721375291088 111.64631989670431 110.38194867372795 143.94848832994802 
148.83670089465534 101.60348566098199 88.31305535056141 45.53454133024105 84.93473820387484 169.88665589862165 125.10427145971347 47.73829090964409 60.840728945950495 51.80715048439123 139.84962194215734 22.961807659632214 47.840307433082536 109.5614821117154 73.78779984983747 
142.7036693764382 48.34282382944379 31.183713839890768 136.610186732182 25.58545218801205 131.39091221830324 104.35050128923159 56.236308053521086 142.98089724191942 126.22984427688122 160.95486189530732 78.99822406805862 159.44804368695316 93.10074691076422 142.39504626634056 
154.33855240301563 73.1789007290805 140.79334109980653 12.66506543904421 40.034452986202744 127.19124562777056 9.934133751323511 35.11483792710416 24.077662546370277 96.31465558994849 70.83678460674511 97.20901240775584 138.13354670741734 122.77389768506967 89.99475844127736 
101.51368516938994 52.024047595071345 58.97622330558765 117.39102815424303 138.970862284365 114.15358693324842 80.75352277428134 145.79149153385356 165.3470453700529 161.7387170662658 169.7757302637384 101.5657699441884 131.7432955335127 89.17153500455358 164.46454672374148 
55.66282923093637 20.695375203346483 22.902134734364083 57.81224527940867 48.16262812293783 43.218155581518246 86.48828216638728 52.2812474725459 54.585636862521326 10.943243889099994 78.8458351658776 59.09076642954864 25.522492885662615 110.0330862028861 103.72548533079497 
73.71418051531349 43.217825090139655 56.74021619378616 135.4598709606966 28.18568483041238 152.3169119333209 79.83199224988425 91.16260858031795 105.27569347761096 168.0076754052294 8.203071651059684 35.07826245136868 18.01369356549356 89.5946939582779 79.21831335067252 
14.771198521315526 43.41847701631573 171.27815558489272 61.47161765653257 60.92823468387695 143.7783450216545 124.19949733541857 107.3139402229386 58.04919205367556 33.04252371632248 40.41224789446899 120.94258353952522 31.59598282963191 167.40715498994706 34.09125769956297 
22.715105214345485 32.37149432860795 81.84316110531041 83.06672966999493 157.2112415028609 91.64986847858695 129.6380603793197 158.55402454221257 15.8417503148674 131.67528851181606 27.211422310702584 71.48071760872791 62.479693699489545 30.337941121504144 55.71357864381576 
144.48960157444913 102.39333552994769 106.02016036466715 16.424023167360126 140.49893777450308 99.62812104847637 55.73472277391996 43.7976275753339 10.03278337134358 50.503147359916056 33.68549377263747 64.37089803596758 118.77449921344862 9.321652173963258 76.28230191850326 
95.17551966159373 155.5865572486689 154.17048047699672 41.618457092839336 20.075523420928107 121.66716425590056 57.45456680561648 12.983756052100121 148.51111626094684 75.83577233747899 11.385482926978423 62.13204764437585 106.65435701667104 96.75470392161874 42.7859340210059 
103.81456921096529 167.91219250225606 58.025597785776135 81.79799696200212 131.2759747073643 101.82617960752314 136.55956559743004 54.09411459984606 67.81799982500738 125.39689368547356 128.60855531592543 143.44700847974906 137.52631041520357 78.67206285664403 25.660263453895112 
80.05048811760064 135.48633797981233 102.95937696485949 173.083660090215 62.415228712634054 147.75007308297285 61.299463882246165 21.934956432055454 165.953135788434 45.13568815355018 72.90424351518077 100.50711676426482 21.658276954920765 59.03267040147597 78.14876185893351 
77.88856209420452 102.71659589721095 113.52489681197987 109.6712000853722 102.29162638847629 137.79966700791846 47.907484358087046 26.273303824081534 66.51429209514055 109.69559859333425 88.00354791500627 82.79192241109946 129.0982587353892 73.77999968404205 14.898444539801138 
123.03611777877072 105.92597618846874 9.416624786776906 20.24611776543741 18.362379555805063 111.17061837435132 31.067737630546443 52.52298811356629 91.59528358519863 87.40977852577096 48.127818819303705 41.48958748723178 112.50647948940815 92.82281626940839 163.88778385244694 
172.92806071191382 10.460563775058523 144.43706338717277 155.9044524320455 14.380092359007003 135.60820649879457 103.28938668758805 9.098789821496316 21.2860974056142 11.604213462729021 92.50293785463789 84.36977263583783 89.82368311363747 44.47819230733209 90.09313834970398 
88.74956812461281 120.35930069723327 64.30865789423117 156.86751593467739 94.56713896382975 42.13249426820955 160.37138201054614 55.787808942465084 9.002587459221479 131.99808224966932 133.4482114794569 72.14736044732406 105.82257251112063 142.77426051365052 74.23353512298347 
167.41270573706146 108.95647484154163 116.85976195486886 125.13269601435805 96.21538588479433 60.14070933267244 142.54159314039646 170.83270744477608 13.244997986155266 81.4776444414435 60.88889536065247 51.14849932749458 71.29850301427052 22.32645055526239 131.86515029898283 
128.13431085696243 18.837489634240605 29.539202747746675 74.51479981414317 9.594142511541941 138.29717124866477 86.48758793143003 82.49699104857748 56.553456441032 55.794069806053486 116.630945202796 26.82410546896792 107.1872289028665 144.34956299046746 153.46311202827388 
47.317119792567254 68.71866929006023 81.1671428145972 113.50389018379902 67.43094486516722 157.07258325736467 61.49366814217991 117.07352213104386 114.16740676776558 121.84100761313879 60.55669579171951 139.29160274639173 18.798083716456915 8.320172725007444 49.4819221723065 
13.25961167053249 85.46339174208158 17.100843616683694 78.73722339631595 162.85075480149334 89.72427839861146 29.622368836101113 34.04720366800864 136.63968334783704 162.66989927305934 89.33457786225861 162.82891309767894 86.56336983317276 27.89130477117908 57.991336295510884 
101.11257423082323 97.85432729883209 52.32303492008127 33.55967722171794 135.8480715995014 129.51673185413102 174.767416203731 128.5988425413432 164.21944872930737 135.82518095871455 201.8119642132168 122.79150461559684 134.60075975193618 25.51851518503832 49.802379422102064 
81.1688705704579 151.36630363432016 124.49518391622692 34.95701117548657 123.32478048112844 193.57143945734276 146.8399949276778 95.2585717732022 146.58893356767027 113.43440088899648 186.24906686847746 191.45057039641836 168.36726794524373 33.23416155760421 138.1381506012772 
55.303467185697514 205.58376133142198 89.40884254352952 30.79128764514139 37.95652941952085 45.75871026213677 136.8941581729211 70.59580886030977 211.20973007380627 202.99724665538903 89.4451319164939 138.34376246007542 52.55537508544172 180.25564177745392 135.97653175402473 
96.34442129938593 129.6807727674391 100.62753280021704 69.93991690083794 146.40113864900013 98.86313332060601 38.234899210596254 146.03717316785117 101.2098010171101 53.59762233670991 180.24835338184678 122.12805339402145 119.621028552496 30.25634007533118 40.37661552578341 
100.63772182266565 37.6015877800371 118.33393083037407 189.73273343633144 167.54709744834597 27.267508210306865 181.30143270871415 162.81538300087556 109.8521742963383 67.03878938540652 193.7488717564182 170.79348062979338 27.59287526403406 81.21294204685579 186.91444923823065 
189.33481399993124 83.64915176742181 48.14121085932146 40.408528941899974 40.86114031274863 81.53773444583675 88.43526970035983 64.44902172303779 144.74976692037922 135.47063589628772 187.3686490616531 143.89845013830006 147.07139606734705 207.54872978123055 48.507551596285026 
52.7988382141853 55.87120195237348 178.85775822313195 175.577607923424 154.71559385402765 165.8656993937148 182.8779271638094 201.89428487892064 52.47916910013281 69.30576146343864 55.81048605916294 192.05223953173285 211.30695033838347 42.8595433704332 70.32576181922624 
78.83037316959991 167.3150745835428 197.44845062578264 147.42413442996286 202.25103822677465 80.55130103748364 212.29306091612304 143.15410360864254 67.09762013626647 32.77990895864355 126.45928806017724 171.5804245513275 160.74525853402372 201.9284726606912 158.72156155304498 
87.39025746922769 210.0848654879911 111.5089661395941 28.41567395964963 147.1426107758881 37.11422980860125 91.91298700877218 81.17989349609158 133.66287644147107 88.77773999133979 130.5832510375431 33.16939153292121 37.069174494743194 151.35649295440078 55.48445824046383 
96.69885604741893 129.5075527907973 138.13503979891362 54.12749745980366 48.36894065041332 72.30679964195177 118.27519329413022 175.26697600307642 153.67263736015792 29.271421858727784 64.04069170027694 84.72062257553759 206.50336184383696 43.51273873552918 129.8804561913387 
157.57678413044434 50.61008087071215 195.88552520783728 86.16980135282384 25.442326497318028 148.11433786128447 174.06545994970202 152.77706479434798 40.52967049767227 150.56719797259316 52.63016630667595 121.65527703832522 181.90603654312102 146.13625746132595 173.94290500025116 
48.625810069888104 191.16984783396464 43.73620636230914 191.53789318728423 95.2668388675448 146.52650976386462 118.96313089822655 108.11301655791415 120.0321362885697 66.95888933530335 56.1757082499294 202.2980148314916 204.52255454443647 208.79544607908883 150.81456350245733 
207.18522265543007 158.62763256133718 44.98157546432594 156.8433265423567 173.9023298863336 29.672570853543515 53.786133032115686 26.520213516452216 120.2577991380551 41.0541312173422 27.766106669735716 200.42639535398297 28.541442995725617 56.28018851335049 78.87719370179467 
135.23181173139284 155.3455094527935 143.13312038531075 144.6811469191585 179.6072285389877 158.50114596128307 137.48148192022688 46.23810215565892 69.96882696331843 50.931123877965604 154.33103965148155 118.12216850284739 93.91031870195796 84.99545657320866 86.29551425089782 
147.21627717160214 46.57200257292429 125.79322813911091 195.94761376180622 66.65041646117729 43.50645979555186 42.99601319182872 62.79970125234934 91.4048331344329 151.3045984517224 179.38311566051073 161.64432470036925 198.2988884588227 58.72201364908277 122.59615285158434 
39.55144097458511 65.85565719822904 129.66462493344287 101.36611738246542 87.26997363341881 49.59883898945907 89.15776102544791 205.70105084786275 119.11642430534549 79.85157399935557 137.1160565957554 135.23209171807645 181.37076453849144 31.209014976742544 180.17020830761115 
117.9385192416911 33.016953591588795 188.29076130656276 29.442127296122628 165.5827608177417 136.68458952259428 158.3599583861381 138.37075674268635 79.73638824022419 59.03342411788561 88.00531033316913 24.93355076408175 168.8977922797918 132.9711969949023 99.37403661323236 
168.21010932660738 132.09570771236127 183.81455827880944 192.96970654362494 106.89041519999067 149.26086455086192 79.48964711293766 198.39361374125548 30.300491937694524 51.21283498961289 186.8357958191231 131.76339344873662 128.32611805074788 80.90960226009295 74.61894243583973 
106.27233018155839 31.60715295566483 114.0886101456866 56.39834064692262 203.41348138906778 87.2767908745994 24.069151492850832 133.02594870272736 166.05304791963812 126.59123432950106 210.29215232933032 28.44553144760946 93.98439649220158 154.2254066712518 116.21659807201488 
112.23063291076966 134.4359662048277 189.02407350740123 125.82165618473775 163.43598155627234 135.4147823937646 209.33653343542872 64.47470660075513 149.5944399073455 165.91575698283657 25.79822945093544 182.50116738166355 57.872285759933504 21.148307277533785 64.37320447428161 
141.7271779809431 41.344128064272965 47.43077906774046 150.31339078181912 39.79922455444787 30.22491056637125 193.2124689868708 196.12121650924146 82.76810900787748 106.60565994116763 201.2787575465509 89.51383021300154 67.46806274423814 103.50980237792622 94.96257235768462 
63.617897904107636 155.71416009566607 186.27585689429782 131.5185602832794 104.27552297669806 175.11261980430007 42.73725814330261 57.048481717789755 152.84691416490097 43.988298807635815 180.00020524694472 61.485678769539966 180.51100962463332 152.46213686355333 123.44331449332816 
104.04438119268609 110.20803133746817 181.82410267031185 20.50940247025887 85.70062192885442 90.01626765892746 38.180974306689606 72.60441848696851 62.23157697999845 24.41786791205638 118.35452929699056 102.38840917327468 183.17528577603645 171.75460186493447 177.16688000125646 
89.61797247893902 130.4622271989548 56.33429492015518 104.97295723440726 25.60948455090961 100.27378365167615 47.15644267546905 199.66525490775513 22.331883664249403 88.53393728940341 74.48464988120307 48.768895615444535 127.976771085498 172.86983566893997 44.74525571650696 
150.41788292517506 104.87885917473325 153.5288021816593 150.63443169765017 180.3650747574942 107.21202833915679 109.0000435631247 125.24062657325892 136.35799725546764 63.48266935648479 40.56723704775631 53.425962409881 86.6986404257374 67.50133735034855 39.0223887560593 
112.87718965309666 137.72890084594212 180.13991973049517 170.89069663925417 100.07426753897427 142.5734498655956 30.642924387721813 157.80037982968187 162.6048901539559 120.44528234538812 105.31404152336513 112.53634928384619 107.00447242562657 93.13025186649755 157.0786277959355 
114.36882418516039 79.73082860849979 171.93116108146933 78.3617506144893 59.949167104189996 28.826560152667604 159.38471926632556 90.5103257383767 141.54965430208287 27.608891670818664 64.11410301267685 150.65163217975993 38.403446658530385 140.55292553341627 143.29271785871194 
184.3829982398828 103.18359503911297 201.95707866781981 35.95371428074388 209.6261652725294 181.07686343287855 34.355283973086024 180.6226098549216 41.499937955073776 122.8963918677532 175.72629205616147 80.77809473343717 150.44172999881414 51.76705977594139 101.73812774247362 
125.16271579980315 207.93671397726183 36.791057668394686 39.71676106652341 53.994347778019105 75.50985818299677 95.75289623843076 131.34847840251894 169.41010915482087 178.42025458781163 193.74460544242078 70.23005127333515 162.93944176387024 191.65857512159377 20.99564031610218 
136.8561961881589 43.18623054167584 157.7425089205002 111.41710129759463 199.47421598662126 76.85557237344716 128.40689323891132 170.01526076758245 65.5674015205553 73.68149317662208 126.89291783027628 208.67523319089014 121.87049565121126 91.86032340930444 57.14395079180905 
