104.78098745909895 118.75656064226592 110.07494414248853 128.66226209807652 103.08440648660228 150.83962977438728 128.1586269998942 147.33389194869835 112.87855417755998 134.7033794493039 109.66048770877144 123.26829037650393 142.68070265533754 137.43924700123347 125.50320466115087 
119.97080152854265 154.47397904956102 122.62566326160906 112.84345085244752 138.03890936673602 102.08395577632713 156.75028025656803 103.07932380366199 124.28860288538068 101.91589726774917 153.45010420425618 136.79202783686605 123.71243671744162 128.7919849856154 149.56136762786227 
157.89587883546594 116.27427853704413 108.25708487240551 163.1019144757776 115.08058181710734 113.428282297116 166.20660472285962 157.14827546768146 110.71945117557644 113.17894753842026 166.5663223983584 156.98253896060442 127.95366320553947 146.72847012927588 125.97978342844932 
120.84985621437724 153.74388058997533 129.79412836570123 105.64100932388487 100.92511900325002 136.02976332705927 163.07518274204824 150.52222572162825 104.00516965587435 153.44375379855893 136.7278178081257 153.5948640405573 112.17966651478392 110.0993225268818 142.62950981331554 
143.62784532366294 106.85122600340065 103.57061285945869 134.0128908746118 101.77667435692719 161.53443111913236 152.52757886597627 155.52751982952674 150.2090988297065 153.95356405337085 123.77342508338316 118.98272881425363 162.31122824854043 154.06165576106125 145.45727606374172 
105.47460562496548 127.58356967280159 100.82159491878593 107.20801850914759 101.78867700923374 142.45205097601433 160.74079869502546 166.01625905470243 135.15284449287918 110.91392597368534 147.11844063719028 150.3852829988629 120.2564472582305 101.05880512556323 110.05135853248578 
157.31803304828293 114.57796918552063 150.13319401554196 128.9896942228103 125.05234816727533 114.00120682648077 162.57478464439433 108.76001229989444 124.76852867106653 113.7571015192887 124.60871695348209 143.7991073836429 146.98805528180662 137.66993212738672 147.74680664874472 
161.42431881191268 158.15176553461453 155.0428738818233 119.28043848870135 153.60297366711225 143.75569674348935 137.70918706634723 145.8650103500126 120.50639993287797 102.84888393103162 114.14149766373768 103.81106607304692 138.82742360324502 157.61250993001417 129.42183372283233 
128.26117282036034 150.19222059444965 150.11791280069164 126.34596614271095 115.24786049067498 100.71741569169241 119.40858464544682 140.28308341133948 155.44564996053327 122.8475996585523 138.52392772512295 111.26923640925119 143.6727834684302 127.33227693481797 123.84675675759239 
160.45648185138586 141.05816025870928 143.08514657177955 102.13378447730784 116.33771836031141 119.56630512329329 128.05425117432648 105.82280806316456 143.15476450992176 130.16537419253086 153.7597239363292 114.01488632330035 115.73391955015632 118.61337776435369 112.44518261258621 
156.50835954204135 128.81023353474 116.88379976337316 110.42157952512963 146.62779084159524 103.90587909905912 158.90928963082604 144.5154375079673 125.04308780810118 162.77865440433843 130.1346379000546 166.37654853952762 159.35970342945558 142.15899842250366 140.52732242134192 
144.88340366832549 161.58429108255297 161.2406946069886 125.53859508926709 159.0460737581153 106.04870241632344 159.70449599815527 159.74511249862547 152.07869009323275 121.65931074542371 114.88012695587275 114.6578069542863 151.45006886449977 139.47484801071778 143.1238669232231 
110.24850058962045 113.5009376119175 138.01454908789884 115.90647890042908 132.99953462347088 166.3147022480068 118.76975633103747 146.73359235634325 147.88332362529582 106.21546007799904 113.17642029569286 133.10518617615293 147.32298941222405 127.08728123723805 126.05487561230689 
101.92124386124905 127.08383243086325 136.72628771786418 133.79228969163438 148.2754000751386 138.49887616051493 104.49479292263055 106.54477928727248 108.91157927607931 129.20070933497348 157.1254921957278 144.904946310756 154.87892448438845 131.1751996227026 145.0196029713317 
121.528015585579 135.9185263641222 154.88668619898974 166.07139298038797 148.41574094243202 131.14241015290736 115.720631470104 118.32847081024967 106.31044502095324 118.41042726076645 113.321755150691 102.69992879700465 138.98926617758087 156.61381123112935 148.19403870231838 
133.8697338823103 136.29918529828979 149.56337591615778 161.78027700603738 107.11443526610981 112.59126798684781 151.4323612173679 162.2533550889852 103.72506534604963 145.01993593837204 153.29642653334315 146.7037814064028 131.1268493625568 159.97945194970282 160.68721858084052 
142.6949286785853 118.42721537389205 153.14870283173042 115.78025814249386 122.77109155612933 137.59878794633775 135.16144974693438 125.11924596291388 144.93204426741482 147.85217589820655 105.63147155911672 164.10886646375917 113.14904914276215 146.45127125742988 126.43948453993761 
121.27890942199281 112.88433133435491 155.7102451192332 115.66992067052055 107.24705628256126 116.04088774656368 131.60944636631487 104.23131540251615 114.84300918200952 151.2131973294622 104.18406842440731 160.27519653985172 151.8863286875986 110.1133766322849 121.00395998993721 
159.5503232746516 107.36399080149656 160.52018130007357 164.53966681207 160.2099617561563 136.04947905806745 144.0881249922481 139.03354839448482 129.5831247426839 113.74517739765744 117.8188952613601 145.60159054307644 109.48238360646289 165.17353659746885 131.40064747585302 
115.56256423410736 107.35026824247323 121.03732555479749 117.1048753994855 103.08307461909024 118.6264638065275 149.73433244941282 123.91005365165041 123.45958304643442 107.70223404047863 146.0079380904159 134.19657372250185 115.66779271641536 156.93303718610096 130.73423371610698 
144.06052693265002 122.44141148685358 148.27093332244323 115.04481513737515 152.36173355610467 110.50539154060286 102.70357371329592 106.9572309038506 157.8017533629802 151.10388514643654 132.37050597173192 162.03982456642777 117.69871435563518 146.4012501324656 162.79819622370283 
144.87771457824314 164.02934737895816 161.66625469844055 139.5983314712676 123.94897251620979 115.95343075706545 143.12662381120404 114.21922981808937 123.65312169855815 125.76798734106407 146.15223430444433 116.39327723131119 151.8443677256291 135.33077890248597 148.143507510798 
123.61796902432972 128.17232586091185 141.23291036119906 114.93207009460218 154.85379786574887 108.7837231000793 151.12582637393524 140.8404165148324 164.08281194569406 134.48418407290632 130.41496058943358 148.75355810907783 112.40393651332829 129.23467448477632 114.87191811586658 
143.0196630684348 122.03239311459726 111.63975918209015 121.13964323684357 104.5273505408098 104.8478937103916 106.20429478063932 139.6342379125333 116.38878851745056 118.41998348383208 156.99974897681997 145.086689904642 107.01045100187307 145.42513909861097 104.3807556301636 
112.14790784439106 124.70708429061276 142.67301022974277 131.541032262074 149.12230750771843 130.60207799680146 102.7509220286882 124.98542971301669 149.17358902326652 125.64489646849063 149.9987308266245 143.174806914283 143.72504500219105 158.5457915911137 109.68893485759708 
109.972087520732 126.97367609695422 103.08124631228297 161.58143297867386 144.90218632515513 162.49289483550803 120.99846597902592 124.92889589945159 146.2230475551986 112.31778855453882 160.8817172472327 145.14438735445327 131.86254091124044 160.77256508804473 156.41793316812414 
140.02377008267837 146.16148693905274 110.78918887887221 160.13733733779173 145.6352598207524 105.8262506463883 115.47437918518602 142.88150127568076 128.66439910624305 157.27585964448454 140.29409670362148 112.09346384903056 165.38220483243165 121.69408995159554 102.24324794624229 
128.235494109647 106.89349033011109 132.92717009564308 166.02481004603058 146.16487134897957 112.18710474012263 152.542313522086 149.60719683123094 147.62135243352208 128.24772647746883 120.7995502616246 138.06234953899263 129.05023906427112 111.0884424392462 135.90556138119322 
156.64690952006438 125.41666480991888 133.2695806681778 108.59925393286306 165.17759813399067 127.03664036695537 146.76637385446625 142.02211285375003 144.33702560435881 163.9000203071017 134.72712662644832 103.93553636276725 159.57194324872833 160.64736087017238 148.79019996635841 
139.878434492524 107.34503794502018 155.51967359246197 142.0425464598298 120.12015875684745 149.6221213430372 145.49407205166156 117.94638794455489 132.16193732498124 148.75727531865508 110.45907015416495 140.68879728669654 130.91340162322945 155.29568746927146 116.20752776015382 
319.27823198047673 30.939833049951133 282.1939872579523 169.0777036558943 287.2163251065313 68.70568650580182 220.93669926576115 233.68945880995147 137.2678889360131 247.81153524748242 270.13060629497187 11.82286842728848 48.659790629345046 165.74380290148287 199.78421309130988 
247.80493113750413 208.31819411934435 31.226959240631107 264.908270996093 296.90847840505927 330.1775730219659 13.094922625900876 166.78980695446268 239.55249846797045 320.1037446223882 226.47197604592225 203.92419517484274 279.1006187115282 318.4797825041984 148.6043093861303 
206.14416204650485 352.80851371728744 108.93147631821388 235.65983423349076 47.91374747808606 38.47853048079339 241.34461386773893 82.32934950722368 266.8951670947804 190.35556267811904 352.7317095788382 22.645031047284103 134.286445194819 325.2136170206428 20.810913127016423 
19.092988605568134 267.6542041607692 346.11353111154165 102.73518740393922 169.45034378627685 166.33418261373606 172.88046888571046 38.13360941771701 343.3310156751639 135.13860913216098 74.84653705241107 187.52732056452857 244.5674923073439 164.37181622229315 181.61853377669314 
125.71931129173333 261.8712521518064 14.43822279441556 89.67524718631131 50.03287319374198 296.06908382394647 315.5273206810432 303.5102464068935 79.32693685772394 54.21421959812596 246.97127065736305 7.186691458973883 179.2319905468848 323.4980064607883 246.73410438374975 
116.08815430712436 198.58690100960104 124.348383955398 133.28404824677915 325.082491481985 221.87450479809752 169.79645977850862 191.39595810213922 346.93840136842505 254.8272787554884 139.70988885273846 108.86405496082838 193.21096478957514 29.18425019587125 89.68401060452102 
311.61788198030916 125.73454808648263 76.38802751710742 128.67330385687615 149.88983877320595 163.81625140107877 44.97874156598001 77.16155282800585 276.45480976144637 305.4827306330475 67.22862187532347 151.2536347125561 225.3250726708909 174.72407698853277 172.22669165384372 
323.5782514090807 270.01572336261154 99.20897944061802 96.46479197329 68.61234247167258 293.9798444078176 225.21298566775044 327.068697110326 126.47725150299405 154.3643423645217 135.26403816128231 15.810538039757876 235.61450021561478 103.97785846058898 123.76967195915431 
21.42888100102065 179.19802045277703 27.869863622984735 169.83288046669054 352.00688532417166 242.4371221274218 269.1393611450883 83.31115626324384 200.48388446890164 54.70647289527222 203.09995803441535 196.03674004062697 81.93809817299609 81.49034613544794 245.49144602023148 
348.7280474609523 316.5818398903452 198.6243902513295 258.0992901334205 305.8712782530784 102.4666911980362 242.31300938000788 166.7069016810321 336.2164591040091 126.6735959484891 107.57592643982525 137.17584091174285 350.3529162444901 222.76610566333875 288.89535352170077 
113.38989718031108 227.0786073357114 251.9039813065952 209.2775328368735 213.84356527697582 287.80951818475836 118.82406361475711 274.88914203982785 282.0595174657496 100.7950345823389 230.50292618012776 143.60980122879062 246.88579651605494 75.68430701287257 17.710632590376818 
173.16155325885126 214.23282483754764 86.28474453662618 323.28797889065186 144.77266761151918 296.5012559689284 17.340641554858145 27.564892143008194 126.56292518295052 181.79791203547938 39.24431568583579 301.89530725674996 74.54603941862963 138.5434505163995 306.86066197767957 
260.7787181191209 310.08095829614246 142.54380839617613 131.12153077441027 29.86794292671929 49.58932808640681 92.5485587270706 315.25936835719347 244.37636763600887 73.95412685681755 111.5616217344399 349.5895045284776 52.52966385130363 227.39408802127593 73.69955858540766 
292.7790944152811 250.14908281425272 46.55180388879403 118.41548461793512 311.7498587831576 176.33390325652783 147.13276157256365 202.5401915356017 108.04998997179507 301.1870669677904 23.837645690940466 263.4316518524598 40.3214276798042 212.77711234653685 271.8594843645064 
66.07758539446468 63.188043291433054 264.0535097607843 284.73445943746714 346.87099403477765 133.86447085851 243.53131100999258 142.80195204345023 196.25337360950084 330.3888762485048 320.3329636137059 159.3719859520669 122.69894259652122 130.39319838505347 258.8160534768391 
74.23077413285769 313.5792927575038 339.2241365358928 228.72901103779537 157.95641441021752 11.75246525773324 274.451350449161 221.9192742841434 282.7359103748574 99.0059294530467 97.19601508220805 107.52601598495639 207.77077883205152 124.0939179190829 241.9662434801919 
60.68135402698345 297.24758936569145 36.31044660893707 249.74641195051237 285.3955398516634 261.1761686175646 321.2491804671972 44.99036010474904 41.76412966336742 7.197040777252074 152.3920645470654 257.3929738905483 168.32829178700632 168.42311179270433 109.24284605851915 
164.3161730528348 291.87193477527205 212.49623045748098 194.10191157899874 245.0968975542125 257.2741486132941 316.37706208744424 296.97664194698507 247.99636402906418 143.4058668975921 173.60588253288853 158.17324164801425 209.9516056786939 185.73478784245117 39.608411981168736 
297.4427528836093 217.95356419136482 237.64716503939468 141.85058215219254 100.26045372602809 199.21235311260784 112.2833985979325 30.811216701845662 81.61526582974389 277.08742902942305 22.204134316806833 206.71769774740642 141.03369129386317 142.66620958180272 130.99658405158758 
121.58676336042616 335.11836350092597 99.54696036482298 294.8304169241404 109.26704958022901 120.19320178793623 17.538634249225648 297.19749173359554 74.66491981553972 42.53994238197672 22.763672256370796 97.84258194801836 251.68613863082277 63.344158548250796 170.6975504553804 
29.702606052261864 9.671164134467421 85.79274414824808 336.19317291544036 146.99826754472832 42.07769525250505 157.14449701183116 85.29979596361463 11.087526686608955 266.16031479126144 286.7832315534115 165.40652375145407 292.6450073429704 284.55145201449875 121.93248999568702 
111.90378560097038 291.5811426872299 261.39174088118097 29.006946453098937 159.9307366158406 337.8712884945668 147.20505709429358 100.0646052667243 181.25103564736133 27.92578130615134 225.44083113442798 330.40510771480126 273.8572330433038 142.24628369796574 208.10216473090884 
271.46343750896995 194.85223145329894 84.94752253659432 15.995944113169065 81.97211148281838 193.1596631374759 51.851967268159676 347.2188938270161 97.26490213755145 278.84362992578366 322.3783883127314 18.975378970315827 8.79407157729115 214.2633845538341 133.72175916453347 
214.5804433773236 7.227504634670914 230.30280061699347 307.73976578228303 163.6160210754585 88.24789119417342 166.07563114302877 338.45652209106896 192.86621662973022 88.09193577173365 168.666135493894 257.5482791250004 129.07853191702048 121.99603426258406 211.46101734433825 
242.4031243073112 348.82927954401197 333.31643547190936 37.543041468598624 340.23433525570323 60.65661714035231 116.28517450280174 167.5009274250628 226.35074173681875 73.08613710203095 19.34329218589364 201.19934584333714 302.0209006007698 290.965578459381 179.28950265193686 
179.95761357559854 72.5788466424144 299.01406147553564 72.10282705569075 346.0207042333132 333.1185199893703 267.4496094433502 157.15127148605757 35.24982823072127 287.86861374206825 95.07519614015648 353.74255440974684 236.61499223069865 310.5244129133353 161.61521273814685 
293.48969964139786 122.84360262202932 41.224142196219596 182.99006570271501 127.08555744583951 199.37869774944073 171.8638094880037 133.58816763363694 246.48400388726134 292.6335761583519 300.9071581317054 297.55203260173477 96.93764171702583 116.37752988720189 295.5350146795342 
158.14611759559517 149.35891713715847 167.18192027280372 181.37072966723957 54.12595080599405 276.7567973500636 100.98822538541444 20.23694871005293 261.47792234399907 204.9817866660278 21.462244074408193 223.1907413239004 71.77894117674944 42.35969929593978 91.66251948268618 
83.94999045114567 8.137656264038245 223.22521113410812 322.02240128260803 58.56136165527442 146.00603568946752 177.96709924698587 42.22626257356051 54.441437667730156 346.8177181874547 87.70402194880519 343.6032799787541 148.5549723921639 122.29342308468925 53.836075246753644 
330.14208803336334 144.38715796959724 63.545658480932374 256.2886532832706 133.03018240816732 247.66349310245198 204.5171155709728 3.5334142309353744 331.6649088768271 335.2484108174176 248.8798321756127 192.45749466891158 127.75011423774694 44.322503839763236 217.3905515213362 
186.86951611521533 212.72250190436642 186.47199582672425 108.6157269797081 179.7236921939973 248.12493465773457 171.06303798008048 132.36193906775713 230.8993087755796 202.31136139779915 175.3001381262999 172.2521720558413 215.5922426266903 91.02074891333407 171.39666311062416 
210.52216134136066 99.92948717000502 217.15629680900784 212.5840245256028 212.9997869868292 161.52764339916325 164.2430774077032 181.87948585370393 113.58549449726667 200.7931739441462 121.82789453156389 228.0107664951517 192.2715568663107 108.04492781535237 129.3000908115852 
184.61461716351772 192.3529177501437 196.36848292994858 237.4478523197929 178.0887867722532 246.80056672194016 212.54788412415093 162.79138422885381 239.13827261825955 223.99227544194304 191.1504120521686 190.47975651199528 191.73555643293525 95.82281952780903 114.67020614225916 
142.43768783556857 117.84187858812086 119.74087731411063 108.0929391401072 90.11653698536215 216.26973421265885 246.70444349159544 208.591142907077 224.2833560705772 218.41878452276862 181.0585725609174 172.76021382610278 232.827531805856 99.22196136103062 243.35814785444796 
174.6870772749732 197.94502048985873 227.0805254185111 97.65116854060062 191.88740724066724 140.25798277179607 94.85858165579681 237.30948413798467 163.0819288222954 212.23501624152578 193.99583993816157 161.57905231909996 136.15281682338832 174.49461853212534 233.04770782063522 
232.14379690588953 99.40669644923965 166.1013704627099 248.16059427347264 129.47917362610195 161.59394929931338 170.5409507661886 106.22794091651613 111.68594497914134 152.30378339404348 80.00251378509886 129.3395329128358 114.6359785039536 125.27913475422775 214.85554188493322 
153.36511085440523 194.18795465216823 201.1952384001595 131.44490054847677 208.67111534454838 215.2215692475027 217.40069371491083 106.68628629400385 83.80521168823672 86.06390398900567 89.47765874772848 146.38398133099057 184.20146941863123 120.12215542185263 239.99654036742476 
177.727201920749 194.0198202366202 186.81122154957865 248.1277871352033 133.02319992575087 126.26429645721835 93.86998790571823 230.85987084226298 79.87341641927351 177.5304485878905 172.6332478728143 240.50392917378332 108.0234642496594 173.2432338874906 106.58507624760963 
210.178378213352 115.0704958219771 128.82256533671088 207.01227601165655 222.6834998988071 154.96207100305443 180.11136727228075 124.81619490665662 221.85161052775825 203.36528085954194 236.54305842563036 149.6985800735647 201.8807336731721 133.76768096145855 224.0610109175121 
146.83914421397066 132.3162486867289 103.08826712987533 88.84783215566397 246.1269596219989 224.39420042274725 79.52978283240539 171.96111011376675 191.90641837598275 105.37801665877524 187.82102473567835 233.83701425139907 183.9569776415499 216.83792181442118 118.7684646685762 
204.44545425258514 126.23784397173111 220.4682291949251 94.02699221907767 183.40567217810852 166.30485287169955 124.77076546038762 130.15302040222028 199.37865045334013 182.02473734399496 174.52632462882036 236.0589416224943 231.43201053887103 175.62607799792218 226.79884379663412 
140.22856018211874 236.881656737583 111.06110341269061 160.1749401655415 208.68040123621796 224.27681802430163 95.14388716403377 157.3553190550773 182.0623085724566 121.07839059681363 155.72553011543877 144.31936824195333 89.81414086294532 124.74414821778761 191.29236690938922 
154.25329570137956 84.82564211336341 122.6544259731432 152.51491432585215 139.58150236785048 93.41936862307158 119.45611313446653 186.2067871077728 115.71989635790275 243.1086556046306 222.56383150814705 156.08098997640735 164.6480056234672 226.62011993465757 141.8381134822096 
160.95344067215257 90.93656011357525 241.66729111631332 170.81242802317877 139.20556916263618 174.8750722566599 238.1189892815375 113.06437256443098 106.51877672432477 202.4857527539142 233.28187088842904 207.42285000276573 222.57995086230406 117.81702508378541 108.79448257959547 
189.87011595325163 242.5382891362726 117.36410716246502 204.7551530550459 185.7174528151426 142.0018163766146 210.98402995991995 161.31087464830532 100.00438207016549 177.66240565626683 165.4138552509221 128.0277217623449 171.5671221448701 88.25571471431903 79.20975372296341 
219.81400709637012 232.3742982418429 120.78541749438563 193.2837641019925 232.76117372022614 177.86906417119562 241.00647200974416 114.63025281260359 181.66209567779782 158.87123459792934 157.49293639896777 114.5965705637835 222.15604246600097 235.86639113704544 162.685140673548 
134.1910574113835 248.00428313961552 99.1167363461712 203.6896056152279 80.23258944471031 104.40812641171202 206.36244474223707 117.20442137149438 130.6919336928152 222.7997922186723 173.85882297551913 231.1144142810496 184.42620752393157 142.0423548871463 202.98542373059263 
235.06633650290172 89.24892464165035 108.01951231366688 157.37122552915895 150.57800541424209 135.0948587413027 141.79407936613939 111.90704828864625 196.69284596464442 198.96005910670206 109.47874522666076 211.53667610182816 216.47772797854336 201.0099370918261 150.93882128552156 
135.4998488038239 222.74242095530184 98.58024853223564 186.38153740981528 204.6417556870275 134.36906524435926 153.1850116589298 106.4440027410849 240.5668234377612 182.98224250572056 177.12924327577596 108.60313445312158 159.00866661616965 197.7908094881289 233.42182557722103 
170.41034819206436 129.02531305676138 232.3020326717458 156.18440675223485 107.59140358592106 95.006135638991 114.41039456886618 120.51279146493997 110.77189404751411 90.83900784508205 198.0200296438508 122.52241338711997 113.56379032629948 125.11354207157397 138.30559246660516 
220.54600299610436 240.00426678350274 214.20552799510793 113.27559942532258 222.37280379714605 187.13359815988514 111.40484522715948 235.57220771099028 82.05609844825335 183.5239779017715 215.14748737006008 119.60042482901602 238.35374212092412 230.23215789098907 109.3753620468175 
159.68719999386911 247.37245632572868 240.1952170405577 86.70999547481317 155.81675072231164 231.30864803723628 232.10007272457912 223.9386316330203 208.64949908604584 84.72142033434154 128.30743642206596 191.09411517543367 217.24253579315666 214.9744670084455 228.08631613038162 
203.60828383223344 136.0979428736456 171.43378157795541 177.28702771192567 166.95286250033178 138.78985660857265 122.35193643602364 162.8425909807416 144.32260574458599 144.13298741560914 227.25719938210264 206.66695883256415 128.3370783678182 215.61513148888488 100.47517713661608 
122.28800978454044 120.4747144914368 212.1021681134822 161.05526420155684 151.46460960623057 242.53478861934923 178.74720518663844 184.3675506001577 229.60185349036482 235.05334752979914 111.51391582186298 140.6252633764321 139.57302427000062 115.6673003876792 245.890005084726 
176.5296272672822 156.06617983739534 114.7166682578908 238.2963661434409 209.95731899402068 103.70157995425853 215.0380737774263 102.08902754699575 155.25991798074236 236.35363893005413 92.28661559892325 149.7424181881351 158.00816662614935 218.50853439529692 213.41813774295787 
217.17077964454927 243.77543300830183 147.5363288829537 81.18225057387288 127.27989177716208 209.9947435723486 156.5612023109553 209.06578352838343 85.15264352151239 117.86404664398 112.95721711680355 196.41790757802636 98.82995523747152 209.87910755864735 171.03082420382563 
234.05667987480066 236.11999285572236 217.6243972595832 85.93409597864513 248.1487761374309 97.13392550313846 93.12279114680767 103.46292612817223 126.81425726354905 121.77609113238663 129.16881519650192 247.14857905104054 163.55332320024547 185.05707737693604 223.8469275304736 
102.60945721812902 84.93553894668902 232.1727119358711 110.68819873205713 145.89805768575724 142.89059218542423 171.71900446903305 229.22228916325372 147.49232758697985 246.2362913353797 153.83244778678244 237.95756884863252 130.59753909312386 126.85916561514443 107.71330464762167 
166.45339431114894 244.08059909027764 212.3844082120156 200.39718353828437 158.62657929995999 158.6782958910269 132.17643518612266 185.82946874805424 163.35117829254932 209.05189107676168 204.44579161309866 158.02284919202617 193.84761903723904 172.43516323661902 133.45472343920736 
109.7488727819138 212.73599620782653 183.3470785795098 119.44824698800467 199.33010791581697 82.59122244256635 90.58254082757817 136.6149799949431 191.6862412998562 99.07573791260916 88.25778542327336 182.79965101171263 126.13908944211855 134.49373767466892 243.14066444852028 
188.12576831663796 194.15110497942243 161.72198697449164 210.07921667331888 171.8505996731327 205.19590373036036 153.39968299620023 178.27281031196716 153.43556817064342 183.16062475970085 202.54724518487376 186.00963816954615 163.21640170353348 189.31725060569 202.28638690731032 
152.8723343493641 187.00099764488985 194.16707875026893 207.0812723256293 204.80952931749505 182.8576312216163 162.892969475002 188.6908598140084 154.30499190028988 193.10498090819888 181.09634387217164 183.61264862443542 184.73922061745253 152.4271627661163 149.61126080379537 
152.95179293952916 190.32165907256308 170.43747355475702 173.10835811398118 207.77639582784377 159.36034581325913 184.98605221968387 173.68149868147705 164.54322246381386 179.080317278636 156.42906701424238 182.0634275016937 153.58994198260945 205.04093167966798 194.08270506436497 
198.76646967616398 201.1344927395643 186.99962097477356 205.9240084872422 148.71804145271423 176.44491500358606 173.43737007276818 190.87125641022928 208.6791680075974 181.08566289702372 152.41686942088614 153.2955984461622 209.92893056200407 155.19165086231854 194.68184516191303 
159.9995826292507 204.69787072066362 201.92613965953706 184.1578984533807 201.4821796788401 170.3188310571213 194.8351394185235 209.2260576314372 150.9767925941344 179.36854463707868 207.78508303745727 155.58907925467645 171.4210397050327 170.93699091538372 190.48895271519143 
156.6494058964051 148.89330750470887 201.95766331498828 188.97654969383802 177.6284001315221 149.07483553508268 187.06431198790025 193.94514908322475 150.07176323404616 187.15320760713746 197.8571508095311 203.66239397411852 208.08516931062536 171.85954615928307 163.39311068696435 
158.39861503194507 208.56750307256448 177.70172859968528 177.439371296035 158.71189748927142 161.4093791958518 151.07777738920373 158.00307749687968 186.6891824151209 150.33901790229726 177.07792742583777 201.506000365328 177.64698533648988 192.4868989766905 199.42060043855494 
178.10917887976186 156.91389768074825 155.17011808540295 209.5554213961189 165.51021175479246 169.37598953507953 200.1899785782845 193.30922596821637 153.62487676675937 197.51424588552675 157.1989366851837 157.96401754061452 152.6982299097118 206.90685469030095 196.2591564883761 
165.89563822148057 163.93179370864158 155.98773338418206 152.54489321881135 161.9730051063561 193.59012260264484 183.80471417873852 162.82241202340344 149.0200924231641 157.95441009034946 159.6056626827363 163.34338407112932 178.59417053827093 202.13266860395777 158.62307853442348 
175.2911823622109 164.51472176143474 186.32845811840096 178.6660978591488 162.546907473285 185.74474639441476 190.17580086894068 202.8137494615693 171.98658858000059 192.71770767115734 180.6054224462001 182.46593871601186 202.53783526877936 205.099179520204 204.0766278207486 
181.22284942351894 183.7179698437556 163.7543264200058 182.08133844471172 204.09984186025167 188.69401221825524 170.568611212932 160.56944105912916 152.877323594943 208.60181812318268 173.8570039865604 191.71580247269839 169.0796741852016 182.20622180816378 205.8618405298951 
182.00021886225085 151.15362153486038 200.12359037722678 156.69299327062973 174.0393566287861 171.18811414741313 179.40563284008584 210.0454229910571 190.10235551585487 205.4619237394607 164.8629880321538 192.5367296535842 208.75476119056788 207.78644039398625 170.92030050024604 
156.67851434544502 160.5566134669594 195.25404330305912 148.9646290618677 151.68266613028922 204.64676561241686 188.6835478918997 163.94488647860902 158.92859365807854 191.76962052655705 181.76336930864903 179.4914328711878 201.7792951636815 175.29776803407967 153.34796055351703 
149.0957522422285 179.13230140729098 171.56949097998492 149.54655482248603 178.76572310394147 187.77372812086315 190.24799097091062 164.99862654334515 159.38468342267748 202.68273528123618 170.63549639718195 163.7567240699106 183.11441460365373 153.09038874793256 198.52599698701954 
207.51358060876964 153.7347865373438 149.13618408485263 156.98454684677193 197.39662101221995 173.85678288259413 208.27069168322748 199.4381058248107 156.54890383656274 164.62975445687778 154.05097031861763 180.03656326040885 193.1355285719633 155.61327493274197 163.71938334230083 
191.58295498190378 159.76007961249903 195.06425523929826 188.28828688041554 152.55398413972216 163.14775135714808 165.28715318961372 166.05147211459186 150.58256166600782 193.88590022128926 188.11995076778538 197.8286794775722 187.45081119014375 178.35433482127624 186.8683086434345 
158.2568210686174 155.89285208697706 162.22883176856493 207.20195406039977 186.19640519349832 172.00230672803698 183.61466681632447 206.45414649823414 196.16359889659122 200.87101869030104 194.1225854717527 188.28237266514873 201.11607834844233 153.31429831976314 178.78058250501007 
207.77719873451764 150.8308717364692 187.9531501549797 191.39774142415467 174.73102270669136 166.3560227607297 181.5475641022373 186.46194972343116 158.37474287592835 152.03146902646853 178.7261435957719 168.11459315938598 186.82860385687232 149.46546380833954 155.53259677898507 
189.25235190278164 198.57242446885255 182.67186970298442 178.21421954462645 208.15958537136032 149.26527284535476 169.88665096585453 186.74447212768243 172.3495932928555 208.41497020597185 202.27598410181807 189.19490325839774 150.96379809979865 205.53926641258286 189.29329788790778 
206.6368056768593 200.44253093689952 178.1824212697807 155.98348525691299 157.93331297552638 169.43191731552344 193.98738215021461 173.91042812673533 210.08639118205 177.4545250445944 193.65550680023898 171.39671433205567 152.93224118478338 169.45043281762523 155.35005584887526 
186.94910240510796 192.9984539081793 194.79690508015025 197.37117622292854 155.66357543220474 189.34451005641546 190.27048561033922 189.52655547283806 198.46121476787727 187.43311486924637 205.59912398089875 188.3354729017813 178.63079089598682 204.13507199891856 185.6496600691006 
169.20555779898433 178.03791915224076 183.2478797730792 171.30735876046705 173.3816109405905 164.17682559728672 164.420803070558 165.8400632340647 207.8548630296438 170.19875732705228 199.01272812892762 155.69077254183628 190.81253966776455 206.72345259406822 195.83480436803842 
157.53173574201557 181.53884043069598 208.5254704866221 209.6944293737624 192.15047519998598 208.73428979471134 169.0817075338662 200.33135345337058 169.73205378977403 202.5365539063484 178.90993605737296 178.53634086992952 182.11522047759692 167.90477462087722 188.21660143103065 
200.21313544819043 188.5694044451175 178.99848493381572 157.70346576436637 166.44947565311904 192.7710703987289 185.55223802808604 173.074029668789 192.8178997041742 178.6853813722273 184.0040371090006 160.3627772128292 164.5702469939476 161.26956071234986 179.70274654948972 
197.55400092905285 178.04382933975083 159.94620750445677 188.4179092113115 186.84458332300585 177.23106385644942 149.73568488833718 206.04687667521856 152.94952803308013 204.5997103753836 175.13393281084734 176.1508109934624 171.22386901327437 182.78028889783377 202.74492371026696 
171.6543126469624 193.6104979228665 169.07367371206718 198.11066250848745 149.55979747701238 159.44336262370078 155.14575922367874 171.92318317103917 154.12441416659033 157.21617508364517 174.77149511740674 159.15742113337913 194.09060722521536 202.09601171227226 154.44279625190345 
162.60222661626915 156.29198545361942 209.78683287951424 192.46217108608585 182.24583392671204 170.4254613941751 164.8813255180155 167.79065310521375 179.56953634873582 196.03314496066477 189.06823294142606 164.26434876554967 197.90766915516434 149.37048449789 149.49424624719313 
172.5513646579699 209.13507638214605 155.86193662514592 190.0197975745586 150.20351505945587 162.44051103562634 184.30793820644664 181.85836219176227 187.35384747984887 181.53552277197502 199.25076679803186 207.70308317990308 200.41332687717923 181.27070508194893 166.07411553265763 
181.82699787643605 197.52063445393838 206.15357800465867 174.61909352474814 184.53864559984277 151.6574888275401 157.05243793801745 180.70126936838776 193.35204676884536 193.7381537328516 205.96036533436012 188.90985487253286 178.5710939014397 183.22585878505856 166.6513637964953 
171.8735431667012 190.09825311004718 196.91378388360272 181.98577838586752 203.02914285172537 164.6627012256457 198.7134713533894 180.03135565101496 167.16216046816243 189.07400033676237 187.42611232934445 205.72907109995964 149.18327978843487 197.23237380766176 164.3224786771463 
118.7515086153155 76.97186700062021 74.6575606553458 148.15212531795234 61.61458364435122 60.60454623868457 74.47111921719504 118.67945925280833 59.18413041898132 131.68227850857662 112.85416699443005 52.22113020661765 104.84156595818592 139.40228621610856 141.67440902758057 
57.892251759926936 121.47621301808978 138.70682881761127 88.47986405524473 135.51042389776472 52.57124190350688 147.83064723683242 139.49909509881257 133.57537238040604 88.89700453152373 126.2503193612208 55.04032595240808 111.31922653346743 146.7079418402474 79.14127556296049 
142.85836045048632 94.24000927825495 82.82668304662926 86.57262735890137 143.30636531967633 80.54733726087046 94.89115116355819 139.6948931754269 142.77030949690464 94.24309653565334 69.39651318640924 111.8255246791231 71.93917934374878 62.24023816141873 70.77458000569317 
139.89000948283822 119.40085492091717 103.26131836804895 94.10349724116855 124.01252279838864 99.19795823352865 91.800416308434 133.12342455737218 100.16318257151725 92.74350407909148 91.89056823509658 56.44578852531221 82.07904941594309 96.28504917838632 61.41683541039688 
90.78055768317125 145.65980623089024 60.611469499021396 136.59274233653758 94.13725002081074 87.59475944111011 72.90099402164779 110.47466357374324 131.0245610585222 68.15979335704698 110.51968032867892 136.9035944423622 96.65058633023715 94.51415335919253 91.15590656789013 
63.91415755746067 147.80555438392838 112.04072756677706 131.74964695851432 102.8105511628328 136.9231813595691 106.49828116218312 133.6093552480274 89.39564986337271 116.63201709777789 63.45605261689951 67.30653833897432 110.18197264820927 109.30720813445396 119.55170384343634 
146.8409466969922 115.24206009061012 75.11686444046852 98.43050076717671 133.237055635359 140.40729864306755 87.26456520105296 109.18844462855012 134.258238413551 147.89675427595853 67.40999816602799 120.42893446118435 78.93803626337493 135.49215807318703 95.37720107485717 
52.1124886923628 107.31347003622264 102.93793120387396 87.99041761492668 127.69190322695397 66.8870144940235 143.14877544290744 121.2357839719692 77.48320852061838 94.8377431601219 79.50906768197824 138.09714544490942 148.24417371725247 82.82186135092269 115.06442285849961 
88.87298623321331 90.62168811403306 90.65432759186172 63.71477111690433 62.17470285004688 131.11634784766682 81.35051659587467 126.74009774867007 60.08303180994022 110.51561335528703 101.27419475654042 147.3782460018602 71.63341324031552 73.08367032784469 147.31847095078894 
94.22864059014233 83.50117340543255 134.7660394590946 79.74240560218377 79.76036985156594 140.30575095646034 54.044193956499015 73.4005033835904 117.1737421090473 93.04476095234844 99.41948886906883 70.27890136903875 58.06588754200853 110.54168546354501 61.89309392352974 
137.1179688545924 62.3772548089436 89.47492367594377 72.49016765006692 99.46283530711776 79.03970828702417 137.82895949142264 57.82120069621941 95.62468821403118 77.66579018739577 148.50776408168855 118.73841630424141 138.51904708191773 57.1210482265592 59.41718948479119 
52.371941705297374 133.7660283246819 77.87755739876246 96.01138842860068 125.46434597153552 98.30196597973931 131.62420742826555 54.284026265181005 127.75203816762001 129.25342850601172 92.67889015954145 138.6340574274211 109.7819491398181 146.45223779412385 82.03013376150587 
136.42773567805833 70.31656802383173 53.79590539947622 108.1039843096666 126.68707805151584 96.45758748526919 128.95217812404178 117.62890251134405 61.39357733513634 87.26135997777921 97.2848150910084 131.85167083436176 98.53018684403627 58.09853317285873 141.6366112304575 
95.70444684052558 90.35732381274192 136.60149157533186 120.35656579909171 66.06836615880611 144.99216833957982 139.2219733030849 86.11368669816801 99.57078734550726 96.23600595645588 52.8759948707986 72.0610843130327 134.20900999226166 88.3362589211971 104.4089568137771 
86.99542805835247 130.64738859613374 134.205729598582 107.13237733185373 137.5161909622284 146.13492479571 115.74867104987719 139.9465403048744 83.8747520032348 135.9991746787818 78.40228850432896 96.16132711738312 126.4492527425445 111.86510883818057 136.7482639530441 
70.35901143774453 141.33336040947228 92.05806355643756 75.74473161339179 146.04952936364333 74.12376153868767 105.93890910060205 88.76211274223854 126.23239509811992 55.190184456687476 111.92336882192612 135.5477387520807 136.0934817742483 138.61994036509526 124.94700172296692 
104.14721403169642 79.32326581930796 147.85486027531562 61.898716867131554 82.49897164336578 71.43862048246271 54.6526381314758 68.68816250935396 72.57320415859382 92.48320097356199 93.32505354192162 143.29995185931745 86.30298989799743 141.16991185231603 62.997855354922955 
63.852772369131344 62.438571651888225 54.151685607080495 145.5087412313672 128.96325580865033 119.67670660625517 87.97059928897123 83.48713094852174 93.5102888847569 89.55864007175205 116.49946889157903 57.43768432458377 147.18616791140443 126.33496649392863 113.01594237363335 
69.00765942529999 112.91633839154714 103.04533650197081 132.0946048843937 145.73703542206218 103.55974023667457 121.75093690566118 136.6263829126102 98.88154010946586 76.54442660293208 73.65089578570576 106.73299591839225 56.327260084483996 92.95059751667803 58.167441808208714 
146.40728151691079 72.00903076127796 121.56978983288133 58.69745853353525 128.2583598306515 137.3034716475005 138.2451394807161 111.05237811282913 112.2293319728712 53.963510340899916 145.22895758225945 106.87686743580055 115.7930986874013 83.9549284842013 72.58776880891563 
128.3387558892421 72.13366735120987 147.40007945405762 87.48200001168371 94.92575756060339 110.06064042077384 53.79391770903299 143.60142361325677 83.41661003016847 92.75971939427981 124.34981821485154 92.15582404968416 101.55495149479448 142.28576690339509 148.5878005159256 
124.82160833802047 77.58211372057254 118.75544258473991 132.61663925948773 102.19573733130245 63.35392928258524 68.18541328039088 55.690945750018486 121.74354471027428 98.77979871632073 93.0174017564911 106.4777848288146 129.14840039511904 57.48027784105793 134.8865666172012 
111.4083391871688 85.1972911707312 63.73659681543195 97.09441145768434 131.19592048194957 112.86353986768455 82.78100201487969 51.61618280674891 94.38931492584965 71.98376935803512 133.0075589650112 148.19024479055656 112.85284541896806 59.65740309474316 141.34078246104787 
112.72335569503903 62.3412804424285 82.11569972195021 111.24672278996813 55.7415182366853 79.35496510993978 122.82653566219118 78.64243850673277 74.7141662237323 128.60652259488987 135.48189874226244 90.02350975565997 136.5793796425284 125.81398996779653 98.24649371553272 
91.38468406197856 133.57534819490888 116.53687601174947 76.23436242313744 135.4901937506325 140.5981482988455 108.37476651923382 146.74458530119898 74.23994041593502 106.44891254189648 104.63247488888155 117.92616029034387 84.37880137563191 53.71718547810954 73.99723104969611 
113.20821224636856 128.01960169925985 147.88681566978164 136.68113112408128 54.51600056158795 138.86323151881055 100.61496513139076 88.75676116552212 68.17691879733086 75.4173527766174 55.42402003944821 121.88253086134844 96.62428535706472 89.24664834613685 77.6364932295338 
115.81412138112765 86.27500886861236 132.0118849115343 143.5856649855865 102.41381414414174 97.99434847342499 106.21884570111092 92.54592681923384 54.39300914912808 146.26553029421567 128.75134342162724 129.24242858510917 78.1865064626976 62.703771365316506 136.14601676770303 
84.69060967165808 144.44151059465457 129.67729515804368 59.1073676832407 81.58849311616574 99.29115440329522 81.93518548918898 142.5394242069597 77.94531931043318 144.44197993656582 145.93714423298027 120.0337605810157 68.62338488502735 106.35656370153617 74.92273464116687 
140.228826929558 83.76646396106787 147.59181244099335 114.69760539941817 81.3781750235242 64.74421490916556 90.71463527198887 114.3541749176801 133.5605955344282 75.50834696895768 120.95009018448549 88.454294463299 134.58296929131845 143.64758579661844 126.32939790688708 
125.00768521706355 77.12103895595283 121.79878247215626 96.21878182190964 90.44613800713373 140.7352590614543 107.30954833043444 89.95298118018638 59.3886880574091 76.01951000855126 90.25845460380808 57.98918250896016 96.37150349990989 73.85959359346172 87.0340386003318 
-86.0340282669137 27.963493468117505 96.58868453791845 -62.23006986972124 1.9644422860770874 23.414185925676705 -3.439997789945153 16.640224705367345 95.95039290998815 -64.35190299234753 66.16630996644517 96.59648438426777 -77.41223595516318 3.5285814183174153 23.507581879963595 
-85.1505013153402 -41.618277665711275 80.68064185989161 -8.74066714916033 -64.83179507724986 47.65524359614753 72.0784222370475 36.815451885499755 84.82905756369561 128.07829514403082 65.31517292387926 54.75988962836351 -31.190960513970253 -9.029731216420416 -2.498911385086245 
-20.055134479799364 98.64105983439737 -9.487562408776455 -62.73178478847288 -87.14230660666664 -30.02792303656436 -60.80474561279507 -37.20441842514964 -4.51431132206956 -36.54697571005282 71.3987263216211 82.34246938542006 67.04117675601336 16.225674574145515 -37.3602886684135 
-23.710635462243317 124.7482268676541 -37.723988383610525 -32.62137256592782 47.89230857348062 -67.80217635896756 -62.45442022907471 -35.74725573557472 87.46941526945366 19.960501149648593 102.89497174864078 45.50318026418026 66.91428042179376 108.95464910805336 -27.741541784295208 
-87.92019056742399 124.00901912401582 104.38917997725744 -10.78889884391505 -84.6792271623058 36.61506958374363 -32.397002402011395 -57.097927466007796 -23.308629891836077 -37.21583611779284 111.77109316839721 -55.75763386973632 -9.152982733786487 -58.966294057309376 -37.88823947076567 
9.131844833237395 -66.10255686123041 -96.20619097506439 -65.32015960162116 -84.1283654049609 -1.882745944469363 -78.01854563756866 -34.605186114274346 -12.295917950931468 -94.52207699240728 45.39407594373043 -47.329793568298946 12.244603919160312 10.962364951401682 80.16292611798664 
48.728362038925496 92.07094683448832 24.994724833955445 121.01541604025687 105.6576416229365 104.96955839783811 77.4242055058576 -91.6414292331633 77.19138469391012 -69.48179434091952 65.8725266595417 101.84929847398766 -0.7881233678630366 -53.39737558745624 -16.54200802638219 
-74.11031245253452 130.30776720662 27.442169901115548 46.146734209905276 -42.455595300971865 36.28789095423946 114.19302879882872 129.51169694021627 -27.43721916715674 -25.259842177796045 -86.6216056233565 26.265959629435557 47.90029618759206 67.69282618033066 19.221718619536475 
16.963850062293588 -86.73342378540269 49.61185136691367 -30.113744732725735 95.39021216852038 87.61612553039402 89.83131459189656 -78.65661032521167 36.24613431550145 30.246138333501307 65.43369254323073 21.23507536479758 -68.76592783170688 -92.66280001700407 -19.996608910961186 
-32.43513554173154 -95.8863292461463 122.93741297219248 18.81596417590187 127.04777228044088 115.60379511028975 -26.91287574711437 8.791952129334362 -85.23683344625645 23.684173857434033 -22.214559604367892 57.06123669922107 40.437485909119346 124.85850928633121 33.62569810315793 
31.64508531129718 42.60696453339966 96.81647586146227 -53.92068585058929 -90.13213442413863 63.243105464887634 -2.3739217291848007 125.11649746923027 -90.49961139173547 -49.864652138663665 -92.01397619355707 -7.501818763003911 112.89249675143526 80.19305641629322 104.39653425398757 
100.95232688626291 7.779584218417114 -45.509600424301745 -94.49289562748635 116.35847889549223 -45.04695084326226 22.795993991663522 89.62517369249753 62.25043540359076 61.378432440769615 -54.433946278298144 -88.93612076684715 81.97041705545465 26.998175155787024 122.7457712906915 
75.67290755110565 120.36603906567322 83.67309585941553 -46.92484391875973 92.62151843652728 -11.360741476522008 103.95768415426079 -86.85858447648553 -40.8311340412729 15.396672778525542 77.65861116784586 -16.52131059511811 57.59446714221343 46.101064397810745 -76.72319061079295 
67.64755494267072 -9.250194842740413 43.38290502531933 107.54909249110395 -6.727003899043538 -8.47979206561753 -19.550114677177362 26.35519558197481 111.71801505962819 -39.6502008878129 -53.62072327836431 10.264708394919538 1.0019226001485038 -75.7272403484823 31.125868638991278 
83.48293766310638 58.08986580322045 28.938770173932838 -43.406409775366534 -91.15989515943546 130.0525292819311 -35.75050813174318 27.85083025188264 102.39476731192704 53.16774746435536 -89.7183627112999 -94.58306232940636 2.702027765755304 -47.28375794927354 -5.995320565301242 
37.98331579974041 77.89399403281675 70.99671487223361 9.733641741335134 12.762437605859432 24.37839699049195 4.856960851416446 -91.00694125678929 8.079788615228722 65.02684185866715 -28.022698967744006 101.91101084446447 83.84293063674954 -61.72850748871335 -11.89525079516062 
-39.64816856911765 2.8880306908297797 -53.216944521728365 29.939058485464614 22.883719453349812 115.09640376747973 54.65388126476492 -55.676338454140655 27.763885812965455 16.97089714550728 -57.32836590963696 101.64477940546772 -16.405956579851335 -1.200995473749174 -16.51603955125516 
-54.970704693360865 42.1894474224344 1.6134948204055775 -50.86509320112781 124.11736681768002 15.817469177888526 12.2530898501862 -83.34797365418088 -16.56394188204058 129.00718260840713 -17.42063210567015 -37.353078214289454 -95.20547881607824 -95.87809703033827 98.89472008011833 
56.4515445881793 3.9271640918888266 -33.17136154514725 66.01261391285956 60.258750113687285 -37.937297418072895 -22.48025648912534 -46.45161373681089 -41.70051468274754 28.695976921254925 -88.88942840988683 -71.44104941578453 -41.85154370611711 -90.53829314428806 28.89501200073356 
121.20721054292164 63.087694963477645 -55.09575647871364 14.283236967762207 -69.59129077310499 25.82485461484545 118.17445480060945 47.06478759545456 47.393146688429596 81.88345371605638 0.4393969575017991 14.935598827963915 -79.53979071527876 122.50091164855752 63.91753706639486 
110.65668029678181 131.8285534891339 129.28215308115284 20.271948682239554 -28.41919543915141 98.0963074636737 -0.7060639102273001 5.742297540211197 -54.162093008388744 58.57592014307633 38.817328528203916 -27.77835647442636 13.229023879340403 -19.613487584481888 99.28469018168755 
65.10814351147155 13.932850089985465 115.92926087798946 8.99842859368512 38.26628285468405 -92.08353510021588 65.07452730877765 -55.41070894690159 104.70969165176052 4.157002941617492 89.37770224860057 -63.39468154805405 65.43228888434061 113.79480854702996 77.75079648043288 
128.05394420324342 126.15483813775575 130.3327197000585 52.79060818912305 96.91538702874752 91.55476136216086 -33.23490906728812 85.82035548401541 -87.18258402324292 54.18646249698284 -78.38968866745626 22.900165278762103 -31.112686186731054 45.79424417562339 131.7743404452913 
-89.04950891479335 -77.54967440712517 -18.216065328059514 1.2728643096584449 27.79235340868621 38.86529971916411 127.94417097059338 100.8786320809385 80.87283511127583 -25.92762432033942 4.76356771253414 -18.99365615653872 -65.65779926843372 -46.75311483228809 -47.82328942746304 
-40.44976716373997 108.61273119045205 113.84513901345647 17.693378172629565 -4.938535511753898 2.084776084714335 -58.774211421676576 124.09734564593651 45.62792588647574 122.76469902885549 6.141035486880142 14.60917182096594 91.78790348074023 -29.69679025269282 85.18877930480076 
115.15510637845708 -85.60144506550665 26.33737184824018 112.52074165334417 88.53628581096538 129.92408539304353 115.89896705955124 123.52042543190916 -50.15228320333151 -63.338066620379166 -49.14772985940284 -34.72504506738909 -69.57325671345208 -3.4311978769663796 131.620420519727 
-89.71358727995066 75.45164776272833 101.81012622321967 48.548010794913324 115.22451675477143 27.591958797795144 109.53246774483358 -54.61026325362855 -31.914434511889112 87.64741234830484 -46.38089233004268 -58.821983185351215 -73.96767153151674 68.9243481148556 -24.021899546975803 
-63.12383317178909 -7.152589416093832 93.57328059809606 -62.502736349181355 -49.27393198256521 -6.689304421012039 31.431918400625136 102.88514987156373 -11.462501778926011 -75.28348790977395 11.445222321309117 -7.898341634460621 29.753920407333936 -93.80334043874353 -66.6278296293763 
37.390196488446634 -0.8619833149478637 -84.47069883383551 46.06921876001738 59.97944256204053 116.68208010412306 -51.82540980850349 107.01635396550748 78.05197090535734 -58.56697214858046 -49.78205294634267 28.857234059589217 -46.47794081675625 30.422225352389745 -64.2056914438839 
52.77243425632008 61.92542926295954 96.79787287235479 -13.31899359451657 -47.875843407984085 -55.73560128694389 -54.39763056343828 24.63707052618625 37.426326117208276 -18.667904660816887 77.8936873530867 -15.121928674396472 -24.346158014405944 -58.19914936653825 109.4523077410137 
53.3122311729512 43.538855015640706 178.52289475378024 87.56491734846419 306.37358278063147 50.99276380333093 109.89084307918789 214.32145353404667 -11.332585225694537 128.36973435312996 319.3163085570876 201.51704497430222 215.86561031417114 254.65806135471843 40.463165352392004 
72.53169442312216 248.97606937867084 195.32555236752597 315.20953956409215 17.371844675929296 49.28662192663592 228.2829031831551 189.83516315716201 107.62390049821984 321.79718864839106 86.05830938217571 90.71646402930187 79.87497719621268 139.24285723784647 207.00940572952254 
-3.0670689524697057 28.753610947980505 243.9549246417447 128.6393781026834 324.7355808450784 -10.382500685645953 92.54671069868775 -13.322855983272664 184.01031268123438 219.60853440766408 5.98954314432234 303.3430220788241 233.8526758219869 157.1584654543928 322.60158503373265 
14.197769380031446 -16.411709105910617 192.52814406662503 226.10005436632542 156.12394886322932 289.69647455926076 33.24139959130239 240.21645965191277 276.04593617325565 263.09352999756766 213.9403876901689 25.226867933383602 14.133870455079304 34.758144563947454 286.41900297464633 
160.2606736954529 311.72316223758503 107.73126483980599 266.01739463890124 301.06988411492694 -6.260735588200728 64.06394559464735 332.556462824639 231.31038633104237 21.63948510465852 129.34004454941186 86.58510688457605 272.2322117032217 69.1268235146997 274.0241668153903 
27.391874177121267 256.7696371277027 328.5533125645632 222.94571462752555 254.48953044943715 93.57400445108252 102.00553200977019 125.4417989730701 62.446252995122606 17.276100566009454 310.72221162132666 -15.392698882472633 153.96515146956733 107.6066534010486 111.90722095522237 
282.9413616238344 304.44794019060953 314.4521785968703 308.45218950591453 255.42003890561483 13.76416968755349 37.44519337985674 97.34461121437458 219.57608788601914 102.97890171605495 -5.538342791494491 206.04082654924372 8.957539659059165 166.12811802960618 49.381835148818126 
68.75933536367391 313.4527738961314 16.650376402893976 37.39962600268435 291.93530730637985 263.898281134834 275.98408483905064 221.94248001182734 269.9183009526253 161.8732605378239 64.45263862649361 143.40961474455196 117.95240708737153 57.505846006635096 136.106490481621 
252.21669246631302 142.72786150132663 17.87655936550913 74.60758789131265 257.6972362536918 180.66564528965677 23.066487719518634 261.43720865091365 111.45116767647376 215.39215623712624 247.9758753866538 232.05820582428532 27.10962929941183 117.73922124037246 176.80589418672218 
260.84401640215697 332.13198717539433 301.99978285191617 -3.5004478494476707 3.118562274746658 2.569808380124325 253.72674005328577 127.18911356562872 172.73872372054188 93.93493299817506 137.1986972194316 156.94586545537663 -9.220122497030179 121.707981763957 71.94150206479543 
321.20294358316 146.22852663732692 176.85521527601566 165.51518707083397 35.31041185392168 76.64354042176572 133.68871249157633 220.3857177334807 249.7408629207336 157.07872238960965 111.13647584294522 217.88796088193664 258.855870442231 228.41408151118293 222.4567942477986 
207.5748601754076 16.37632475516594 225.65572016110536 92.55677840863548 200.40470073445465 290.36313837264777 227.1949762262816 8.431700170617031 300.4173579478644 293.18704165107073 70.41710024909257 85.88983144022758 264.93981774698904 167.36141047198868 217.2226243159439 
-14.705407340622553 156.2316289699989 327.93040868432695 75.75098439754451 63.293764568341516 205.34330381169946 267.8240049574924 -1.024223273820251 256.5885086628551 50.35745665593031 222.65366390217366 115.23497677529225 47.790619550088124 136.8391647691733 109.48314920130241 
-6.125721032705096 -3.253792361021146 137.36760726994515 277.8073157001325 34.0715760558875 41.69853191712731 230.05259725500605 91.35270530374468 64.34229501211695 214.75382773956892 97.91663240795079 278.9230621950219 77.33381134287536 109.20014168375108 111.91801512340605 
70.79866723428263 247.87458067688368 48.538927607860884 28.224419198093557 36.49129203569992 33.188366861136736 86.31231812369094 304.625834005818 191.19225750978364 -0.46917266910453037 171.02358181604347 82.52038492137257 -1.6265684571816514 209.6664756912249 51.306958075447085 
162.4432871541004 102.43106092999071 262.91134078567796 40.56443331090615 128.79416921492856 144.02689642382472 -16.575958502918674 -7.975709145267272 168.91833182646042 51.808390554566074 317.8590083727201 32.65805600694882 -15.382052657806575 267.88449989116197 64.56256279850496 
51.2226216194356 331.64863372445257 302.73729833964626 26.262266570697022 184.04710389362805 325.75879418428923 82.56869512906118 275.2188356718492 150.36706145315992 100.4625352154011 52.41205882713464 56.08706766262621 275.7423460490902 232.4466988790765 300.96935493335525 
13.366830192240208 233.97541204104493 203.00404230196773 212.1242926374589 138.32819304649962 49.02506151565207 102.24181916931275 90.73624210731498 165.41797597256124 185.1450818939452 96.89499434476923 283.4975226800009 170.39556578335896 85.2916814791245 109.25205316900897 
41.102574606428504 22.664371867774257 7.365387681115607 48.9471409242466 115.05679595970985 121.38162932610201 255.60667313175668 33.11589239241424 292.35197170109967 273.9101320676485 85.8322597960886 275.91652367617075 148.73451612199926 188.40886181523746 262.1939544797078 
217.42297464913617 221.5634986905185 331.0092166793095 74.80494460181404 28.14690551025405 88.11065116974065 309.1722297990654 37.58783570114246 261.6358433213314 191.36701231786526 155.72793571363565 253.18661454298694 171.88112455202997 183.1317743202399 51.382673025964536 
128.72786038061747 308.82390616419974 232.09123654724056 260.17119363606565 164.60735095055895 272.8353888973658 168.30334644103033 169.39888819508576 284.5540657729782 228.0521502425945 -10.039851681579893 134.65711934796985 222.4900792954748 97.27621517475585 11.539474418166037 
33.53438379503214 209.72279062998933 44.989856681547494 191.9902054904104 270.2526501003088 18.710778939896855 17.872210217678642 47.976564108119376 304.6188957336241 307.9738645090279 198.92587256430795 228.49732705712512 230.2231599657216 257.18703746244324 -8.223992696187048 
145.16120828918798 176.6957265322455 246.4894415742774 99.169718064456 66.47392859265553 87.10945765882457 283.0738064107967 333.1915844264377 95.89947750814275 318.04350059023227 123.65492284113328 216.26848864485777 327.6438939569229 298.1497630146652 268.4370895522178 
310.5530298576904 71.84273990888498 240.81932166576217 82.21636841136646 -6.514015957448089 129.2752826519598 187.75764818314417 158.913917432667 301.0294835758782 236.69412951701355 -3.6027701964582555 64.61867366191325 65.42809912754225 202.31029503189353 62.13603276318723 
117.32571096927462 198.82095598863998 163.76557423052463 118.69296567791157 1.1633415568051113 297.06528693926754 251.6242874624429 28.83185374159089 200.04056841134923 44.685065545735526 324.0060056559681 180.08143486736958 234.09885357040912 26.363593369913062 201.14566695515714 
296.0702201965372 273.9840723786519 315.664702429778 93.11632550514211 217.4626556086498 63.26031621858938 -1.3358945293040563 41.3960806736494 98.60782713534013 65.58252662788617 -12.304695856730293 101.59412806666036 260.83678106819127 -8.542762894207483 56.872936789231474 
11.943899797518487 265.8935276119343 -8.814103459768322 165.7033484259881 123.25723720540965 284.4352360403122 34.64199191888332 320.12987238944305 182.67041414193335 -15.201420841092663 194.78326768132155 -12.813852985023622 212.6520941510891 74.279068943358 318.1128144262253 
137.5344660143815 75.29356070166476 29.58176221619503 99.97035968456431 320.8776160708862 249.17377413788586 157.76050303544395 229.4428504316843 238.8045780478916 256.4298066108553 225.7112358653764 200.72848491914766 236.98491498781135 25.888473762613415 312.8575943390903 
296.97118125399027 238.92106861273277 32.536984576811776 62.343754233618526 253.73512275509904 1.5314356255770072 331.9122117906176 320.47068630985774 209.55724089351327 53.226572358748655 327.8664892953923 100.75104598317951 43.9707195513577 -14.003509430617854 124.33168326967849 
172.51421288641285 259.9649872270175 63.78769050871675 168.45464915187443 98.68486128044599 144.12837777627215 45.28460006525287 246.013195913441 262.99913327021324 122.30955652962443 74.04524876994871 245.22662725471804 332.9841073910493 332.28896945248806 60.11193529583065 
240.03962021036702 245.38437126431944 99.26389198551774 184.23452036073854 165.69031538459848 177.985636793676 96.20120987857825 269.1515484872404 172.17058662686404 130.0976849308603 142.2784657022595 261.2778646968787 143.07452647062115 91.62575183953824 253.2775386701513 
227.18352688463668 171.86168804912217 274.8052647036883 150.5104858374926 126.99662020178747 266.28340743260173 92.79610311005652 178.14412937703162 249.77794924710014 198.7571202938468 135.6574448987812 120.5073471698252 90.28912802816447 141.581698105361 279.42138380847655 
112.15985183993283 128.0983453149811 225.55633912520943 253.72119146672887 238.20896239637293 93.76516765525251 181.89551683095198 192.8532823303174 239.38346263893868 176.06089169846393 200.27003083407698 222.417556827812 145.8219073860327 279.1912912602514 210.64144700911788 
140.77930367136992 139.55763956211786 256.3395045112809 229.6294877388631 214.07134236316335 218.6085015124474 115.07460988682922 128.10766544188652 269.62727100488496 232.68669172259973 184.92445162085195 279.2662601185106 175.79685869448423 147.56091884923543 219.17618075817296 
92.31451653778943 276.55755550643823 234.30265575303042 261.4828932311749 257.5790102190581 94.24787613132958 107.42519148864875 171.65774576080938 159.90208164855068 213.3575096889153 201.58972511762886 137.9047449469876 117.44546161346327 210.24356527445747 142.02816068588967 
175.68482283262932 154.5013052434382 134.21318318649676 270.5336432780424 242.85220449861038 101.13109111874289 183.29301654097546 268.11027256909824 185.99422282457388 222.5385281682976 128.7365495003175 147.21051987394208 121.83904491259261 257.97111471642006 249.5379645412207 
260.6821981982265 207.3591643469273 146.7210594474885 138.18734066100018 208.48555840084902 97.10125091249407 225.70602022799298 172.67090269336057 216.5116369213733 243.51732076956833 228.8414839095779 95.04102910221401 271.75558315039336 271.4287182743939 128.88151531061857 
93.21363010401173 133.97074226741796 186.48741735834045 161.64796573360616 130.67357732233813 219.40815988533018 142.62735906835246 189.62413895611826 173.59283475185862 92.34041873411626 275.2527906611355 274.4918373434348 212.69420667225955 235.9111587626746 101.5650569490204 
103.29422823573034 95.7901504292191 111.92738438684711 212.91499380692557 169.0967140513273 248.50663684127178 180.65930965849168 194.50150633440944 144.63394867352793 108.31777075297475 257.9111249807673 137.5880779647335 234.18686641869618 197.82572857877625 108.92590143315812 
239.02044610542868 266.2822005215337 201.39271221103246 196.81935492110233 278.28653812021196 255.3427215697825 133.452961272051 142.33990136770862 222.02251372864444 124.58953334010002 233.12105786963497 144.33861068408478 273.5954946142638 166.74326777239486 225.83841884346475 
170.49927256985453 182.96016975687905 103.89588811218798 91.64647772602437 225.73740092720243 114.03586612739592 231.505562188326 134.59457550480565 157.78362231182746 206.91153300970444 213.40015157730295 266.5150116997429 100.545871493846 211.70668845930817 132.3484917956894 
188.11231468328148 183.71732057600502 269.2432073148401 195.33271770448684 271.24573798712436 240.5701032002458 145.44851586302377 239.15384699440952 276.9613727386926 270.0878384710594 156.27249476356502 262.96913308925025 231.52222734168097 99.10112551405072 140.61487295222992 
251.26315262462796 253.88718775683807 251.98212241379977 115.67940559790124 139.1193672302721 171.00526160796164 146.91571504794393 138.726686397082 248.65491480686248 176.89312538033465 265.3251042951258 265.6268209300802 172.8353445376457 170.539163890758 164.76232992917824 
98.88754046184356 247.31319041205592 235.86802297882411 136.38153749650175 253.8055870514819 179.2918071478349 275.0191350707741 133.32958012472545 211.72968362252334 149.70379945735834 172.37785792852816 127.00782921292773 246.747323607954 115.13400014985763 165.26596597652002 
276.5873960687479 154.61301568772237 213.30729973982739 241.50530318164604 139.82631014576197 173.73990843526133 252.13440422856326 251.27289898962266 279.41465540900174 224.94237044259253 121.10142251558192 277.5520983972616 276.60761629211595 262.69605825689894 210.70297329424312 
219.37049251516805 131.34781856083333 239.9588590338136 161.37223125100957 118.02432415996239 111.32172844843731 234.41332999457546 141.3702792244507 234.42523486792751 247.82211707933538 141.63967601339635 119.3202383257686 91.70073689414144 269.21471272308173 127.7778603939655 
227.92040146511513 123.92172893972958 187.07928160420636 237.63054274622698 259.3237225869842 164.9966550527372 187.62961352996587 266.460926960223 138.1535403878966 126.31233867147535 160.44878676018268 90.31481077500978 245.35351041971393 152.33835300902936 182.73844628993126 
160.8091236040981 238.29092567251772 229.4013788326296 168.5199573774858 265.3604522010639 221.27873341123444 169.17741913489198 206.28028672415596 155.9801346424709 229.93364213350335 148.80618406529572 200.78327184700356 150.347609908437 257.6825729396352 277.712365709098 
201.3851181019148 270.66942388485035 249.70549973846457 125.8100658227425 181.68818486565266 124.3874223416031 173.39103326323138 114.06862162154053 160.45106759969758 204.88918742625123 147.8673654082684 144.91062288904652 128.73251971590432 244.1569792515186 223.48808728335442 
107.84310418642444 136.47627348275194 250.6244764601397 159.91350517772784 98.80104397149086 215.31814435688375 173.01301274325843 202.94316565444592 212.61377057074134 136.58900290293516 255.30259444297852 207.93809380564795 135.35054272470103 102.28268034176996 133.67092512157828 
156.0565338938457 247.3779111982229 182.27586080385734 141.11468388120076 166.19718981274224 168.53879697009552 260.7382752513939 170.45956749641772 107.70803765163853 182.00901613320775 265.99476873826353 242.12580741821532 138.07210874793503 271.0277171708936 223.77796600041398 
240.68401317024052 203.30152640098342 220.66323718170642 171.17448370624174 138.16940394412032 101.37259389483177 115.68962903110511 95.78948942940802 270.5580299443975 119.4909892970492 97.87928423353894 212.47584517712215 182.1239436936608 230.2922252886088 96.20147362290359 
269.2036985027952 147.11244633089746 200.9624257352881 99.732057497055 92.88641511781586 169.71327946357076 110.44330490853213 253.5914911048065 253.5106628608723 92.62103437622595 150.0659108066259 269.38085010612934 227.670243342781 105.54544540866853 183.15056382069753 
193.64514238102302 164.47147438754146 232.56795988629463 212.80503972538926 225.65601806490244 279.4499832799904 91.89647843777871 274.7213459097027 250.171377673874 141.33899636063273 202.8105362199774 172.96217231814222 238.74564149772075 236.02227106253014 174.0170478887351 
92.03168568528766 226.85006692702277 154.43642262615123 192.72383208731617 92.8902463779257 108.83721646683821 238.42858518961387 260.6868967794071 148.11861990027933 182.41844848592112 93.04233739380446 161.063515147019 193.5682332252099 125.43255797010849 97.5762199816564 
166.42529707567022 206.88445175507798 230.37549325928757 159.21849640489725 162.08072491192462 133.48068086936232 160.56352508695431 93.47998432157704 267.1997492081724 246.4347943682445 131.72422181816268 137.6024145636514 139.97031827368104 91.2330846280552 146.63909662558947 
193.5731812604159 148.90728611543724 118.54377111214845 111.85651106167666 188.73674481935524 196.30270917620908 222.17770939038357 189.28677204502065 201.35414476853293 93.84378208711252 223.98093313382986 103.36064376494969 249.9404459013827 241.64607478994995 234.1032979926537 
159.57373729628824 253.79842340880094 227.91703388953525 234.51852932545154 235.37008388092013 253.63404850653828 187.86693705459652 143.06620328449804 137.97329230047688 112.73191673423803 126.71674859036298 227.59599884455076 117.07309245595609 242.55180512005393 130.64701349657142 
110.7752324541764 215.00119493786096 238.97094991497485 105.90222314558451 206.78345491774868 273.70578833527463 227.64562562195152 248.59660731963106 277.39396122972937 271.34644716463765 230.93001792399505 142.23799043175657 217.2118772855065 279.664270081998 157.97280184171183 
129.24689413047048 147.4165123673579 204.71517254341387 151.81912401586038 230.96765868693558 152.86352287817118 193.53895371886733 206.3780923230477 216.68640420134048 197.02842371727093 190.90691636383113 154.70948927001916 191.15724257306124 161.2354751915057 196.04318129858723 
120.46969089064812 62.976917709952446 147.30814841569207 131.37303914747233 73.83689482742673 148.9319859576643 61.17608417282368 43.56842874864154 39.1676912240333 151.39013217836555 121.83550639754085 85.08282088708947 40.83571750693618 103.03309523224371 137.90863093257985 
85.52187341215419 144.4650958224441 99.95633476615785 102.35040560914737 154.0602597082048 133.8398207992105 115.83648867484942 147.48482345253984 112.87409565244499 82.93158892845867 60.03716455694737 139.98923674133957 49.259522037817064 51.920610210434354 99.90305275267899 
83.41150768065786 122.31590362474321 89.04440959550331 40.011201097805156 141.20000337717502 153.1437336272793 42.76554671557376 39.51506084398382 80.74369563606292 110.42093801564641 45.69000270869161 48.6323010063771 129.40504768723406 74.8165755945444 54.87711831766161 
130.025573393826 43.029026186830585 72.71652604045335 77.65810740767473 102.32255144375969 69.61415079828208 147.47613295013224 150.7859410933004 48.47310115160472 131.86735392970843 116.57581674210913 46.258392615205956 117.55129526102012 40.5132312551968 60.27186400847391 
82.98920497946426 93.2786245639185 115.75990226271995 67.11856977448105 150.02653696971464 129.51823969145443 45.246975282997965 84.6231111395575 112.63853598988288 69.91987916978503 127.3827182479718 144.6001762537685 146.0204414209947 59.2898669705201 39.06170243713199 
68.25322863121835 112.8526431881229 55.35779199747691 98.552729416943 95.31855519645511 61.091406647215976 55.981469691492215 69.58425630371933 154.47399562334562 134.51844319163035 150.51411857161094 60.02166854251274 134.0296407804516 67.89322822892042 108.21188102765733 
93.2761236544883 121.28331390598811 129.99273556439093 51.87876522862083 60.72150019684057 118.49242006331724 61.76675566200654 39.03108297328504 141.09925811174975 129.95686234869976 101.38072597767614 125.49498052202313 84.38104081936066 137.03982479535617 54.66990875062988 
46.27173448337394 116.728082465387 81.04430405454812 137.5730682677986 141.65511656645026 56.5671441591643 99.46725948402391 110.37838672508914 99.03144686341389 63.360004495125786 124.93805875856705 105.84076161658243 118.55878284161857 91.22721407220645 94.28433566722026 
135.6879462069664 60.32030867257428 54.60174075556618 49.367385259799875 94.59598292493558 78.78729544216198 91.21714780638848 97.6559917400162 143.2614294384647 114.90026724777219 109.18712824233296 41.864033037315 125.3643708707913 76.021902863202 118.77651256794167 
126.39092546617114 127.99145555979683 45.59463455004836 47.82595071556577 72.2076979279568 153.28683585987818 77.05500719770835 132.62584424495208 72.81488230650244 45.84305042257742 118.94626715035963 98.46679672804254 123.34616057333467 99.67055007881454 121.24482069291547 
78.78790639770219 108.09762134297279 70.90543820872817 111.88625091727192 106.46059481890566 113.29305569931972 96.74534409209167 70.37994493588506 72.66854499769477 44.47942146339548 116.38662864010172 119.97244459950204 94.50014970086573 40.57066936668075 99.67476158992841 
139.97440120475267 143.80323099880013 44.028503092643525 120.21450252665863 117.82226906038484 58.446852773475825 41.386761094315 51.78496424050721 132.97262892983088 88.19075509320328 87.57048725006757 135.13846610925233 115.2319246638587 115.2770701418413 45.123354569118455 
98.33697353373975 75.5345108966117 107.11293430507438 106.29973057699083 145.1998157835933 116.07505071969736 82.23640801632031 60.39985492202106 72.71790293056908 63.38465713421985 127.59162362635927 56.4762501974578 93.76110121304254 145.7654099758158 83.91809439008017 
116.95817844879313 45.558974282821495 132.71563943017594 138.14799461971873 135.5577452609874 87.55875694357508 148.14291438402006 76.97317306680571 150.69187763515305 64.14684460321052 42.725031260971384 140.49021483391175 72.71121981085754 68.43542419968622 61.89637100303119 
80.56675141086407 127.33642487122269 62.68368566591954 112.99010426310767 108.97490581757197 135.7478425151666 76.25049140082035 48.6945340746712 127.33376595975193 120.93246393719991 92.10269121946442 40.65199881389383 64.2908833092153 126.29996113568104 94.4612999300543 
99.79365389254178 120.07159945189412 69.67960601488434 63.28376189772363 130.88229711287335 129.44339006877243 51.391697770457 61.672601286610366 39.208995633867914 69.81520802894408 146.13991812603228 122.93474163430757 94.62054701729933 146.82720647449923 61.60343206439147 
72.98443480063233 97.84202865784331 77.5421627879336 67.34395557808725 116.58069860133249 80.69215907667278 63.39125384881674 43.256018062966085 139.74282367709077 42.94485884978395 101.67027585313508 65.46947664258141 86.0318396482696 147.78164298843916 114.32496066847509 
104.56481679815977 125.97380872677495 98.75964331994726 136.7177487851544 51.01120361946084 105.23504517457096 127.22125416931873 58.354045505550545 116.89463358887416 41.89629882561358 54.89074985676936 64.75918704260965 102.60749825463603 100.82672760200577 113.48703723504023 
110.4219281253429 93.61823895717973 151.20683809780544 42.58489852019171 63.36441664680643 127.1405322012573 147.47180767804213 129.19904662752464 142.23871198238402 95.80047864553953 141.28505285272365 90.12544993549714 138.85511624984804 92.03459122751856 89.10071414713391 
52.80592123354116 80.07408634396373 40.63274972203263 146.66479160584265 95.11026551620009 120.91386693104803 113.70283334233623 51.83841256828435 129.2297551963445 107.87493970294139 83.89908305710048 105.04393204294534 83.84927794688409 61.811448217287506 115.62546640679163 
51.80059295913928 93.7839364010454 43.86779755704323 59.06617315455569 74.95325674817946 59.44562597577631 129.36423852390365 107.98223886053968 76.12098687651283 85.11722211459295 114.88868618857538 124.92635449239357 60.70698630913556 69.64870941792067 117.69109326388654 
65.8436995178984 56.98257121648544 81.4775095537266 47.082331108204656 92.0462290427694 50.77198252175025 136.50117196653497 49.933745050874236 113.09334218677196 86.85955650540784 134.71510717464434 127.25304921091637 48.077422325507065 93.14921216966582 83.48435828821097 
71.55908414283786 39.09534461592547 48.51861008200526 49.810651845891606 74.38346907578261 81.79462782879911 111.32093835794251 59.01316340097911 107.0463279276808 103.21989431822362 71.26203653542886 77.97456591079882 148.46526029149473 44.71166562435954 52.39552402710838 
74.20724807441027 108.13718804018461 102.96949217521464 148.3906823177303 111.87698092673642 123.05961063858823 72.09000742863844 136.76715229144082 94.2666359540843 153.99409425968037 153.17219381384962 109.0692607011884 98.26670414662007 138.47870491286824 149.22199597464723 
92.44713746230386 113.91398656401952 71.35873783065514 144.4833785279012 93.73222216631919 97.69819309469088 91.80374704851337 54.63003557420204 153.86898363670275 130.79267721160397 68.09735976524712 68.72465780841232 40.75708870997455 94.16206189249223 56.482215099932816 
87.46340134504587 129.50817552592812 77.76413603821489 119.07284090343482 108.27320125078829 149.33987476716246 48.467958770619134 42.28192217352159 87.25202418444053 66.66680634059452 40.27860507895218 73.71072076901685 144.44512574654345 108.32077453887838 73.99096886086598 
80.67372722271784 55.64727282422203 72.17741871406062 42.0381617255085 145.13519919855685 136.17696247577084 42.40641475314543 64.1206543781293 98.49718444757443 91.52505528403165 64.76120261863491 73.34081587690439 41.82227729833777 78.94482839946295 41.17754333518949 
105.89359355439609 83.38149411882141 113.018748904139 113.44298452461383 98.45150446798336 65.21897462775209 57.83464720320356 111.8026729817862 70.63123129522212 54.63665716458417 92.778025597082 127.26856338229754 94.88229641914796 141.24690491854813 55.21443353754286 
49.39946717117369 127.41233327170389 72.42897489888682 148.36432888292666 78.64611198922654 70.32119723925234 144.65719350517116 51.89553623701859 50.651983595060074 120.94966491889188 134.45411731076138 84.29839547864766 93.8078952075501 117.71359421821502 90.76688753409968 
45.7988033875891 107.76262323201829 120.40186773298056 103.65390138758724 119.97889665016994 110.63887908981773 46.6138669960816 63.45880198449265 68.4851594800806 138.41790115789388 48.51293013835365 97.99308160720287 147.62299221878465 100.27531798543457 48.76454093246778 
52.775256720719874 338.04272381132347 157.59925926428488 47.209069659609774 245.95302687395028 164.73131120603935 -40.60455277460351 312.6991600472153 93.42056633884201 233.49881693397393 63.241098136342195 214.43638888097175 24.23585053864189 29.548511596297196 236.2567048062845 
-36.203163632293865 2.610152876765163 82.94626762286939 -36.27071996005663 4.968077921033036 -28.352938889997187 194.38626958513126 124.75502798188643 73.77908372679835 44.84005070594964 187.4724687522996 227.05982778265022 260.87166210433224 111.267581077171 347.70810938069735 
154.72344658970547 252.18095636425792 257.1278826108054 -7.412584797759337 205.02218961770723 253.9520326063981 86.27934711810431 343.7404977051065 200.18181452271398 182.29121455541474 124.68284486667037 214.5489798590173 109.88602837869092 19.252687572874734 38.96957781204444 
347.54686090970944 5.681450719310632 314.4723719320596 12.652640606871259 162.91357571906727 31.466018139741173 264.40671477095714 170.9511988039931 208.45263421478515 220.80657813680764 4.806034997764584 46.71985979430276 336.12420126531174 192.5733738181607 -29.44404770360532 
119.19590697793663 -4.983567531669827 -23.703926701630536 94.91048289992284 255.92208340369032 42.56432585014637 174.73770610672116 248.40009564897113 199.94941404323768 295.2184207940094 348.97360516097905 343.0100581853868 64.4347835496325 222.36758620037082 174.40318821440994 
219.7672706792657 96.75532938021865 315.1038433364234 -32.25533816752532 164.40856129169484 230.8848928530903 197.4886465344879 149.85442885289496 80.2529015414961 332.1072503687232 116.3736843083195 292.25303500214875 83.22031312748248 114.06054375926385 -23.153444159382868 
205.26700322032266 303.21349773925715 203.41636450742243 31.134354143946204 178.20778282397941 39.081130601415374 74.62288044212082 336.87174636599025 104.00443642733023 71.4316511981585 62.68355439451664 289.5198743825319 96.80348636486644 -0.2620691451934505 168.2050549040398 
284.7160918758439 282.7087181178146 117.96060867402707 281.64874419460557 195.48686691954597 52.46726086403657 -37.46205181543858 56.601142448670664 101.30867443516297 334.68320501410676 48.832997485158295 326.5448236804102 210.8796679935677 42.037978430562525 331.3176698704698 
15.426487766140745 16.150046778350628 -21.454549830727515 212.9988411752274 28.309816227676997 23.315921604178904 260.79103374538 20.044059892347484 64.74140663883253 134.00963441296068 -12.537634049637674 267.0839656498444 270.1833904208182 220.06957856671673 318.9008671771862 
181.35358302671563 5.197984668546567 113.22341963260996 276.3637716376708 70.94621744659545 -6.838197330266752 -20.95726021409873 164.73426242726308 95.19858977905636 259.03317259832005 323.5453364614851 43.32523767079777 169.98946363006328 135.66449596302874 220.7697130538858 
101.4919002274882 39.77963639537359 213.13920751170434 -2.832903711486118 332.4684622873876 44.066026079087145 140.53533794864273 -20.05279419567016 204.7713277995998 86.5830960809154 61.434134174956135 8.875333913349643 254.09465661563232 248.50816228515342 330.5491279038336 
176.77206490398316 132.59936590186618 285.1146927877374 139.84983091529423 35.78611617905505 -26.177291206763115 214.40949923362004 312.76705929415976 189.13411300879142 242.16972435449864 -36.4023989517602 290.63349547022005 120.39854962028724 -5.248350942369001 133.68668897840672 
328.5301771552177 100.55001402992843 347.56149075310634 319.72449117731605 93.36691692219796 306.3261926591671 211.44764324061063 250.97816524809892 277.02937493117406 293.0103400473099 -31.63412539884849 79.3327464339398 -24.55782301098484 116.82859811148708 88.26639604747183 
135.91122109602475 266.856789771544 229.46005290848032 275.1183182099251 22.859777074482274 343.67605684933346 49.530659248020775 343.70878458260097 192.63098066131678 339.83097285869974 56.09776499621017 335.15520180030444 109.99627084042575 213.83394153691083 187.84627239281005 
17.92801196776633 312.25161894421973 44.50530843909076 60.1075645721937 306.5401490617414 240.58123610551385 317.07622217604217 286.52677508301844 -4.549468963416409 43.52550541242076 46.82527662946179 288.4390030464311 344.11931583446494 254.2340310103211 324.36512524285405 
309.71054571025434 22.85180648228573 234.81821746098151 30.682373605608667 79.24108911958831 -14.490333076265195 37.92573111962671 97.3233137698831 342.37839208309146 27.050692244641503 269.75964764203735 306.3773538552927 132.30489725558442 154.70250062659733 339.6650256903189 
248.0880303798281 143.40885963637226 246.14247355566712 324.33108752973004 263.176279259692 71.55488477848365 271.6018641875246 29.03963981430548 124.65972296665046 -31.388045662773514 309.5459993919576 342.47975713653994 185.29803684887065 -16.118905132264207 238.00749920199533 
37.31311888461895 226.1004798176355 291.36630508701455 307.40559023362437 282.49154010882614 308.9536796889332 -17.884379798192736 241.9225185738991 -20.437746311987024 157.86232370115684 179.68795256401745 59.16588533812118 115.34305214845631 135.74335329015105 -23.303782025576417 
152.2881222591678 301.6260063940935 -26.909117136360628 -10.049476518413364 -13.772277188029193 317.0869946996385 208.00300656525965 176.5732184586514 153.64947848360916 260.6068305416593 248.88692766435324 117.26256557308452 189.44485310881115 182.3491913570401 249.60635563458627 
110.6758741328988 213.06595684367215 273.91832995767896 250.88210861942596 235.34452163605752 237.52850710832647 326.30063178599096 59.85176825356685 71.86778313515325 -1.7082677783982803 137.06712580768894 24.87316031013625 134.66405070686636 159.297788551293 198.81703808982664 
209.32317435529836 115.46179212416905 161.03735110732103 193.49044656768933 193.4201092701993 130.97799671603266 69.39813845298201 9.245648088441413 285.4942466114531 234.64107169369052 275.4599701336534 8.067938350169072 290.89496314539787 248.14365673214425 73.69909459756386 
-9.009565628221033 189.07168946909687 55.519993383349224 228.0997831112555 222.04902322071896 128.32497678481593 120.44172611565256 228.88003707271562 337.881011832858 208.5603629866451 49.76409377713282 147.803513049989 -31.506104179838175 32.778226165783586 -15.839214314336793 
-39.164020052325434 198.20193305195193 301.20972817225004 178.25729710196248 158.8655386710067 169.0059178931962 125.39645818726976 51.200048633361426 191.31822543288703 314.8806632328034 166.81669882787182 66.95582507099735 283.1881458968281 114.93485754694123 150.00418048889244 
35.25523542658092 139.13142826397686 309.3133768878345 303.0848765120303 -6.686185188886853 124.45909113796549 337.5537692535802 -18.3487280545069 38.6021060723016 82.82472872763378 161.08652917418732 346.3891701725446 172.73203413187105 -30.805158693195686 198.16239713233244 
169.3819046718757 -41.18986571944389 54.630331136524894 -15.50320345072165 -35.2922300686366 92.75909271486142 14.79728621228557 29.12875331861236 -41.6104935615411 158.43270708140582 10.11178717760334 18.042371705348117 311.34633394066793 331.6649221502726 37.14107375541864 
89.93344709506309 51.31953680633598 22.97137788998129 278.3956249946748 67.64711536144983 339.6529114262756 106.43817353109657 174.64495198424186 214.38129646645277 297.5397719585158 -23.90045922631953 34.787121011468095 157.84947811529372 336.32797198826233 105.9343988293266 
78.584477013223 224.39438636090253 77.39746998264613 284.8497410851044 304.8746558892833 234.20725912060422 23.037117737065152 144.74128281888392 -11.408104634449163 222.09819488273862 22.017421447419927 283.31233665984615 12.054927658509257 -32.36898637498918 1.5350808307861357 
18.61557553150905 63.257334424574104 139.6661099342652 218.8723572737613 -29.480168759890788 300.2987971856845 287.04007202125166 168.78847487496546 264.8677322427866 325.01393850570344 152.73301442020266 106.40103417029655 134.8080838395946 -14.084764004057881 235.8359198949165 
13.472067588150331 59.16128740508341 26.86507419071844 257.6252007605775 14.435449919225263 26.348311072514925 19.220877164596935 219.65952988362508 73.1488113327095 323.7336629105108 60.45812276406996 7.490898796184204 177.9019315006059 -32.807729966763524 -21.6644733157688 
221.5880384425918 325.52666192768527 -42.03569420249028 67.32611625912202 10.796428691290181 52.07412176637832 218.59555493622375 323.85066738351514 131.50710722482123 331.73289110200415 50.81276363617187 245.5639640334883 80.22987456290969 -42.12123544553008 250.98496457490162 
