38.80661386191571 -22.794344141520867 -54.84323485777989 19.05550490311407 7.393922026375151 -79.11579316738036 -68.12069331303255 -82.0309096943127 -56.98944501255918 36.98113649570968 -94.97766558784535 36.81380061348784 96.66823434378685 -42.60021641778453 -18.834175965691614 
37.98464649404184 -20.305916635959747 -24.346393655904535 -15.644034087707894 -42.39150044297679 8.276628019042647 -9.10104829209999 -10.218688031613524 46.43263071784625 78.87301354832087 16.190747393647342 -16.708236959506408 -40.25443668495461 -14.547108131666619 43.03610696875643 
-83.87275924172184 12.83251378380703 -47.82100678534664 -80.18731111691204 -34.485696472016514 -33.46561202608113 -79.48848824748055 -4.7788884105465 -97.99777070603155 92.22570156033791 34.23776315713337 -97.20082189731261 -41.65393666815969 2.0181993289306774 38.333288974718585 
-51.854320091151166 -63.092040005138685 37.92419733998804 3.8114570575456668 -4.571137264676366 79.99678202175434 13.167093868231447 99.51263956250298 42.350065634924846 -46.39176784068641 93.46128822028902 -19.34759190558701 -59.86110120801218 6.4817385612724365 -51.81638026451147 
79.28296816789958 -79.45877281389076 -80.13983826753812 -61.087547046142234 -94.0915494891841 69.6371592695055 -20.581183720596115 -8.108815395355037 -68.95738692450657 -93.17622802076986 8.702892865544158 18.17444975276446 -67.66070882605248 -24.989840715955026 -93.21139059731496 
-24.079003532923778 -91.02716312392324 -61.518058072759985 -36.83264309092606 14.723346474247222 -89.91261425703543 -40.519335763376986 -35.51986173644805 -21.959357172323976 -30.442936136693575 -84.60985021715386 24.630183070196992 -32.011346478260364 -27.63299216023107 1.2505949178810596 
75.65804055926856 7.9693150760795675 29.224213888180373 53.59999632836957 -68.93820899566849 74.88403205227692 -59.5674847011983 -70.40557673242931 -9.240284860190101 -32.56915076591535 6.404942657198106 74.02703293022807 99.48728491274181 77.39475243931463 38.857359806145524 
-68.70310290663355 98.95327979345515 -44.601351165265 49.541563707670235 21.48244859048492 -36.296527177680325 -94.39590176156996 24.703563324879127 -23.025576768977473 -97.41466906795237 -90.19642741668812 42.84627135612334 0.1107253719913075 -28.161812967059646 -27.029428339776345 
23.82696750593101 -51.69628620850886 89.69834934148423 -12.352434374990722 33.936740012416124 38.24302746374596 43.04770259963814 3.6229156046553896 -43.38999960404415 62.89341574097048 -8.7859866212153 -30.714663642890912 96.21153660970668 -36.152914327501136 -66.44127607814727 
-10.66412471229495 -90.18529083718248 76.32584883752685 -70.34164822891613 70.85325204220712 58.92236131494971 85.35177008371474 -1.628276920898415 -83.7139128347539 24.57716477222914 -10.229896703371267 -27.21504591651336 90.35837210650001 57.250967269275776 17.057403099410905 
34.80260521706521 -12.726126063717771 -21.59002225963347 -34.395297075623944 49.062637608196894 41.17718279514236 -7.017285146534817 -11.800413537428554 -27.999992876398522 20.39535045064578 -62.76817958602934 72.736008891902 3.5113878565294243 -28.814774824904532 94.14187694758238 
-11.418725504201618 63.72360036417376 26.553815246764472 -9.385581258738668 84.52238181042827 -48.85559090614824 -33.99305720253723 56.7452269680187 52.832128153929574 -70.62595855348835 39.396330541786426 93.38073237206913 -22.039537075137375 74.68513566761604 59.56600222341987 
-7.138567786503501 -95.8873868633863 -24.23655862408718 57.03339770325445 28.200375228685715 83.87084625705634 -53.229258223479924 82.3246217166799 17.972489370618533 25.652175909305882 79.86787013021166 85.20985715451758 -80.63096440719713 7.749016067520984 -29.802158689017674 
68.86131994046198 -41.363724909724134 -20.34606402190701 38.603919299160594 -16.867403846391696 -15.080281061608972 -13.618241219187937 22.302484001645013 -6.723709682772778 -9.932605158551894 -80.16434048165588 -73.7641733075653 -47.56637301278697 -25.11232663205118 68.50882551167513 
47.24111246137471 -92.09202944727237 70.19235411363414 -65.35668765511006 99.95298816960923 -25.776230823202923 39.5596226782244 13.98412352409224 41.07395119390017 67.58394095905967 66.88756759967674 -7.727334595946218 -11.017648214869098 -20.925493408779786 97.2415240913322 
73.52019490875438 -44.00341308751554 83.49261892219394 70.69759065354958 -10.979289931411202 -47.4444665995986 84.10348362339914 -14.904131394970705 -84.78355649791601 50.52149905668935 -90.78139163643195 30.951577202926018 4.22906675363069 0.6047991212451365 11.627319988218517 
11.445921582100624 -62.4860275684543 -59.85637730189397 -22.379667001951958 -13.245193114649993 31.74471596228736 19.890900441957044 -82.22565935291395 2.8362314968776445 -75.4399909994955 81.7989183426946 -96.79461383746781 -80.56212600450156 -59.50377708481849 25.4558248415578 
-47.4737624222463 11.41475577487708 62.858326709928406 -49.51561637447188 29.35851690680562 7.690778388488283 83.69299865306871 61.09535111937788 -5.25855834527151 77.05893781845319 -62.30098582560573 -90.66567841248514 71.49767077825334 93.88768689756847 -4.219224503876617 
-0.49608110530745364 49.205162322631594 21.429422577197556 -88.06936059264243 -55.37036974899267 -26.716087706171578 40.16749411539939 97.06034854861599 -95.02574625392997 5.644620699710032 -82.4868197894375 -26.491179936072044 -41.71925047692553 -20.094816809568144 10.557941756713078 
27.279029336653764 43.37335910910011 92.04433300839574 -75.62851772044677 -18.95473290000149 -23.31400328717332 -16.83119646862272 17.79966021172359 -71.04280784915449 18.03609182099602 94.4984921080694 92.74746555773433 35.99576709645015 46.35133911079981 -85.46011200897878 
73.04408612721394 0.40569092113467775 -36.598005787250145 34.064633558949225 69.062300615304 96.69797382157111 -1.7751165892041456 38.61757022442694 -6.359338306983602 -67.79336680149528 -70.95757265211427 -22.554522320427736 79.06621684073593 5.121835406838656 -85.03567830892385 
-49.501687992190234 58.41800089862548 -50.14092700484147 5.404678374137049 -28.83621254949648 38.47213280014569 45.88140813759645 -48.96264275133173 36.58160712540621 33.09060332636 -97.3990667585906 89.16295961193546 47.92471118630695 92.56041903126325 79.23062823574006 
-99.56242826323616 -92.35663015666364 -78.71971004216746 -36.16075641947485 24.944834826354082 -27.756613519595533 -38.406630138344156 68.96270745103683 18.208767381945037 5.465180053257683 32.33860811257597 28.07457572219886 -47.89102175472277 37.162824007739346 -5.925212920326487 
30.285030935195095 -21.683954916569093 -44.704562890055065 13.98821929780378 65.49759942246521 81.58738700487888 49.722457096123605 46.133694265641935 -68.63043311148122 51.26969980696708 -33.82773733665849 -79.92890846915623 -44.25819587087023 43.35184353098413 -85.65338846587952 
20.254285533973075 36.67035846420413 96.34348121681404 24.73096023834522 -62.133672364836954 22.856739518096987 3.880590560872136 -45.05874355861865 75.43231842071867 96.05146570927309 56.49445140992762 -38.06681028083931 -96.10556799195777 -23.300654679603866 -14.977844255992977 
91.82598861773499 19.246588777986034 91.3739472852817 -27.6025327424493 -74.13536388886828 -45.30232206266484 -66.94040216815127 -59.58338961313314 5.685718588054385 -31.423088345314525 -62.349444997008675 -42.30273704855145 94.56618097308316 66.5766799696438 -83.94738733177846 
-58.89680792343801 -44.41996918643958 -3.870925348137888 -15.538237631677191 95.32368409521027 91.0599829836425 -25.729161335638267 -18.538999425234252 -16.931294256812095 12.999958404870313 -55.15347283886949 13.22254347614927 -10.003671365971272 -30.16293816065098 20.92661692419891 
-94.22614869111825 46.9963907265211 -10.44165453502437 -79.11638233836607 -59.55952883164288 -73.19989631439358 -36.75633197366197 52.47977199879122 53.22363907654349 -7.556301583272614 24.51946744807836 -64.96130277360183 -5.556603231928662 -10.746869578458814 67.33576042571661 
45.700454545557875 -51.132235028651586 91.24734554894889 31.476987274846323 62.82119410666104 18.138962902578697 -83.1627352641934 8.699150394394422 -68.64649713992345 24.248354056980673 73.37591857866232 -40.21256639406516 8.241517975006303 -95.90351461041386 -1.0767173191068622 
-60.04933595047544 72.51624983503058 65.24482374236567 67.39725713031336 87.3451750693543 -22.855387268840914 58.07051177023445 -9.468639995877083 28.129961683317305 33.800669797039774 -79.63027947308072 -17.088967342872536 -30.839178200838163 32.103457292662085 32.11603108396437 
-42.70138134397008 -10.886238902029305 -25.195279620968464 76.96401967869201 94.11041723935008 -76.34934527939174 29.833115296294494 -85.74840386484313 48.69518550074409 77.63426888509483 36.77933251792092 -83.00788091648568 -39.11998182001242 92.58787181299357 70.06041616629864 
91.17865162639109 23.75446215050671 89.57725068166172 -16.905317103410383 -65.83015766889824 -27.72501126415696 4.627731873331015 31.77257403118864 -91.73824309789637 -82.94801909685819 82.50985249325464 -45.64282161742359 -15.426886630028264 -20.712802918576585 46.506158996587686 
31.854413623430503 54.792197787485065 -0.9267518285179079 86.42777001189708 -93.2043511790577 20.05519969905656 -53.87199201634607 63.40031556106376 -65.79631753448187 -69.64571809084777 8.536909458198181 75.16146100668709 27.485788961235144 -37.37041230550204 -30.00371903639494 
-36.24797927681635 -91.79249547004196 54.90118885037117 1.2787332315829616 -22.859626685331207 67.37439414601499 76.52224158908317 -34.900301132522486 -3.308769619499216 -94.88052530567175 44.73625661117265 -45.17357585983568 -1.7776238774380317 20.98300054171027 -98.35568024386106 
37.087620856185794 70.56707430064642 93.66132770955795 -26.790207059722505 -37.88981344243722 -11.663457367890715 -57.78788804533652 -11.864857807573543 53.857632067866035 10.137723941858681 -20.136137438627387 -90.03729683545242 15.876913236774698 60.1071596338906 59.26824272372778 
-60.99921863320681 26.217260182163244 84.17235557224595 -39.22027763262681 71.1486227997868 -26.71520308883713 -74.44405138408992 35.69229394563746 83.98417232281426 97.09929542911922 -57.20763542552485 -63.513366309923214 -53.1877914986985 -74.48275935488795 -64.34447161044561 
-74.83704681032322 42.026403668611295 11.454903245762637 -46.03621220311644 -65.63763423931482 2.3787909233307687 99.33045765644246 86.66426293737655 46.24651396213372 70.56116046726044 54.5980296408072 87.9433527255782 -39.41888181879855 -38.10979764396034 -32.23630351891636 
-33.1574353898513 -61.6182319779476 -59.476221090048575 -77.24202708238907 -19.98293015617078 -55.61492400386419 -52.353646343893836 74.7860223698159 64.21707818768684 21.11343086568158 -41.073132263769565 -72.05846242662591 63.71798817297065 -81.74397594678852 97.24889496354882 
4.34224339873191 16.40546251417554 -89.58502530749293 67.33433933395435 27.235970153801432 -46.762061376677664 57.699829503017156 -16.273008014937915 -92.9080966227095 97.82025749418031 30.31638824697032 -32.13179880026591 -49.19144943656877 1.8706102167693075 91.37469362372974 
60.67384944101133 -77.6056932904214 5.696369731735686 69.81225863962226 -42.43074977379131 -41.289980770031676 -11.81871443080044 7.267668951161781 34.41584115096305 -29.339695830425484 11.688055998681321 37.72423636093686 87.71050160660968 -73.70814286688142 -43.7645796079446 
47.91720916719953 -72.0153326554414 -87.64958959022837 -86.62047996497716 -8.367816739799977 52.56284963578045 48.23950805887492 -19.372185817343166 1.040763406628571 -81.39924137926182 7.424723004401287 -23.00395016925836 15.623382027721291 74.39531038487252 50.25176578155458 
25.34246149301849 64.88960183927463 -45.44560545843679 -12.840918584924538 58.359954718552274 75.91183337326098 18.860560946158273 -73.26194206234923 66.8708458125063 58.28825547377673 64.53603645750738 -30.22162986229553 -61.75028591914986 -18.08565133875284 29.511315314759003 
43.35410853707367 -67.5081530044378 -73.16555751241532 -24.32214729175122 -65.31180035845068 9.130141333998878 -89.16731523542963 -93.14999963337416 83.55323265378269 -72.50446366962737 93.77980358211141 -76.29079919800043 66.20592036510197 -40.27873499157375 -27.35405736903509 
-16.803484516054553 -32.10628113331775 -90.99894004631142 -27.978619833643762 23.834185736196673 -91.29254679604063 9.989712458566373 71.33805542534506 83.97656987732037 -6.215389962337653 -46.89366646002702 -25.741425132750223 -86.23955099876332 -13.745580076235456 -42.74764464593088 
74.19861620300918 91.53769674882577 87.76859574810126 26.83494751528994 -65.4616414558474 -0.8202926588355126 -55.33155630342692 -1.7938287094295617 50.078784811796936 -5.845576227769357 97.85918310276608 81.37098000591371 22.48067296958061 -70.07875226242922 91.75976809924592 
-31.29403716453278 56.58809308020301 -50.8039967540884 35.71739596705129 -72.45750725896193 81.55651495435703 -50.79925032650363 32.222329153480075 42.1507977955649 83.01583126673415 -63.683583008814715 15.241539563263444 -35.249547591409836 92.56860193473219 -62.726212270345584 
34.49357190129018 86.12271556052323 36.52402022033033 -5.926174584471383 -42.78984420379959 -2.331371001061555 -39.72091430200211 -37.55486182580896 -0.9354793601421107 65.4873178789702 -88.35948118660374 -32.26181847848298 -6.432041252518033 -74.35735917553103 -51.9331823858304 
-22.79834580816855 -32.972366506010815 -34.30816416833531 -64.97430822740726 23.390462811071473 37.68848391506711 -67.5076050270174 -77.8102277522789 -65.35692197894681 -42.03267477459167 -34.42985339679623 69.0650681187455 -26.106271068724524 -19.26203945325142 -78.67501186607677 
29.184455281412625 -30.465066359525437 46.88734664010326 46.896261648328306 -89.06430980117682 2.4967834516760803 24.49503882408068 45.96806294758318 86.8106041674655 35.80614997312114 -71.11712999515703 -84.03034096567062 -77.03596187681832 88.20561545082148 -31.173651043485336 
68.36167115349079 -4.618241577795629 -49.7936224563301 -39.89154441678417 -11.538146226962525 80.39932538632314 46.89647123602427 96.4175831760677 -54.30403907903767 45.692299168657144 -43.92266507496105 -0.9281963878567012 -16.612684754741665 45.172544226160625 -69.11995778013488 
-89.43452681950427 -34.727145165981426 -95.36469172168131 8.046323443211435 30.960382015803418 70.16703389938385 3.4383978805684166 14.764890259309695 13.087357230065336 72.50136594546078 -78.66642966537765 92.52921150935259 5.587339614288098 11.200556645444436 68.18031722332273 
59.581227628821466 93.61913952245516 38.826996101246095 82.03298849616232 -9.798527447431567 65.13773111429543 86.10850963303386 1.4965780426371396 -12.09434537571667 -24.185323428844427 -71.71575047996015 10.14706924297657 4.482508891420409 32.95969979186464 6.426853382217473 
-35.56525051607463 0.8659655130632444 -4.631355233756082 70.02106528359104 73.67308248975027 -46.014473484079545 -78.74496021890947 -2.7029682174669603 -33.799470698716135 94.13024659225465 -16.44583244188445 -71.16248436115413 -6.819353209980747 58.771403408882435 -97.0619236768233 
94.64269720796923 -37.104397322238846 53.68290006012268 -99.00569204027778 -61.569261889677776 97.25495916949149 74.62711720336543 -34.171501214667614 -98.45347599623082 36.15310781957456 -12.65771148610655 0.6051724193085306 99.61910033934188 7.770653447146955 -43.6428462017451 
-92.82901428709978 63.835888149442525 88.13396247788862 -92.78960960538475 -15.10607336323622 81.33965680870514 -49.69602075474582 79.3468558388092 -47.0833501837421 65.0033167395629 -26.509058244210195 -28.307238725202865 -29.94574906814229 -89.23934211783175 28.499886586746328 
49.50477457510709 73.82184987143103 -84.59119714154708 71.3999853466359 -64.19575245277031 -25.631794733970864 41.255777734439505 71.7679078652466 -48.87527461926351 94.43404205241436 -6.25575363686292 67.0795384411839 -96.46180507524224 57.0162512274876 -88.41104913438427 
39.78156966826302 2.855324981503472 12.3306885740963 -90.13728902223201 -89.75110782819793 -15.329934398862918 -0.5842595666562431 26.043907877093545 -22.664338274888422 33.32556724977701 -98.98175758966997 -52.34818724116832 11.03024534581607 13.811676566663976 91.70488200506674 
-81.4781573188166 28.354045217968263 84.30553988468154 -2.877713713005562 21.163568030809458 -88.34178439500764 37.054607590382716 -34.602632233604965 76.58438551427344 -33.9647937031303 43.74436709819645 -44.40451856187955 -77.36816059556035 2.2299982258776367 -15.997257931009841 
11.205322057221665 78.14551271570221 -0.7037015711772057 -44.473859411555 -40.49020982289628 -35.264807385333796 -21.54328054614112 75.90479988103357 98.2880620932323 -23.240907618273752 29.831625320597425 -25.353338424993794 -71.76899619051234 31.269556548359844 -87.00105247421352 
-66.10124105943115 -8.761357589070286 41.199732942018585 -77.02408006502102 68.45005255726056 44.27188177437563 56.767202976888285 -2.793478463817195 -17.485891484596536 -3.667287267254366 -90.10160439670398 -44.187820415972226 -50.78857009574031 97.67336004249887 6.517471822100248 
-1.2331378663771488 46.11629957564281 39.52672456958257 42.43906536309217 74.09662488588049 69.50445960897247 -77.62662674924594 -45.45537616864313 -0.5609419274138503 -56.83636853803067 -6.081246355827091 67.36047672251104 88.15270052418418 75.09633969259016 68.02865899130052 
23.56888427496264 -87.7718029673942 44.54000299801842 63.92191642074809 9.829466616877312 -13.32519696941121 -71.291835173992 -44.774338914749976 -24.43082097797091 42.2724068224413 67.94659217916663 87.81401333795108 17.45213214467904 -83.75144099443534 88.43656192457908 
6.891543750351261 94.88899982579943 -86.67298733877536 68.53132208900067 69.68703793167413 63.46293811500243 -2.463025113823619 -18.125671099955625 -69.9917624428614 36.642830433734844 -16.465274912872957 -48.896359577069816 66.23622573680748 2.1968330587598217 3.300729163984556 
-87.75368455936956 90.73099902211749 76.37371963055028 71.00257378828752 17.804637593339095 -48.00211763946942 83.69380841081826 -41.83862075799381 61.9682825808307 -90.84378206347445 5.974709248907089 -77.3509194648642 -39.33731636968323 32.031908072246296 -18.895860393657287 
-42.10853167543303 -69.42998195988395 -84.83959057372508 -52.03088098388087 -29.94793430417539 -28.751268299777294 -73.11547338565 95.81020216692039 15.270115673622968 24.965409938566225 -25.316827705509738 28.551815846288576 -43.07346444565603 -95.00381085221402 -14.311079003674635 
-40.61623351461539 12.593490020462156 32.756026030027556 22.522660671512824 -86.0035894496937 94.53278271787462 64.33983518353503 -62.3016588998073 2.7641506215535117 -14.212509503961627 58.435340217518586 68.01759640404413 24.592229288186545 -94.79838822841997 50.229569510674565 
95.49308673200389 -75.68123489959845 -6.516485100931618 -63.05804785676279 48.9512727454437 13.073865718178524 -55.41300986870481 -57.139853057740986 -20.025579888720912 11.285693733233586 -5.634442269631279 -8.298593216013629 -77.36517385445015 53.06229130971428 20.019428925629228 
77.41193640352864 17.132504977518977 19.672627520182658 -29.218650945329713 -52.55676218697039 20.176217315728024 3.774604354348682 43.05217326532477 -2.3104039127472333 93.96793456183062 -97.62196891192761 -63.95265774619374 82.55797125641783 -52.80366152352218 -27.87426816133049 
94.0511494837705 -36.458241357664804 70.4116614586375 81.24627928698573 -46.98553475920888 -40.483217731798945 -0.19338551229792245 32.197925563429436 30.727144049916888 -14.235497304322436 89.08978566765688 28.870794226813985 -88.60654422390243 -25.09536569226441 63.5309513322334 
-50.23543961077297 -14.815363385216457 -69.622417882397 -84.96553527277044 -44.6677824755644 -83.628352525347 -86.20756237780382 -49.966666941232305 58.903149467744356 79.8007577790068 -20.17022359267399 29.328239271211174 99.87615012530964 66.76492778600763 -52.51704092484803 
-87.5949143210155 21.063145879630625 28.43050549643735 -11.790542724225347 66.38970704580458 51.72268953549761 71.1613566800622 83.03252654924503 -51.61951504314444 98.48694613126693 -54.2814790087113 -11.636380034985663 10.211922798721915 -6.596758410388475 80.97119971606173 
-64.9299758673135 18.771828991847812 86.54400787843443 99.57061696821361 74.78581287773497 -29.313961008877087 -24.635372157467245 -10.805424224022133 -21.297467248204228 -76.66361160607605 79.85128873848467 29.727822437820095 -14.505831419380797 18.47944109429855 -96.0031752492211 
2.8493840338588114 -92.86450081718638 59.43463631725521 -25.74812793381882 22.00326342195737 79.90099130222879 -7.457727766502558 -33.40317129177673 10.627867673862127 5.270266634296334 42.956100325118456 -94.07983314234201 -42.517107403174 -99.37649214407425 -16.648563134128395 
86.58508096910057 -92.55442084151349 -60.90279342624329 -77.10983143514875 -32.86718982819346 4.688453556437963 -0.4263244752028612 36.57566868189585 -62.68630711002763 51.11981845959167 78.52740507297113 -6.950804684070235 20.1814783235736 53.0170567877168 -25.389232290269305 
-99.61139485184391 -39.13636886423439 30.314160443375556 76.50977671522222 20.983723186434375 94.104629938876 -90.86989418448988 28.176124993654355 -50.348544284653606 -7.271170103095741 -87.09588673065996 89.83731377538945 7.283478101094246 8.993336372843146 53.71021043472632 
-68.72079341032435 -59.77663248964604 -16.308378429931267 64.65127859065106 35.459653566972975 74.27151438655821 18.925791565068707 -49.75899161256101 -70.99077855305305 3.891986228690385 38.23056758562916 -8.500666943833977 -55.28530043929587 39.1682093483916 -64.78183583860076 
-53.83332212703811 -17.184312331455473 29.000062220550575 46.968631508880804 44.968948855554316 0.860190637600482 -96.96580186203474 -22.54460228451805 -56.91692442827259 79.4108807024148 98.39647996417472 23.643029523009588 -60.98364947962045 99.49759180922072 14.280550367126438 
72.59012211759284 -62.89545743048224 -28.57249615069381 -14.314134738926725 82.17388570739516 74.99342012984255 -9.278960220613783 -45.26585912598653 13.759184005004087 -31.53980051692386 66.74526945546327 -87.75472315820886 80.39931177134261 -77.28351158462561 -16.16260770492015 
31.85592265200529 -32.76780645419255 12.55841636441177 -91.4292697585937 -54.68576898819934 -98.7445396344651 -96.19133556945232 -54.24474311172916 -5.919618370379595 43.03905537092555 -35.458055407285684 89.76717564475717 23.753230482909473 -57.33721873682314 -46.272999210024565 
24.82529006623777 -49.614681106769076 34.85199102803634 -56.60350142581214 -1.357360452125505 -30.720269553942288 -58.59919780142948 -29.97312381448269 8.94557534540239 -94.96431141672245 -65.6404156328813 -18.391065090330216 77.72050265073199 -52.27087293243757 85.33503903320036 
91.84929478546832 -70.50954257875065 -10.241233504291273 36.396666681144865 17.06229460291155 23.421795828943033 3.9415518672140735 7.108956241524098 21.116026367961354 -28.3440667793043 47.910833746321345 97.39360096909579 29.767636907580027 26.946370680588203 22.214267093320018 
-85.12742016817296 76.52262632949498 44.03697091529918 99.84534401337098 -68.05152379711089 34.36026322157886 -8.941038203988967 -33.79365772539916 91.29365653874214 93.2832301096692 -9.986369716910914 -76.07593085970557 -41.517033725209544 99.97253041959593 -53.30902901857482 
-13.460281150908116 90.6332142369788 13.137076544604014 -96.85904185755037 61.13141629099778 -10.932439457975889 84.53901273438515 -53.16032644786941 -23.598697222308317 -11.057583453894821 -80.34697491986196 -86.5215333918305 -89.1076073804876 -5.790381725341163 6.2202951448305726 
-98.3032328816917 -79.05080751786682 -33.110968995736286 -58.41952970624613 17.14659905767175 68.6017965036709 -37.064668755061646 45.37464214587075 -29.397587595052997 -95.0347870436264 67.99848177569012 36.107608634096266 29.249077088457227 -7.759318251523666 5.105226231204753 
-90.23311792158705 -52.87233797823412 21.393017271714967 95.19989682845903 -90.65184670962385 61.056127203089005 -56.23145851340618 -6.2679526081208365 -50.537247785956566 85.15095422992744 -42.72500728164079 -48.917904059716655 1.8703280609900332 -84.14396141150641 82.22015243695188 
27.395797101111 -34.136966716870944 24.675344356853017 43.08196455248162 1.9723801011109998 54.73037295953765 -78.63207954617286 25.37885344125175 50.617620460362645 88.31024516218088 -49.76855667188409 72.2011786627472 36.28709934291311 95.39214640539683 73.58035473380284 
4.759715137741026 -56.91103699095781 -83.48768932122701 -86.71492260845145 -90.54724755498322 -15.13674958031747 15.301189665526806 98.37852779904242 -0.7377015282101524 -35.25317675089575 -25.140329961968064 3.5669718815754834 6.8945916202366675 -63.153729358829594 -20.671389182861972 
-19.18555035197454 70.01562877962809 -74.43958666481959 -7.598270139149534 50.43362329508656 19.156578759702143 -10.24540432717697 -61.144332715727415 -87.51012301686245 59.338780213155474 -33.62209529396678 11.586680818090002 -8.2160016218197 -60.21663141523859 -8.160652676317497 
-13.586291483952834 -88.16423442009412 -48.41117773287713 76.04263128299769 -51.204548615608346 8.267591402216354 -79.09733619958432 87.67061776387831 -8.112953153207698 -60.14679611602425 88.16519313331119 22.404198242378754 69.21154620995372 52.64901337514257 -55.446176157821746 
34.99045018088114 51.3769375550489 -88.04349394543824 -24.808890536172484 -71.44171832744902 -57.585584483690376 -4.268376716375698 40.363556832371614 -76.07476854662949 -52.406659189786 55.28844455172478 -79.30268840340094 95.26991711550122 85.0898035020657 49.9560152342263 
-16.941981322578286 66.12258661087554 23.915179424644933 -4.922831228724249 76.3468632187317 -85.02381202609118 -94.01150069302379 30.496328676138262 -69.09249676361455 77.30767910570282 -15.430158523726803 -91.67642783125328 7.825175834169713 -10.803097172116054 -67.45948815026054 
27.59237864135227 -73.56299390357194 39.05568254848541 26.935544556869047 -50.825654707455904 -16.40618751606533 13.777879205673898 34.830469116401844 -74.19611870225717 52.390367630887425 -89.7702251080575 79.51117746252496 34.87500713661211 -79.77773425258704 -24.422254201023463 
23.30180243651789 23.70343820491398 6.266181475113086 95.96993198044689 16.83979037973731 -1.1569297001628058 -61.73907647470378 -68.80067136198281 31.848644012507634 -15.892417753330363 64.47574160862627 -98.76491181750336 7.44485206987828 10.487039175148524 -56.747076153557586 
49.964349415949926 -73.81071951461315 70.47852771088759 -75.76461770869622 -87.94135711016058 2.170231859561113 49.854181368085904 14.241761056569317 63.51277065897372 82.30595104391418 -16.843169334124624 -42.65942890452745 85.9577493778576 -54.12837474479626 -25.28866340498965 
-25.295565068999466 38.684209574592074 -12.808078894229453 -15.625753202593344 59.4210014658195 -58.34434371772967 -66.77422060696455 98.645388253206 31.503892095105215 33.927790708172324 17.89516590463343 -92.75672971503492 -40.19598013671484 -14.839425765900515 -56.46677979732011 
-56.60624895051618 46.46816917613009 21.557799159813555 50.34048122011632 -60.20989086433677 -71.689500505389 84.294721534422 -44.03927010189177 33.289853857575736 -75.42371049036277 -5.805930824737942 -70.9685296378826 12.964515619851753 17.876229647348424 84.99192471922709 
-82.88817461408428 -3.1068098122125463 -2.074643587228067 56.372375780523726 40.535351008036145 22.581625927281763 -84.61698341401727 8.712901691357104 57.352371359586186 80.72347121742385 -65.98695432342198 35.058143272563626 -88.30343794759044 14.59867987025541 -88.64327552641078 
-8.396162566601078 23.35250122387282 83.17793287039171 75.74198597071617 -97.58959475293364 91.54746706452664 -75.31446961052592 -16.12793293802241 -45.14631614733875 -15.43026376293841 -30.098390471050052 -24.336053214876202 -97.66117660014761 -48.4583839155104 98.85980083996455 
82.93819912782666 36.580769372099866 -21.120694146246734 44.798824605480405 -26.582102085398617 82.5330211228588 -1.3624225595453794 -7.2525238901365014 85.60041923117726 93.71804679494434 -0.07665925347437508 -46.2529124960454 -4.717521086039866 -82.48731281772577 1.6054016863256635 
83.33540747139864 16.084151747023753 36.06510949501481 -52.014573096522085 57.248569928424075 15.64485697562516 38.575685479649394 -54.433622182063665 61.93852096485074 52.0562509954307 -33.77763538789753 -64.20191235684977 53.88335422803965 -25.981719741148083 76.05734077865145 
34.49042100379822 -1.0586915306810738 -91.52255829759315 -99.22192607131115 -98.03468988762407 -70.82130075672913 74.33708110870447 99.3805801479619 74.06797317810756 61.487434980122345 11.264691823385604 70.30385602733958 52.646158189183836 -62.82867369112915 -35.70730429427762 
59.59663676706279 -47.333120056236424 50.489575567012196 79.89956660106708 -87.90060145022247 86.9180247199485 -70.03705384070471 75.99941452964819 70.65973072284638 -27.745052305100643 -86.99939858043425 -76.13170607923342 -66.35465050298856 75.36946805797328 -69.97372465008507 
45.25672915339135 -44.14320781542855 97.92432137880195 -46.03095303549352 20.606820537759617 -51.24861673590391 -15.613520772817353 49.42416529090988 -22.3417952594301 32.050928563075615 14.032617469389706 97.0339991420999 11.760421754113764 59.868711812831265 -87.28918161465786 
-17.428738660182447 -63.36030197140647 -50.07881560883494 -28.0205501265213 6.741924910988303 -63.25936439990683 88.02914222625893 60.19815237914278 -91.50276057875568 -76.01358299835141 -39.60955447678931 90.91931899155696 4.48810530645946 -61.65424735513207 -27.49668127022251 
-31.047820906138355 8.656352987455534 93.70089250572164 -10.001541075363221 -81.21014785853859 -42.828893849615255 -5.492179136697146 51.287208667499726 16.38900310888181 82.14021857782893 -48.09082985630286 97.00332800839561 39.07827227665334 40.84406054275172 -69.92536737717015 
19.86223818371917 -58.786702645578174 47.34345731640727 -54.14348350913893 34.36626904088092 -56.61226306854981 -79.60303387785271 -67.55681501722499 -41.91701001382944 26.561147016201687 -94.00896466659565 -91.32163189213136 36.38725179515896 37.69066957212635 8.002053147132841 
-41.37420191347698 -96.61584084453636 35.56383697357225 -38.95424837828845 -83.64999465378142 -69.16455062289552 -97.02399423243948 53.04141459768553 31.736144021432352 -18.477696802024596 25.640207355045746 64.6625246072982 -13.41907018523139 -72.96327876601427 -68.76140496641013 
35.72081483630299 16.878781969651044 74.8181657579849 -28.33763277280812 74.85148363019408 67.71293956933832 88.58279164055102 95.532319395847 -14.401933984134914 -36.89402435597753 -13.48911254400278 68.67280993027441 -58.437867511481876 27.131823218117063 -28.071645549547995 
-75.10572527924191 12.599774306477158 -72.71079758177552 -50.55131672201003 -89.60659895722323 -38.0596825487441 -14.131480121466794 31.595033651064625 -87.04417737209498 -55.835823266059 61.69820961367333 -9.956307769502672 -82.07132391135798 57.53249201234448 -77.60625408196958 
-67.27468980611877 36.50967776286865 -38.05729503610984 29.608458336157383 -89.42820248382051 -98.28113756238407 -47.15460302848311 -13.635491112930183 -9.632663778036914 16.880289155082124 60.602367254452304 77.73912797528598 -18.900326871024745 43.33520342544705 -24.189022849917265 
-93.67439881187332 -98.81590838970142 2.821132938169569 -89.53710216192464 74.34038122904033 17.189139341721457 38.121461462061916 11.274745951658787 -5.490349629127778 -71.90030429324752 30.527143634790974 -17.112280020289575 -5.7728605139077445 87.51757340014902 15.305619286618693 
31.619393887359735 0.07293120814688336 47.37417587852795 -77.84100244807428 -99.33869449518369 -80.61148156435259 -89.97718244087574 -8.554209138513968 -25.760445576911025 -69.36008105084319 -70.69143206803787 -0.9024196204517665 79.4903426356255 -15.739032511801753 2.8580605225189544 
-27.40991527605931 30.573062750159664 10.10086848841894 39.37135634236603 -2.4094152340175583 -62.77814585009174 -40.640737749796486 -56.020988977215794 -51.356149120298554 27.287463192196952 -67.02651157599864 -15.318104403123272 -79.82874052677502 55.54175901055842 0.9242264123092951 
-49.954539937279876 -92.99441004554467 84.58795713638497 -74.84421180487759 62.633550222727706 80.84736131536039 39.4637167198801 82.53268246316279 -92.17250809660446 -75.93771776707032 36.78400642880629 93.60928119935264 -16.763667782112407 -38.47504908420731 -82.6332476877849 
-48.31831530476875 -84.66539281066807 63.73667025019958 4.815854220664548 40.589823103025225 -49.23331659321517 64.44678953742184 -60.9792258870417 -79.78504900079793 -22.726107707006406 -50.126894097864636 0.10195744169783438 57.12843601903705 -10.793103174322809 47.352399670784735 
72.58745553072467 38.81154461496615 63.23821173393782 -7.48683004784354 92.54639680894283 18.63951618267552 -24.101716367197994 81.38620528202983 -52.113587004090256 71.56513858108869 15.356753745808248 62.59184775574295 38.63786934437215 -0.8496295792611761 75.91379601671653 
-93.34975904832548 22.60427261537042 3.9516579743112032 54.807599000938865 -24.239637394356933 -21.74776445724578 -19.611307353709748 19.274018560556954 53.07247663111988 55.3456908289067 -84.79651304127287 -60.53474866095476 -68.53713698333499 -9.504930306644653 -48.61810818534234 
-72.37074454314573 -81.75769035446719 47.88945343838901 -35.719540323951435 -54.849818601413716 -50.11562466976993 -9.84437394606401 45.68912892722935 99.59738561749788 -70.07148098594438 -91.86895634657512 -21.17041478416712 47.82938608630289 8.654710602752232 81.2988212242098 
-40.933771336950684 -79.5699327594263 -51.14837026813599 -1.7023374154110797 -3.120004463589126 82.60003395037765 -31.726712991749764 -75.43970576268336 -94.7898296201124 -27.163643450141265 40.61064566948241 29.58008618855834 -93.29829809607926 84.36890704673283 -11.688191359798992 
-88.35612748588919 -45.54713886533204 44.15661238968357 81.6913519792887 -93.18021855820797 -51.501514341119204 34.395878441565856 52.95946964165469 50.570972676387896 7.66961812453637 -59.883262672723724 62.12526131665334 -28.45174004471673 -85.06262415854175 -27.161339803276306 
8.92665684479455 -64.00599974572518 -67.41981531911762 92.91894568512984 49.52052253569633 44.399885714831015 -81.9414235695448 -70.98439053011023 -59.853903331308686 78.19837395251369 62.59702863412414 -25.706584675763395 14.432868271997833 59.730259806783124 27.618772993092605 
43.539405430322205 -26.104987639110917 -81.0354931305594 -95.8982553902608 66.33351598892938 -11.596693799474323 15.229881091468172 -76.59880333414495 89.53096175837311 -99.16088363700783 84.22248269065099 -12.121095377411507 38.152944638642595 -97.71941662593282 -4.633650937504115 
-52.99640363780895 76.32885808811776 -16.548822088576557 3.134958266267688 0.029854016386238413 -85.75489431903074 -91.32065126236324 -58.95971655684116 55.675630675913936 -80.98513226970898 -46.32074824321797 30.943855621600022 10.674985717782121 -82.05225222301931 27.259713663965556 
48.37135658003763 77.23549771311446 79.2790211973842 29.393852267291862 -84.32800674277942 -77.6872793630196 -1.7735037614587696 -89.85826567735444 -86.88690888995865 46.49396942484239 -52.83160277558012 -4.273992691821803 78.52228284505912 78.68608137457156 11.620364930450819 
44.71400255329931 49.70636868766721 -9.549451785966752 -7.003055922990995 34.221333394000624 57.39925769647459 -84.74855134263773 45.34613309761443 40.939968424864304 18.738191820279866 -15.167160900916215 -6.069513782027116 46.04802451147461 62.368204703709154 67.90084188854138 
-79.53910170080502 46.93806656572124 -73.71746942658305 -97.53593191130001 -79.1376231423964 45.40111365202722 -17.9711933494235 -24.892195881955843 -19.000094574701194 73.42962186776123 -54.04231626041713 -5.978727239460184 -36.64742668804235 51.410534579498375 -30.626348588758006 
57.818786109189745 72.54701171516672 29.65715716150646 47.661091391006806 -98.35028795686107 -14.458579718552116 50.877181702622096 -34.21516703194649 83.40432872180313 86.3995084136377 79.56551834513795 44.581358340613264 7.091952685757434 -64.95477023060383 98.48432766948287 
0.07124839104994862 -34.42946550875219 -13.61725012036861 77.77500135941688 -87.84991639850685 9.670601777393898 -55.986363855104734 -92.75446878343463 5.313347921512118 60.6359222517259 -86.168151073802 64.5683646408796 -3.3308538013717737 -86.30849756662973 -49.99380381787169 
-38.20527486804344 85.65295309097232 -32.97986577808622 26.769909061488747 -67.1657682718272 -2.9957067931939605 96.99313744148827 24.774395346025656 -81.95787549075169 -87.22741735233079 81.41139001197956 -96.18109973604054 4.922414304541874 71.4298622171558 26.69981724287726 
-17.993498007121687 -36.25245215080801 4.13196511268761 72.03600471266668 92.067887681739 -17.958039552928938 22.729972049171778 -20.892909201262682 -60.42390548937098 65.60360555429563 -61.545004790090864 -53.200081834263834 -39.90798033315828 -49.58162852640218 14.398356300767446 
51.904349775381036 59.990226918341534 -64.68107494758246 80.06710470453561 -67.73036227407701 -52.75141203019997 82.42805268632566 53.84252098618657 -66.20273572650376 72.67587846026913 74.31702554161487 75.83619719519501 61.94135133499873 72.73882973117364 -28.525700501019784 
48.04294870348264 -96.63168388394068 -27.154567513857785 61.3337888108816 4.246501315129308 78.8781421244382 39.47688299392246 -53.10351828124491 98.06498999047218 0.9396204548936851 31.808254442384452 14.079664427319784 -90.54261708156916 -48.29286931794081 27.5059223389011 
31.420207641038672 96.62249426872896 -42.42531074143186 42.118706147313304 79.25630231556445 92.5905011898856 -49.27732052994147 -85.18928018594846 18.95027153741509 -33.61606000556063 80.25428593094784 44.177259903438994 -18.67551322919978 -22.37123384219295 -29.91794996306642 
-25.250776818042112 78.35995211599578 28.92448696005519 -57.72071356447965 26.590250802133042 54.07850743771729 -36.23126854230665 63.470176875660115 22.643658637967775 -1.6162304450173792 90.72383191171204 -70.6533591134418 32.048209391855096 -70.89199492057932 -32.05076064914243 
-42.75974258451212 70.4382244226866 5.880108808535596 -30.465539724757846 -60.85230184122701 74.58106201581344 49.02137543378393 -50.75709639135333 -57.968243515790796 33.694261822171654 -32.737003309259364 1.5751848638879835 -24.904644561574855 45.737215893771236 82.84107056652624 
-41.68992425656055 70.38747927989576 -79.70218494249366 -83.93198327541786 12.806565506256845 -90.19711161773576 -76.59892690270694 -31.53523323293308 -61.254437910431434 37.048950742989405 -31.029212618504573 8.559938844372411 99.34865264066872 79.29142541736462 46.28019527201016 
-83.12603200685359 19.484724209337116 -14.690787979197495 3.1569926560396624 -37.96736102360829 -12.293535442903632 -65.11041295355658 -43.53833856517251 -37.896338673413375 -92.92791045267647 -45.62471389711513 63.34202664205037 -65.27182513276459 32.20638437316586 -93.29694808677462 
-0.5322032531231997 -24.0318629685232 28.385406137757627 -67.39354132640838 -59.885036870899654 -40.08521204346012 23.103954636126176 -16.52955468183049 -71.37443696448938 67.95907883735885 -97.56568843603142 -84.74702243010537 -88.60801530924634 -26.638115046169617 -88.75220403012621 
67.64117238076639 0.030949400091984103 86.60532441770724 3.3603268492200584 -15.665542038680556 -30.949975023845468 26.611272372534685 -27.141599183402377 53.90249229764669 20.86792846332679 67.16602692198526 -52.87627293226485 7.621632012679427 35.03984669100592 55.308694708608414 
-38.50795109769764 -32.118287245420944 53.10525125890578 -22.15521454642078 -94.65824599900881 -34.64058861407379 -78.68706069958313 -85.95818616462478 98.85615497536321 -84.86072224001293 46.33221413633376 -50.915716859897906 30.71137399371787 -12.750351728692038 -69.14126213934586 
22.68990881503798 -19.570191094036886 42.36357597585035 78.08992956921733 -56.33780728597388 96.61140286450174 -59.567945724493796 -50.60890478813545 -80.64275917754068 -44.91171318981992 85.77435277550336 -58.8267288921211 -24.683386547383932 -4.045546735978149 -28.326070019216814 
53.670428910002215 52.21464750893 -21.036369664919107 -94.5308105541763 -63.883324558696344 -40.323094013561224 -13.372458132619272 26.347353631209018 38.30522778246521 -33.27234393070704 -71.29306050810428 -80.18827909964028 6.679160269884974 -6.106502702362121 -65.04319449523881 
-5.051836072456382 -79.15993367479976 -21.724287824869833 -42.99576662301845 -62.4797380625177 86.20309130421069 -4.785752963435954 69.86329270456022 -44.21357667688059 7.250062482866326 -84.13184974118812 11.63779974779051 50.63830701319745 22.381763276719283 46.79841987489172 
93.22140666509642 98.39724374537289 40.53493236242568 -6.271508249099881 95.10581990785849 82.03215240685239 81.71202035067492 59.82180607739548 51.89749750882552 -32.089595556975084 43.29866172403945 -25.682121620691973 -74.08128617379994 87.32660084477214 37.31102073673651 
83.27297125573062 -51.14330549504753 -37.64906113629356 -71.80016343819787 -90.90019587604587 -66.02547065601338 -61.240906926703076 14.21564599910829 36.72803601934697 22.26831173432973 31.0255479103661 -89.60996214001113 -50.93637775245825 -36.29317107736014 -95.00281540709166 
-27.94678472669412 -45.584163778306674 21.68927639807221 -63.95701046327413 -55.8319022242054 -35.28676215728437 61.78730245736486 45.1054066895712 -17.26534262266371 -21.56210269965439 -66.05751001964508 -69.77547371792383 -59.48173833990704 25.54378449539128 52.54431961770646 
70.69625495879592 25.88892589773903 20.929336067732535 83.10465343170404 -70.71646993414939 95.85436610172769 -54.65653626190827 95.47494915502801 81.6148241849393 61.7692151535164 -16.53149558765506 -71.7358092802729 68.7354904638855 47.6044943464654 85.9229033475361 
63.442969693781805 -31.149652907458105 73.05903811002824 -92.2638772334925 11.505932516367622 -64.35378612408422 -5.1107123683041635 -6.81490943458256 -16.700072256363114 -25.344735939750592 -42.01431036186247 6.279215469047401 -2.518591266502071 -92.10588719210504 17.289089755629846 
-57.160171584737896 68.1543710213611 -32.972554443476724 30.81910742601218 57.20386861667214 -31.30529587590121 -97.27351540263436 53.75657959656232 -94.32961021804138 -16.47039067258109 -98.30344762027619 -96.01303982432366 -76.40757917662388 -92.44002646570986 19.13981584652575 
-1.8278081422276244 74.30370521706499 97.96506134763004 -36.803528662565334 8.584411894429891 -97.4483534619448 15.731572489913418 76.70122804354969 -11.611512371873587 -93.7399247522018 90.3251686436864 33.26711089960986 49.44199771424147 8.98090907484601 67.13715297505075 
69.29311308717757 -81.29230768042399 -94.03771072179221 18.91264396348751 36.03806941985275 51.9491472994122 -55.320597351908816 -18.885611375891358 -40.20829577272331 -12.763017889777004 -54.666950927163604 -60.54580906664198 -89.64438963085057 34.64943466845557 27.011131639263027 
-22.329136245233116 -31.867688639937654 -69.53418203490321 79.78543203826379 37.95965120382266 -83.03843862792459 -13.127682718230574 -29.38983670571018 -71.31132235087144 -37.432804919925175 -14.760166062903934 52.22258852825965 -65.79346745253872 -78.97722616235674 38.63111939348707 
-84.22955418582004 -69.1434308108271 -54.38019287268603 39.09859450936315 5.4916128450563235 -66.9543780668738 3.2496827363574567 85.92224842039039 -35.28793082247405 -49.313421203161 -51.85017709372208 -24.7515169869245 84.70832885912799 27.460140222255006 61.96304506870837 
-15.164008212446191 -78.87852405531447 -14.853636809495157 16.176861230239552 62.757112743647895 -11.27047844372484 14.92279946760813 -95.70328622452875 25.230237069915844 39.9835670126763 -98.74687777005772 -51.53065251591853 78.35529682019478 29.456407839813068 -98.75442221325632 
-19.65426177093586 87.24658721614767 -93.98329111699111 -12.942456691889518 8.38539932464019 -6.897397207138042 2.982731738699414 -21.16082956489109 59.2094818959107 35.30171100341269 40.54657777299394 46.97389164178338 8.808351889703502 -34.22275841944504 82.05131320818651 
-88.31131793714968 -75.7425886373397 -97.00987978748527 -64.55935976908778 96.54802286870165 -6.709891438763037 85.53492759824078 -70.1468069349496 60.44361600775753 -42.385502679278964 -36.56237348284446 15.657773009931205 51.57345153173344 45.44601894322943 -37.91322151065211 
-41.56087168768876 -18.170814826584646 -88.712237497214 -75.60162127472367 -60.84283486968314 -58.59337527578574 68.54477898718102 -91.62403831017933 -4.481412356030617 -31.326058425301156 14.65527087050971 -80.12871816634515 -53.23478717804824 14.104459893834303 -26.220510045802342 
-88.19737047518402 -91.39570316005164 -18.892594697157577 -54.093923053706746 51.12636758709979 88.74092448938674 -76.94360535122351 95.51942584391034 51.56299020430549 25.648341270447858 89.36621016529057 -59.59004611546275 41.56681448496059 52.76718222170783 65.15978572994334 
97.69789690898608 61.9507349679746 -50.64828463043889 19.723923166576213 56.144306871466 -51.005213766696336 -78.47068254252832 25.55832191533476 -62.96255189515803 -18.307031579562278 80.91136138336398 29.308463415301333 81.97554975264876 49.98252018739595 31.015649414355636 
-99.60227763621425 -94.39029401110162 -72.57780558134898 -43.537902116995156 52.95248691619611 61.594549332590134 -62.12009498350704 91.65526670458527 65.00483189103838 -60.274750813555244 1.1190958782047602 62.74304679357678 15.543725262395384 91.72108971648007 90.67604372372844 
79.0075045740256 27.738977390373606 -52.83695752363724 -44.24244878350241 -44.59764626230689 -22.474670142643262 -47.74544471580084 -46.74705501157457 -50.590506918714695 0.6153491382225695 97.55718512125412 39.931733980880665 44.23628241270319 -46.61318189276371 -18.098642456319197 
66.08150602528235 -67.70467380274405 93.9151814059505 -85.59121425086438 42.4784963882133 -55.49930571163175 -94.35240383217167 32.694185936416204 19.176782828138613 19.858795563183065 -27.81665150359798 54.95137138426384 -10.172751652128326 78.17948734808795 76.94516902328897 
31.524603448091312 6.545862257923346 87.18233088905441 61.94496475540143 21.686203570147853 -47.08197913151169 -9.630843287098728 38.91347769045092 12.587931926564693 18.366235030669515 98.6030920173421 -40.32666019799842 28.447463542440175 42.68780635972527 -0.745313772067945 
-12.825380627002687 -17.175903177860548 -50.092493697124496 50.24265948375353 -13.062867796772707 -56.62898227685835 -57.314450162738 -22.59412529538625 57.08780831283485 19.255018619825236 8.345780224522642 37.249891661217816 89.0767461780712 76.16322912942348 -96.15990013581784 
-64.36743526645306 -65.04843246096289 93.24967180073554 -47.456003542781474 77.29433873296617 58.39599907948215 -85.93208685457722 84.98835970975077 -81.11619389359288 -92.55528872264524 9.70638583568568 80.09279046410171 52.52016085822004 -48.52877626599248 -65.95409460950594 
-22.03699063029181 96.66031864845456 56.20634403412731 -68.92802125283409 5.948877427553569 68.51359553579462 -60.44877590574984 -96.81800625512938 46.528783339947836 17.480726839076482 32.221546777200615 -50.60701899014495 -32.60174288932376 -56.4012157941544 4.195686210136486 
28.482547663054362 27.16555862879042 41.22548742620157 -34.24363763068814 4.247699180137005 76.05689704698517 66.46499335883405 -25.749858825496318 -50.11379372845506 64.099985485372 19.2139753481418 93.72169625484662 46.26103553100643 -39.66930403575797 -24.80051808886094 
-14.882979151046044 -68.26896865569059 81.1648173659139 -79.89178383223326 -25.501838235501182 -88.0265214643465 87.70960172516325 78.02607752469356 -33.05912349105493 13.426545580425753 -94.62420082398333 62.967677090662875 1.4340102449942265 24.0732930488103 33.31450209888743 
-43.825157537251116 87.57845178627545 78.0897099243972 51.791018712147434 88.85707121713088 -51.23592911034282 10.831200103674533 -10.827979433104517 -55.172496285393976 -91.5872224327149 46.23142838339729 66.47874925709917 -98.14581960629347 -94.16796804094344 41.490583705547124 
-51.02626119384111 3.0032844688052904 34.02564406954255 99.16534207594034 -61.73114138289784 -73.22491562793591 -20.376340001493176 -50.01121364393932 92.06570341306332 -65.81439230766014 93.70194680843494 19.39719628865042 20.124101295086106 84.25896256469093 13.394033817688864 
39.02157278838055 -27.898685379803467 -72.43054929088551 -14.948765745529442 71.99391942414982 -9.540192897008765 54.89233322673732 -35.077090725096994 -75.85570877642729 34.809956210053144 99.66969607052889 94.9891700862702 39.95890185715075 -21.43273748363599 -82.39905039156447 
14.784683501253127 41.376127089985204 42.85675780264913 -29.373971499287137 -32.45307899793812 57.77295958758225 -58.218153417073324 -10.12029468042492 -49.43872437521164 39.30264934718252 -1.5636943440712372 -75.66145438836365 -46.788529824464135 53.73541076689341 -38.08563984538929 
59.075101155880844 -71.01904562351785 -78.15866072514888 -2.704902530491694 -6.722720425726081 69.04395853978164 92.07714265522947 -69.65203349520297 41.02109995158199 -25.175373664958784 -38.99942099584885 99.32716840003474 16.434557607263088 13.903893679797747 80.00688238993055 
-31.035915489383427 50.3730553927231 -70.51107329542177 -28.42157217859402 -51.135579133277865 -66.90552835756847 81.96292361432393 18.867300399853164 2.2839243113927523 -18.921573648982275 77.82321473153775 73.37651716381538 97.1472450612253 41.16778687870678 72.68684475851225 
-23.233236789101298 -96.82262706445361 -73.40868011892957 -16.01328211806134 82.79521380699319 -36.30340128281666 33.70335073499996 87.73294515048511 -7.912238785211414 -37.60583609459933 23.31076196005553 52.28460151749607 43.768882723912895 -65.17251363789319 -32.694790644079035 
68.57476457001354 -87.058282328296 95.8098165693792 -22.491754805471388 -73.44521364012822 67.00581460998797 -42.7324588919702 91.16981504965494 16.992763918312107 -89.77536153352032 60.150283124047945 -47.2516169571862 -69.73257263814861 -88.35801974731909 10.103806324922516 
-56.09319048100685 7.738983686806677 53.4407574163576 -94.10577063677295 65.8682051463147 -73.77930897011953 44.51704610751648 97.39562086692226 67.15452251814008 -52.67661458765605 -51.54828554105604 39.74405025311924 -27.342157974151846 -52.404700729256206 23.634191517951592 
53.57808967386691 -92.98833186260438 -30.531134484412263 4.1906115093273115 -34.95108470045494 32.51667372176502 -91.64179156750068 -69.97868513620271 79.62069822652421 -92.60821272492612 7.393823299442474 76.17762203277391 95.48796423613089 41.41857355350973 6.655249715700037 
30.998050136864663 -81.65336344038927 -13.603403957685444 8.127061827556446 94.43488966738735 -21.626225153486402 14.083481885206211 -87.60954288028131 -84.50210062107486 84.76383923487643 23.737659308393802 -50.52529312557479 75.9790753953269 44.96152041024243 -69.90516243523945 
-22.739449292188297 -81.64137971736682 -72.72120290535366 -96.73841657925735 38.25166158632689 56.40421341477523 -38.797846986308215 86.8096092014288 -83.86312628024413 7.6252710364449 -24.588014459835932 30.272133654802417 95.5953236660572 -98.8940888480673 -43.846565103465515 
-64.3874033432928 -89.66055510481384 35.404545601809644 -30.39429540057283 -12.166086599788756 -91.4368266904972 -72.21981003427621 -38.353720834205696 -17.884650449297368 -79.86629519614667 47.47309459038141 -33.413702977745416 -96.9614613534809 -33.86085252550038 -57.69052594197215 
-54.04309016464583 -52.94206860319943 44.27903602248168 -33.7204670590729 -92.84262408891311 63.26601512429713 -40.79770973444295 -47.15784276821482 -71.2947971107837 -17.0112403218657 44.830081083789906 -9.606645970491229 -65.79012064810107 -29.7259966228047 -95.32775481190299 
-40.41694919791154 20.36700250563341 -58.96947997554687 11.559583669743105 -44.17846509425003 6.475356003563618 -45.52673093168147 -57.504483897935586 16.345250409303674 -33.13796564444009 99.93117048032818 23.791817405242654 72.10699501159127 -89.11596693986456 -93.39814827044859 
-87.66157500785401 29.811871880798492 -99.00502538120091 55.88025463098839 -51.84111575806436 65.53442734584755 -24.006637955668438 32.420363427772 -3.0986660801964376 -35.605520543380734 46.26140486383957 -75.06723024604929 78.93664200672248 6.991884880673666 91.71996861136671 
-15.976776179256419 38.07489119125509 7.861175841834566 28.009767341310976 69.45218348919568 -28.76474296578786 85.46248495421705 67.18593437950244 -53.41677585469324 -63.16087813913369 70.40031791957728 -94.58135333540045 78.1297270007307 -98.86093490925256 28.166218315769612 
32.08593231162979 31.90036006767656 -57.72821564360526 7.979942367664393 -94.72366354177477 63.66314685345321 73.03006776726636 -64.99901350986816 -97.27168860709445 -97.21833214513318 86.82399929002992 0.22804283391772628 -30.025189358701752 -23.54401262961541 -77.91838262811231 
-55.255410929955964 -56.95973793936746 -12.820438586250106 88.40536279443478 70.73867593048533 22.64289527036223 43.32623770033922 -30.703919690764266 -85.40015947189235 -97.33299558038301 -6.7688270935141475 -71.01913360064482 58.93465107688755 -21.118739114775465 -25.172238145929654 
-21.20075800547714 -59.94544845629382 -2.9216096635514788 -85.04513867142558 -71.22717973069017 -56.19602581956784 -64.05867025769308 -37.03895568510425 10.87324742798188 -77.47134085014626 74.47011336087886 -88.13127271639311 75.66120154460435 49.98592635487742 69.9671126175651 
-13.530835980054533 -78.79802490052366 -87.0137190665254 -28.42277818839787 64.57331937619341 75.04620850548514 -77.28960565303278 -72.21559222623381 16.677082483363677 19.649097649297985 4.342916931961099 81.09681365792457 -92.95061504469572 -81.33911271719384 -34.96824460875381 
13.419087461800075 -10.935754359384987 43.19316602043534 -6.670956476694954 -69.52644246985517 -31.18979778308932 91.3398571403261 62.470841507594685 -3.4633475701343315 74.59333385941147 -70.93131957677218 75.16255150211029 -80.7672057558885 60.423816292254315 -28.68853352992575 
-17.87676480709908 -38.30934489979083 -5.246640680374881 -30.34726091324636 40.595900933491095 -32.22776980337869 -53.8903461772952 -40.177392183038776 -84.62071679800111 -4.182303760652587 -20.621182465044825 96.56928693564956 79.49360013538148 -74.48159078562477 99.24424706068442 
61.50353514672014 14.666239859313478 -36.09193384161282 76.12181101669464 51.61149283076213 -14.253502322463675 87.52097573561974 -78.62143878222965 42.094238266740604 31.943743395848628 72.46633879583726 -74.00681606816657 -52.65649692677958 -36.94509964161941 -4.797492336665016 
43.50089204415809 54.444914921431604 51.664814174405336 98.28817893030387 -26.578976366255304 19.859035126444738 18.887873369844627 -47.99353798939969 67.27653025248122 -11.792484199244996 -15.976760676294958 44.5521531949268 69.27100113947927 4.136008020479281 -29.378131069347063 
-37.734110560183765 74.59841485257112 -77.37169070902004 80.483857215146 40.55882513901568 29.90232327910485 53.602134562999396 22.73663475307555 95.59349331675372 -30.038318342753684 -50.68842798469666 -24.16481535064092 78.4945966092763 -68.55284675213107 -33.65829233924045 
4.498001588733587 43.57444823782416 -4.2449934048804465 -88.09359195058038 37.939630667115864 -51.45391772047068 -18.473133899746855 23.62857493533504 -96.69273925332035 -44.388872225460105 19.733320916087422 8.931275971733172 -71.07500040693226 50.298188874524186 -16.120348536653523 
61.19904980642929 75.44912746008396 63.136524743374736 82.30463125805088 52.34154134848927 -38.43337521564154 85.28368873087334 92.10537154859807 -97.7715946078815 82.3204516239827 82.40082793800957 -56.82401706338804 63.939734648731246 49.07370039997673 35.92004990599642 
-7.638913507712573 91.35097236422246 -91.00092209706385 41.2683835351105 -26.2155262523398 10.561454873408053 10.465606123554181 61.01816601411815 7.653423095510732 5.385188424693794 -6.85536144311429 74.56019155320902 19.59689103993955 -47.24270095314691 6.901785454360109 
4.5770125885762525 85.48859260772932 6.262573223236018 41.523055849547575 -1.1130861822738325 -8.309927463998392 83.6848770885459 55.638080768249495 -14.831512235940167 56.86092860442352 -13.479572098680734 55.542042169491225 39.94587889164424 92.66088298910265 -53.46982998709371 
-17.85027763271178 -3.1846538916395275 51.91923480550676 94.78414096855022 14.985448407233164 -75.15340601859558 5.830860864278861 -57.282420350171506 -22.443281224186947 -66.93039564309318 72.611340368414 -41.26392342603378 68.0685134395842 -29.429324800236728 -34.3427317826075 
-52.72181475412066 -94.8795282775846 41.12197957572309 68.47688569067247 -48.99706958464647 -30.124783750749387 -49.72976069860031 6.671360850717662 65.92480710005461 -57.25305830613474 49.08742530965259 -2.7925987783532236 11.4769823873701 99.06565011825344 13.889900551580368 
75.50704989733288 70.70651842770013 18.545997258664897 -59.47591808998207 -86.5138619883293 -96.51177969083302 -10.09620363430119 20.30678449975605 2.6631483234263555 -61.25778774493283 38.19536372940985 56.63960543117511 -23.255745590300748 -78.81520274787108 -65.20214518875403 
-52.15854275727474 0.3749955093187225 -82.78674143098087 -55.727308238397534 -76.88204645918418 73.98272062214005 65.26529217311008 75.06998833761256 -5.673619906900157 -80.63789697792546 -13.197824267850322 -36.700917748943105 55.13947087250028 -46.94427457570978 94.37030394126208 
-45.21495661642587 56.80042437947722 -22.47359968621889 37.86873430153972 26.702748802585432 -86.6402597735812 85.20306301407254 54.254335835441736 75.07326362694022 -26.510174393396895 57.89693347314088 18.30843708635193 67.85228436472906 51.63098837743425 76.71372727546756 
0.3796384363327121 33.53714935963242 60.452576983788276 91.29203479855721 -26.807137382017302 -5.631952722964442 96.68919670403866 -68.025718613736 21.990037335767695 7.829810611551807 34.471219605872506 -99.24255778423512 45.97781152931333 -94.14005389676522 14.365545309941524 
60.64822977908895 53.37553165499634 -9.912826575351815 -25.56344782715152 -71.28037350140954 -59.553854797854314 20.45758282694443 81.12377709007961 -63.63649201230545 -78.70208106201156 -8.82084595073465 63.20197625773659 -37.821147813291 27.1688738186552 43.70760061666522 
13.037835233630673 24.040362238858364 -96.25474442387443 -17.80321411667876 34.16053375787564 -7.383832025564743 92.61995998337161 18.613145111473955 -67.68299169845318 -68.51093189474373 -35.48837646415129 68.97063976899474 7.77700155499808 4.719806122256358 -19.8198135131004 
-69.2864475043983 81.73880079300665 51.50523247117161 12.601417625618126 57.94815435017722 33.6721948421046 -71.09459547150938 70.80035029310474 48.145815944768486 26.04779941737118 11.13012350219131 -8.685798996072776 -57.63968280911247 94.09608804719528 -52.32375911777369 
29.17965869007452 87.94299240324068 -21.65477159779377 -77.36907359609401 -11.924318169769023 98.96851845964946 25.063243507177546 -66.18992782750016 -25.204411405666576 12.993419474422808 58.5465891124401 -20.46942283212674 -13.15814059323543 44.69469158836142 -80.63015502096911 
-28.245026699715822 -18.801896436340044 3.3543965487423435 -75.30351241048655 -63.765926135956065 -48.64911055242666 -41.71333131137332 -36.76294160573346 1.4759053739565644 89.25170795085805 -26.926742924339635 97.07101519621503 28.055390720575815 13.258637502214299 31.71981932569102 
-91.80459175483023 -2.6831787376178085 -88.52161162443764 83.56415197470187 -20.587074356273135 36.98407157862579 -83.61318868156317 -54.00823465723199 17.578163757108683 -99.12258399446294 31.309644819664044 -29.040258519845224 35.69588139924949 77.94512842901258 -3.9439660050522463 
-58.62132083334552 36.165803642530506 -78.82114015034657 89.79333650963218 20.908068005958796 70.26502659530522 -12.584753329116438 -78.5641095903047 93.37130333222254 -1.1933182809492564 -95.19411724077223 -58.511611739082284 -20.13925624624852 31.04987116529381 -31.695747113582897 
20.024726231680816 89.50592265637113 -8.083760026880043 -48.85676966576653 21.60025171568111 39.7286656685323 80.53807014269935 -40.90710836011651 27.63941843869881 18.186125281145408 -70.96917548732353 -10.973200072826387 -52.58863702235115 36.38178300264494 -58.49084412663177 
-9.526126684656091 -73.42190039606086 56.694506046894645 -10.303739729913744 -37.92214177590656 -44.53266714560817 59.713181475139294 91.40471531730972 -20.96763618527592 63.715289416163614 42.40700507547294 -46.90738919116071 -22.617416668723294 45.434084017856065 16.287902027663975 
-92.91578197195885 55.75576801679304 -98.78941389534741 -4.818367975586412 32.15015537836169 69.91968840944293 -44.296869795361985 -38.75434809413849 68.70153008543838 -48.74511565534476 -6.188215596084319 -28.881032442595796 -51.14166407111558 -71.79980872975412 -2.124373750274728 
-67.35071172301565 -94.2667503791434 -39.53042497191777 33.29742488820645 -91.68058248227833 -9.133182393733335 -32.56844798881919 -18.945937608493395 10.490390172262792 7.5549844274160165 16.090712054103776 57.461760545851064 24.44163209210126 49.878963690533936 -30.91704697707827 
28.408158714074233 -33.682111849512594 72.70135008116793 -68.99675775590173 -9.894224904552402 -16.436830836229504 -7.816870206885326 77.04605842067863 57.787937370520865 53.13845376100406 0.48132067298864456 -91.94280183071928 -32.071145117285354 -9.23912410037903 35.038996046583776 
-94.95445411446623 -12.540177355681493 15.859442948007967 -31.779295614350602 -2.2901643905226337 38.516853860775484 51.267885388212164 72.53606879978355 82.39680370079984 -71.70565186030086 -18.531357528868824 82.57835274079883 90.71329442403388 -26.70327863440947 79.08811457910858 
39.151225678369826 65.79616407076082 51.52617477773936 -53.82085709804958 -63.370782632352494 -63.1920955562953 61.47784297291818 77.819006635486 -78.84829258794078 24.53901873817233 -38.082239713218335 -67.01669636611899 62.28498830685447 56.846378746750844 -48.31478116396961 
74.21590455893471 -29.16882608371762 60.419627661375245 -65.46439749465375 54.5334823803685 20.929525994917313 63.41087754980799 60.46200212878355 -59.09682499119084 -42.16159426870665 -11.368643159582234 92.43621243377098 -12.194883884162365 72.9303570632824 -1.58832128599731 
71.71555959327182 -52.24004110616826 20.413938174851353 61.564504421434236 87.41238861909918 -53.73364607392976 -78.31484789596036 1.5815300458021113 65.35443891611271 62.03854659476647 55.09536211962666 6.26846997712434 -76.39614206602437 83.8941416394853 60.51588148471777 
-61.190458756468935 26.229957276054463 40.83475427632476 2.8313487159718136 22.961193827668495 71.4970175770489 69.066839448293 -36.942526349426984 5.956589032572282 -93.76377820806073 -62.422827124085465 -52.99691407516918 -94.49556576900066 6.037084316227464 -66.25342551599886 
-61.360726161633174 -73.0245001811359 -65.13262620946396 59.82440115526367 50.07103464705759 -16.39424024613818 86.64363640003057 -97.3455432914997 -90.15874548644456 56.632435009733314 3.6582040972692624 57.7173253984283 64.1481979565823 -95.40120842215198 -14.298302255603119 
5.677653148249533 20.114920855432032 93.89436127021534 95.60199254566257 18.804859110530913 7.125831205968524 -77.99385201673167 69.11079349368515 -68.29057749608691 81.71045472846586 92.28512353189774 -92.0209716795512 56.33430467503413 -13.716103248191786 -90.4074231653411 
21.048274886006084 -53.25296745405055 47.86816185613526 -14.903840648086785 54.77107124101158 -22.89159583684635 82.91933931806699 -38.15553442500479 -6.9245597982925915 42.529469613523645 39.726213768705776 48.73615149923276 68.7031574529675 -45.227965809650314 -12.280514244146914 
-2.360366634316293 -40.048689467564124 0.6060114830360561 77.22445294008008 -99.37087860155242 88.47770334402637 -95.11383279822915 84.81718506942738 -82.32534406647594 -66.36530476887751 -92.52795240208434 -86.66031767905098 81.3712387479838 4.4370609586076455 -5.6309309481729315 
-30.635487364259745 11.530984911510501 8.420982207095022 -30.100755227464433 9.561831813918047 96.22596013064648 -54.675746591205154 20.606442593401766 -63.21461151292056 61.04789527773161 54.711996982600084 -5.934181069493832 2.6724555734584783 -62.11176220063093 14.578056169409564 
66.78237754817329 1.3512462927366613 -17.69095523585156 68.349865715097 66.53463961906692 -16.25694619533202 -34.474847905838075 5.299268736454366 86.1840127437082 -25.326938600231202 -21.434992493654036 63.69400166253206 -75.1137929714346 39.61022459261969 8.036539507992458 
-16.679590326325837 -80.6793649812932 28.42415352293216 64.21554111099996 -6.818760817213402 -48.8831225164009 96.89563014118028 89.92466943160056 29.216729029052402 -8.087699292220236 -97.10545524550038 -7.531791932275738 85.83333011348674 -20.257981254266454 -73.17735198285014 
-52.106175839717864 -3.9016189127996768 34.07065265701641 -24.408664185259738 -87.41797428106118 -42.8081008275774 -32.30364497355434 -77.88062979548418 -22.691575370791355 -35.53885809980176 77.75709667778659 21.527238479724772 -37.02418929427695 3.945265734717694 27.669618890356816 
14.152790307227576 -69.93072100391582 -7.524734511074698 46.32069187522518 -46.52337342227681 -98.63678078551534 -60.828346626624466 37.62399521174578 33.3300929136625 75.08302280174249 -78.57266616044971 -92.34426424544169 11.13850732574602 -38.386622951940865 -23.278506966328052 
27.785105824182608 26.728058027576253 37.758438366944915 84.06598447380887 31.324460624120434 -21.26975446675401 -63.03870656211301 41.35188878252967 -53.095963891717425 -45.27214371315149 83.32556443757252 42.54200907841687 11.116162722265102 -41.74026160882309 -58.27293340412141 
-79.32707373070356 94.53989622988124 32.133746656397676 -32.13649104940477 -31.269374901207115 95.34048408563748 -83.1896726803391 -17.89015818815713 -97.02874981720441 -68.36901486388194 65.60488883087768 35.28899679089085 -49.3775823177298 38.021080966128835 15.432390367578506 
19.189453285341614 -4.587921010723079 -39.49638826473751 -69.49278647470769 -97.4323420453334 6.015366186636967 -56.69021521114179 78.20593771895341 -81.4097115916287 -14.511288319279458 -18.899842318386135 25.0458208851271 65.51690047338718 -79.2765842931604 -75.83583891347195 
-33.13261515818593 38.15473140350994 -27.707105755075318 75.47526926610786 92.43186090590802 27.90582014486516 -9.55555952770753 -98.72544142495852 96.31567857211007 15.712824514241788 -16.75624047955209 31.090564462301273 20.353556470999365 58.20827112622575 62.639670014561034 
-90.35291209674925 81.62611414199125 -97.7115844934453 -12.614363376240178 36.48454116240018 12.572767824570107 77.40879937408874 13.608441175534566 68.42552175444152 -87.46641154344314 91.5061784009884 62.19142938556175 -81.95699056355403 44.595463361892854 -73.81040737806528 
41.5556364270723 48.561108505833545 -45.16949573456559 91.73667665509916 95.90870265423209 20.958302447665318 -90.82589054712042 -62.56207676654333 47.291948679190654 -24.566001088597588 -80.31473880887285 -55.81444426187887 -69.31267681911059 64.26161638255238 89.73462767776968 
-97.76623332464199 47.43729664124709 90.9959427640367 78.14598595312086 20.223550166531453 73.09442039389276 -88.2392618677786 -14.964798516103457 74.04504021508757 37.21595517772795 -83.58325309050454 71.3147395557636 59.24201976870913 -10.079477093275642 92.81221456625931 
-55.94039037513407 -50.686991486048605 75.27575586211154 -40.62195343180035 84.93244182871592 -26.689681620918407 37.7758633161458 -35.29351568907467 -53.242987775258285 -83.11772094155138 84.63471586197628 -92.6432303545654 76.94106079158684 35.40498805855924 -73.52153905594953 
-84.3448700089682 20.82310096357878 36.31431726926857 96.39664990630857 61.81949783271571 -2.2019318885121635 62.68642499066283 18.31715242405882 -90.12600819221834 -65.76298572417822 30.578931561230263 -58.4816723723224 96.7452068337503 86.87548494847778 85.41724626923943 
42.65606556063335 67.47856037045901 -6.690710193389762 49.551283599319305 13.582021625208498 68.07757550797336 -59.88698709306088 51.035651802710646 -90.48099376737315 26.55453266378487 -73.84535030822013 -66.81126354426601 -15.549551868427486 60.8579884726376 -58.21414368099293 
67.05350061323924 -71.85754635094037 -29.10378284370367 -95.73190808741904 -15.98594522915755 -9.84514994949464 -4.687524286297446 -21.903041703884057 -32.08750344477933 5.33195504907242 -87.21340461753282 -78.61275484576949 -14.764221860294597 89.2325787218239 -77.57206392587143 
22.081052817662197 69.98656634835444 70.21375147048929 -24.888403353456212 22.466492797853903 24.940714119646017 83.40681351954805 26.890759760348175 -20.595285185459474 -49.413146790926945 -66.843485892433 66.37200175877138 18.97384316955946 -48.82532711029137 -7.062354186780567 
-18.95497599115275 -86.2460735675743 -12.066819844670192 34.617394822629734 59.56004900779547 21.9400527308338 -89.68803635653377 20.02834976923424 37.69805119220766 98.73877697417885 86.79395092964376 -27.41436133569519 11.54265644092294 -23.442591377838085 2.2546483441228133 
2.744668400123544 -20.686891866283247 26.53215415333274 3.3248615560754047 18.686335221914874 -73.63191614266984 -94.48045096453777 -51.952617910637386 -70.6649771658367 -37.604301928325114 76.66216619063223 -80.93246302669408 0.34498700052772335 -59.51000324720299 57.2161733897691 
34.5382774010983 45.45746429355253 83.82601858623639 -21.91632431422954 31.654849310548087 73.34745009620468 86.14887417996647 -49.508364861750096 -1.8864041709184534 82.36598897388106 47.56104992843703 36.866256577355074 -53.11138029206959 -72.64923117521604 80.4187208057057 
64.62207047622454 0.8517864341478685 -98.3639261125675 -99.39168869636103 -27.225318252418205 -42.94638913487634 29.884726012382743 87.46001365074295 -55.23790102035668 -24.58716882266137 -84.94824249238886 -56.31185914038734 40.4751422144256 -5.408320270760655 8.160184593518721 
26.650597699995586 22.570457858063307 -75.52131074393404 61.516980424465686 -29.379535020300523 48.670366436063404 28.130085290263906 -96.24249116730354 -33.45743159807574 -5.799913950259608 54.81912191379058 91.36477099938418 -98.236914203519 -84.91785653869223 34.217757246693 
91.5252077773821 34.41563014355958 3.8577740366435194 -25.48015818424294 -25.43782223125433 -76.4890657295695 88.89694433481665 -61.31014517059627 85.9717055683443 39.968297542533804 50.412117761230945 32.847706478458974 -98.98159028816917 -38.44430227645104 65.84090252174991 
-96.23462613546036 -7.407361252000214 -36.78651130417343 -64.52337502413587 -54.72712428744819 -33.395481147210674 28.367672943851403 53.93323497162342 3.3885865976191383 -45.06707690002551 -21.66025580129751 -41.30458563230148 67.78264163042027 -4.481639568934881 -36.39334966158923 
37.74350983992366 -78.54157910553795 -48.01838705652568 28.62171905458922 77.61342313770513 68.99252275122274 -43.42160222478082 63.05849605518347 -27.224386608865032 -33.34459067946791 98.45501040562945 -82.8639536874239 -66.18239059419003 32.88835160770881 98.4472340857397 
91.3153088590656 -61.69665593479754 62.697081539871135 -32.26440940509944 -10.789871880475104 -50.1663324011846 -49.724980686831444 -69.75092010504933 77.0975352255063 -32.98320868947562 49.13598906747464 27.119726628922407 -41.386579810251 -76.80273507654212 -56.340066075802376 
40.228305744269136 12.567526888541366 -47.400527564830305 91.8522000917022 70.25409205507177 -48.82823185891021 45.96796298144389 -28.55655211039428 82.12164569531757 90.11244153051135 -95.80977259495566 -34.82938407968008 -53.75830619214981 -40.77800258056649 38.437292962618926 
29.371062151911843 29.489899053831294 67.0086974141868 28.656419684761147 -33.65059301597067 -7.282205689724336 -93.52619195758685 39.87359631602891 -90.69235623195473 71.96573013159414 -43.74504352993627 -41.85624685322402 -98.11231593264655 -93.09571964559471 27.641162865176597 
22.314896200614015 -94.53704006209679 -39.48108960949026 -39.08502009977297 45.03606730295067 62.9912536206314 67.10886984019254 -36.68664605329744 37.5300269095288 -75.43919315995814 21.406702206362098 12.7899703848029 -81.92183448348501 30.208529746182307 -65.43669530429548 
82.05663059067848 58.53133068444606 11.04850447030941 -15.734560129941684 26.78816269546907 31.174485233716297 93.23713436767099 1.8033828722191458 54.84938138905977 9.121741492620728 -71.90390379476136 -2.3473759456155108 -14.676148178293545 -23.49153788996297 -82.01439940287673 
19.252116845638284 29.840238777279012 -20.019797860540734 -36.145119278476635 -15.941477395408185 59.856572350903576 -22.824799930854354 -93.14487539770681 -15.006095453695735 81.05186675469855 86.59551840878333 27.379766287441612 -96.03045922148522 36.40375683360679 63.19735910003686 
-81.41332419436466 -51.18281541904124 -96.58630402724523 -6.073073297584514 -77.37260377840104 -99.87614211957512 -47.55108104116612 99.90315680335104 -5.666425584420182 94.10428093241191 47.0490626967715 0.9474735833085077 -79.47139084042692 95.95403891089529 61.68495300983935 
75.87285291662303 7.077289957904355 -92.06694885502051 39.92211207433698 -3.0365706654468028 -49.35713823852974 86.13542505272699 -56.294996355689975 -8.296941320693364 39.64862581427431 -77.1623245438237 -68.9896062191265 -30.550469364508317 78.42774763054274 -8.243935686976371 
93.14055855000993 -61.44854311850649 26.52751145637204 -17.438687051066864 -64.65392832687715 7.757180631669684 84.46534310590565 -52.2432219843671 -10.93376622108282 -49.53326542313674 80.01015090092059 37.96395376692155 64.34816578419716 -74.3085899678469 -14.413761053216945 
-41.41642130682466 14.95662451916364 12.793592216742951 55.14404344461755 -26.207556985455895 39.6123661321339 51.058716732161656 -28.217276103202863 62.44005303223946 2.1753311957541968 10.433915762028747 -28.46375816503985 32.94424269611423 -49.39661207318873 -37.32301100793456 
-85.62674301068209 23.84292933155136 -51.75172004957933 14.298003234533141 88.7824004413377 56.76841053578744 -48.27044934404536 58.76571458783161 -24.970386389857396 5.822135213604952 27.045524537879288 95.46646620755257 26.43589935635245 14.134810055220086 12.711678823177138 
90.85209672137046 28.466631509946097 61.363849989933726 -31.84012732677664 60.42876239784937 -84.55451925674042 68.20622762732208 -29.751564396968845 29.860348472987766 -70.82417532671855 -79.37077267384198 -78.53315660096447 73.99676565925077 15.578269374729274 -18.559719482800546 
53.35728950916757 93.84788903976468 -42.3244857552084 -20.566583724492915 -69.19238900193542 97.86904690647367 -96.14561493718918 94.43888208095183 -94.57033379538527 6.7521095069117365 63.21400521873451 -87.17433455058861 -70.77186978101149 70.18331240584911 16.555165306038447 
-94.18286932343815 -49.07396731369735 -38.735852712582016 97.03688437500054 86.77558444176171 -45.64928187979478 6.6095666407190095 64.21635643063166 16.533241156796706 56.81855775762014 -19.010521565414493 67.03378608279246 -17.72030985546293 98.4850116773149 50.411942347931785 
73.76516005990382 -89.93887081091219 -36.92516066963742 -56.20871644872183 88.40498696989562 80.97894402616546 5.307721770884427 4.5866220515573275 6.357516034242323 -55.195945970135 -38.9783120000134 -7.480704607946166 -87.3274634921715 -75.7361550800456 19.313745790158137 
-22.359592433385544 -89.30592805229108 40.7719143949563 -37.338261578481166 -31.57871441717826 5.74116861113329 -55.44084747557314 -69.60335379759475 -95.98099399387958 -44.27501007854637 7.510134429994892 52.78785966556748 57.923672768149146 91.61698647213291 12.234582331876268 
1.0553843528422533 63.129290622328256 -76.76037906139265 -39.33858335276774 -72.77587709935352 25.530267756859587 -83.01736385177306 -2.772909861059361 -46.08001907179906 81.99450289611167 16.440166175753717 -94.66614519154093 97.36535000787538 15.608180990731626 -36.91988742449092 
-41.17720784341059 -58.857062251578895 -2.5041291444402702 -79.27561659553291 35.97322039246012 42.40893058204628 -12.594250656906539 -5.782394077489414 50.45061420119305 -97.1472820040256 61.009231935356524 63.995649380722426 17.853346233663387 -2.1509587488254738 -26.20359418471756 
-0.9033891087180166 -65.00630212163117 -65.72284888461222 -62.26500399953392 42.52895886472746 -69.22914531772622 58.3622144150651 -12.471602040609909 73.83004177868932 88.39592539782407 -59.89169708757738 -20.88824471743895 11.700897893413 22.27293292340937 -70.54763474099065 
25.071114097152588 -75.16687835675648 -40.263990943143746 -37.124112661978394 71.26388279297225 65.10865583576751 1.1490970609203828 75.16716455631928 3.544618556546439 78.79419812130888 -70.08609010843912 -15.534170993870362 -52.99307495000383 2.965761114949032 -19.527189532834484 
-68.115183524768 37.579103738274455 65.21216515244333 -19.5191796171067 -45.61872251207462 79.18072546233677 69.71829428191714 -17.67313936730676 22.911234723134882 -87.72948500216037 -78.81158339882555 -52.64594160250991 -6.515513952210156 -65.9428716023994 13.029962472270057 
-20.139023789808476 -53.59851888115279 -17.26255446802334 -42.996529244396186 32.42203418046273 -30.975801866874903 95.48615680424095 -3.0211657321443965 5.65566574122667 -48.22770439908452 24.56047545592679 86.14959569357404 -83.80983519719807 34.663939943113974 -99.38649726327588 
-78.11794669178823 2.424739625516821 -19.8642443548613 -44.60469530695723 -34.047553843138914 14.033513854863685 86.86662148694592 -11.285779934784145 -21.878379163900433 -84.55077621452611 -13.361536571306075 -17.198891381081552 6.803024643324534 -45.562355394707524 -27.392952294519375 
-0.2573667405850273 -22.012910878668663 90.56972124068272 48.45882969658993 -51.58398802688629 11.63223110338798 34.12441400333415 24.338233310729578 -52.058451560798225 -12.456189479292874 -47.80799865912988 -42.68245842609708 -16.83018514590124 83.1459646531826 -98.81200071961467 
-72.57546541673983 -2.11846631447321 -61.240210341627986 48.74202060396334 51.45015846998834 -67.35295631068053 87.104845911544 48.19080898756195 4.6437988310729565 40.850282009091586 -41.26573950559147 97.95441870690931 44.18935067726838 11.649375649554301 83.45128076584166 
-26.758244222980608 68.20950923470463 70.39433873280336 -58.19737283599971 69.8803897954648 27.384915762512477 32.78821067362733 64.14623971795922 -50.86541426722984 17.267765018174146 -53.636143631801716 -72.31672576854842 -82.80884591812514 -57.699749401149745 -48.708479516916995 
32.17751950360196 7.688729678472001 89.67208795869209 8.234572797727367 -84.80234462017854 -94.92962867895164 -56.76744068843862 20.426630005439577 -40.295104090839274 8.35456301635054 -21.097758136666883 -29.23097353835064 -75.61991059550974 54.993463174864104 -56.18471081713439 
-75.73182035967832 93.4334416064149 -7.344170326598359 -6.454054362045426 89.31614142864336 -69.47671589388422 19.017531916793516 -60.824455734610325 21.75322640756083 -69.7010942616987 2.3748508014107585 66.14605572758444 53.829199486612 -56.33450579375725 11.814800188448558 
-86.6658973129552 -70.16307045693165 -76.87295770548522 23.395826054039475 53.77421724838163 87.0997199590573 -72.80141815952943 -0.5199656935184862 -31.66589518142098 -75.49091173791258 22.493088304202487 -69.59976270699659 89.33831640721769 27.267374138858173 23.439370577244517 
57.56104084816786 79.9605346153327 57.72701920511844 99.46952734139913 19.439141319472597 -98.52652731836926 -57.359243554710446 -39.412505515394926 56.70262923910829 -74.16513815704946 82.03101553514963 -93.70154486542582 33.77368671547026 -83.62995761350587 -47.70491646171813 
-7.56736094830444 -90.9523130538945 -94.06398615977385 -91.88237930311816 53.553961324755676 -95.18147768766552 -37.19324078001136 32.889475043392 63.48411937566391 -2.158989193406626 -66.20152726131712 -46.66642267857628 22.360306386676697 -93.52331918968177 62.815838748818834 
21.93759770924217 73.0774489560009 37.6315695584193 -45.03291615128175 -76.13232069165343 -20.478996837513975 81.94975953247183 37.247781396326104 -26.531153397844236 -41.57199770601301 -83.58030492064132 39.77134067405419 -95.52300377508212 -80.8604618294236 37.2667102012758 
-62.54135775678505 -79.57855922534584 0.17697780083480552 -21.1859125709412 51.12409605501679 -23.323932606624 -20.30273816466888 -61.316104096291404 -81.54558233524722 12.159194559312581 81.1281618123003 -24.25324368516131 -83.38828997293794 -61.7917023174642 -79.12149056702846 
1.5156326711988015 -44.35244452421942 -78.1342699195684 57.57191795855371 83.0008303917333 -33.274722632834354 66.14696010493412 -53.21271187698549 -21.997293753778152 -1.0171288437158523 70.5848968725548 25.773941199081236 -84.78460788346207 -4.226661987673424 -4.494940286208887 
52.42844498015427 39.5795272423473 -31.699939685966356 38.50196527204213 -91.21731879656866 -40.0154964670272 58.10974875641702 83.59520009927056 -42.566240965499034 -50.142865596520345 67.57083167015142 25.75088128496536 -93.28407159675338 -10.85357102823859 -23.252020253021442 
96.00687729946884 -3.870535894203499 -29.415427188201846 -22.80903740217329 90.8803031352266 83.27344047626201 -23.513702891472505 -79.36427180102493 -69.94234242752691 -49.69116506220033 30.352889932512824 -17.084967387761708 95.52702809723277 -80.58024285297994 93.24521294794278 
-4.311323406074493 84.21118536054203 -5.281155824613975 -82.6753473690003 76.07679851147108 54.354248222536484 -24.598156221896957 50.57387540245145 83.67146914365807 84.29927504484488 38.25358731322709 -17.308158445967877 -45.99694055941692 29.662794606864963 -58.85236369807072 
-78.01906440108857 -44.465823083608754 72.12801022555041 92.07242784633837 42.224508311055644 -71.33691973004439 6.868256038516819 20.144383912036503 97.58852927204518 -4.406512132481311 55.34370317777001 3.160034180501171 -16.75154538657692 17.44198708520102 65.21630880730629 
49.966447387131836 -20.226871940745482 -36.77988584761835 98.94158106690699 95.80575836863099 16.76271406798125 -71.66605887460966 -84.55320087756853 75.21082413344388 -26.01054730187107 -90.66317991898364 -92.7973951984985 -99.88432815391116 -34.05594288772562 21.80049231321331 
-97.70884469083994 17.870213763452412 -38.686846062978915 34.096975639708916 67.51713985028519 2.498437784023281 -46.88060054843728 1.2237789648659145 -88.5016787479971 -99.56603725301049 75.07710078963123 -3.023295079805635 -49.49839250935004 -97.11260283702605 -38.03419456166828 
72.7874316299116 49.014541631961066 30.871213182476936 18.046551836680052 -73.80861634973776 23.53298069018838 88.95839546177282 47.0255884738815 9.868535567116552 -0.6392623219806808 11.237519496307542 17.419200428825093 -2.8036886134077434 -48.115478728207314 22.840712452475543 
11.783199725732231 16.123478349647073 74.80705947459782 90.51299331859494 -80.12237336028214 9.91776858501656 -92.10711426278395 89.45394482322757 -10.119716781777655 -44.981781682544586 70.43457429132732 84.07946172263792 -13.484510049820344 0.44004437384943174 -25.883443906366637 
57.43364532281336 -80.16761620905004 99.59505709999056 -13.81724745605861 35.252157352476104 -34.497080000778794 8.694594391136619 -44.015488565000595 -74.83516665240589 80.01225724800133 99.78327451936829 -35.59545078939843 -47.90824265136146 -41.94112006464401 -32.43007569907637 
-46.737984300015675 36.344944989812035 24.70595961563768 -3.994206038141826 63.28721178511296 -77.70615033408488 52.71087199168289 55.82212363366395 3.033589357085731 -33.34020194176597 1.9203652933370847 74.33941929687691 2.62233216060676 -19.638326035986935 -56.113355699362444 
-91.78866134472467 98.76835939619968 9.013062513228547 -94.75288264426949 14.625061638650834 -13.793463185404022 86.46470776125537 -53.39957679907972 -81.12457299954134 -86.17305465981325 -63.3923751680928 -45.83538628759434 -44.865148735054404 -32.12946427588821 57.68168374026453 
70.55473344079249 7.203094213059686 95.34062716365449 -48.029881792607895 -35.84729242522529 45.241406349403036 29.643084561793046 -87.01998952945816 75.35934093815695 -96.77355313738458 67.81739277415593 25.258346383402625 -58.583237083499284 -19.24630227042175 -0.569674200779275 
-63.93678419937723 -51.78520434717462 17.68505471011241 -52.54724390733696 -67.63659168759793 37.19437456466116 31.70016596438532 -9.165804862839266 -23.06406701301941 -88.31644227599864 5.10787966082853 -29.66231801023092 10.464635800234575 -30.091597846126206 64.10074912194011 
-45.75968843126712 47.76885505422288 57.25892088371589 53.84793068002722 -3.1275262605368255 17.330507288288175 -41.335143967504436 31.901513716823047 -89.36011755306868 34.57135842123441 -0.8756033993086305 1.4602331734110834 -1.8363876360718052 -90.30813200960151 67.70617728653104 
-11.336484671981381 61.35259364593861 53.71319554046053 -41.421444194613244 79.03600674409918 14.196918438570535 -77.03622881128116 77.754546670487 41.40484730673836 -98.17097049848013 -36.822940563804266 -77.78685120059103 -95.41061632108301 -40.80250240802839 -72.22981397817732 
-74.34912410971066 71.52631849976393 -47.223944223364064 -81.50092405782357 58.24659037253741 -56.89428882812493 -13.543849190555648 89.26814720248078 -89.30335640999927 38.212062759377545 -19.977519177782682 -18.134081430903677 -99.7691153466586 -28.50246492413602 -44.272589381770814 
