87.26906933510432 90.34154165667718 -5.063273326526769 -66.82278133359563 -75.19258073087465 -17.987086290592714 87.6219938235077 69.10943607876183 -1.5777822006490112 -83.65428457515847 -63.042276563734376 -23.37603200275275 60.11532862152532 77.83346627871956 83.02240959075635 
77.62984322493608 -24.52714932106916 45.73692146254987 15.328123983114523 -7.660081326858716 -5.9768070989265 32.740238923485265 4.142727567454216 66.26000587019513 -94.21967873302155 93.37430691409224 -15.273551143438937 -94.84457743760986 -15.276176897698292 -79.44176957852365 
-89.03994911827418 -75.99057409602514 56.29202721868606 57.86445914742879 -62.39204544967809 -95.86609527279874 -38.16926316016143 75.7156552662824 3.4063223905439486 55.54446490704234 -23.33088947058681 72.05680524908922 -6.894443445749857 -70.70256259518521 64.45235110168491 
36.067526378238114 53.03230334930558 18.319610237684557 -79.77529362488556 -27.41922021699115 -9.276510207377115 -63.63244434871584 73.05957522461446 35.191797764308575 94.54826510500573 31.36374133385712 39.42553497294773 43.742598762326736 -48.23121829985797 62.522376050245896 
66.45881147432192 11.281494708482853 74.63410218052906 -26.22596035800784 -36.83860233590044 -0.819055019517549 48.33525876485842 44.65698327887938 10.47125403232046 -6.6945145177497665 -19.685444277598123 -47.763121399381106 -14.921107068514885 47.1014409865158 31.860436903075566 
44.10110044910323 -83.21374549826055 79.65466692590644 -76.77175656925992 -62.671096797973824 -28.24526161940919 40.90511991204119 -34.960485151128665 1.4892519280558076 -30.584244330739637 -52.636914329353424 47.821871198472905 97.82076037545545 -91.13446292358343 -15.052277937274994 
29.30664779174427 8.693470774244048 -7.427120470572191 -94.80492798785644 2.4152644236840075 88.57306090704071 49.33147767213788 -81.62508344642262 67.40249069976093 91.35455145501561 71.43651927636216 -14.31184389751472 -11.787483095572554 45.76799238955732 -16.279070733747858 
-66.5645217514313 -72.39788331515125 92.43427545619068 -40.487480117409255 13.592428686522055 -72.75860195878883 85.28257097722906 38.34276091601211 -71.05470971597532 -50.562847414198856 97.56477973278064 88.34221896263838 -39.36931984750795 -33.88232730542373 -67.79493688739382 
80.97534197498751 -1.366372034973807 -37.79371102634228 -97.09554435836341 86.1598324299708 -38.92082601356679 54.25287613304593 -9.159607326263881 -4.33999808868694 -83.70426063485301 -8.127652846352149 18.939200536586085 19.95857656067639 -33.940703907818246 -78.29231632373643 
-97.56453516445087 60.37345345135853 58.15382930636969 80.7087628962116 42.2715965435614 76.18372085413245 -0.4717378490045121 -3.274007842148393 64.72496841645287 55.939073056734486 -33.648044586689636 -61.68472008493695 73.38838011039113 15.598743872668237 -33.47977373480859 
-41.10053010516981 19.275176707989573 64.34063265176795 -4.82303991455764 51.19579242049025 34.55543274659553 -20.229240325758482 -81.48528977919028 67.1220804808066 83.12870541498816 35.147282171500194 31.198709026992532 -32.10048841831397 67.00112124258101 -24.764657780536552 
-58.94950687751803 -31.846825257011616 -51.82314255267422 0.7204245529467244 -35.92724737428425 -2.963173211746394 39.64145550142794 7.419169407519988 -22.90773855904446 -14.522195572886986 -82.33556988658917 -61.77020144686129 38.377409676459564 -48.66459766293845 -73.97244440522807 
-41.780639807989985 -86.69166638642518 -45.713558013974385 -14.845582990555869 -41.198049698177684 46.24517100808342 -77.1539709289079 72.01936573061974 11.431070499207465 -28.558486355641648 99.61142861550215 -79.52644176093229 -1.7924715055390976 -79.3566389102073 -1.6406248318517385 
-73.72080111497553 9.696770192107735 -68.13520186300164 -91.95018227153675 -95.86632583625905 -23.862507727307644 98.16270740418986 83.87770528050498 -98.57899328476343 18.195936877825304 48.43007494787926 -3.9981817881062938 88.75819267562832 -28.63541482190162 24.431486471701632 
-46.761247073767166 88.86217711554744 -28.693342359871508 -37.124941007060805 -33.03649044995052 16.475529894951734 96.52678798315713 13.33733516263213 25.265110740871364 50.52070345590036 -75.084840689218 60.85975835827904 -14.253752927064028 46.632726861798744 -62.82204428875466 
-94.86413015287332 62.07211187753251 -95.41452933529355 -81.91453429940489 87.79142693642399 62.71000838191753 18.623789098670485 81.6508601287997 17.310508244962563 -72.44990325984244 -20.391787091180674 -28.26734838966256 7.651475221769232 -39.954521380744644 -11.087919090677943 
-32.10649723377803 10.235097935807744 -7.073298443336327 90.63482096922223 19.262951790992574 36.357714760137014 8.945423034720434 -11.829141305211351 -45.06009159408882 5.313365993189407 -13.84803725353649 -66.94520285034986 13.730354555379762 -73.9066588116034 76.59465916171567 
35.73181016808243 62.747066657122474 -24.91411580142507 -25.714619004583582 -75.18146924855891 -96.34756850187011 79.85859224554753 -14.52666991936185 29.989663751954225 77.47269267350708 50.73277633328678 6.528121148355439 18.7954588165222 35.251873915056166 6.310535365880241 
-48.865266427864015 63.80420110293832 -59.09213633366801 -76.51765007605019 7.224077225398645 22.329098040056564 50.73045913567597 -92.57529060214709 66.89467594144222 -33.037368940392994 76.04872523734028 -42.92853674893789 -14.220909775894498 37.33139166311889 -72.26569900458844 
8.452820842699651 -4.767288200488991 -62.43836751846574 -83.12120549462728 51.98143795629966 -88.32850631475479 84.4507366263627 87.11675444103116 74.36332474773644 -95.63945892013943 -21.599490977228115 16.451213059844335 -96.13028705243491 7.413850872241198 50.66272191262428 
68.93763953054159 -63.80735038621632 79.85946391552073 -64.91934687201521 0.48215732928824195 68.54673420376486 -12.714745169012502 -93.72900798774867 89.3394372020984 -85.05278737365032 -63.761296065738215 -24.535091799120252 40.133116672598675 -49.49782114623864 23.77373544565819 
22.943594253988778 60.28641055409537 -79.49417151508399 55.04305483804987 21.815648872643536 -11.896243333274256 -33.05318299565212 -50.78588428747193 59.903957246028966 -10.823424192095672 -99.74322314564255 -19.693939095243593 -86.62242484298784 -20.71452521119035 -12.225097283537423 
-33.16491914069178 26.548502123420263 -11.240710166621 66.8011848819691 32.26726295876915 -80.45989693421345 -26.897374916991865 42.15290794138795 -31.330851273943082 81.13732517549349 -75.94327278681534 -21.638928036748155 -12.075886176732254 -53.422338880811225 -58.8558383643651 
-43.168090498155934 -63.88508966676476 -89.57772433424557 -90.50117620315294 -98.99570191645815 45.99099102641969 -59.89887443677948 53.4250317844934 98.17605319682045 -7.139650503218448 -76.96724945963784 74.96275239574553 -13.685735028367802 43.67495862906199 -9.773732017178531 
42.76587160648947 35.885775919618936 -38.99876132638094 85.42187101178348 -88.46451056820688 -3.236294902224685 -98.34477192947062 79.43247690721626 3.1599317590830935 93.88049124240794 85.3023706980807 -92.91031625738316 -90.333109781486 4.863392448811894 -41.918227595685664 
10.400303312924436 -98.3378364565061 -42.62502676131798 26.644554010660755 68.957373166109 -84.7119320939837 70.48615590967518 -17.526128630297137 -91.65377308639198 -85.88400199926949 -88.02087401709345 -77.64255915018938 57.74140486003742 63.730362196490375 -30.965916753069237 
79.02429256878787 -96.90621126967729 -77.85747816114707 93.23050982295871 -89.64336224949625 69.46284594495614 76.0960508232063 -88.917663861438 82.82356120296873 64.38517770236658 73.65361418855579 35.46571160192224 -30.20657485600286 -30.44341538565179 24.01459395470002 
-2.6944801421381612 -44.88830184210888 -72.79140354917394 15.20762537149804 66.83384126768155 -34.35127004423694 50.24257932697685 67.84125715319254 -28.84111867604196 80.7022971243529 -9.281436836969675 -78.87738770139995 -60.54973047324086 -93.77303801117938 -70.22454428857733 
72.78337480671652 65.63850751732849 -90.02709755515934 -38.67896905952038 -95.04505107457426 92.36165233652744 20.941111971905244 -84.12508970150509 -60.902265021199085 17.03528402802759 -55.55817193726742 12.735406718681674 20.73316443975611 32.37609497562204 16.66512838115605 
-6.627922272439207 78.8191452032134 32.69736616719746 -56.98402932693709 -18.836909676232906 90.30557641168849 -65.91215336623492 77.03817669899834 69.50688921014532 -0.9294489895572298 -33.20741324370948 -28.66999285415224 52.9871899747223 39.686393778673676 -17.346818427312158 
-43.58495291337681 66.72944693660256 -11.894185586918411 -4.796343924688955 40.65608713548659 -69.43136069108012 -66.50593388202006 -76.36456008293165 -62.56395392400922 24.068522719223637 34.73155874556679 -41.68175406164734 19.59049199400438 -95.33946033744762 33.65467763114148 
-25.450509748170205 -64.7271752641274 -46.41308772899186 -43.5018092119978 -9.117932606298893 -31.22444941070694 -45.93502530981199 69.24658438176257 22.830921285295446 -4.584601536236789 -73.8814321548953 83.4804831737782 48.15847104254104 83.11013507823651 80.02387089121012 
-59.10190338602621 28.818606201433767 -29.4985227321811 -22.35025072248422 -22.257682465773485 -1.9163587272896763 -27.114146475476403 -75.29459252248088 -71.3704163602597 69.44374795828418 -68.47846919627692 14.014192647576479 -76.58330504914397 75.62576471372287 83.34511553454874 
45.748080428862835 63.86423331554789 -96.20317256493472 44.97474049165791 97.59044215311351 -63.12318839639759 -60.18118432652597 -48.83303381662396 36.60848936518366 68.03206282686168 7.463179227281259 24.92015700933152 -27.666580808355306 -84.61464702057783 37.03342673212228 
81.91055130339203 96.7785757757002 88.75163305928663 -21.049410218350545 54.63075386993032 93.68579560539379 99.7713836671077 14.303278196009359 73.06947379536385 -71.37257644390385 86.01007303371833 -73.42513509806477 25.996451875276392 44.217100918497664 74.7950742348437 
-95.30943054871659 10.724365782928459 -53.14557789315286 -25.535800279333728 -86.17992117198517 86.02730652765402 3.7635448839105266 85.6877757119093 -81.55452260545088 -95.51055794588133 -78.2942386003546 -93.45652333677697 -15.516748142882733 -63.02273732627748 56.142806267836335 
-95.86767141525614 -80.5492629127207 -76.86428224344792 -74.86879004074709 -22.706989391878366 -29.213410533731476 -48.954740171447455 6.506904630272658 23.22111892529513 -13.363785999021175 59.02950577434086 24.91288571449759 -94.89495469129136 44.01877997711583 -10.305539808921196 
35.779978065136504 -98.00069594105973 -14.145743476776687 63.607870253687 -47.78524168893852 -36.10139416815312 8.412405076369183 -50.27144658172049 91.7989115813916 32.062397471014236 85.51263076163863 -77.2403312473646 4.003956236028543 74.60704211097197 53.34848575019828 
-64.30010152006349 80.42674567423589 -53.81506735913349 -33.54962256652705 -11.38762518398444 42.560585775219494 58.38078885650509 11.902130713299002 18.512171779509174 46.72031474946553 57.376976120201704 -52.658026190982255 -68.14446184272282 -24.21486853530685 93.85605115674485 
-35.282237997870396 -82.38931144608284 -7.319577381656359 -7.720783651696834 59.3518847853511 -51.98076997028123 58.3289676458416 75.69644798177526 33.750087308603526 58.91299468711799 -69.06559077511498 39.14844094126039 23.998116991210594 -27.883562701323953 29.332531481136584 
88.25567688548907 -67.74993615299036 -20.902053333517756 -91.60369570210705 53.15651242066676 50.03128452356361 8.748263683762602 -44.936941262884474 34.10682839554076 -82.25770783773584 87.65390899906836 -63.480284489785774 -56.04235191312128 2.7310100869696754 80.79297703282435 
-59.025938974436464 -98.35837402718485 -56.85377913779759 39.98338698347513 75.29627154925043 48.15958523432394 -69.97107756662075 62.32985315822219 -12.138059573556845 -90.24980157909232 -43.17208163961095 43.89276775288954 -55.73554173058108 -95.68875687866534 -57.36745341668617 
18.126097380995375 24.512901194736642 7.565747098040603 -61.745265257153136 -16.15756228102026 33.61693840405394 10.97514091895934 -54.3724843551884 -70.52333247909047 91.92448132223947 56.21466040882498 -39.20799347648145 -46.84351615796301 38.11471792293642 -74.37196023107788 
92.04729381814866 68.77107299400058 -81.84640108649144 -77.8948496923164 12.188080362925973 24.669952650870243 10.404206364486242 -68.43858911021229 80.92556039890036 -84.09458579711875 -49.210635847347525 -49.47008518777927 -81.32863118505554 42.80199605172601 -29.473112535627834 
99.70876093006032 46.51297866674955 78.06088502106417 65.68456842761438 -12.626512540890971 21.974048624734507 -54.38762571740141 71.33532053201293 -27.059773071955533 -68.32087819001214 99.29040401060001 91.56912028932348 -78.7929840153277 58.77308027530319 15.540086419039497 
33.47318449604521 -28.718097123760515 42.57280671629559 -41.10760908224806 -56.95038941633377 14.800549787870125 -58.071331286733276 -18.83408839271759 54.984219956117386 25.190763983385594 36.726950747040945 -58.41836272477832 93.07614322563239 61.13170527865975 65.09590896737308 
70.59860404165795 86.3072984350058 19.126397713473224 -95.75610427941061 -95.92932876913811 -23.376607160639523 -93.55721490765312 24.4923575732728 28.359034145773023 -80.53742719869561 -17.75264983891391 74.31675503557847 -88.15085911237284 80.99245448218437 96.17809951518336 
-5.334075758557304 -60.89332089285811 20.832328408860846 -53.90295351903347 31.77754678019116 20.80173128057463 56.91571919451522 0.6008079990166664 -93.20307338762974 -58.766887325094984 -32.36075279526483 41.269002510024706 7.580729784545355 54.412407922167404 -4.0817075255071416 
62.17602441476359 -72.50369398424361 -95.88378471507357 -19.76868382793249 -31.095307671424436 95.14650217269082 -70.29925958945027 50.183960141015405 -19.502199281733425 -16.142180390194255 -76.35768695188486 66.98271901269845 -17.639579086037728 79.13770058414568 54.55879053180806 
4.108031814032628 12.793522569638 -86.93346615076794 49.99978927438946 50.12598302451693 12.641565643079716 36.02963918953708 30.16898673745908 13.444016609100288 -4.85896980927653 -68.11772126450397 28.65486376968849 -94.3784630102546 65.2729410741324 -83.58669568433892 
35.28568106608287 75.9709787071713 -70.75610814301139 17.563231781498374 -29.399238986905686 -28.166369016312018 33.019223181112636 30.491281367364394 -67.2782600807738 -2.530603618193666 53.00662366179992 4.2460983917133746 33.56098089677252 10.443112021922403 4.413820486051321 
1.1544520823743625 -80.95431392116538 -30.11970917928039 34.18024338160407 69.06552894733517 42.49245022811115 29.214166487811326 -37.62409503249131 91.18106797126734 -15.9275886111038 4.6151878516194245 26.513528679406633 -45.74547483517182 75.01358919329834 20.631966224268155 
-52.39176051710097 3.126801833189191 -56.595081850565435 -50.6675801789229 63.98719605332269 -53.070974640932825 -78.48354657918503 -20.134621134674674 -13.788126825578544 -52.501459864722236 84.40711531921107 -60.2904191517053 42.021983773722894 -28.251223075285935 -27.204110456465244 
-55.96001368876367 84.57119962936892 -85.0891877928858 58.830879601670006 -18.50604543994949 87.04281571099298 -98.59951793411426 -52.076540799812676 30.904904703724753 20.180333638118 -50.95273267103191 63.10987593832178 62.79386891980593 -31.548346993546843 -50.53950896182209 
70.0713547909917 -25.487341313882013 48.85230268711487 -36.23314344745647 5.477367556471194 90.3804178916034 20.87846920879987 -61.73180832914073 95.78210283512925 -79.1050178605274 60.857059860661934 20.326882715505917 -15.50396591834972 43.58155949517487 27.304096139672637 
44.13433750636807 -47.52761357597313 97.26736738740152 57.788825499708565 20.799386976444325 92.4796387748749 -8.761443414280066 74.99812967539316 17.01962278949898 37.479075987261126 -37.13558163448294 52.926885356109494 -17.839060611808705 88.03434221566752 34.55138692496459 
-42.554106902202385 95.51337735215552 -31.10482993979238 12.767397178345476 -91.96232675197855 60.35403935246569 -93.11671557717969 66.34189306959684 25.613326820257583 -49.139539621325355 28.570933617559433 -2.7725962608809738 81.96538067699154 -3.1018038814505786 30.354484976046905 
48.24398762241009 69.5624545900209 31.313841147987887 73.3982513589354 70.55335921906328 -16.188000472379656 75.01034469102007 -54.803435761634624 97.65869035604052 95.734200275614 67.48771137239999 -95.63392574051419 -31.29626435041935 -53.19161527768293 -25.78806324877452 
99.24798846259625 -82.98803642130875 53.31981441764222 -40.260282812627345 39.16997455173029 -32.25866866099554 12.64896623948708 69.36314789954082 -1.026091211635901 -43.04294759367473 -44.223456661915364 -44.43576191912027 56.16121892176423 12.81554818883393 88.07545386568475 
31.26335486233316 17.706247009472477 86.48691688023496 92.95664888967158 88.86772815860917 -89.35140342563683 33.89023273811452 -32.76158430338994 -34.221837118898236 -21.2187422691743 -74.72018907577683 47.59753154283334 30.510517303473705 82.65602081718077 -27.428902873037742 
33.57076196161211 -72.52180883090125 87.4983273047292 84.39700826402947 66.84889805054368 21.852522609639877 32.01746796117709 84.07426667712326 91.11443499066814 -70.23737553147357 85.3672508701539 -13.940063580792625 -67.53504274521487 -44.637106674853634 46.78223446237132 
-17.470464415723526 45.628995335505834 -50.70464243379731 2.2390220081922223 70.50695366301676 -3.14131914066607 -50.64090847759471 -19.96871150639194 -73.13386952634534 63.16258342827294 -31.370296103350952 3.743025967442719 12.443841649988869 -32.24746055179814 10.304648129527166 
31.000987792715534 -99.9362085388116 11.137899984792 36.86187621894027 45.86746588253632 22.44720686203776 74.33223735476503 69.64223218447873 66.15031084359342 74.7762438421054 44.88999933850425 47.04624094155852 78.49150755370624 -85.61228050575708 78.35634072883244 
54.743410398071546 -7.5558907803145985 -41.60027735265031 -42.43793650101353 25.350462846634557 83.5379720903581 1.7519296846129322 -97.04924150369439 -42.0167662488901 41.61563951277665 88.34560518471164 54.80845466979116 55.958972131311555 83.70155178309065 -62.33560725389458 
14.41100312750578 48.162685681997885 75.76628683421498 36.018382362082605 -96.17259213164515 -68.22008481069957 62.56393311407041 -6.213301752601083 -0.9844394970422172 6.440181203140384 58.03104960544272 -91.28281516320105 10.851307090958912 -51.540132899630954 -17.811242844613147 
-25.715604889075877 83.79336241152174 96.1502047361046 81.29272202425085 -11.292046152157326 -8.288747712140164 22.50141865062804 -51.624347232536415 68.69285106300828 -65.80848860884186 77.59278728935661 -73.52487489869739 19.827616796501218 -26.42895473476152 -84.64542974567027 
-73.83953144897326 -61.88141977888484 -84.37080868541432 -56.326217207895944 -74.07826831978845 0.14754112783732865 98.54905826952978 -19.29388015490194 77.0981286580834 60.34566369032879 -24.339297564107824 -10.872244105461675 7.293519762675487 -83.08891523197363 -76.75098166363206 
85.94428493581609 -36.82358389057783 23.53159461342355 -17.600323297315285 -31.91248343113955 -71.59621529694635 85.63411445726587 -67.41955629527006 93.83796849067502 -96.9187016534796 17.707809005718957 21.931682528554774 -46.40874676622446 -58.145953578954426 33.10792256453996 
72.24693058709633 -23.312707644303757 71.93534375714304 -57.27072686959191 -97.34658176537543 87.57034639686856 15.877771821139902 -19.949276742807115 56.58355596258616 -46.4811702828783 -15.613696778904 -76.08094088848159 -19.188568154845356 -39.10882093677892 -55.68957458793857 
-11.146673083431068 49.92331387732318 62.58563294019385 -59.452174042482795 54.36455298910937 -70.85180237962379 82.9635659544648 -63.54952091351427 84.44772255512817 -28.581606635839066 55.588827377086204 44.00814592476587 -71.53173191318135 15.839355949796527 17.263434013047487 
24.170417562591837 41.734932915564 73.61269018593396 -35.471785848703135 -0.5656661054670025 25.897478944695408 56.68305685591449 30.340155097127024 -30.17336528999249 -20.710636126183175 -56.20481035652054 -66.98350156116648 -92.29506207322483 43.29766794367421 -15.341731592776924 
11.550629262676509 45.57973294014138 -85.33922285726369 -75.58053352129615 -72.95818265696778 -24.938031905344033 -9.553214889537088 -15.730920048550317 57.04089249629419 13.978069859696788 -74.929052706294 -18.93774847127088 96.75937405322745 -40.01614189964842 89.75133507153978 
-78.68826336356048 69.71674866959526 -87.67470228144565 98.20266712950811 45.21039068306857 -73.9995055893086 -40.802590776524795 85.50271870667132 -11.518585920990333 -38.35886425001267 83.54219486357513 3.591029682419048 62.44770329886907 72.28097247566407 -20.25057128666674 
-79.68722028541998 -8.006217124232194 0.04236829515058105 -53.97531280545236 80.87919493427657 -94.24057219378909 -15.380959247087816 6.344166291733288 81.92602983259582 21.357591933939204 25.85175186559958 25.720528917075498 -92.96496094581215 80.90574298446484 54.417810121915835 
71.47061314663225 74.9713021133602 -96.60606732489816 -20.5224512363108 -82.57149399573663 18.626724185129873 47.75671454192815 61.37791165286052 80.5026542730898 83.71812079426422 -43.33285234322941 91.12596540816509 -65.83814709866866 -92.9892829121441 42.433294256090164 
65.52479441179923 -31.618664194212215 -48.726856816487185 -64.94295412093516 94.13628432133078 90.67528701420034 -2.146371954108673 -57.341666724609894 -45.03824098908895 36.847667102319804 -82.1430213143004 -87.07389050058696 64.83596365697616 72.70598652473458 52.380767726137776 
60.93935383050015 -86.73586232128456 -11.515221125725134 -64.85251651122431 38.66326613216356 -6.798605287340592 -34.580908947464195 11.510386966323338 -65.13302579285488 -14.433454801951399 51.71829826559923 32.25895675372166 -84.1991160324866 -55.74805329183894 -35.97741700467705 
91.22400788892199 -88.31848288438108 -5.098465053966834 -82.462773329853 40.08934296858527 85.63829588630881 86.32881215382818 30.872207465504573 -87.13441885447672 85.66860830115928 -94.28781236109684 10.94931163582001 -90.51083986582663 10.801710253077232 -56.116115953509784 
85.14242776594955 -89.58012819767147 -68.47589870818243 -16.672877840683896 -31.580485339054064 66.67222867152302 14.692232143849466 11.807938564995666 73.71397432114748 4.887646228507521 -71.97468688847238 -28.81957892537615 -10.255343370925502 18.59124936135879 -5.008007275156075 
-47.512259096642964 -33.19022410530434 15.966662402506614 -30.37588541537211 -68.51724816297835 49.29223288566976 20.47301546417826 -62.570449351793656 -15.830676535246923 45.1977153630518 -27.432769403065166 61.327532626415746 30.414506641053265 -47.32525667206306 5.039459463398259 
-35.47210194350936 51.48758990565224 45.61208407155647 12.352542039082465 -45.8999052583565 -25.700181834807893 88.95461497194827 -73.94916585571289 -71.23546039265425 -23.161841831726335 6.235371188556172 -11.774185012887074 33.44198332700043 31.39070385789853 -32.16411468845422 
-46.74365450018829 -70.52565011989032 -51.90541640752968 27.91950397134795 -56.21384054778886 -92.31678908608312 -53.549675397883576 -42.819840964781555 53.27119974969233 -71.41430704092915 -83.21966428640704 99.40722893884481 88.72227036237493 -94.16589102064417 -15.469618712477342 
31.6386199957399 12.723008211191257 -20.359210326281627 94.30492975207142 68.61016423032069 93.7799834717936 81.07113588731582 17.723479194276308 -57.83170820552645 -11.318727768593135 -99.04581011232798 -88.01479788584732 -85.78465249423917 -87.14277549236726 -53.228844612915616 
15.018693532005756 -41.12164140452572 -40.16001710222301 -10.443355265834597 5.356314673991136 25.817482525988652 47.362321358165644 89.77928590894606 12.886534828049264 54.26327631468445 -43.70535999461826 -83.51508581523689 49.08234077368064 46.98507456752171 0.9488718740605862 
89.99462172700802 -48.08189161986469 43.91370549020124 -58.11261997894106 77.70013659782086 -96.95157760400667 -42.090496657468066 -46.97897690099422 -38.56598355924563 59.18365180284323 22.540688890815915 0.09714692924501378 24.491020957136442 -68.9213423170169 -18.983004050324652 
-2.322282483864484 16.734342851597518 -47.34589727108942 -93.80526250245609 -9.075215040442373 62.787560231278235 -36.60892477653803 85.03833703889237 -71.18110021537106 -46.1777515695661 5.120893933141588 -49.51514836115629 -46.28317253984493 -12.138069970989235 59.79287060377402 
96.05060556535 21.938170247257503 84.36005172438485 -56.95912792443205 -13.641802990450287 -50.44394435042652 -51.36353108789686 -27.803775183985337 12.966837404271445 64.45631691841592 33.98115084347398 -36.91299089700721 20.19607744166514 45.98051936627019 67.13886393193377 
-87.16635030884308 48.68466350174589 53.25289595219914 27.03303070758058 -5.304398548794566 -14.024652578636122 -38.31702550706115 41.52864372927331 38.74970969603936 18.419875325809798 -86.678944738952 0.6401731541415359 -25.35777471603447 2.488871886593685 67.37387230794633 
-75.09609618933857 -1.8618722621223753 81.86250743548658 90.80209216568392 78.33679769542522 -59.81323582708173 -46.789041264953134 -23.632559058760762 -19.900869461702868 57.361748607597804 18.679114000800382 -32.856729832602994 35.31162059297134 -30.003537011091552 34.71015869434251 
-99.01615832153115 64.47598996562462 -71.33754860652164 -33.84277647769444 -67.03609337452336 17.94306610348795 66.52372986006716 9.266465199433839 80.33237926954703 56.88225825197537 -21.571322814336312 -36.388688124544856 79.1853072435203 85.87885713824491 -43.456584563163325 
1.6956582734862593 12.279444467929096 -26.579335803143195 -18.299935598165035 23.528814762240202 -52.206841803047446 -6.051510855333575 -41.8908284863275 -85.17250720297582 -24.626685511674154 79.54899538542043 -32.58608046243904 -27.808306216845196 51.21115432250522 89.67331333195145 
-86.44702045564559 5.779665711908024 2.4862861409156807 89.36783777464831 7.0631803550045476 -71.34732834550883 -69.07081445393163 -49.60039061282713 -5.115911914946622 -40.13036914581083 47.70703263451597 93.43902267673639 -27.907854451980967 -83.99294566260602 49.30028702772751 
-65.44514260803493 44.11255619769443 13.361108768650638 33.559898905463 -43.36692289576958 -75.71713700948924 -77.81923650447897 -81.72197261553391 45.712690563009005 -29.117154233400314 8.92620338695447 -70.56698783443885 80.00030134684474 -9.523674044706908 -87.54712631727628 
19.135537246216856 44.097658934176735 15.318597756814256 45.36667424958651 -12.87773922385594 -87.67939861191509 -59.62525504454859 -66.75119323814114 -0.6815832918969136 -71.53564202258171 61.75810454836443 -21.20215821960123 0.9763923658898506 -61.070663602266336 36.25418079594749 
84.88208066699335 25.094454672845785 76.04840733536486 -83.54249012136235 70.8378606566134 -31.026199275222012 -21.315346162926502 -40.94140431805382 -2.4109943399626417 81.82485286830794 -7.004746700150704 43.80442447558957 20.771402275731887 -85.88508603708351 -72.13371712717758 
14.231014765838765 81.07524621345706 -66.880375543488 -39.12379791882614 -94.04406133141772 61.73545637551834 -7.031984175226697 -67.65182717273441 40.88216997436595 61.14162350604562 -7.486079932447737 80.24870725636367 -23.060123222956605 90.32900439988333 49.524101952554645 
-98.43667262336946 14.565103268646155 85.83245673790262 87.12142542555398 37.40609076271704 32.410780790331586 98.71911355230651 -65.99358917082819 -26.941147234244056 4.8031144484676105 -59.12264726581078 -35.17685609501555 -57.55805521395174 74.929015138799 90.44962053295285 
-48.16546188625337 45.49453639268441 -31.491393771468992 39.66071278663787 -44.27745539868977 9.87509656035779 52.45250984041854 -86.67658991641807 69.52444294340401 88.3323889515068 -13.733666734666386 -27.000752753520118 -95.41153010176009 7.57765728001462 -99.83700582396293 
84.90558707563468 73.36874680618303 22.879527254519488 -79.87669294154821 -41.0917218902906 -66.4920271943131 -96.76005709975341 7.259890835291728 -46.42657136712065 20.08555768100004 -52.67197366326886 -50.74375094423076 55.55332814776682 20.361617723808465 3.5144090359816857 
23.593422425216687 7.809798291030674 77.65041083225015 28.898477475763713 -28.02818450293468 94.1670352764969 75.91418262759595 -19.491482340310085 -36.32891397954432 52.813149872240075 27.68827859278558 75.64304467638743 74.13016450547929 84.77585410370642 60.210778390413736 
-11.605149631493035 38.2267517458869 79.17876268454086 -45.07893747875686 17.291315804298748 87.6052351046429 -27.665324983753138 -28.0624395697255 25.376945567122092 17.778430090551538 91.66338422541543 -43.721857750927384 -10.743305454013068 65.49931868155053 -45.23634437183483 
78.9752904681238 -66.260956049466 28.49680518709701 38.8496545768204 53.112757528106755 61.88200250795441 -74.68889948230073 89.24221965602496 49.21374465989305 -48.98825456173894 13.976141232666109 -96.88280234481894 95.28867692304331 12.079923768470692 91.39352947537441 
-93.25153543393824 50.31741875422816 -62.78154388736912 94.95824186584923 -41.45715808480246 94.23185288810393 91.61909772365641 -96.38509028090066 -41.85757448573857 32.44923698862513 79.42595061468998 6.043913337219919 -70.99153323575551 68.50338724751069 -86.77763460332474 
-57.729292081716935 24.40194049677305 67.3605498243366 39.09060070570476 32.23215064960317 68.15758661926117 -42.49557529849635 -4.059342233398411 62.646091936680705 26.794513376449757 68.00985898502651 -11.283026576388892 38.33586681022027 79.286558245516 -55.90790925639697 
-60.1511905959138 -2.890095771053794 -58.44943286785524 -4.776254546732673 -37.09622146819682 74.94761154079615 -63.10841946469663 -29.901705840237696 71.15906063323462 -48.155077537548266 -47.662595398997375 53.01451496771682 29.685532977428835 49.05775264876917 69.76823510640153 
88.47644897043318 75.16688937086408 62.95640142270099 -44.82549595563044 -75.5886851021959 60.313967844559244 52.14439398285671 -2.967930129556933 -59.801390043474356 -68.83518572794765 -97.14748836840134 -17.801241680399244 -81.73985072981867 61.823881020311006 58.02786865158859 
-29.48840603049176 -93.22495824480616 34.68699271574138 36.78833065265334 -17.197961835967106 15.859882761803519 23.625152792782146 -71.50934703351925 39.705290024756124 -18.431908965439007 61.854355062997115 -73.82219829083843 -39.133587951363744 -10.123899671998743 87.42383078028527 
-99.41301927332789 90.47234990318611 99.35747255772748 25.746707840883204 76.2877734740525 -33.18630929588579 79.63653418268456 -9.35871318924167 -58.18559340062779 -60.45610911123942 60.095967340387915 81.66385903655456 5.304451226712104 83.85058968837686 -84.18896567101177 
16.89399426456133 -44.18130199494643 -17.498098903252398 73.09233820596427 -50.88840246911515 -83.19223334606923 -31.209898298815574 58.99819095203233 24.16002278002736 32.464402227426575 55.138820482644945 -47.66217886513617 -29.16793997020683 64.96462552529701 -9.932210331108564 
45.99399379328608 -40.043517109199534 -16.067106819693436 -25.06837905818911 6.660142370393785 -84.47800703236636 -47.34610244106256 99.48233599048334 -46.39259287939823 87.20737567537145 92.43897506470822 64.03321648110415 50.242066921877296 9.682008100987716 -63.71734649116745 
-68.1788509632608 63.305986320846415 83.51435160704432 55.24772044869246 -56.382477653652316 18.815185679030904 90.71881231344506 -76.18517482812841 -92.3931594404638 -80.70024684704592 7.135237009010268 69.42908339328471 65.76769927070006 -89.37222535614194 -73.10239285851665 
-34.62531107642677 -77.17805037580456 -70.59760726857205 -64.10120003913042 -41.368023242413024 34.542540129412345 19.46913928773428 70.95386284563978 97.32451143249429 32.21864839603032 -83.14845317764625 -87.00259120665955 -65.74096657228776 72.46053315508198 -57.942782842315 
40.242915106003124 -16.025285017153834 40.06407029431847 32.24574705456976 -78.75340409896037 -12.710264268348965 -18.47815370237494 76.5628997129287 -76.12244143064173 -26.831179794069755 -18.926544431273612 80.83486501466643 76.69278291080121 48.072118438045266 69.52820986511972 
-56.483780354954405 74.43880442193816 -24.044408668051304 -2.647940876080625 14.556113374753025 -95.01313761085997 -35.26640111483337 -62.900971548529164 1.9815639854144962 -4.349050457320814 28.707010866465623 85.36053119406733 -19.747622284716627 65.53761461032889 -52.693974194705696 
-6.855629754425067 -68.67503604354121 17.59914742070363 18.213111793574612 -21.83618209257658 -43.029047482920205 24.598269303372348 -18.21287986939808 96.06044617127989 21.22455755380541 3.77115188613719 91.01728137553971 -73.69687415896114 -16.573313747370392 -41.429407286952326 
-35.85654123772997 -56.87528683748544 -98.12652635294225 99.55103270077055 -58.74807774510489 -72.75139215771118 4.19786878520172 79.72197865670927 61.03442178913008 91.73935246756258 22.799217266679463 -15.12883680612569 49.74484251888458 82.62313067676854 -49.58489782508908 
-12.973056432039144 94.01557368856717 66.43972944251186 87.02249681815897 -97.71367410793171 -19.4963158398797 -23.08160899393765 67.66897881940164 -70.20046573678943 38.061392477829884 85.21969100578212 71.62985508518963 -35.47365108041818 -6.5202450476470375 3.7005208682580673 
60.477014333232006 -58.82033741866968 78.35690979236477 -98.59647233841173 -2.0184690658919777 -14.807005095572862 -59.278016471638864 86.42475583985936 -68.26562919363603 10.307268425624414 -99.4005135109654 4.305045068890976 49.942366090925475 65.146335402792 -38.426644855913295 
-74.98504795739342 -95.04732256576985 -57.29876564051422 16.744372571662154 12.937273310250518 -16.017444793354557 56.80473917090774 -87.7563894029496 -94.3556237089149 -44.838861934370144 22.378920984174982 66.51883905117288 74.34227894993086 -84.01512259903473 -73.68975340904757 
20.487444690404516 92.72339086152098 75.87100009606934 -60.74813774248391 -56.339359555751955 86.54952381643488 -80.97163541039268 -16.896784616966954 -93.13985957775124 -71.06538633349375 -75.36201174090857 -60.329654711858694 23.477585408636756 -88.06168016598927 39.15195224157446 
-26.221441179332444 -90.40563633814389 23.74510793062197 80.59429997148075 -84.6688488759191 57.121397577938694 53.46543277924957 -39.63949315253856 6.938140387986522 -81.89331827836153 -40.12306885369259 42.695408794959945 -60.06654288006739 -72.96242951403609 70.63641401825748 
-15.665577419667258 -34.63871451867888 -21.44255010921448 8.93510250940939 -94.35659521650976 20.907930559278157 -75.10218889666871 -44.59679763266811 -20.97706208454244 -90.5005215916301 -9.23985863421764 -28.38042966994807 -12.414595618081492 77.54344772629454 5.971151132759317 
62.14890786978509 81.1794484013075 5.953959958662793 29.78895345833311 81.81321462528018 43.166184491936804 -99.52287553083269 83.19831198244472 -71.47631940584269 81.02941970539268 -82.93130071802508 56.809186319416 48.426829184703365 -98.4479341018994 80.25825960652838 
-50.243627475189136 53.87941458358924 9.652414297247631 -0.9465622619679408 38.04904117120236 84.62011201658078 -87.10396719614243 85.26249927955146 -54.142278233122035 43.532726569128926 53.15854741087858 19.69225020539423 42.4444941954315 69.79992272159694 -21.0680581658021 
-20.702827923035017 31.459528560164955 42.26474465561975 -33.86941879563052 5.628438742726473 81.46357967898945 -30.329840657765743 -59.62426323172287 -1.606900201718119 52.971243307451346 -89.50629236053706 -47.05263225452663 -63.14003401414012 97.72121489834436 85.78329548560137 
-58.187832665291616 -23.04032757887917 -66.53653183926498 -46.36654394292017 0.4685652070292434 -70.86868951867089 61.10739395890968 25.311148194668647 -30.968365865900154 65.73851655507906 -5.439333663621568 -72.69562784299303 1.2038553868185033 53.03933885679774 -35.70602461060628 
-69.42072243613293 -0.2146996552477134 -31.084762748273945 13.391633143179703 80.10794196905954 -79.5904630390163 98.49939049126235 -12.338444874545473 48.53424404214559 -56.6330453640441 1.9689612420305593 76.77563323366547 -85.70872395924039 -83.94028311867336 80.51245056049643 
4.44803789889086 72.14116930861724 99.98788148042868 -75.597060542727 95.5926897972829 -96.5229300451354 37.11801944127694 -8.17133199768385 6.127178811742809 31.795032836906415 -82.66409558047573 -54.407140511162886 -65.22259539730233 -55.10137747332162 -7.85185925407967 
93.05116283464835 34.22985690067 -52.304887509853295 20.39612270387714 -63.078528422119895 -17.820224969272317 97.11565661958502 -55.124295090769614 40.61443473688962 71.12216276555048 -29.437793243840986 73.92229797245236 54.12860997995526 2.832681629038646 -45.526675888555125 
26.432073189493167 80.99559204071795 -97.77410635986709 45.08415630145842 74.38162843307538 -73.66246892971624 78.54141135736592 44.57175479954978 70.98429166398142 -82.54482246694494 71.70615023465393 67.57905131244178 -32.78027643777317 -49.43025211199075 -36.594030251688146 
-26.295294413650282 -34.11598535279086 -93.43081060021193 -78.50367800797353 87.4532374463349 22.157337728477117 -52.947370552798056 59.302081834913395 -3.305857906011056 -62.18748121283652 42.57076651700473 -53.254611837976505 -45.778420917340924 -15.7212041665165 60.362944967108604 
-10.45512820055366 -50.05872482592717 46.991227731351415 92.35896044807299 83.2731948269739 44.61228459947665 -39.15860916009737 92.87734834930092 -96.19689885198342 16.982730390177153 80.21325977758082 -73.24059946994899 0.9800330342951185 -47.25056512012327 96.45546013566738 
-64.68672288319695 -95.1552716460693 -5.708568699537025 -27.77025841849536 8.088635326990044 95.70229223847855 96.60415719520427 9.442691799373222 -95.52651393134428 57.08195784388272 -44.61586588595674 -43.74615651922997 83.95850307914083 -94.94331547814777 18.29065427796604 
3.2573394837677796 -87.15370084224104 -1.014198070071231 -17.688655745220274 13.34523862877468 61.02010170751052 -46.076226377561284 60.6536695809622 80.14903011386144 83.67305562463275 15.772062078592853 -88.70676601585498 4.846011678002384 -89.08212416005388 59.29610151907224 
49.16847947441397 82.47045065811321 -97.26167174952032 -23.696760804867665 -2.157768388135082 -98.41828746194041 -51.22257873441185 -67.46804385717837 78.83629958987026 69.54661632160142 -92.44053078585715 -83.39998852381459 54.59981986740212 44.03946140612891 -16.12098489600993 
-39.18295851978299 -68.10494137574761 48.72959275372176 -47.95983206355905 -18.193312342568603 -7.080405230485411 37.60700773408496 -18.43628102810709 -61.06756640888893 98.33822326703282 -53.04591965798693 14.75130424988724 -22.960000208880643 -13.60238674938698 -43.80368923432989 
38.24551223859149 -68.3013974618877 -72.0039482525169 34.713949726602124 -7.353654705787079 86.93472172207703 -79.07600276840272 70.38376286572071 -36.718576522241776 -4.739397074045897 -86.86488800961189 74.45632866616441 37.50085200266767 96.30930201425647 53.266736420704945 
-20.73779714296873 77.49993276202375 -85.45720118010665 1.1453315127995864 -87.18121907268934 -3.2122336503103526 -87.6781292645143 -4.5460170422918225 54.76366807892066 -59.83128244770246 0.34678152923126504 -14.185576908732884 -24.503729917183264 44.052540560756114 96.03684276473265 
-35.04699971470295 89.92128456477991 -9.764646608221113 11.88909495027184 -75.13557912456443 28.64193325782466 -44.45047944385587 61.06836241929054 94.58996520177809 -68.99626521009151 -11.680991166459023 -64.78752299520477 78.65579537242508 95.4830920261494 -66.18739791867682 
53.94022618081382 -83.78132702745935 -65.49641198537148 24.378339878971417 -68.64887484030164 -80.50207021993639 -32.926271322406336 5.65642904974591 -24.78438296963739 96.05100520637123 99.49211202698004 -34.44226317749714 17.645165258106417 35.67223444434208 89.04814782721232 
23.894426510711966 -55.07465018149074 30.89088349385642 -30.728967498797545 46.8001180303329 -35.51822926151836 -65.32450559434193 -42.49643240576611 65.72932834186344 -57.31177477291409 14.744555822917448 86.84437529246779 -55.23905782178673 89.27467357548147 -80.71695612445302 
-24.031655386079237 -53.52280065608171 -26.573740307409068 -61.04883569128363 88.76642861052198 71.25866127550876 55.36988904574082 33.37098997732272 -93.02750008179011 -50.042923314947174 95.06348584918305 -12.525837594272858 31.311000437720764 -72.78843105689789 -35.122553671441665 
-35.90795398753153 37.75011138738071 5.035077076589218 -26.926066509525697 -26.390323492978894 1.9267622912269076 -23.330641511271665 -98.9358828815728 14.775066589448869 52.132816963412154 87.00917540153105 -77.60016285582721 -35.96238592597054 -74.46589332457292 6.324890587530547 
19.938409197287015 -69.1242619913404 -88.53530746520224 -49.47822181827433 -96.81204919780014 -19.073946605087826 -41.458276913018 48.1755586778595 41.97256867356535 12.913458939655143 -99.36741298110006 -39.074622649989266 -49.774595372635645 33.1402844386204 30.250267705464637 
-99.98559350725363 -60.368194226086835 3.4399456255570016 -72.19756575343067 -67.96419737251433 -60.85092321342829 91.91927152527754 -42.72843400016075 9.304743095505927 87.40491846380147 -49.86909597488862 -69.78027857360081 -20.569660162031894 4.117346614589891 78.34225286891069 
-94.20765574510655 74.96817519047957 26.366296034927146 -22.960385893800435 -53.131928847983964 -52.390166765642164 -37.011963469383936 82.84540495419182 -65.38895728971576 -60.14382586353844 -29.694625182755587 -36.84359026215329 -79.87550246384208 -7.78158758527583 71.19694731642235 
-34.31750388347399 -18.882633067188934 74.45700688140982 -87.78153027653678 9.382467116892073 -29.7363175402553 60.26907496931568 86.40212056010915 -23.400932490039096 -96.29044282116072 33.61793067853279 -34.70776719344548 79.72033568660447 -32.794984611208534 81.71102903273183 
64.9308625562876 -34.397279565487636 -73.67569756038743 -38.85579276315563 -57.271446191928455 83.09198592773629 -11.911495106992035 -22.516214105952642 -73.1561279580466 -94.88201566290012 41.052946877845756 -96.71528145665901 -64.9408226616464 -61.921856384475646 -47.242793550186924 
63.231278473746386 67.86050751360304 -29.754103176476292 91.9723957683554 -52.8220094345663 -41.11505181443047 -89.4967960130586 -66.66199921013867 -99.96343551026774 47.63432040114742 -39.3836644691115 56.664456703215336 -34.525304177551845 72.32769818553791 -75.23399303015985 
-53.704833636171934 21.455474802367362 26.286200581480784 47.282231890544466 31.585069409394237 29.824707392069854 87.64663039536833 -72.93413865741871 51.242465991247144 80.94660752256101 2.2072898862506065 5.624104548520265 21.166607740934822 -27.81588205406436 -13.02037340379107 
-59.367807717806365 20.50525453042897 -85.49277207798428 28.232661417651826 -8.962697444971468 -33.315942075449485 79.72545138546002 67.75685478108642 -58.597744785238824 -9.511939355558624 -75.59969989746243 97.22697484793105 -99.26839132862875 -62.38532663294005 6.83884809068816 
64.9214066028785 96.56164533308743 88.01808961813694 31.94741646339253 87.31246874318154 -13.440938033325295 -48.735881543258564 -88.08828948490552 -56.835236366215725 -99.96823010570156 35.29229912702681 -98.86770287035628 47.84199228185594 74.94132523103215 -60.65132750163396 
28.790408384127915 -73.58650617604805 77.44100271237221 -64.05862791273971 32.42404494122536 87.3343996698957 70.5578812972775 -92.09435532593284 59.9815041020525 14.435474083970988 65.85494032924197 83.89242707368535 -3.010780220604616 -3.4803047143796277 82.32359770809094 
17.565869868834554 -99.59346900059978 -3.683971546758329 -50.54646236889893 -37.91890657662413 34.99161815779294 48.81136142618905 84.71591789539974 -51.79436816393812 98.7908196602852 10.665596614451587 36.46918400318597 3.233788941050449 98.82827513669497 -38.659440272503744 
6.590844708606696 -66.2087330470834 50.497714829673356 -6.484754195438811 -87.49607290325376 89.6215450658519 -53.94546718700355 55.41604174358662 72.35819240852805 -3.0767119412893607 14.620456879955768 9.319895277241415 -44.39283940658758 -98.41795352768679 95.04570474348887 
-21.381037265527667 -33.60476656747002 73.73585668761274 16.349438781620023 -8.79033683416506 28.51956838247139 72.40595220464164 -18.70913692127651 29.51809025251515 58.30399059317392 48.141530486715595 68.48500734584314 61.11911050559823 -97.67363351793334 -7.743806717379158 
-60.08172898052917 62.271147083189305 -6.849043621617909 -37.35930496672333 93.85934701842413 -32.41566048146511 -72.02681073372968 -9.269194737865604 55.56623717133161 6.642336303502262 -72.10461651775266 19.65851052204215 -80.97373595114612 38.66658371742906 17.12061319438618 
-5.6108086155195736 -87.98862754243424 -51.073726727242 3.7919105852470807 95.17166307507031 -2.9698989708913643 -23.77762739893126 81.68353886461574 43.525259771626025 -93.07862345756361 -76.79859072532913 77.83680379359447 -56.81125831418048 -80.58476836514899 50.20163239465424 
-70.36309128588576 -39.238583061388525 -69.78929857780042 55.35307499884598 -82.7485429755341 -95.65700852425958 -88.32950946146802 61.95537861897179 -97.59370625313066 45.11364894281263 53.8551324728204 4.9181176545453695 -71.40905946903601 -47.30040788316403 56.28589976963758 
-35.809504912017246 -64.94626908839989 59.13335114224222 -48.3686709805454 -75.29407610302377 -30.686097192014756 -33.11233829016737 65.61800125424145 -90.22820639107198 97.47131680842526 75.70260260297468 -49.32696615861718 -50.7073412741512 8.01401469298122 1.8857059921284218 
73.4897370667556 23.394785905957377 53.434566101259975 98.77931205619524 -19.348164388048872 -68.41634606769908 -72.33255027304864 87.4165410003271 -90.19584426259647 90.24628557052782 -78.15014940867036 29.756548584492066 -23.25430254030742 51.275856434492766 -97.37583145839217 
-1.840547298139711 86.8444744958812 2.1651822016303583 31.374022974130668 -3.7446727172454075 -80.84216352489605 -5.733530177019588 30.34817166912424 -53.569941782946294 -77.18359950287012 -96.44237513619791 70.19573196350132 -98.57585102748875 9.417369109268847 27.65574671052393 
85.64286394804913 -69.13320810940739 2.115010001904878 -84.21820874232746 -28.819425179568327 -44.40177190343746 -34.822215530633045 79.12150169529764 -64.99496657014564 0.1967164902070948 -52.76935586881733 30.188142994129635 46.82682387671397 -93.0448557332753 49.81193982638891 
-24.35684098180218 67.05504008797942 -39.67292841450345 53.90885848254521 73.17979742903142 -26.370864216852794 77.83733500704523 -18.186017636254178 5.492318251968072 24.297824709979082 -49.88839397833278 78.97446286688708 64.51528754526385 25.32559414555415 -48.49647006004623 
-21.68820693106119 25.859087381261062 -77.46676877240301 66.6086657964639 -43.994900828672925 -49.010792875959865 66.17275761819383 53.020371009305535 -70.8886923994286 -87.5978534798896 4.75030020898987 -25.397882015201716 4.533316321051075 10.503080860929032 51.604867905002095 
61.201748736194475 77.02001109972886 79.45637027903535 -63.80322455091547 -0.9689166280346626 -95.75074568396091 11.420138553986405 65.24851690096034 -15.42783872436324 -89.94332447658411 96.83155294205034 -70.0558257169461 68.92034756588947 28.605354941999735 61.67665853480767 
-49.342049336594584 -10.248205531199872 -1.2445291425281084 34.764014241081384 58.06017758740455 -71.5371096076397 -75.53644361081257 27.76492015002971 78.73623970552472 24.044160632919812 76.43989958814834 -99.98769167760298 -38.66314737519496 87.91531562391214 27.266519408877585 
24.664980779491856 54.35449197261434 -21.10785716946377 57.3279104736215 16.530219916151424 -59.96523889208534 -30.4344455007177 -57.55391939608532 92.75654932630542 -7.431233850937332 -31.786800906033363 91.39749549677114 73.4716682495434 18.43094002523509 -20.98860678726848 
-86.03159680836339 -1.6119488907300479 -36.30061430089702 69.39551006018169 -3.4470977488146275 21.503870361955137 -22.628133206678385 -38.97484087741609 14.594818343073854 78.09821394761488 83.54399432366156 -86.02400360149431 -46.65702617997549 -7.433040794501579 -27.828563866818797 
-37.01032020440562 -31.480765877066005 59.924570825341505 -38.82029175770123 -2.7159047343495075 -64.18549754997274 -76.43426201932695 -75.628589845779 -92.46982290593124 43.33929579352932 32.6466683463083 -2.1412830991824023 8.361390028506904 89.58617116420118 -32.64480106204621 
49.84588556381004 -63.30399234898605 37.6960077257211 -72.1092030049115 -91.0741180063946 98.51557010439896 -79.37843049683877 78.13794212889448 -53.820475074590405 53.93351829303896 94.20010218637836 -72.06356826156697 -71.57754871863511 -18.228735053435898 27.116606558975718 
16.722701089614887 -13.04928350643182 65.68679103384062 -20.95089452278991 65.20721189537164 -20.193789534188596 -90.41809479555852 -9.929066643824711 53.90711428775964 -9.76104577746122 53.97813300141502 72.09307851992875 -29.122526228276826 36.27505088118593 -65.57885916553208 
-19.56871038679276 -76.93315960076994 -95.35688432285045 60.56898295683567 51.96443910413598 -90.79677497180016 -59.10753670917872 -15.825791470406585 29.902328540493812 82.90070365291697 88.68445767959156 76.42312933028956 11.85417541994849 30.357882826602406 -54.04284724732244 
-93.53730687450567 -20.38304023301943 -74.189526127732 -23.99823313974339 91.66394158588682 -45.542241998546885 -21.51151969591254 42.46683410126303 31.74304450119442 62.58611423907533 -23.196485197505567 84.55059257086498 -48.29705277036904 -61.73008274440414 96.96903396241882 
85.26226717553178 12.340977081193685 63.42456031039498 -50.10083404305568 80.27525037034718 -90.46100357928606 -60.79678673912383 -72.74093495818653 -85.97274347394249 96.72370166727967 54.6321322360285 1.9577028601843551 12.376684925381824 93.76973330610267 -32.21704481308048 
-79.29525004243428 -65.51742046383337 -60.55881511898487 62.076709808029705 -33.35751964971216 -47.91244900682767 -94.37559871885198 65.48752946896212 6.564523333348831 30.418669470158335 65.13379387189966 -73.26559320161437 39.641042074286105 64.5293024257683 86.97341904753176 
70.53548426320705 57.767647694610815 75.8347501137855 -73.08174932535832 35.42158238490725 52.989018929164786 -68.02800263434854 -55.285161239231016 75.76718721149683 47.12489099231328 -73.7964994555069 51.28093066272862 68.42084395300924 2.041159504395381 -42.3966471022833 
-5.321057407511276 28.88789622849029 -80.42752578546259 -15.291403517109401 82.06066161066212 -41.147727952152245 -7.82364360514363 -60.44027399743097 76.52388853436764 61.04336389758714 -42.22925988476298 55.156519638226314 -72.77903348350898 39.74524656879876 56.31925991775785 
-81.88088399106803 72.66515518738407 -24.211993771894555 -28.598340989332712 -44.32750337775908 -80.42012559183453 65.76505275625769 -81.09325957519522 79.67474372084922 -27.61894074386646 47.42114121721045 -46.534358450508996 -77.97621936019523 -83.49237860608235 33.11128160583564 
-35.25460780881278 12.068720118024686 18.005695461457137 -3.6894008946921133 0.9396069381053564 -7.069230772073553 -17.854115038133784 63.13953095722883 -62.31408177133759 -88.42582896179493 50.75256427548433 25.04336342693476 46.29486685400536 41.48245557328792 85.24074404073582 
-36.78147800388025 -59.30925471315458 14.605083796960798 91.64182500992689 -33.45360447664105 18.88422482722045 25.414423012206043 67.61012865971281 36.70103237576063 -98.01648540521828 -78.44137847031138 -4.627802295246568 68.86324275301249 17.648159389736435 18.300357981322662 
-44.47076792817288 25.4824290103044 -47.23816730025725 -71.7218508602909 -10.16593204939673 16.538518548674787 19.163336852390017 -44.57552677015808 -76.0839454368536 93.73026487282823 8.01696794662223 27.043847367224387 -75.7862024416156 53.94029253521231 42.22538785188888 
10.514054252146224 96.34696791615266 22.49512062108026 -95.93493451309413 5.379859239950662 -35.303941023905566 26.934653623797317 77.33620258475668 -38.09531065908458 -38.38397583975102 -75.45694868760869 11.911451446863026 -59.33472007479792 -62.56611066835893 86.26789616155327 
71.36749339064698 10.329307042865082 -48.091673437256134 -20.09275406526126 8.335169762932864 37.54934847500215 -31.934321991986963 -62.97290340435748 -8.370004053286422 -86.0465729630214 -77.35595823159719 -72.19641220769503 39.892990894809856 50.61144324157161 -6.290705284242733 
-76.1263154556552 -32.328851356531544 -92.6147316559803 42.30840161983443 -43.37685644592033 37.865551708795294 -74.88019787459808 5.978382458218661 0.2751364414207842 57.63455252178102 67.64949328568014 24.656715086212458 -19.82980619827221 -41.4070603391558 -51.10161565681535 
-90.80378784322963 81.80667271741675 -1.2569966889084014 -69.58382430868373 -76.99026884236196 -86.62134036487387 -92.60294740599275 97.27027540888244 77.24016162718038 -84.27756753367856 98.53276533456608 -77.71723240620858 92.08895699839817 -85.39385801507736 -60.277898183341264 
60.761577357058684 -0.8327917410777275 79.7594912503956 26.365202295361584 -92.28884116198263 86.73946879152018 36.06955270814825 -2.6086148662226094 57.13472314873036 -17.78324610088123 46.01882705064554 54.6704119851976 48.97672821712683 -43.07133525045555 -45.073546441850375 
39.64898493711985 34.52346274564363 -76.78766571687933 -50.090397974068715 -6.746940796383512 -27.79983766688005 43.456726573064884 42.86782909945589 -34.70978723395544 18.877284767337727 -54.339264065174845 59.724753603714476 80.00964202725237 28.40455462801185 48.355922365114225 
44.61632581023591 -29.868958573551012 -48.76465258434488 -56.75268766557935 62.514497633184305 41.57880174166252 81.22797523514612 66.25398854373489 14.536388803341737 92.04467744951904 -37.16017897314323 50.28180244648175 31.861894755596808 -90.61933315805453 22.854794232165602 
-54.03068371912803 97.59076306296893 -97.20446135823009 -58.841672897130096 98.00993143367788 58.6321093051869 1.8533206876734027 -42.10544585728706 -17.10985843879085 81.0631827995835 64.43738016393573 -57.30593965282229 46.586121298014604 76.79298452038304 88.10940975699114 
12.005595968881593 67.99778925627115 -67.10518911785178 -21.725794810796373 42.068624146622824 -55.80497442155177 -66.42538571795464 49.77997723617946 -6.4313554379465785 96.13589905353604 -38.09852520151049 27.317310534461583 45.21304892863472 4.1108009269005095 15.26213211618817 
77.97554857584669 -58.377549676852425 79.32563143339846 18.067934722463704 -36.749104847192804 -72.89222698474504 13.5929867644697 90.57586442402524 -1.114343668498492 -73.88405303459022 13.736262901979785 -11.633070936538132 76.7485684896647 -33.27244063605434 -82.88555242242805 
29.278965329263116 81.27666542728039 -21.720953880209933 -0.5538898891015833 -21.356882367811792 -70.06235083534091 1.1981953830569694 -96.16142279645064 90.997782625967 -60.96043596933212 61.80229321626052 -13.391120447299727 91.2094952969469 14.650038878769251 22.76300724631713 
-77.29710142287286 80.12914943339982 96.99300226990019 21.56695773715414 18.177159355383978 76.61111708340272 -53.82013745496403 3.538292783265362 26.43658393135435 -93.61398922210135 95.0718400738528 47.244057062307974 32.54270858126131 13.470545255100077 -82.61459932501666 
91.62577952346473 -34.003826885658015 -29.682750183611134 -8.951512676963631 -66.85302135654072 99.70547769698521 -95.37899884818192 58.6662785663153 17.46550863652658 28.19020875785793 -48.97981606704638 -62.22102313727604 65.1267380060205 -0.9412607445140821 -9.053203541076144 
48.129447425319114 -37.77214756859013 -78.87553152847872 42.46980283785905 76.77188361371523 82.20774494936006 66.84893586417874 -57.171414650582534 3.7564801809853066 54.06664810318199 78.42986958180876 -23.55443071425634 -91.0442854841267 47.9802126044749 25.62435311329763 
23.464393729019406 43.212077631194546 -66.9008498413383 -52.82790195183029 -61.99316474100605 -26.055275325257554 30.15821062077825 14.925816808366704 22.520765203724253 -24.157994722368798 57.86160876771933 -4.486894938192478 -62.64383783300711 80.39991404134236 -60.602380676980694 
44.34339891546594 -51.22672436362503 9.56878537226764 82.0624423767604 -84.57105056291749 -67.07772434917283 43.173408215632804 74.9032395800804 7.95953039472532 51.51842753928372 12.887394737459815 -3.942850001234092 -80.68039686015032 76.79359350272611 -29.878309345357906 
66.54456088171469 -6.574993794608815 -99.00304382208141 -87.42685752380063 78.3054214687003 85.73319832874776 14.28399228214181 43.54080220224205 -72.247740104098 -51.659734115701596 -69.76379901599448 98.16089343764813 -12.671511429006557 60.900727006118444 39.296060466521595 
-85.28706676480446 20.492577956269727 69.04590696505778 -39.225468777214644 -98.15016557568512 -87.22794080924719 52.150882866387576 14.60835879808829 -76.26084319224995 32.50771807206311 -92.12641815263822 -21.11400124161365 -90.40934476978946 67.35943812329853 -98.46138000725419 
95.99201476449542 -45.0941077027946 -90.25770166874054 -35.545210965413105 77.20358944402457 -53.990505026173395 96.24192996976672 -47.20226939037444 -62.259096990767084 56.074577308062146 38.04911057894532 19.863108937053582 -57.782179170285566 -91.38649849127766 -91.77969831531047 
92.63370400113283 -99.72090007474483 -34.843726369775155 60.44282072675125 55.261765461278515 -6.402823012082948 -91.24954810969919 71.68937776962719 0.7691856066705896 22.2766833281068 -3.4140063915888845 -16.67077475890997 56.30890900788688 -59.34645912429299 -61.52463538748763 
61.1775209974179 66.5087841880376 10.579994877105989 81.82151300210953 3.2185552789663348 59.373743842143284 28.28297123994824 -4.26440128841061 4.2078850699294605 -52.66554586407195 67.06294840986698 -78.84304770967748 -26.454936959287537 -14.94732648979118 -0.5396070912055677 
25.13000687750855 -37.994490135999115 -84.42990568735829 55.24235960305916 66.7620064059056 -94.55120386341756 68.20508988735807 -19.793924699098795 -23.6002403617061 37.15144679625021 12.251500277467443 15.779096172491293 -80.18319162005196 45.05405252094499 33.725166304699314 
-88.51431803148715 59.144684589382706 87.38787588451004 96.86659155550964 58.36306877574651 -79.05852290869547 -25.010396874645792 -96.73412918330351 -58.96138339109034 50.713158950104486 56.06832575327272 29.023620408576136 -63.671670069196296 -18.391281090965663 -79.81393250970048 
51.4532688524649 -10.90934343219574 -67.8002946819008 -14.278395986813138 -26.452885093363093 2.532548003463347 -39.77791364262653 -91.2208757913838 34.08694497203871 -37.3368544655647 37.25904436628238 86.43889014657981 27.67855651590034 92.44335650703061 -71.16449442684885 
-97.82527524696863 -7.334244372406175 -20.27247627094178 20.964137511569675 0.004755771065816816 3.4488637342728623 -97.40842965385572 16.760184068515983 90.539076008779 89.8041444943018 13.856500177195258 -38.9622045252485 -63.60080550589227 -75.36674961734697 1.843965686819132 
-10.14423149159829 57.64340579164025 -3.086552379493938 75.30136730753651 -91.61024965885798 97.97769298546112 -3.982341330521507 44.55741547666159 -40.063462608779844 52.90762219687207 -13.799851044224027 -7.516721925934377 93.48879745124202 85.96546596862274 26.932629996003627 
-71.99027028158551 -74.50702193341819 -62.752091110317124 82.66786244837849 47.95678666713806 37.92485792185718 -88.75277313023555 -75.74858253583031 75.71882203746856 -84.73008161872697 4.495688209872355 -65.70554428124478 14.07197969495924 99.73300804202603 -53.003303884107964 
-86.21333864005743 36.36982504495444 52.512706332902184 91.77739918396398 -66.61877857750932 -28.333771862111433 -61.76134062445344 68.15776818743709 -91.04565667359128 -32.916764861091636 -63.06255622224168 -89.33683006602016 3.675496463108587 -3.8904815305714067 36.99406033484124 
31.758129300666496 -93.60075823474152 96.91258912000026 37.999871953838124 -61.72593201068559 -59.491748421606076 43.95097906619415 -66.4355052649139 -96.1129082071568 -83.90391547756656 -0.13705919227857066 54.48097133797722 87.14944317533974 -12.200116306459478 -96.63161836377738 
73.44258101492227 -80.99770839978267 -77.65356572460742 50.06672308059899 -10.756727872664257 36.35345672771609 -67.5433874134122 78.01646309745581 -8.691353037527279 34.139446005527645 -51.820605625726216 32.99879048683715 32.21046548565795 30.404638681530912 -49.873831328968436 
-59.416892321422424 31.050732137921756 48.28423316673124 77.38842241025671 64.12176715222441 69.11908853826228 -48.91286493867244 36.38119361440144 44.311481539428854 -52.38669608410002 28.031734225286186 54.597382916275706 81.96697525062496 -91.9734946993749 35.445307318867805 
-5.743214610791213 -38.53542619608974 50.36987241261002 55.52001121339296 93.45703899074508 67.27380043155884 40.5476465554365 26.246884451025693 53.66270958292415 -17.43195281065151 -71.54386263169758 5.920559826241174 -85.98424979976573 -71.1316981338579 -89.78808610111682 
-15.02051761480439 -73.85421759988219 -29.991800047434893 -86.07818324633556 -64.95813069359477 -85.37331635353276 71.6437828982875 48.19794282885135 95.3826268259914 -95.40611854984597 42.204451028368396 -55.92640394527562 -95.43672068859293 -96.70522108798937 44.7251600835159 
-44.02296008835265 6.805900349893875 -16.99571125531871 68.06439054219021 -39.11973232096395 -39.07205737518002 71.18561469229698 -97.83225208773626 -87.42660712972648 89.03080050973662 60.502593982102354 -10.975645449312196 77.4628454559149 17.862788183313143 -37.851916882116335 
42.50343654541226 90.28574313604148 -72.51279649890449 2.7073304767185675 -79.4089212886171 54.51062067526763 -35.52684984508315 51.89366337580154 71.55412192347401 26.31525205723952 -8.956183272999539 -99.62190886919247 35.864078785459014 19.767755736846098 53.64076199948201 
-5.703194393006726 -74.24433526876385 -75.50157042582539 36.4908637278906 72.16738846496676 40.59112176138402 21.141177346006984 92.54171976664196 1.844348015123117 86.15348524379624 81.48095416002292 38.17096960532635 92.62015546851353 81.80040564705243 0.40349614972099346 
17.47566660320605 -79.70743060392398 -29.2713792156932 75.66155609129262 2.750740095485966 -95.06097958680661 -81.64132255791154 34.97716974351334 -78.77773881881387 -8.820259020669681 65.54910942082532 -56.495828309063256 41.640118519966734 67.17307281294006 -46.197979614361806 
-94.32586856199552 -94.19039470159267 46.96558294541626 -16.12016940730652 -95.65884655210056 -62.403433280649764 93.44727940989998 -55.554504142134206 -51.771478998237974 -55.104003074610745 48.442708488355066 6.520969157914294 -62.10436669692203 75.70744008788591 -95.7149140644471 
-14.16664876446967 -97.01103480831257 10.187536287414872 -32.66596367406267 78.91656771488448 29.441371685236362 18.161918782002175 -45.966741273102805 -41.339112013994495 -10.937173793885236 -77.2219610260005 -97.03245868577473 -53.32857736163319 26.87505381471233 18.722040579141463 
38.96392871305227 52.22646894390431 83.00554830038024 -11.549287456248393 32.17086217215865 -39.550749398757134 80.2318703542536 -0.5735376265735965 42.35156224515356 16.523983674307388 -92.49538982148214 52.17753300042358 -51.55212403571805 74.92934674776183 76.82345619095784 
-33.4347066019094 32.32035447121001 42.0286328609221 -41.07371277694036 -78.65080960344251 -26.777030652682043 4.695870397447763 42.3360825228242 44.04768454729896 -7.087841806519137 -99.07327114688937 82.40667824537803 15.290193447590198 40.2573498932459 16.812585363388237 
-99.75115790573359 -21.42864301067415 17.493988712624287 52.76787927955118 -35.79548901176932 48.71600554118626 53.38403100811669 1.4219633079789418 96.21286203043314 -22.628754907577203 -95.58826617292475 21.769081259344915 1.4987016720776438 60.19149723299623 79.35919275130098 
10.62594464547135 56.2361424833212 85.23151165872417 1.9391006805381465 9.986909239806934 50.40898402073552 -21.214988661410032 7.079786927207849 71.19301536966117 45.22789208327367 -97.74563851944107 96.67881362258498 -44.14550903524916 3.712252880702252 42.652909855951094 
-5.183599590864134 24.819794664372296 -67.56621276112087 -85.53369772852615 -44.91626300951883 26.323281262104487 -46.39745324875357 -56.72678739513395 -70.92642867977347 -95.5631100260405 47.758635190759776 -39.58741651070756 74.50699413049375 -24.01020110780216 49.877634950946685 
-94.00363124110773 -16.43751573356704 85.76514072607199 -8.161437829054123 59.42823523037947 -5.6070313430998056 -97.47227925372084 -9.818638765954901 -79.18493846015707 -95.3985261224003 -37.88276499278416 -62.96966416574688 -63.1773529706237 -39.20874648049606 -64.76298928083683 
-92.47091311269384 -86.64062722876923 0.3633000889064135 31.312199821924025 11.344009494771129 44.72834984468162 92.04608887365595 -57.1537877320998 32.1009247348083 -87.01374491131031 -23.765697458061652 -9.865929815235603 95.30440977465099 82.46107676241195 92.11464297750493 
-84.55513038296496 7.290266786684427 -73.69411652330903 -70.65514638990604 -32.04116245406891 -61.50254345278303 43.39385759975008 -24.333357607709388 68.0363603815116 -41.91636853017262 -22.951488953370074 -13.091305544879404 89.895536352992 62.869247582185864 -54.713151805862516 
-20.485728702084472 51.66201010320037 17.0680930199305 92.96892360038828 40.93781417477686 -80.306873589051 29.85631945897299 2.2779284638287294 12.212412212103274 22.325818286434497 10.432571553050579 -27.2259519483719 -15.250254053692316 0.03233795466128697 83.96558311080474 
39.32364381733322 38.40110589268687 20.73353769522228 -12.386736993499966 79.32931674171837 79.59490216127455 23.48552705200875 -19.388530706506828 -21.59358733933348 82.15823856348553 44.835508213215576 96.17580290802431 91.26468919020479 19.24243251747278 -56.157867523387935 
-66.95768901764505 90.95407227766648 -10.67408188356778 28.969211075195204 -76.75097136297873 54.41347761025085 81.9787931185684 -19.091539925612594 35.40672234597611 -44.21663319881921 55.15101070991926 -45.31342143511117 91.74987913369154 71.961652740114 -85.6280628999933 
5.125785406235877 -1.4179888880318003 -94.14581287398218 2.7156554405755458 24.724090134580905 86.5663825048367 -9.745883898555306 83.89128500517481 73.2048076636672 18.009938329159027 25.893628420525047 -20.21608661202636 3.9974995950200736 -99.20091742314246 -79.62876115765269 
14.035613202642125 -76.03778935933522 -76.99221833703496 25.11777388967964 8.086036954596537 8.658404677578815 53.62565838595174 -67.85900559196685 47.04186477266512 -87.63090503116213 36.80114593377712 11.214785366623389 35.102896898803266 -98.377812748496 -89.19636499227603 
-19.635580378732527 32.613096836491934 34.88885751921575 34.32937770110149 -48.833655787515 7.951799315733425 -46.1571497075355 -77.40681105640309 -16.982392074797573 -29.235024152534322 13.46213103324527 76.80567219998247 -44.8568962753388 68.33648101478556 34.79640011045336 
22.26218514741238 -68.37354375134426 91.62923265222616 -42.77367491913529 73.59219319560864 -76.69028079595724 -68.37601219951762 87.83182074863694 -93.00055645380152 0.010107621383738774 48.72410366433954 42.553042330870795 73.40376354690918 -33.72736677552564 63.98223137713791 
63.28998791232533 -62.95327854245558 -63.30317263841954 -87.24061069099305 -31.747023091882312 -74.26407149771015 -92.20921537297338 -84.54436866665185 5.861486041255631 -52.02357494019718 84.12406615110689 -85.98470266102541 75.0611909806924 49.909112327396485 31.23705606548006 
-36.00770938578819 99.65276408646551 -81.78032136402817 51.64721735249586 92.74232919863192 -26.657565605595707 -11.261269011369308 16.573222443090586 -43.284087136609294 -31.07718528341674 30.704441312072248 -1.4642155365864937 -2.9077427627018295 -44.010188697766026 -58.64869665481884 
85.70699758394872 29.297988653426955 76.70763693298446 46.82439555899563 28.379286459121374 99.61247370045524 93.73535816161555 -29.572063226925465 -58.38893876843005 -32.39710672538291 -43.7380735065094 -57.84206872914659 33.08909771814612 -23.449588982361135 -25.25356339327152 
83.32627046973559 41.790728181086024 1.1025546007200688 65.22685594132847 46.91154823441474 -48.649871551508085 44.212136447971915 90.05825428797945 0.5653240749873021 -68.66228886101231 -37.683670494793 18.044008937479234 -75.0909885272332 75.55133851450682 -67.25915072928373 
60.580431609119586 -82.4782659827666 66.65076767371409 81.51405116473569 -25.415406604143314 41.884107701694205 -46.267125061436374 94.40681154029497 35.858237008818634 -21.872536586783383 -83.71084749624218 29.111441493562012 -38.934667847162416 -20.86972103846685 25.88539025510866 
-14.75755694246756 11.030787178334364 -13.154672310814192 53.52172504475092 -87.26121920055006 21.866550533896742 -59.75009455048741 -37.79929773101325 -19.599269517750017 2.3808282366045717 -89.893624567922 99.0817087728658 1.3738940042531453 -88.7951347215025 -57.895023415642434 
-50.513052102289514 77.92881221568103 56.47017074883601 14.78981677624293 -50.75271278779401 -93.88962598076117 -6.781734420407616 48.75152585032342 -30.47775383535938 40.8024354670257 -1.6884019698217685 77.5056194374628 67.82721751536951 -0.4284176521432528 -1.311090181061175 
22.38403712074586 17.798346620844967 -94.03193996361854 -85.95999676706006 72.373429275868 39.945392379472736 -86.22798712684532 -93.0206591867473 -75.73074871077532 21.430046201565062 3.3975270146037246 -46.49867944761379 -72.78320373104698 18.202046833117564 24.09312122978244 
-52.36388783010209 -48.30255851570022 71.0415789690966 74.50666276884112 -32.8178089259485 -64.17339038222747 66.18126738678674 10.663463319466814 -22.81859036100711 79.92492185481424 75.0696112819906 -0.33071956650610446 -80.6127297136898 -74.75111026118391 -32.900841061629066 
36.06987817337861 -23.846939739757687 37.82101377243313 40.83146669193604 -75.74066837777804 31.628701392197854 -77.99205709364921 -4.154898565020645 83.50538169847667 -98.03643442730481 44.131050740249464 60.79879214412827 74.5366233924006 -81.44280100738573 -10.482571164781575 
43.959104269005536 42.635307876322315 43.43502219228793 -99.4995840977853 56.79824482171517 42.60170602183965 23.79445963401264 42.3907730764619 -42.470729810596495 -63.81057909161694 83.10626810769946 66.94930391149285 59.79468185911017 97.95522327441287 64.42838164264603 
-3.232712541835525 34.2259538939405 -35.92788955689383 33.269459641259374 -90.43947685020801 -19.098352230300804 81.81744935404654 55.296202557141214 -72.3394074865565 -79.10998121243978 -81.25003184251759 -1.9982272851988228 30.109213954899616 -19.15281203374488 -63.280941473894735 
65.63264390858902 -43.893204812435684 -30.4013165472482 -80.9365065633288 64.27354990181294 -2.987825246378989 -69.52148099150357 -27.540986433446776 24.75105747398385 73.18409702215388 35.45489557925649 30.140837161820116 29.91998333578107 50.19396402836611 -83.47473379523147 
-61.79821915327237 -68.68295982267749 -85.16620423417451 34.589904094826636 -68.37463396880261 -35.88487984835105 -29.015511367070147 57.10733686398612 -96.69903932205146 32.21590502114782 94.79613038438549 -29.966798420523546 -13.52320639467446 52.49064493267241 68.33922255213275 
19.65057851964022 -35.61607002061314 67.88530464039764 30.014604864537517 -41.96242902412281 11.032445971197077 81.66294134784457 51.07340134340754 -53.647981503643514 77.24568576571801 19.805567948398675 -31.298705985781154 -6.4908032466242815 5.732553661575295 3.8946165903739285 
-9.682264593070727 -19.521805787555778 98.32898043881443 12.534312340752507 33.861195899632065 -50.679803998907126 -10.222046357533657 88.89031567709785 88.92253101329254 85.35027453156957 -97.39421882786428 -65.86376674683044 -58.8508548894916 -50.413712298635275 30.997410624286147 
48.98963465186881 -15.884960811904563 80.41339318148823 87.25875524130834 -84.10652990574603 -24.765209592022572 52.3859000156842 8.511456732559196 13.428408525983144 33.128711353048885 -21.273066019333726 -13.095616084614377 -57.94889548181816 36.773177530960965 0.23833181582952534 
-30.367474780531168 -28.489127776031026 -17.247778213993612 43.784502232389 -31.49135280132782 -29.029221294317864 79.03737396740524 6.295305882803291 -41.215194273580956 -31.59186790407746 -31.769605304470446 45.16465735611362 36.25219848646469 -56.4683502668601 -44.7226100386396 
-79.89951590236252 32.41183742190685 91.7097107540277 32.01426466585704 69.50013467821282 49.9547533729735 -49.25379756537913 -73.3306611303745 7.3683536075638045 -69.1367654365864 66.96163594936789 67.21238594555214 -92.78486067090557 -89.3263713539699 -81.10091405493975 
-88.12818930513214 -98.55269359708203 66.90239020184322 -62.68633341803771 9.489608477904213 -80.12153211602813 -45.804549286618965 62.04846020900382 -11.94027098792192 36.16546558152481 -72.95230191568977 56.163074718738415 -83.35616525326162 95.79047832235887 -55.71916299692965 
96.8757216892154 -67.6496751520992 7.803543013249012 39.42324466868149 -31.081605640196514 -14.94348686289672 -93.59398794265397 77.9992607301698 -78.14824588791762 -48.51693535349775 68.85601761376378 76.20740127915812 -44.843548624044786 -35.64268810825577 77.97074873536175 
-2.948465708010019 -98.50103812490991 54.58209052259858 -3.589320861549666 -53.82923446502082 56.20598706689833 -68.1624829220898 51.94765730649948 65.25043358930674 -19.69099396470442 26.41804522865627 -4.87107825229765 -38.11657535938979 -21.20770061528286 -56.73976028507488 
-55.00806885059011 11.199166889494364 -53.73297557016035 -45.12454410132383 8.36497293717538 87.18542533982762 16.658329441343625 -18.271732055459864 90.57896113293498 81.73204331779485 41.24226108633874 -56.19801299172502 -35.27593516767821 91.71219175259347 2.5350959278080722 
-30.929430689228468 42.29304525532305 72.59730550604522 -69.35847609860616 42.42884541845012 52.50153818455729 64.39414466206946 -75.82875099492719 93.24498399061139 58.932295775608935 -23.724018214319756 51.445690788822276 -41.69626843185385 2.5713305731959792 83.37056297586363 
25.786268486738635 -21.5390928246251 12.614006194483423 55.95146709179727 87.13279734000426 88.14181745471436 72.38455022378554 36.781744045228834 74.33975726150965 -17.06173291987598 -37.3922040011873 -63.357437785966255 57.31651327925681 74.8198886336308 -1.395584569158899 
-57.91663832387697 -92.5906792071391 -76.87439537730327 55.87257397932143 22.10366801361539 6.371127084864511 97.0048921030751 80.00917580697148 86.92936114944769 -7.302123845229588 -70.91525104428365 -21.171279567628403 -76.00037127273795 -89.0965142571537 -14.116718467346175 
64.43114094168186 -23.06992993986843 -73.83356917378163 81.55778491166527 82.09617555546049 -14.33235651433418 -92.35457396310298 -23.319506359102064 54.260483035957975 -64.95819554402307 -32.64070636125935 -42.35510674347183 36.40815982372018 49.59592484696131 -54.48282500623518 
32.70477986805892 -50.229910350784856 -12.108247029481703 -40.58989244822797 -0.9889503359980552 -40.86466782749745 79.51287680865369 78.35062510531819 -5.389729040717242 12.12797642182349 -78.52029681940044 36.665445364008974 -1.2303970776917197 78.97911215897133 -65.96160748815079 
44.287779708233955 28.574232466528656 98.6672649961134 24.467167433165102 -35.01929924610225 -89.7016548698631 44.5791514190027 -41.28149023182901 -4.441591755814784 -27.512908394230507 86.34975569127715 73.29614735890578 51.97968901949639 64.97065417280322 -95.78141005088894 
71.8193738411984 -23.223771980010483 -18.204556654365447 59.56586405675367 62.70979884721007 -0.31341099626051516 8.722143398414573 9.607165141086014 -63.45561824356014 62.5747121931517 40.3983752988465 -94.27066983829859 -8.969436585367347 35.76562300442498 72.72082873226842 
-10.385277541456304 5.633914089032018 -9.437196297666546 23.48718663211733 28.21129434653284 -85.90819894550899 29.724722706898916 -94.79802681479418 -73.05936923107922 65.17462345148678 90.65120325440313 -49.86668826118401 26.826829106067592 -42.75227009638638 50.978695276670834 
-89.93752379743253 -9.312035304288926 -25.42518294518071 -59.640592594458155 7.3849886459617835 42.42530379244306 49.3144034789799 68.51956631838948 28.072135499308473 46.96397262627741 -77.85346677364014 13.404699713268585 94.71067291657863 3.4776065685711615 -7.533090241421789 
-58.34873395034619 -85.34442189122979 -5.925508461576982 -54.58752392873911 33.44902775936876 -85.23713142881886 -7.453235662915958 -35.977201693495076 -91.3444026265314 -34.3151489051954 -30.574631379063334 -55.818978480849644 -20.028003629145744 60.621455655919675 9.157274458711044 
49.11633850501616 -18.705239819487062 -58.98029097111821 63.355690347186794 39.136367488089064 47.890289752520545 -5.2504252675741725 -38.955422989629795 97.99291920595866 -5.599987632143467 -34.07322668100976 92.47135118942666 -56.56840788801824 83.42395491042328 -75.65590725772941 
-36.912306736584675 -34.34291846039619 -32.980178658695266 26.379229842747804 9.691008232958367 -68.20188495844108 85.95197017335497 -94.46972554028224 5.606607687427513 29.650780622924742 1.2458800547856015 -94.40359210559448 7.9765227175115285 -15.354500671551222 -49.9126674176664 
-84.37125591799126 -93.3447445522436 76.7572781307478 47.40833707583349 -72.42885355068805 96.16941016809977 -4.0434849021570045 72.19428766841273 -57.05062335774731 11.39781517758773 -74.1195342903393 -42.57159339139975 -76.29627493861204 -78.47994222547842 46.79793495079011 
-78.0787323504482 40.13258283823734 74.24654391458517 -81.03864525010371 -12.514528762524051 90.46665888926216 10.542564725316069 -72.41518830067825 -75.5912385597938 -20.586541477718214 81.03876198162999 12.014621481505287 90.59279292402522 -55.14132490840811 -79.37455666615452 
58.45369503917365 -92.51988997470988 -78.93552077907685 -46.755273137935575 -27.56902452266729 -31.807827735503906 2.6726567816698292 99.27892534942114 68.31419253496784 83.44205464869017 90.40284307924108 77.08456182587537 23.502053613924105 72.49581569146784 -93.40338754935674 
70.9060796455806 -69.35886917905833 -39.041720279217614 -53.00028767517204 67.41576733486497 -81.29129456724331 -50.69579972549292 -98.44171189712311 -75.50709632888129 2.857677846138145 94.7291854539587 12.695314250429306 -68.39316379748873 -8.72778349798702 -23.550417336040525 
48.0498612776031 -53.400309157391376 64.10125351951046 20.02672655190925 9.326734889314352 -61.80225649892832 69.38276843755688 -33.137718820431644 42.795800292260736 -84.01646299448582 3.345140298827843 -20.37990092798738 12.193960659025578 46.51263809716559 15.157825820094658 
-92.17044447967501 52.14540081152785 22.280933112580172 -46.76742947613064 27.730013361812667 83.93660417336187 30.453991495648893 75.8854939724844 -79.6864492976306 -57.6430275635331 -99.894239301786 89.79256281882346 38.73438238661018 49.50232282282968 -36.560537231981314 
-70.2372675060304 97.07785692508116 -84.32030506742201 -66.84548266181295 -32.576548180775646 -43.975685683367224 -97.74793262675708 1.7261485052532066 70.91703976971357 -26.731482032525264 -38.3191671959664 55.20930020591999 -47.58282729390331 3.9405078769972874 -43.81645167691212 
73.99279044833838 17.950014728666346 41.65576817091113 -35.48122228043286 95.77568540884965 -27.060609458058636 -35.158690331213435 -62.151208136773775 27.38685896417745 -32.92907424114853 53.547871003391265 -40.194523487966464 -22.472902016901557 66.19795186152538 -70.36597513420887 
-61.26785896983134 69.19698361605307 -91.64832240659433 15.24488610905604 66.230220842932 -15.70855775725903 52.78145387484429 -59.25325566918169 74.1805067605431 -89.77361566949031 -93.02614639695734 11.520153350980308 60.91462118107924 64.44849301397758 95.70596858347756 
29.215153875027568 -45.24305068517342 -53.314250002913475 -24.963579328487867 40.581568460400916 -20.165740890058075 -36.653740931118065 -39.20778227539212 59.72749583363063 -41.54484657764173 -36.76284318004288 22.95391408959084 -73.99845853258655 82.74468896386779 -53.17485999646501 
15.545396024779848 -52.86253778907095 81.59470750244006 35.85891004560909 31.40424835362981 -9.823845378024117 44.79813246826433 -39.51809129753985 89.29293531178678 -73.69250891336092 -33.54213865601521 15.579480277564457 66.32043863621507 30.718148631130703 -74.4426483699675 
55.310097103381 58.79584703104749 5.412643868642093 24.125392702014366 -26.814274980151993 -52.668682476854414 50.97548723973037 30.844592916080188 -56.57379278233003 63.75387126037802 -96.33219292730735 -70.97039532721716 38.675297943627925 61.12496494790406 -95.51331326401382 
97.79255683720001 76.49026990700025 5.5570744137374675 -15.528187027105517 -71.5780204684284 37.14333023436433 -63.57700815009595 -32.75047441940531 -78.3398455719719 90.95040602655638 -99.12105361427639 2.5183923007538596 56.47335317340173 -90.99837342497815 11.416279859738282 
72.5740802553075 87.60195875449165 -28.765496109487003 -25.987225476688863 88.73030874924837 -5.072946784635434 14.492120427029292 43.66190448840973 28.784312605343587 18.537843176065678 -11.332429548002864 48.60200218205978 -64.67607606700179 -59.62780934960619 -85.64819420125929 
-80.92337601865648 -84.87719973762427 -45.59214449262963 74.57040420759614 -0.032626016618308995 29.282340996211104 -70.05647996365715 39.87528366659322 -94.60412655492985 -22.38501163295335 10.03648114188745 6.034662765472547 93.51706927075065 83.6276624184892 35.4138672118269 
-11.795243006819604 -73.4911541339296 -60.75515219167935 -7.603622698036432 35.83415665796349 -88.04992297549681 -11.152750660309607 10.350404399791714 -54.274531580699545 -44.02225754664322 -0.004096483911794735 -9.801352207760544 73.50224552670082 -63.03260842877645 4.722321985926797 
-16.334917000140763 74.6818471438244 2.7858225871274556 67.00464806198204 81.86012503702779 15.782686268338608 85.0529264225458 92.06884235338308 -7.229600938765429 -52.10688759297737 13.451422525228622 98.4060530193477 17.932740426736743 74.21220586287137 63.46541088326404 
-89.39226634999811 -17.053087910762585 87.86890836249611 1.814871408788619 61.67645181591351 57.12194638741505 -67.55574314966893 -91.32278393644407 -4.460698899897068 -58.14709274751131 -9.104885357746113 70.28480813489725 54.28549548997489 72.01654090468276 -6.348545563103315 
-36.17010838130079 -72.50860633356402 -95.3203266413475 75.6779958333658 55.697304212775805 71.28116372038008 50.290071915605694 -72.04760372924525 20.55821821922399 -98.36188353011848 -55.40452241364893 -23.630712434704165 15.207920605664114 99.02691431751342 -57.72566816155145 
-89.24482330748955 73.53747524605097 62.41402770850104 -98.30646907191529 85.68665456650132 79.32746984250275 49.17834121600353 -9.858393738986365 73.98438366731034 88.68781045606406 -73.29925798839804 -10.21358070710427 56.74912847486996 -76.37207995035304 -91.44481562527585 
17.253847816828838 -27.26697076986453 -88.30265448909608 53.6443731419194 -85.78188784678855 -63.142361805240334 -5.1540248316356525 2.876582319376425 -96.81378020528155 65.08628631231858 -4.277356298143246 89.08381201403131 -77.48870843811329 80.40299399920144 54.517085507394484 
-50.62822628942945 -26.77871100356049 -95.79367239713596 -36.164950793025575 2.7216785595187076 -53.582741719422124 -33.85507682904547 85.69070069633312 32.663991557091094 97.62981438455009 -22.031713314585247 30.756620472733715 -79.5471466564458 -90.6126980413448 -47.92682728802946 
88.14713544427707 -84.50546887337687 1.3413103682340761 67.53529272898061 68.80390017520881 36.221573001882746 9.610236853877225 -40.5193377205304 52.092416071662115 61.393068003695475 84.01203969481571 52.6507053991227 -52.85788995906853 -63.59589092953768 39.704180786750385 
58.21203567666075 -38.87208707111505 35.30416639828377 42.0529105222264 0.3492797979369584 -87.32680466657432 -10.065337571795311 86.15011104722171 81.50380582921508 -29.729099463957326 -59.7982079783733 -68.97610472690756 3.4801806186226543 -49.87368762237892 78.18872711569972 
-10.064291306955496 96.02609211155686 82.51746162245325 -8.627356368896244 -94.22732586991371 -93.74638751115543 -79.631361582155 89.03560933848891 -44.95240688017952 -50.86048107447145 -93.03169174465742 88.23976262529581 8.214011697885866 91.51241691112756 77.8530597407512 
-82.12522918747382 37.404788085903334 15.981833116806683 86.3808322725776 47.81919639512128 -11.560054742806145 -84.81484988319428 -98.10860808197464 23.240379083242942 95.91380342462296 -1.6883294753589126 58.41814338177264 35.68480899111481 52.41223090391276 -39.37226571019296 
3.8619953307316166 -45.662113752481616 80.82848494344586 -80.9739620488736 44.70580208525382 -6.859157546249861 -16.125202268475732 -83.0462773267515 20.001654905154 -6.322494855553742 45.23397645183675 -67.00242838640258 -92.767205944242 -75.36705721327881 -95.79565879896144 
33.21568846399671 -9.40051410236093 -21.006966324291554 -6.3261713859205315 4.110751821465854 94.30662103312807 -67.30218685773583 -93.90763929961952 -20.64245535636485 -88.75323093015244 93.93674916664062 -73.17965451700421 89.13922657147256 1.7151794567886327 -73.40411010139928 
-39.73703472851451 -65.37062978624289 39.579585760982155 64.8142837313739 -35.519003478473195 0.047611483243017005 72.73803134814025 66.3518895975576 60.88323685606119 -67.51045805743365 20.79079481400332 -71.31816283592738 -71.31868422001351 30.436880225375774 78.16735933559954 
