38.531387689152524 -29.040745787977528 -60.525057755444166 -2.982054487478166 41.99288499311365 -42.61058188285227 39.37682091461065 97.62632436755493 -86.85917894146576 -38.34243864009361 85.91041307448734 40.841262482043646 -22.922084030304134 72.01117758069356 32.3192604669259 
-29.31707218045571 -28.747134309829818 63.953967709696 92.0325567067259 -65.78377585145279 13.009351138322202 72.43012044486923 32.635570443017 18.98227267828436 59.46490232557906 51.02712633095311 -28.504758693017493 45.50688230241474 -62.57720418328654 -3.0991980777879746 
-41.410110971517724 -90.11474412616806 -72.04624277035232 -28.972697570595443 -7.079108449546425 81.8134756741319 -9.511069575815597 96.93927525316639 -4.529890576467395 34.092611349710864 10.107839116226984 -49.45411978750056 -85.87554986522305 0.9614780650268386 -26.126661007558567 
81.2163733130644 -54.67548838077103 30.175060944078467 -2.5785358519836876 88.5191955495626 43.12458914615769 51.69703000941607 62.309134289148346 -79.99377069054212 -38.84779543950947 77.88551325873652 -71.84594309943266 -16.886297880850904 74.63579557623831 74.55512198294423 
-46.72253897393133 83.06686816430434 5.615299103251687 98.48195479559547 -85.3580939101578 -23.68870650371302 -10.070441276447895 -87.97600963552483 48.31841201029849 71.35084948844266 -70.77011593337147 -21.44191603249223 84.13551241322486 22.730079616077177 -58.44494644504032 
65.82832990423753 -50.29457795506402 -37.20017789115637 -46.898510772739144 -42.72009736845115 56.918316595816975 48.50133899283193 77.63079644325288 8.261011978619194 94.31915279904538 -19.013427755995437 85.38138549401134 -30.815362801267426 -72.54372305970504 -50.669829630468556 
89.72329422257627 -88.05300797286756 -95.28330474069145 -44.37001159909211 70.2510110827613 8.799458073049522 -18.59460371826451 55.86617591856978 -53.38818427602734 55.383955203101834 -82.7161569047617 20.530513741523208 -46.287311429301845 -43.53048221094773 -11.557596846569723 
56.98438334816237 -96.20807489107135 -8.411030008102898 -17.668634109461408 -80.13943252957776 9.187212962105036 -43.400334794461685 -50.36313819088976 -30.767268281535237 23.896742027515756 -57.14940705531488 -48.584320787565005 64.95505213598406 88.8974264048824 52.68958900863052 
-95.59910443211648 -15.11857852125624 35.57795118191643 74.45599564435199 70.78482333079589 97.51782450535481 -98.66802620910549 44.969591179909 -76.79333228197018 81.17113683430412 -72.5899187794977 61.27088689745693 -66.7261670664455 -42.18101351715984 12.727954101286969 
-75.61234934152495 49.51759773239377 -83.8188616781933 -88.98586767770895 77.31319039368555 -5.623088242161089 73.39003396430383 -37.02200009882297 75.28745159442337 41.04842192961431 -87.53118063675032 37.31149305059543 81.14920625588968 9.467702431169855 -66.98716445318414 
89.41834583250298 79.09528854379309 -79.48006091020116 -77.98758250701725 93.77197468108409 32.4163628533413 98.58601768459968 -8.925930150704488 59.70999283125522 36.184160067605916 34.03343772621315 81.17050603336543 59.02161130251022 -10.892339375017485 -37.127112309170116 
-5.507077104828539 -15.839284842901492 54.61583289552544 89.43169897304847 -3.7920378377617823 10.232614208499328 27.921437610441544 70.52330424837731 49.3884509117014 93.6844203530959 12.040286033098539 -11.39952953502413 40.09446842990104 -58.24902373194896 -95.24897708601041 
-21.84084069944319 97.93294390411944 -93.83003162190518 -53.553293437987314 80.9286977310762 45.507844864468126 17.912515754614418 48.14002507978816 36.973209967052696 -16.05348796034238 -12.358270300938969 -83.07632753050657 -68.01462797721038 -10.135028200097466 -50.212998164237234 
75.23505399726895 1.9923679857522814 13.593628311237339 -9.708989382498757 30.4930665431921 -34.61262391108532 22.23108391486413 -45.60483496855194 17.906956493015173 45.59560867495449 73.05167872619919 16.086483913495655 44.67234041805531 96.00537984574603 73.83786024490487 
-20.700090626760186 -57.157525368863425 -59.33941285786921 77.8423055671824 26.258840803528358 27.903937489382912 3.0701500529451096 75.57864940891773 79.67786711256304 75.83965002426143 -28.133753982867148 -86.42573450381894 -98.69910400763733 -34.104157173665655 -11.930793383138322 
-64.22594636799911 -84.76639790626363 81.7566793536945 29.674326543552013 -24.228891345971064 63.20251096018097 -68.4539428905263 -78.40394601367854 -57.85605128149158 71.95019568858248 -73.41876686384865 -2.0487911112326884 17.277822054901776 -7.297028535850728 -11.868728598057785 
-98.47106716953608 -1.7762034588918851 -48.824487898591954 3.522410785482407 4.687193137171121 45.69893892383939 99.9744201188488 13.087113853262238 46.478196893749555 5.809389977807442 -81.40460624856318 -25.157335100512384 -18.836695358953648 64.48087344832086 8.105406174850984 
53.434460986815424 97.67582416584366 85.63987944464887 84.96485489618578 19.86410708187347 57.00414480815937 -57.151382828631746 36.06523178124692 -34.90805335882459 -95.1062691406424 21.793321505399874 -88.27087514362113 94.46054241649227 22.538580263472596 46.354985172224616 
44.33609069873444 -77.52230699143274 23.104168814065403 -67.18378469060708 -35.61054132326316 83.50714407368824 -32.94538055768075 10.505978498549922 11.204234724137208 -10.952081659410922 -37.57928193694706 15.07639090559148 53.698567202596735 25.762971405395007 92.75535282067798 
92.87864236680699 -60.65076463331758 9.58401638099214 90.1819999121414 -74.32119782125139 8.135204873923186 -6.674885307393595 -1.0926159165910008 -28.55804525598063 56.64995339747813 43.435040087954576 96.42027555613345 -34.880231318934094 -28.497493651941426 -12.56247519791333 
-17.809711430812627 93.11672652483162 -32.942005365344414 42.33953149597508 -40.78028610144236 -57.012405686574105 -81.85337336494919 63.20477964008734 54.8780488392583 -93.30491632931664 -38.57545692801479 76.081454745506 55.836374904091656 -64.25523359475017 20.027718645038632 
-81.15456519750848 40.94081422251958 -13.349275927434732 -54.01050313920204 46.10006820974516 74.29446580251346 -83.91641710812263 -16.162994840000238 98.8175076932647 -25.412374173354507 67.19522564063178 19.080194690367193 -26.061525316458173 34.63168398829913 27.735087565593815 
-92.28820093730204 91.08148341972387 77.66525129898989 -77.48871835004061 85.03094679624417 80.00025355329461 11.888184531873463 -97.96778625425358 -1.0870507384439776 -7.383231580751357 -39.24941813348657 -93.65944036244403 75.41186526452233 82.59333698557921 -14.604884096041175 
64.08699226391815 -15.583548323805218 -59.78709720103252 -20.63827470190735 -83.68654439177286 8.0829474668094 51.018774361043484 -69.87697775695871 18.40319497823839 -13.809504117685208 -1.7806882606451495 46.798469607771864 -82.80601222053727 41.5804157998422 23.936571987418674 
87.19082486787693 8.044445162227404 -63.01362607123262 58.5208694351623 70.42661035162291 -35.656954504705254 -16.962056269040616 89.24536305797145 91.79852616766715 -99.38712805993839 -87.38749096271808 -34.07119229426945 -4.700189892669087 -80.41779225739441 -92.27314280431493 
38.482069785551346 91.95425256409106 -32.41613529746053 36.98778354678663 37.23956681648039 84.97190437714332 -83.0404777489073 -59.624578812221294 -3.398734448726273 -25.626684997103965 -62.15286205537973 -36.951915736724985 -50.12744138310388 -32.94203470578741 -35.77894855272916 
-92.43268425033921 73.49218966143997 39.66505961071695 -28.829336322366174 -74.37417270568956 20.954899739360513 45.72993384602731 23.75140254030508 37.340733050277635 -14.582418673280856 58.57757219454325 -21.933933227791954 -64.39359064296556 -38.14391399558752 60.7595366068287 
59.25248464592849 95.1778519705671 -34.34443498110369 44.30842958985008 -20.248036500738493 20.50882435978761 97.21819294438632 -77.11380977462102 76.35637802316205 -33.67511729637245 10.572885498393589 -89.82587801396515 -48.42158476007108 44.60773993068847 -62.511899834595106 
-81.81162477773489 -39.540138530832294 -7.672267783421006 6.435839222377027 -83.8955174506882 -91.53533007420766 -98.60540525396995 -42.36702770997811 -44.51370002196797 48.27991436767499 11.701744829556617 -45.73573385043734 12.646512350303539 -17.31356641406954 -79.37800867618114 
40.5643092620837 57.7075761404665 -36.529391339331 54.11120366985213 -25.997032427435045 81.68946398462265 -25.391037993172546 17.45984785652601 69.52615279429065 -27.614972414758498 -77.4450473343032 -0.543047795247503 -10.110290967400616 -26.468222146603054 93.86393162004342 
87.33393946108868 91.89031523256145 14.514659366774609 -35.91316248470973 -0.6882652015088695 -21.88824447875355 96.83490300714396 25.20756341804986 -73.6567851342268 -75.73285200733403 -72.13443290048949 -8.646002408223382 0.19839470890777022 -59.036997026801494 -49.320096131957605 
69.30864111242002 76.15599865159646 -20.545589121203946 -88.7820333211364 -18.271035953057435 -75.31769214693554 -64.44881410905963 -77.83966378523392 -71.44452244040167 45.14910284980638 -69.22837551425533 77.01704635655258 23.44128912305898 -65.47587814227174 -96.2050809343614 
26.5472219543297 62.98066091200886 -83.47144412378333 63.46460992397442 -94.0300431808357 23.66263978997536 5.491458820311294 88.13326830956157 -41.428750577878226 42.08406996663501 66.25197322112001 -16.770821605829795 -1.9419242185107208 82.55019277842246 88.26756409754418 
28.887975036866862 25.64266546833865 -54.97094606398918 81.84975414864516 6.840194066377819 -27.281894143210224 -1.5317878438080754 -41.14427360051991 -11.616330946381012 40.85098445544361 -69.53997624139154 4.473233642442807 -1.791127875026774 33.047293632889506 51.43220721009533 
-85.39386225149423 -90.1688166291019 -84.58261543113419 -41.083777431511905 -63.99433181595884 31.259504753807363 -13.34364697894388 -21.990034501770324 -85.23282134459653 93.64506850246624 -81.71197343460565 13.059557356727453 -50.238229387393595 10.818397587795829 49.47423121599027 
80.23236065245973 25.751371488216208 91.39548027174831 -93.8556695685163 -10.486434953565364 -15.468859444091805 -65.44396114076893 -34.08223535840331 -26.270345477556717 58.07978194352751 41.58976059367717 24.456888962775807 61.27348285032184 -84.03283930606038 52.347669076145166 
-3.3445552805957846 11.092445790018331 54.62346355030837 -94.1063956360976 79.51954562371995 -65.65386933683479 35.36811924076966 32.079805520049774 49.88643582668257 -41.449154562940606 -20.51884450414461 -42.983944154315104 -82.70187677058824 80.2442169637722 34.71727729281736 
48.93723025901292 -16.83537829292227 -22.932321202787676 -33.764028564746255 -71.68556889617949 80.51220596723203 70.0923725903537 -37.980432249500716 -91.30488276595048 -97.95581954484582 77.33654997732745 -65.04293340416089 49.40039333775675 -60.32002480477061 29.915345507854 
78.47771007154012 -86.98045822519562 -10.509718548311511 -40.02529722618966 -50.989653554990014 -46.0809899138628 -4.004688919109128 -9.09861149325178 -25.237890686034277 -15.216829133856933 12.897756309642332 -8.066334086402676 90.95081316371645 -29.11351191207838 87.17498754182606 
13.452747365917261 -39.90116005268567 -15.358248251565016 84.33375845614947 -56.16003760736792 92.38265333146194 -57.1570281464765 -26.943238938842626 -90.60869666649715 52.17430449144186 43.45759196954535 -91.88276005199974 -66.30678938325391 -65.63592734680759 -22.080787792875967 
-39.864318572550815 80.1272191559122 8.628412251666532 -34.10024330976387 35.052416460322775 -83.86102993547588 -69.5711263267345 87.87794381875679 -46.28724438973326 20.66809448259926 99.17462765802168 35.299525465898995 26.73912751707377 -80.00899101743948 -29.032065125057386 
83.6576760905954 -10.966094991358105 57.05843008147832 -24.168180536662803 -51.75431063763498 -44.5064080551711 -77.30300312178669 -32.41987427754121 -97.13249227490277 -85.4697950571474 -24.672776780956227 -56.22614454865349 -29.746155962418186 -83.4856573851722 51.15449274861231 
-20.075114189665413 53.41525626728432 44.40611996490384 -40.781174722909164 -26.55130614289702 39.336653981984 1.3315746155685702 -50.7813508980838 13.57861323315646 80.84562129089193 84.6739743265077 75.53750644021972 87.50286693544518 -72.99433588116338 37.53338220998313 
12.58276276733406 75.19910845950852 86.77448242384582 78.77933451379283 -11.002924228157113 -73.84820093549094 -82.39467456024138 95.72938177217637 36.316456495775924 21.396808916422344 95.60726444738063 -77.89410144018314 -20.421537521295477 -23.70683104834916 29.832583469745458 
-30.15456260968898 -86.79559146361338 4.934890635849882 -92.01436300990515 -25.168942071087017 -19.891928842134647 -88.41932801954506 -12.841582412979463 -1.0371205178606715 44.207165659174336 -56.44583693570975 39.75248156334999 27.392945895893675 -25.69925809645885 -49.78251081085547 
30.492760361898917 69.34334264932929 -0.4784828818524858 22.511255466542394 32.97815306119776 -86.5605168993091 61.02951568504048 -92.82862710336906 -69.82155223104022 -20.55375607200618 -87.44986178104573 -22.231373702171567 -84.84321254965073 97.88260970592106 -34.57587769210477 
-14.457666576895733 -41.90698985289969 -77.28882931721704 -8.360548458239407 -37.63840073778773 54.0747190803238 67.78657657262193 81.13446692777043 -52.50375977843207 92.840752197706 16.908097299678275 -47.406421046950655 99.29298123280225 53.38368572212303 -82.99490951110539 
-52.63183841522376 58.927319237956766 -12.79659001920399 -62.802525653232145 46.815075583571115 64.13585232760812 47.173797451164035 -63.029412370775326 85.07269651608752 43.081304930184984 -59.627507670427285 85.76712502110934 10.44713816602065 -67.92201788618064 -56.890676400087756 
2.408931006962007 25.885616932086492 -51.640649724314926 -93.33849923337525 96.60991713725974 -84.68383044078062 -76.6184676624067 3.9017766537150465 -16.94668335990235 32.57219211618553 82.06118783230548 -99.35228742714229 -93.04023102431798 -27.634449157947245 -63.31416985536502 
65.85141201342515 53.3043197820958 -45.82389361574548 29.967063170931198 -89.15404014632156 -48.56578114323084 -40.014856200914565 -91.29419643326442 -67.47030529179459 38.517036627840156 37.94206036023482 2.20011355488667 20.862620927968152 82.87331986052504 -64.6936628575861 
-61.66646900880713 -1.4113403183348794 95.86804263580481 -34.624497939370855 0.6581346841074094 -77.65770251224033 35.8533805332622 -37.6456039055993 -87.82577272830136 -32.996895975110775 -98.22019803508495 68.39701764612659 -38.318870821729604 -15.436044359037908 -14.247354113163752 
-50.58170834245714 -71.68215144197161 -40.50393548755433 50.61706228232441 5.761089442374171 3.903951875585193 -38.70208771025594 -74.03751437224045 83.8412028982788 90.93427751659863 77.96158841244193 60.44178033444169 58.38098722786228 -16.264273802580888 -11.760559133970844 
34.14226651354312 72.54293649454516 -69.6799916439829 -22.375619992709545 -85.36256640289422 94.90155336638358 53.53707490125956 80.99356674069455 91.37054174704184 76.0185478003009 -47.78956686596476 -96.8699663309036 52.37549146524415 21.838600124470858 -88.94654108874889 
5.515000508093834 -51.14753307560955 -49.020229183064856 98.23626988414625 -9.672367044316573 71.65115690284699 -53.90083640299428 -72.23100249789154 -78.10092829173199 84.71699138029143 38.11286914804762 -36.99311616323961 -5.038413156783477 -60.39796951045646 10.715979163424947 
-24.731745176725582 -61.76204822434066 -24.216584540197616 -46.67844386659692 -58.87108370369651 -50.360299301701204 -22.884039953722436 -10.509411411779496 -28.85322795100791 84.71055173521017 25.066787323921986 22.509219206689934 8.23849314842711 -89.54374846218059 26.922781410169904 
-66.90174165141426 93.72892327918888 54.94259835632184 -34.61220173238732 31.566096731702658 1.7818613431854828 -62.9835148393898 -77.36387695932096 -22.057728079617476 -46.670450901272595 76.63525021649497 -47.89138063894931 8.597713781395314 39.2597174012181 0.8360712299411546 
36.855256968571496 74.72623928544598 69.84167896468398 14.428280204934424 69.26706513548226 24.149163776491008 -99.16583139971618 -13.371742024439854 -58.464516826789904 -84.23385072891085 -19.248901307103466 17.96967951191857 -27.89737560222845 80.73321344251974 37.087170907111954 
26.482158079158992 23.524378985345876 83.20184397052094 66.11884512182021 -80.73979190338119 -60.0930676115784 -82.48254656572489 88.52075643440403 96.11991463243317 -52.984310260557635 -73.9873296532464 -14.930461591588724 -67.43397960899915 91.4439735106427 -69.93338125911473 
9.407828117944518 -41.19820383649875 -55.048810153753045 -7.67259227620923 -71.07941088764858 -30.90287483836414 -96.16774862485859 -80.92640046243031 -61.89658607457691 -32.971979850763475 -86.82854976596039 96.04728803599184 -13.818612023211358 -8.313817565953414 -7.103127163824311 
33.9925143495862 66.719392131229 3.9031255312112165 -51.88196494846462 80.52602867528046 -16.084021216505178 56.01211149459078 -47.89604981848057 91.16352925322693 -30.479104329226885 41.16349929429043 -72.76185541552672 92.83508614356086 -46.3020029989504 -89.32211005824013 
-30.085785224955657 -50.03472792436929 90.11562230325595 -53.28740462864388 -16.39873687104769 -50.01176662942719 8.429909321483947 33.789061707064604 51.627137741912065 20.090918720796537 0.7091958528723694 85.5374497441563 -96.93999657512975 -61.8056061593151 -43.73185047944261 
-63.13106480851438 -21.582158733764885 -80.4142391316405 59.675430157863275 -75.38662413690403 -51.701478918062094 51.86752558202997 -96.47084771184578 -96.21745441157007 33.0877692546855 10.085419363380339 -3.337766105418069 11.183037550565558 -45.49299145643859 38.689618704895196 
-82.42478058218224 50.72796637462932 93.8770292643054 -97.07786077061908 92.65801753284444 -53.75179242202175 32.224064033714285 -53.00425879625765 99.04522936807007 51.327192552991306 28.7480359843768 92.76282454571384 87.68615534514441 32.42807133515723 -54.725235642298806 
1.2980976180253947 -76.15302774881263 -12.226864326503105 -20.29198402101629 26.04611838263635 50.756505196402145 37.92314961268747 99.07743840922859 35.57315328077465 -79.98407113578835 47.947929259954606 33.27802531879297 -49.079747576232236 -88.59183253360357 -38.346420065007656 
-17.436613587704187 -84.88972350475588 65.3238494009205 -58.918712554604525 -43.94736926886673 -19.097573983771582 -88.22164050068642 -50.995928089845364 5.165169150079734 -45.962949790979366 46.872134439284224 60.95375194747871 83.73837966629435 29.276365469135243 -21.352287674066744 
-0.3726079871610182 -19.01420738253745 -74.27183862163038 -94.96867260115431 -59.290202056015964 8.574978745234091 -26.0107520905474 9.560773470857555 76.30116241943844 -49.29704078135067 -51.52059728477767 -57.614570140286745 -55.79615337646335 67.98018959414219 -51.837128317963675 
89.52599842726985 67.62077870272967 -2.2116286285599642 -43.04651288589019 -51.040272432950196 -3.2189347878718593 -49.517816129402384 -57.05355177618716 -4.78063375679929 60.80929881182064 -57.57333579767045 -18.115260338296338 -74.65013939065675 6.652059844248342 13.61480305703762 
-19.005488649152255 -20.284980536060388 63.29881367793766 -67.18129049433843 -97.0375226513274 70.88878375585531 -28.977123726673668 -14.775478190433205 73.22125603790946 -55.105688471039514 40.274098554651914 28.636956476818284 -34.84181521704939 26.11815537356621 -35.39756498294746 
-97.35558145668193 7.295983420937887 82.43491016062191 47.758287100642036 -5.173013755476859 -21.594111680469183 -37.134231082063906 -99.89254062315815 -72.4719653280474 21.596050497270454 -48.958760153762945 -50.84041403207009 11.722619633255135 26.41360802777126 -39.688036271655825 
71.70156311423165 -85.00789729078637 22.390867084527756 -28.381663772728587 -68.66879099349421 -93.5885157441688 -73.28690172589009 86.00472074720341 81.9749263106334 -87.26188137492777 -81.96966976117074 -32.052135839017936 53.41086257244058 -50.26395566061099 -15.128754060127392 
1.6242323007731159 -48.851498241693925 23.665673133213105 -12.44447495005332 98.55431085339225 -16.789074530126882 15.642375505501889 99.60463485133235 -98.88986399884732 -46.764808763723174 -73.40814245514036 -46.8566589670528 59.86438082350952 -27.935143427679932 40.969520995084 
-78.8554427791411 -15.217403321257123 -23.274897162582135 -59.309203326496586 -41.80495892138376 -39.066329782660404 -32.13683838026333 -10.989169845181877 35.8291844084753 53.13721118193001 42.77611401043907 -53.52964881807769 77.64433523107019 -99.62426707463821 -0.31078699067536775 
53.92655197948372 79.08211487610731 -7.50971518091707 16.846062098264696 53.09105780287439 33.49554351354189 28.149911459499577 -81.38495428609431 89.78014710282491 -57.450336273077426 50.99181865044724 -15.227616070357769 22.505515610879016 61.750255533932375 53.241126436618856 
37.36374761328932 3.8231459012045406 88.00817295948997 3.8272823740317534 -34.33993725269467 8.177749881974663 1.8401484087163311 -59.15733743440208 -5.831164782107834 28.119773358776484 -80.88856486289313 -92.52263204444296 -78.118764316222 -51.57605616984369 -24.319703002771448 
-0.03552591091234092 -86.29435687869702 11.382718554956895 43.27119195197767 63.218276656582134 91.2018248625653 42.81410577312553 -28.618990173467893 67.8079530870327 43.69565786492021 94.50269191638071 3.573020457247523 1.0482708222076838 -41.39572024768876 -61.22207246331997 
3.6997823066933506 5.978350110054393 -20.54861861713428 43.063281681767506 25.577465406540597 -10.011258689911571 -35.795231999336835 36.228389947572595 -32.160240391242326 -78.55434582107856 33.212343760001716 -32.00385753296118 -37.96221405315101 -39.80482709932423 -66.85170912917584 
29.56140456935529 23.97280356438 45.04616128627623 90.30833106548229 51.09750175097011 26.281959536287374 -63.86351403843407 73.84919840611093 -49.94385386815763 -88.23499191977773 70.39054906483517 -83.68357819588839 99.47197392269481 31.274269041207248 -46.41639298528843 
31.885654094623504 -51.66546527164777 72.88162661613725 53.11977682077415 26.63652552058609 -78.21420961045135 -24.059105663013952 -34.25112178139233 85.15923536123913 -32.73242711794782 -80.65376996290794 97.18215586231128 7.7263982208646524 21.46498190757906 -62.92769921831434 
97.90257675748825 72.6978312258652 98.01554420172661 17.712764831235162 39.53468321387052 18.930897026932314 74.18167241580983 -82.98471116348335 -5.231709835714213 70.12682844694694 42.31920876377805 80.607421010932 -87.4269017429169 99.82564821318945 86.38557344275023 
-44.488454029647315 35.956929602995785 73.37135083774436 -39.98061120516094 -71.166751138586 99.7613083152435 47.73776648668553 1.2499519841294244 93.53346292079868 -86.4138049764465 -37.36753185770398 27.465101311067855 64.21121756070775 -40.72193176719922 89.88974751001922 
-47.62412553114335 -69.61811238445262 89.58779136778918 90.45282887651453 -54.081339031927314 55.20142286303775 -46.00345091639524 5.048482985787501 20.1064781974855 18.30225159391435 -14.405902384498418 -64.84278809496348 -49.57440868002756 -57.34636670388535 14.021692686046052 
-7.887181633092737 -82.66594760371677 33.4019221465866 4.962032655428004 71.43428177315576 11.778454107467539 42.31841295507445 -80.48475320942237 -62.88220069128516 3.5287445392048227 63.52542081251164 -4.711131236198611 99.3461811898751 53.220535752003286 -17.586200613885538 
61.4977779978139 11.798550372540362 -44.52160830654501 19.63047437508891 67.23994307169755 -63.78718171289985 -92.91990823082234 -43.47062112217959 31.50183828966624 -40.99129454419761 -45.886323795605065 81.97849231223225 -31.641466383635603 -65.64187965273167 24.88444421236305 
-60.99711934599385 69.34353380733714 51.40652762891298 -90.0098148715482 71.9540682536745 73.64530661963832 20.251673215477226 47.371562765343924 30.76514708137904 -38.70262421480941 68.19365345041476 -52.31599707458982 -8.934422331720995 1.591492822168064 -17.186935269236784 
-21.492377181568685 92.70691262064727 61.22870273355278 76.86651278558321 55.28720814921647 14.55962720670054 86.27437579372835 -8.340145397977452 -40.20065000107922 50.74188269293583 -52.83665761156846 -46.582692949654756 -76.11760864702973 -31.44091629822303 -20.70396524347973 
-24.201209386006497 -53.816915982070434 24.347501434673575 -48.130814834179425 99.7089654151506 -17.974952031496954 -62.090105110276575 -58.295477879973 -69.69074602000009 6.720892898942424 -79.5339670923461 46.436365111323255 20.661387542245464 -53.7941635521797 -68.60944776546778 
61.645123870368195 -80.66534764859192 64.04029306127742 0.8837572501607696 -19.71170651877216 -71.07293644951545 -92.01821722954118 -58.06526697791416 -18.589455672232575 91.22516580360787 50.9369633831285 75.100760054749 15.701280399882236 -12.600596421031014 -30.88195334887287 
35.683453656471244 -14.719985111368558 82.6357910294575 26.261884700847645 -78.01922404865356 9.200107561021923 74.79988121059952 38.00890438652911 -25.35586283722293 0.2695478243997229 56.154658210417864 14.771299682110211 20.468246263034345 -84.32542296159673 82.62283745493099 
83.68544455133403 -69.33800915287509 52.595851559845556 -48.90020970721272 -52.870829680904016 -17.82409563360541 8.574540241598811 -55.288407957072884 92.2266494531467 -75.42461121062256 -1.7865526470619102 57.67870983895051 39.54850409018897 -72.93041196198993 -82.608098548747 
56.65827817666147 67.79694559568995 19.345447098824707 49.55336014128841 -26.14254809203662 79.40020798794865 49.61874592152654 50.59903778584564 96.36011533815528 -21.6209631823306 -8.137543192058587 -46.732380387229114 7.921293888363849 -25.440001784114827 -87.59482272224439 
-72.08083001314736 38.936734165663864 -95.67374472722436 -27.802408224026436 24.739172522825243 -25.06815022108188 -44.82896946327377 0.4490514953501332 -68.6764722396341 -94.1221747539984 40.116986159206306 -48.439240202461356 -11.631252410591756 -70.40858121169956 -81.65230182131845 
-67.16786221222739 2.089320943315684 -8.776047725536813 73.03046270251744 35.387743877024604 96.49698325512068 78.10373520266128 -77.02188564340595 -80.46900931278597 -59.343923295244494 49.693590607613345 -58.32327824081831 38.51749770434347 -59.52354949371055 -0.7651414938312655 
21.32917684348439 -81.94256880547452 -94.88269206433361 -84.26656825173937 80.62467813703401 5.529656845198929 92.78845612472071 5.2014617399334355 92.7183308827019 -3.9045061374918504 29.84855885590042 39.22124681010345 92.17543569786554 29.768142972335824 11.065273923029338 
28.957099642134125 -37.74783601206584 -47.17761384846566 -33.25862856105704 -53.51957130419378 74.31355283085094 -90.43443436463497 -56.492952162382124 35.854240755099624 62.28812597185433 52.95219118237554 -79.11033135788945 0.6255769927281136 80.33886405043279 13.272148404993843 
-85.83119591536834 -9.2989589566955 29.67471519286954 78.8745792371912 -76.74540149347527 -1.885247759316158 19.908686763536835 -95.9905225616211 -2.644750662215216 -63.800001983717245 74.84167961101966 -87.56740594013756 60.454522884039704 7.601554140220941 21.344143103362967 
-54.04760505605213 74.49473257386228 52.628991887488525 81.4492411168761 82.37662267920072 35.75854375887491 39.107988719782554 -14.552089609509437 -61.50596434511348 -23.03059113165631 -9.381464047307816 -29.113795252100545 55.68618945839532 43.802174341603234 99.16242956563173 
-74.59905593910304 -58.03572305375959 -5.344761027697615 -21.271006161733112 87.42327953291391 -74.72857251127024 -72.75404186877934 -15.121522026804683 -3.184521475785502 28.774005816305817 82.63855322150042 -16.62098704861623 -19.600630335561902 43.83500075314052 -57.374492505693176 
37.582506795657366 -27.80812796585576 -13.218273393562768 76.44309888205547 -45.895939654568195 0.45633436877199074 9.643862451195744 13.982941725570313 -51.15384065313548 44.8017609208886 41.51753412734104 -53.60156880101965 -37.74046414921881 77.12835656919853 -79.55501423310159 
-72.66311670904055 -8.036471027058624 49.502032745666526 6.925505110344929 -78.15391829764715 -51.16765129993357 36.86314857233225 -81.05540632866433 71.96726764100077 73.07398489384019 -22.57533050802553 -30.67438072616369 57.982363072401085 -36.780895652832825 31.871668037304318 
-1.9412929104547771 -46.745023661957234 -1.8884687594247254 -86.73190542370864 67.47056307523803 -3.2909029525124396 -16.087520040591258 46.330890366983084 -87.01173285752562 -48.387614520033885 92.69264674693471 -11.703904420559041 -52.51598455272624 -73.53551547751304 34.24774119331303 
-6.597249759416286 -25.143169687845003 -58.64914948782138 62.067282316011784 21.96304730551988 -38.434430346665806 7.409161071743426 44.54347839836288 54.151946599261976 -17.811269616819914 79.02292499235313 41.29667213151973 4.550454961244824 26.72938615055655 -76.4993411613193 
-58.40177712616621 -55.117546443198286 -98.2664269875646 96.62698047915313 45.66845072561995 -38.079382433812434 3.546258111687777 17.197493589484168 -79.7159061740574 54.58811509784388 32.568144928188104 89.90099513278562 92.50283043581408 -28.314424881811973 -22.759174958249957 
78.00862873644533 -30.886616913794597 -22.955538954225858 60.16444025718164 90.3439184243347 71.99657877240193 76.49285777242386 59.78778504550658 61.47125911467637 -85.16147582225796 -68.79180992670922 14.31967501549309 33.0986843508139 40.89434279491607 -12.734133090611977 
-1.905842620545556 -15.880125535393304 -14.524919989254954 72.01641386553555 74.70639476439825 -48.87934064671771 -71.37986457798073 -46.07682721720736 -44.50139737021965 -21.274152113258666 74.3537137850359 20.26707097264091 34.885905484094394 -87.45050236112235 -21.286083348857403 
-26.25343557800288 92.53945274331633 34.693737458814525 89.62448424169708 97.92985219310063 -59.530216201302764 80.20235257507679 93.32626905237748 16.501842117614146 25.43667369261928 94.66228275403267 76.08394315230208 37.379304882411134 53.26379214472658 47.738990548483685 
-41.12036560917542 88.08639563068456 -50.9341610620897 -64.57105867327877 -63.825744962528816 55.65636900501519 -64.51420012482748 -84.5921157512781 -50.591549226392154 -74.55124786887936 -99.39640718241567 -55.74219124982329 -68.77838903166483 -75.30004532757415 -29.85304591706408 
-3.675960966531619 12.781211102165415 28.602422541143255 -77.22853545881614 -61.57494903208769 58.429138734796965 69.03858529181025 -45.00775888629198 -88.97169949214039 -50.524265301693475 -37.58443836384717 6.737954089277636 -50.46197192766717 25.73768483179188 73.62156220613753 
58.87547548439548 96.97008806166667 -35.005127629008115 29.050607228340056 -60.07482769361927 89.6187476478656 -46.92372684190453 74.89155738944939 -92.15490719643802 -16.505028930227112 32.529953174894786 -31.350895092836396 55.10965806565818 23.103680076564558 -50.65034006229938 
-82.37342310500237 78.03367349706448 33.60767111107975 -96.74909580655329 65.56281262399179 -44.832931281585985 -90.08173166361007 64.58905710465729 -30.137803019908446 -14.552331696806391 2.3188519531322385 -20.908444545494007 16.25112856885218 31.0972711697965 95.68128254146211 
-79.59254537635744 -74.21961345751365 28.61199094810948 26.473406298904294 5.482990084147971 -56.02589343875584 46.07083621318168 89.74831771103467 -86.31001833663456 60.318372623475426 -94.6559986540034 28.868702559105373 -80.29465864910041 -75.81132986294794 -91.66140151599186 
34.447186538386376 58.623021905315085 8.659006306138892 -52.18727304505506 83.35672462750975 -78.38986612369041 94.54099808824438 39.44723885210934 -53.4223856397479 96.15345672345009 -14.8584300148717 17.916124539996275 63.581009558171814 -33.465345878074146 66.77332086993417 
-66.97924362225336 -22.808595644965862 -96.38612453593578 -17.366683128766994 90.29184737186694 -22.62471859290676 -49.09107446697041 -36.19535120591186 65.01390766583253 -6.109970246697898 -86.63140973248981 97.4483936604133 80.96502676141642 -30.420572579440602 45.79110017205582 
62.7892723623697 22.25428075057725 -93.34594359533403 71.63580496413667 -69.71992569199641 -15.004121125454219 -75.22401515593707 -91.43568509899099 -13.710716224965708 80.06467571393264 65.28025977552997 -55.33539348656098 -97.42120618484147 70.33038471869259 -66.645081738579 
23.586843029260592 -93.65518212937643 80.26153420697489 -99.0137295346428 88.4409685442422 -70.06388710349687 76.66837341752515 24.072612375567076 -87.3098480529417 91.66282491238803 -20.933936198590672 75.95497952521205 51.92965494911337 64.72729931110126 38.264855892525674 
90.04940095016124 57.79708622469067 84.43032615745841 -58.9379091124645 -11.529814718880218 -96.29032681918363 -41.00890516839064 15.718871379883552 80.98780561564715 87.76334791628247 -74.49458849175963 -57.05097912042862 19.29331954307483 36.80759474845229 78.10617066689233 
69.5001784051 -25.077196455769112 -8.109480966691223 -30.678226771090735 -67.13532715509393 -15.540228477482245 79.57076049103037 10.01208093463805 10.277170428628239 -96.23059358335497 -71.32469129102188 53.08584514044833 95.16877025285467 -64.84773454021794 12.392778339470496 
51.715496903845946 -46.652442826497435 -56.534005419313324 84.40481230040169 -44.676460217689986 4.641566623718418 -59.272460725120666 -94.02992858066253 -52.87114823520713 -83.29890497502353 1.0642034566759264 -29.515387715762657 72.3278208943961 -25.004403883777115 49.86334809727444 
48.98771337217843 30.843561413174257 -23.463054885037238 -76.44709969990744 -48.06970233174192 42.765327681558006 -61.60466627269818 39.94692162408353 81.26681994151377 8.922587752416035 -30.109717997242754 -89.36970876244901 54.25497587381014 28.038843005834735 -37.78460255173239 
-70.14520697372224 20.599937516921017 -27.211152722260024 92.94409182911792 -80.46690488223993 44.234919044050116 -80.45410689093957 76.07684285745793 80.13536962064174 -34.4908446486713 -78.14574459341108 -96.75243840292458 -98.88748287454445 -81.88676891009148 -36.087548566323214 
29.738276216197733 98.55322962312081 48.48473715589009 78.1183044939581 -24.180783254180582 34.394965608036955 30.082025321410697 -22.69131675144409 94.34546193991795 49.33098857360346 47.8423589826013 92.2107200922469 79.82042134661768 -14.286657730510413 90.46054781928109 
46.53640907236223 -96.61081140746145 84.55991985079245 60.39476788583153 92.39891461707595 -44.77645265567569 -49.98182582249575 67.78188740142343 -55.15289744618605 -54.83294892977499 -66.74384739255383 -81.55564462444289 76.24576121253548 81.32615610747985 -34.3746504969523 
-99.68023312195075 9.827191081488579 -86.72712244850386 71.61330245023512 7.386341916706911 51.853464234191904 75.68643740551201 -64.3617211771598 -19.989504703791013 67.15406200614407 77.31090655770328 7.624806231448346 95.45933803909145 -44.527161855135034 75.060476377224 
27.802984605113366 65.53658038379172 0.7273304152768816 -34.48683066163396 24.561875020997093 -91.24771514686844 -53.35598863612696 -86.75454834473446 -60.4478513409638 -77.34643056043942 -86.58769699685686 -20.28321808556339 -59.77129891037487 -45.82349707242581 95.43290095998898 
60.6162173659707 98.88279438546525 0.3937816862202226 12.815864962128316 90.05677721358651 -38.57127103994451 9.359753033212186 78.35027133888318 -94.68877738161127 -34.347576360081476 -4.767733082587171 22.55294757849775 78.09225378588008 89.56001028013424 50.781679224771864 
43.20019878967071 6.959298256475208 14.578346234748182 94.54922040332008 -85.30496855682395 47.158699326510515 3.3069807758380705 -79.76150812530518 -19.34415119842747 32.702318040009544 89.20884618200736 31.06300866777272 -21.128085604368692 -4.882483604991464 -7.094205987833817 
-17.548288939497496 17.119629727232024 61.7991118666196 -53.69709198390969 36.66651535699148 27.003213790950255 60.63807454593152 -72.72194725430148 -60.133749423294994 32.49210360479472 95.17790559502171 81.57018033230767 19.717318548250717 24.69235288743465 -35.97228783964364 
16.296283735090313 85.47315335186218 -56.23270451241362 -37.254111478203036 -4.513225730242638 65.9800234203428 -16.486608545867654 10.276849815912797 77.81252599539721 -18.260593022579855 -42.85134935753858 76.54835514073184 -56.44013294036539 -62.25458595571449 0.6615414444247847 
58.969283353100735 15.790216958075163 -38.47617024329204 -3.7340482669168154 93.30916808509673 -82.70890074688275 -37.68905713191308 30.958880426577764 -45.581929262857244 88.11508800049467 -71.3700627495444 20.627552472615406 28.298670773430587 -64.68195965885666 83.5796623486552 
39.10548521265446 10.497980424364457 5.839030670396681 3.750464883901074 -75.99123017538511 -33.95689298269417 69.77618122816051 42.63200872308403 17.354124511602848 -76.55154507281792 50.61844344322884 -44.822874738279374 64.71787337090399 91.88795905630354 90.12390725719303 
97.70718489529895 -83.6010513505773 -82.3904959350908 85.310425547199 96.95172886197773 37.722141555909445 34.22034164214256 87.07519973982116 -27.75368349120643 -44.90238687229948 19.713510806529897 19.6298485207153 21.788573479280828 59.56707341053996 88.21399531982652 
81.24478382545547 10.145488696032174 15.271679590009285 -72.3294853936652 13.136428002383397 -80.94705892809696 30.940076639484545 35.93149866042015 -1.0521345397037578 -81.91584452734531 -36.6632219568376 -95.76075069582323 -58.7390591295534 -33.17983190316821 -21.607940372409047 
42.33252367742409 -57.23670208122649 74.30078337049025 86.36051203335282 -24.695517040824 42.92358621484246 60.85501451447871 -86.6654133773763 -88.33400713876291 -30.15086412507104 75.21336358351002 76.7725178752604 20.726333448291825 93.38202748727133 -89.69162241227562 
18.999447255515904 83.81789098682745 58.960117873883206 -13.019954657973358 32.820414307505615 -34.46921993351053 34.832995487423204 -28.31206461722695 47.40171060689241 -56.81440042968764 51.11426357172488 -77.14003381855797 -11.857524486307454 34.80278947916668 13.868161560049614 
78.53252136014385 52.70200884667722 -35.504824490017086 56.018956452159074 -40.2623948799014 -86.08764820003057 -67.40006650845876 -59.032360224394864 8.636965933866321 -16.52149591022605 -18.156396816966435 -62.77246886954442 2.98560927688483 95.95376894450311 -90.97311637567978 
24.374819773936764 26.445307675970753 -99.80267490531445 -42.125157182900665 63.016352259293086 90.2719700980783 -75.3772038539672 -48.05196561648919 -38.54652965970917 -57.33814716605381 -86.0439820318921 44.43476804245694 68.5450974651771 -89.66788858988292 87.00572552292246 
18.15627353087517 30.621262782128042 -71.17672109582085 19.936260952015445 -63.681931316868614 -12.973856494762458 -89.84161632142975 -41.92617652836981 -14.271430168287708 -21.2255683673892 7.407335304590632 -58.242954784018885 88.50493227409603 42.43050269673586 -25.45480780442027 
-68.9285335723748 7.347801996011285 53.774823183524745 15.957532956996332 -76.16230984755113 -85.74757798562713 -45.602414708827645 1.8479860812736177 81.95655020555245 -30.685041847617327 -85.42463343142366 54.01619137874789 -9.136752181767307 11.386810677742076 -56.68479430714959 
93.71951011438097 31.300142649108835 53.527061205213045 11.754547523393825 -20.384817332143797 -65.42876736652642 25.849832689030094 -37.76139518803274 -23.756123098983025 97.6298989373455 33.51420536924218 41.08519299069923 70.63898611932328 -80.53244194749425 -38.622141626165195 
97.72813815556918 44.22830862455717 -34.38906208211125 -30.560818164854098 -72.28391707635897 83.59914381727808 -41.87661008966552 9.540302248255458 92.0511235779428 16.23291061094956 -3.962471256124985 96.32773822507215 45.126895856491785 25.692164610985884 -26.719146532061274 
-0.021100726480767662 -78.2168216847491 72.39114903207528 46.832685666448384 3.769621282391398 -53.19504439088769 79.66440355322368 61.49035545240392 -56.31032685837876 38.524286150645395 3.530938475091176 71.3635882713534 -9.73980233068346 -23.551819440125172 2.2804536241166176 
-66.16540907049463 36.279782866069354 -84.30488529025737 9.486265875593062 54.218695915718655 77.14312353509814 96.32492296827226 -38.61779483312602 87.58504780471213 48.1946336659729 59.96696657062097 -22.42777784593008 -75.89148810333637 -97.04135649388203 40.02132419457064 
-35.87824349207622 21.21301675207748 44.286000028863725 46.860921570796165 45.46716619660475 -76.49112672496821 50.054358791277934 45.9755398021893 92.91465148207425 45.14098049951576 -49.41239486600886 -76.64409236232291 -38.45431185988235 52.22210854180079 0.41260800149285615 
72.70686541801649 60.06679093133599 30.268664910564752 -15.541002881286815 82.86449708200135 31.592036910629076 -12.404449884689384 -78.1363800043375 77.28978207394024 40.23086979225522 53.04896285826413 66.1114915140337 -90.03718517296365 29.059600073371456 69.76163259519362 
87.91872885250038 -59.4582128726489 -71.46609552025261 -69.42479742832248 -54.02209541396195 -87.56294486381924 -37.83859887159093 -46.8090125555678 5.441186967612225 -93.77966613748269 -77.85635333559968 -56.12063892781087 28.858287635819806 -77.34493722081173 -38.02117817069765 
63.44941396815494 13.05610232768899 85.13994288583513 7.286454609125045 -51.48974016605723 -97.66070405364124 -86.1524396886015 8.335453983661338 13.0135155602092 75.4663937592311 -85.94070946538477 -68.30603099551209 29.830229553303866 -2.3020967164457176 -71.66136812911851 
20.974970651261387 42.993500932328715 87.17247781854616 -74.09432156233783 -20.50314479654172 13.630450775810928 -85.6791744477936 96.34266080050551 3.502522446564498 79.08037464081013 -86.22911203109959 71.99705006874231 -12.994908008687716 -79.46771055153074 -22.321014561230328 
34.6170076581526 -26.547767444248493 -43.98510795591828 -25.90914433314242 -90.19919443821007 -32.08418071808805 -43.36587042215665 93.91092468835777 -86.75190097611521 82.96761772317288 27.38861468869547 4.719896220080216 87.87316556399446 -71.48150459906583 -16.03288879089486 
-60.93677354651974 -81.77689426118229 -6.1224742448805785 64.33512575652824 -15.69228509644931 5.651919025751923 39.699177598561505 45.0170425398598 85.66911794408276 -35.09219606067346 -69.79679108587081 22.218470900947437 -74.51971951119287 36.750438490749445 5.047968164704912 
-46.60645775034462 -88.51916525456033 -6.254773756722315 72.19223744230905 45.97259639452412 49.49539553500961 -95.53860382400354 80.77848693246054 -87.91544496442529 61.67271867919544 -57.86062387414792 -92.14354083729157 74.20385868440488 20.26678662832417 -23.93202314450886 
95.9920335590619 -65.69287353986806 -50.448678625098474 45.46152403943188 4.926147311375601 77.5864382546427 63.22106892122113 -84.67325850180292 29.844509090550076 -76.56547925016879 -20.69108242531088 -21.21157001806155 -61.657326475668704 -17.37490563478788 -46.29465635980048 
-71.9679615580489 57.40233866249932 11.086137928266666 89.04428765730151 -35.55792728422833 -96.3293576782252 -68.0281042990682 99.60017926832245 11.622946993133795 -66.8670308991174 -41.27524334746715 53.827284391155814 -17.686012807846183 -30.2116843880643 86.95313825901727 
97.08975737500006 -9.49899278852186 -3.1253612718394663 -3.8929509474275648 7.416724153138816 -40.431171425342846 -64.84086334415764 6.98200756236902 -98.38590951461424 87.57010157264963 48.92974754953204 21.39234353154933 50.16380369669085 -84.35924847790915 35.2963871823581 
-53.19720920198956 -26.903710523286392 -50.925913469452276 59.127535369711666 99.76537086466487 62.33426688172642 33.08472028303885 -73.17568998937361 -10.809290147740995 29.922150292231265 72.3020251441651 -36.86382487272755 -82.20225906500127 63.20954252375387 -71.41989743890122 
-88.92043451233613 77.76578308253102 -51.242022664946596 -44.392478882318784 -77.15044339194014 15.854906373148836 63.04714113482967 -34.6632366955625 94.45443735103248 88.28866612675549 -61.918807801164164 -1.2986195623673495 -23.783672491871528 -2.753277735787819 -70.99861336963554 
19.518448475168356 -43.65424249816898 -27.30497352695707 52.209702423785046 -9.046456984768653 40.338820636299886 9.108742511607076 83.49026184643583 91.87853899348409 14.484058495079239 -91.46517849420759 97.93207778203703 -4.472726299997603 86.14184815416434 -30.32290053922955 
11.270654483300845 -67.0220611376522 -27.969685206787247 -76.45308308647122 65.64542559741608 65.71322919787724 76.61003996935719 -43.47292749019045 68.09621079555043 48.92403464048965 6.623425993223606 6.575531612541809 -17.30733430014726 -64.56936328524736 -39.67924138144969 
-64.77711585569821 -79.114430926756 41.43091729604197 54.04875395471055 92.8835315270016 56.19562190403968 -73.26576031885996 46.77961880506473 -99.33053330545776 -97.51957806496418 67.73661355956901 -46.78500655944262 81.55104232909869 -16.538272433692015 79.72591348872413 
75.96244762670887 0.13442406336361046 -24.965698525561535 85.50870364374569 -58.328061956105515 -65.32295098408255 -23.188418125590687 -53.93676151267199 37.24107648087306 -17.29763241639168 -41.289949970741176 -23.908036432533095 -4.992687471173156 1.8433997887795925 -55.57653089422754 
91.11321691839046 70.56771644587386 -64.30438641431724 91.92416878630146 -1.197393588069204 -5.865690197835761 -64.36847529160643 90.75214001110382 -99.90678797470052 49.57131741651884 91.42341609374768 -85.59070178961952 -37.821412419004915 -22.739678231734544 85.43551509483197 
21.306077554401526 -81.29094577548224 91.28338237902202 75.48084401523269 -76.58078824085067 17.61164456707023 70.34631455373054 41.1707724392833 -11.875302256813242 16.966362816343732 -77.27837586724284 65.17700500593182 12.23738645413897 -71.90240031367902 -88.8777505095965 
-94.71942493480907 -55.149202532570584 -43.92878623722702 99.27935463372557 36.000707006939706 13.588843119362053 -0.09885928131390642 -69.45269795752938 3.937191191730747 32.342275655951994 -3.8115664196438246 28.829826931280707 -54.68388096589847 20.654633739085384 71.712881968863 
-21.25809618156353 92.75173619289748 4.437075037240604 66.54521895993344 -8.46215347307239 62.850458328803114 71.43892717171585 56.96264426285609 63.47335281735755 11.809103894064606 82.27983360341727 76.09417396648749 -5.951415449430783 -56.060689395714824 -27.895862745140022 
92.40930389943372 -7.9259299490020965 58.52076844492569 -30.27613952518908 -13.818451429312091 -47.26032226233667 -52.453299833650746 -84.96360289290502 -10.847551698179899 8.656969214153222 -61.436492731748714 -15.390925239291136 54.12308246711862 60.110734636351054 -5.598131999499344 
41.82450754217024 89.75585274640989 9.089973590796333 31.469671734526344 -54.95858975037764 62.610254236156635 78.15738656786212 -73.83457896013078 -45.20207425024188 -91.24746120908473 75.02037706208432 -3.7254069531920493 12.348282873497766 -48.9569686682874 -25.934715683839045 
-7.770680413691025 -94.99696162258651 -69.50880189338164 -2.6210144480021995 -61.28284364362955 92.04358044220467 -76.87937298031729 -15.323110176636945 -69.87658398906828 34.53610830885137 78.6864892931597 92.21499574677856 10.6482212945251 -3.7017383982224317 40.40533340324768 
34.933806515503306 30.566005198411233 64.46628516727569 72.19230133915883 96.94032494185487 -12.285216642412493 7.602105561219446 -88.73566193272175 83.07444352404772 50.03474656637536 -17.35717035648976 91.74652477656596 68.54203512839598 -70.42214966068825 -42.30648147169009 
-63.9036460923474 3.3386697643003345 -17.209499352988672 -35.53163998480089 26.95068310319901 20.88278613160523 81.67067062053835 -55.95602242899835 25.786427660110462 73.07722041541575 20.83210733723611 -29.515230693641087 78.73748158163914 87.59801707300784 49.906300343562066 
-45.63223391700857 -43.803957774004566 -90.57151736519285 -5.156519559968203 -62.44070366635606 -40.00796308831489 73.92141129850785 -17.86227863483039 23.7048687014114 -56.911847297134614 78.4907142188053 99.58528967463761 -94.92092204513125 -94.55833093160496 -27.515213527895725 
-78.41946550702745 -58.589888551955305 -76.3791352172939 -13.383041382757725 -9.52722058749265 -3.5137883544850297 -92.73292347291317 50.00444480897605 -70.62462722743629 -11.409678744792188 -69.86325064679993 88.96001804860617 14.681953546974327 -74.38798200741965 -46.06465944641236 
-77.9819487447253 34.898830498831586 51.73025593340904 83.81046173847969 67.56920238366021 -99.17131477043566 33.71372590552767 -3.177302512235002 15.374184281660106 50.78482028325158 -82.05062643269335 9.643929902813568 -76.5246895497512 -73.02544501463397 79.97010619597472 
-52.832092229073034 46.88740148556653 89.89978522902027 -79.23242336317777 -10.055131853334302 21.39215925495172 35.57923873953345 -88.98579062066105 56.276572133263016 -63.601020782309426 -25.13982372611096 89.91566552578266 45.43839755037226 -61.38002356117238 -39.8308646594967 
-98.77131348896968 -37.8256912535458 94.78530164022158 29.615294265825867 30.68029953292441 18.9348228243511 19.03971966337288 -43.41153798990669 -19.882144949845014 -30.857029142281434 -92.65212848829346 -51.137987838519415 64.80885075071527 -30.34061703886941 82.10494985407055 
-76.64826426528961 51.826775570771304 -51.53405695685205 57.189962338895214 31.06954178358899 76.65019253180213 -34.60171650203657 82.38061046080261 -39.35562658753491 -27.434017631200987 -94.7724197711904 97.95963867241392 89.47858834352803 -23.734751870016282 -29.441783966335365 
-28.984937038501826 -59.13974410113665 -60.985430693577136 -74.91180103167336 -97.1699524754974 56.923971009007346 58.223250241916105 -17.523599155898324 50.32114526967089 33.01980329796146 -95.84160590456474 -90.58494796894496 3.662808576650292 -67.57374096911283 -34.985638128453274 
-85.69773095787114 86.24168187255066 -37.108742274308135 71.71082763096115 -18.7251413636003 26.196782273984127 15.969642313241167 60.2230913740558 80.50069569024654 -61.53586643788769 -97.72245411754126 -77.97887962120605 -73.2108978369259 56.54089432537111 -53.83287834695221 
-1.7612944000196649 -58.363261721203855 -83.81558901590589 -96.83357364347525 64.11644886443673 23.33945854076549 -46.04381934915223 55.286107505967095 -44.69579970090227 -34.15653625356583 -13.492608769455188 35.35372404169118 85.73205546522158 -43.756844845224904 -6.769075682682896 
0.23216249630392838 82.24782512372613 -46.11821565302001 38.36429985331907 25.181248444123753 -27.075105942193616 -67.09158973281089 40.23837280098243 60.6393829604437 -40.27826449208425 -54.735903695291356 -3.7396640065063167 28.21828043679497 75.77491305768771 -59.67740214776875 
64.4945536082297 -9.4720060591344 -13.377535312199697 -76.63792059636873 -96.8502676709329 -58.23026143059149 -8.45163757361658 -89.20034862175763 -93.60560112670674 89.53906654058022 -18.715433691665865 -36.671508892523974 51.31948375300931 -96.7775951495878 -8.848905111832252 
-21.483591389400374 -57.241356698957624 62.622879381526445 -11.971710875991121 80.54828219646913 -33.98356122847825 73.09292824166647 -81.45155998689056 -76.44892588936881 -17.87881470373034 15.363990282243819 -17.52418091791222 7.154490325430544 19.460802438018533 -90.6458844346474 
-60.55506290380836 6.158324210926764 24.53097298447757 30.71874639206729 -96.32135052674906 77.12756697907182 46.54813815536943 91.66749695033548 -75.09296456054714 8.690635202895749 74.79166542637446 -49.00342424210433 -89.6826440748917 66.86608933979733 -76.4301279047399 
-31.049292367385533 -80.09815120034463 -57.871247451816174 4.243333576047448 23.164776994291998 -91.54562454035838 12.883059824296467 52.45478772595857 -15.11855090421868 97.86945767034814 24.67909827148887 52.79062612240284 33.23222172569538 -63.92606225978894 -90.57577336790712 
58.10843362856383 39.03717669600806 12.248290148064186 10.719416605242671 -53.44204851760161 -60.49150890314934 -61.30313404659833 65.84732013270099 -22.649845647936445 -93.45975794436583 21.166251681427212 92.73976143458691 -38.33273684442011 -27.23627872168055 -39.02666148942693 
-83.38989167526263 -86.97047876519788 -71.66076998537943 8.877165017485495 -30.524036958028617 1.3201214118370785 42.15719717338223 -34.07825992055598 -15.436143624662833 58.827286214986174 -1.7501315523048788 70.35459455779193 11.612336569675847 10.223500116163265 5.762086884730749 
-28.03809791697462 27.19192032644166 -53.609008042489 8.948602891293305 35.33830837517536 92.13739100954231 -56.797417184399364 -63.14445777101187 -28.70124772785863 14.284092855916924 0.1977644788001527 65.62383538527209 61.11253380818658 -61.38214728936293 97.01590734534648 
-49.17677269928979 53.891565620970226 -3.2363110034019797 62.01238707788241 67.6678299474006 -98.67061187850639 -37.17053456448143 -30.08954003081908 -29.12153565358861 33.158195539755866 23.474009908838212 20.118015060027616 -32.9769113254664 10.734624530675603 44.180322750843146 
-75.43263248520483 42.76635044771086 65.96610694354305 -80.46806899163352 -78.54259354633366 -9.085484258265026 -91.33500292393826 1.0331468758190852 -34.3904618336438 82.66791484407315 -17.50573477882014 81.6061488392786 69.8514877223322 8.8039480645472 -4.377438408845791 
22.635995777607974 -88.86566497045727 -19.335175752375378 -65.14594953339844 93.3530503208836 -11.656150769776687 -2.918115342040693 20.82324518634404 -17.400307849921546 -27.778674797830917 -32.0390906572037 5.314036739761875 13.393446095196822 -25.961715794831534 52.71973475220349 
-91.33960192110999 62.09890095759974 -79.10793410454633 -33.7106147112932 90.60702820262085 11.15016131177309 -84.25159441055709 -6.907798906414087 -41.937266006853676 91.3378747187721 78.22787702234447 23.2730230773375 -29.180604904302882 -54.0568938683436 91.22389048806792 
53.03198395118096 63.13161489502684 29.019610221520566 -2.1157166825834963 -79.28960033823431 26.671897983296105 68.59303709143546 -68.53281986434575 98.00670509369417 14.297346121664447 31.935896238470065 -25.09451745150895 -98.4047146691326 5.166511296096687 15.928077775706953 
-73.79469465522747 -85.22892447068485 59.4414281330146 42.78521790043868 -48.03518257280046 -18.30901152767443 96.75610072876003 15.569795510492128 -6.1074234421711395 76.08400237424078 79.16928737369156 -34.971248377614 31.454183424792348 5.885905502829175 53.34092843832016 
64.64473210374956 68.94322449953637 -41.43994885116222 -97.66226291783508 73.06502547469898 52.05229119326211 -74.15821254627018 -28.175864239003317 7.683685396057797 90.11630910754081 39.6202531526244 66.3842299552291 -57.88961848792913 78.55400348779818 19.704995307685877 
68.89321687059638 35.736313915591325 32.3043912753601 21.551888231233278 -24.27937449032156 -67.60990592205934 -45.018781607814496 -30.488533550918092 76.26171848092434 -84.17478563693659 89.76191857309763 8.315206232922662 -5.712202919648519 -88.19141620611823 -93.48814148455648 
37.480971619683004 87.4478215091386 -12.043368505450019 75.98855342665794 32.95845319409386 95.58115297030488 -30.126611098617744 68.48865340027598 97.76989475552548 -38.63345288187674 85.9170494382418 -55.21448660172419 -54.760365464175266 -77.9348664898798 66.64030900503971 
98.5829798053241 10.250734236486593 77.80479691375066 -18.822014511524657 -25.204869175629383 -49.57996138293876 55.64058530638411 27.213502537603375 -8.186629657495743 -17.638643686632832 83.85914719804686 -76.98098254119421 95.71441306889088 21.1531072006008 -87.06863210217104 
-94.81690435685583 -37.24079928774844 -1.5628335841920062 -83.86106641475921 8.606037860325259 29.184267763926727 -65.79175209766008 -98.81787321495365 74.01526833838236 -53.030598223144956 5.108566525940944 38.69626344458908 -17.19954428709744 96.85491403965776 93.59181305450366 
99.75145069309053 -9.659393157276 -0.21258101017787112 48.57106971074799 24.42093898717006 -40.96698384943463 -85.44881734832161 -79.83520130719555 48.173416563500695 79.03358937649176 -42.86545249970437 66.17069467036299 9.284727452315792 57.96111073063685 -92.94047961510302 
-62.490308484227405 5.728868239636924 -46.11712616452384 96.00094564587903 90.95230293654396 -53.29853277898757 -77.9177847438786 -29.875728367704866 67.21823550310305 -38.94657336811416 98.68959692722689 -36.123870988520814 46.085171097179256 -66.47070173224694 92.29626838165495 
-94.93940163239871 10.286692491181569 4.48956010499802 39.662557743877926 80.61411943881143 51.63238823944002 -17.626021420613995 84.90424477091707 26.39430455389838 8.658488683650958 1.525380088526049 20.905043012755215 13.583266667841158 38.76879611596823 74.6443013279384 
63.04374139181286 -90.861522183229 34.4473700211617 -99.5636562717901 35.76083167259122 30.158957885716376 96.3920717107045 53.66339568473256 66.1976421350553 91.08697925984643 -32.60149014226714 -86.14129302889164 -61.76540345238182 -7.088090318802244 18.716844499875833 
99.25357225289036 -52.166628383409886 75.44573578232004 -44.763063079066946 -89.74537354174532 1.6054277621726243 -42.5527193786013 18.27349904318403 93.74987363964615 -82.70527039186445 -68.44316430490306 -93.9480983390045 -17.421912211396858 -80.96842857012206 -73.93252798579476 
-98.76783376842369 95.63275993346173 -5.810981590778951 31.346381867752655 46.08140425263477 15.29078066346925 -78.7848849061998 95.86292774709011 -14.171833648642163 -53.11492266403479 -20.853880388588593 92.44367608074572 -47.62271615446203 35.70266836707572 -66.674795352975 
-69.10741036761605 -74.08463294838197 -10.131586620205923 2.6202929370304133 -70.19514356501526 60.33518089422353 -80.66542023030914 45.53153654302321 -65.70044485555138 33.45006682861248 52.769177382013055 16.65861089961365 -64.67559002665683 -68.09375317372485 67.67500571761488 
31.888093383911183 63.4456840344329 34.29369453238277 -68.44520376059108 74.65724762396994 13.128955757401982 -42.640208391463005 60.94978372035973 44.57116473819781 -84.48778305338718 57.19146642015761 -94.99352870569105 55.657006833599155 -3.566701005554023 10.000361970568463 
-42.25833787887532 96.67157012266685 75.58887743866879 89.11857630487154 69.18818191781313 36.69629864200982 71.24644589488153 -19.983210877144614 62.11977974087986 -97.72405320972743 -69.21491470127701 -42.51910396975029 -82.50250341882533 66.66263755640395 -30.833498146318632 
67.7581573193479 -84.67803679683897 -9.763990583639554 -48.45660941706657 -55.90938463475214 -36.398321128233334 -27.184032386274865 -36.443561050288565 -13.84689223536364 92.24291044569185 -10.464230755101326 69.46976167642134 86.80843405625805 -38.17256636932831 -98.04108947781005 
30.13549892763382 80.9838731519086 71.29767143443559 -78.9816654023038 -29.08278616956983 11.437040578399163 12.226226629775084 -25.92727501239662 -12.291227940129005 -78.57656613692383 60.589091525021956 27.46919122040923 -24.40159554914814 -22.829081701590354 -19.29040414724281 
-59.890703453505935 30.858140098020357 44.997558481399125 39.733080074998554 79.1614432599234 1.0044023244684297 69.37951645185436 -65.98886145503091 -67.05336673615925 21.501370945738984 -58.923050951164456 3.172339871502828 5.624353158490507 61.42259005544199 -3.3412455137695787 
17.327431173753197 91.55368937815098 90.43426945748723 -44.68502534246004 0.031869687518408796 30.880311778910254 -12.510960909510004 55.28521141331072 12.438188377514805 40.181138048152576 -50.63033018727789 59.87883138103598 -65.10565665741402 26.40392124394728 -28.053463415708308 
-82.5332605035613 -15.497676818701777 4.561949597226047 -66.81785923384993 -32.16280666593518 65.87109869604433 -79.96116730214288 -40.122320529879296 -72.50229152329322 -63.85275302148295 -37.70895016888625 55.86649813165013 24.814582658647396 88.3259216525841 -69.35830110126655 
23.739174383632474 51.779436197983074 90.1002209243153 -80.18090128641695 -85.10292695229298 -99.30825566644779 6.563752762189679 -80.25883774785139 55.450002527721864 -50.15630313774251 -79.04131532069783 21.588859518086736 -6.143727265638262 -97.57869578330283 91.7242909463096 
-3.0393992216684893 50.470185390856955 47.607515879220614 -14.353121810858951 81.86412484401077 47.11837093452692 97.73002774749511 51.42329878615621 91.03131242398587 77.84507342942396 42.24047773756749 59.228208613387636 -90.48674919807078 11.07694089031537 64.87721975330192 
18.959324294526198 -25.967432972596228 -64.00077595312612 -97.8664212717284 -67.4331270884685 80.15069473948651 68.75774048637479 -35.739564477003796 -66.63331702671363 -56.15452176766205 -68.54413934570445 -75.73561665408897 91.0800444147678 -29.92550327321854 84.99091033620857 
-75.54629339467516 49.89243581991036 -50.72679015481154 -86.66289034393331 91.51412263464678 29.35940369392199 -68.04968775010556 -56.93706782454586 82.22004301018063 -46.19358140663472 -71.29945333974428 44.28454713864977 -27.864381360793928 37.74595763305109 80.22412963634633 
-71.38958211695169 -55.29220995167039 -41.94412942338008 -65.75980247674778 5.067373195005118 -9.46028394943066 -5.030515755233168 -25.195712318262096 -22.112169833519772 -81.95124554903781 49.26960446612176 -47.308828381038424 87.67698017186024 -68.29346040920183 -40.10527432758963 
-69.28556580928671 -26.436039312066683 -2.2336415183449816 -81.29990881838256 30.123257290277508 -19.414511374670695 26.270243909309826 -20.081929476881015 74.94704783653253 41.170589377194744 15.670475249831455 23.648729016789645 37.051849012475316 56.95515351400232 56.50373120334561 
2.801064690155002 75.147668513773 55.990138315413276 -96.70434802468257 31.563565662663507 94.13004380894691 -27.510589271603976 -78.59601059285957 25.753030609141916 68.3354369304065 44.39720419940048 1.4463068782087447 -66.27495482612053 28.36285843314721 -4.334762291564957 
89.28140712846496 60.14096333777999 -59.6051818977287 13.674320455832543 71.56002227034008 21.963078895290494 -21.969627854016267 -23.54485794595682 -93.61760740792822 -42.42223906427216 -3.587157984796491 -74.77910084887594 -62.382815493817056 -12.659758542658878 38.675610200872626 
-12.387824859483331 -13.245178007037865 -88.78925864976955 -67.80799767465678 -27.94493470559223 48.80665110451088 -24.815585072002193 30.441124157966613 8.438150113253926 -7.906045571299529 88.43368693177675 87.45850309553475 69.55485945734799 -78.8120279322599 75.50723975115264 
-98.91956226001375 94.76985447398187 -36.3565472559783 35.36917530473778 -26.15529970511696 -86.59602705656484 40.62860156378889 -3.3747857871067737 -39.0951994981565 -69.26423252221305 54.20744892204283 70.11619826792207 -21.84168987101198 -77.73348805608893 -48.56970104193057 
-14.437537550933797 -89.0251778433811 -50.31643280403315 -63.29992036652856 -82.90978076198135 -77.88115284934823 -68.6036549783446 92.25012876634847 98.14513763307042 -54.24226081727941 77.79924875328899 -45.863883030506216 -10.02401302282756 -64.4183013190796 60.044512922553395 
14.444762691604268 32.20982192357542 -20.78795447139609 42.52876250725069 -6.931055824654834 51.90576060353902 84.02547550575969 1.130481569821768 58.06965256995943 -15.556224111393746 -64.76458246307686 51.01855809058026 -3.8974586955029054 -36.76154996793135 81.98094890365383 
55.43235190925492 -60.303387555453924 73.95406336401899 -90.32129334545911 23.21314244764541 -29.479422727795978 -51.93375768483139 -74.37826758988608 -28.39792055991734 47.67972970343067 -19.992547325707832 -33.32068940982474 -52.20881075590238 36.090962400891414 -42.85994715588131 
28.935771360219263 33.99655433576663 66.20302799760717 54.55999421369904 -37.925188541632295 -56.74592547766943 31.460613814577243 2.7545911152255513 45.579922138382244 -69.34715189042117 0.05738103280754103 -99.69017719495487 16.17228885531307 71.37019215180183 16.736866868570146 
46.06238896579865 5.161423759663819 -88.44450503566405 -6.292512877609056 6.89432000656906 87.82729051831916 24.123482558738445 37.35220201396936 -80.82922632681854 51.72187274697137 50.39541168448736 -85.09662644419144 -66.35304238797748 -47.44323304693261 -55.1131879823245 
77.07635638794957 0.02582271698668137 53.10657447444919 24.15593330902368 -18.453869297569028 -15.282920634347775 -60.858966205457236 77.48204518791363 8.136773231750041 77.48030737104602 -67.79516460822902 -12.122100359381832 -35.65659474998199 35.72488501635769 98.8227929412572 
64.4810461314357 63.599350032065246 74.27021545258941 0.06219911871887973 59.05507058982201 -56.56730445525895 10.0302422259726 -92.5834331818462 7.666832221762121 -49.63503219464152 49.13821151080299 -28.559429628097902 -49.63389900439956 -22.075664858799655 -96.9043543683765 
-56.551924742407536 32.015208389429034 -21.739436344778753 -44.4614919652901 -25.597537000019187 -95.90920969416545 -21.33033819433537 55.60925364142824 -32.22748777319171 38.93896254230748 39.0978839822817 83.28755939926361 16.755802047730157 34.72032761841223 -91.20486718240622 
87.90680904357055 89.33242228258453 -1.1053138566313265 66.11143074016121 -23.371235451557567 -87.02328890614854 -66.89676354253824 31.801813426030208 -85.67584325906749 69.37017909171172 -77.20820018429824 -3.170984056684574 65.82953970195001 -79.98217388770423 47.173746815838854 
-41.279950339734285 -37.43294991571551 -13.046137574219358 -88.01258800790353 6.974355801487576 -19.815881026910276 38.94049387610758 -31.158112084645467 34.98386487636142 28.32648401368769 -65.08810060841839 41.10468714099838 83.83016985253798 40.895176634444425 28.61010230493349 
-36.54092170082839 29.77144502191547 -72.1461042104711 75.70631865522537 -75.38192627681899 42.21116692320254 -81.03545799530272 -99.23690591421361 21.56159205928209 -55.319535425316204 -35.5976279305938 -9.332921749110952 -86.47517617051668 69.30864859197277 -29.935016072591594 
83.2910561158003 -2.926920977876506 89.64739922211129 -17.30817082497167 -0.6144835699023474 2.808887092952304 -40.325494658804395 50.997192222945756 -62.256904028617164 39.44029016621607 86.47452305709601 -8.386561260732876 14.678927348495847 -84.26688001666315 -27.06649386682254 
11.202290854132826 86.86083950216909 88.05977919327293 0.08890733319097421 -32.657922350953655 -46.90455481965328 76.08095699381715 61.81450185153179 -9.462545025073311 -55.05671027002772 60.06747768865793 -54.73294235597683 87.76584824940136 -25.042816295465315 -84.32296717474603 
-98.0560815716245 -94.58654988114732 18.642415344189416 13.81698125918443 -15.562666151348765 -84.22453097861997 -95.55620016246797 31.188988442168096 -25.768005855782803 -21.446676311825158 -6.419213783774595 -51.97824827318564 37.37410527115199 98.85873375756844 63.24526277580364 
56.06400356188837 18.778119559319606 48.00218282644363 74.9998880904117 -28.663511017975708 -27.556871179683483 -53.49515883269571 82.30204170353386 90.89134935923411 -48.20305389503075 20.12871245134818 24.284034876896172 -55.3477488990763 -49.80539271429827 63.487333908709076 
31.655861362729325 -53.74542377178118 82.62125291720989 -48.78091399530244 38.63133499298095 73.94120658326557 48.110151953377056 23.67221719381392 5.971186390628262 13.15458722819696 91.81956631312201 -40.70436842038876 38.65331771197225 3.7233921451557563 13.129280245436021 
92.28852441175368 -6.470117486351356 58.37350192998082 -41.3944583374716 30.902049293759035 -43.61860098145893 12.09104836483084 36.0433518143131 74.23544154431482 26.167546572545987 -11.655830682904337 8.765367024878842 61.677874957805955 33.217010998901884 44.29406990625219 
45.130432172932615 80.13241251496922 80.28374801963324 -93.4074621604436 58.08549047796245 -90.63768896939392 1.4561770436981618 30.388829561899087 -54.51759345609544 -51.42511941508945 -25.40405861219736 -59.45907725622794 -72.52402665957536 9.207044058340628 -26.645196778275036 
5.192281951143229 -35.82697025634407 69.09115593756698 47.757937624991115 -89.2107716547772 80.56453331357062 -54.80312484664949 26.430632225420055 -10.121311884673801 87.36902237520653 -61.47601300937562 -39.481410378095205 -71.17192911339936 7.931384828193401 49.61317215037502 
83.47633470097927 -95.1120560011222 -64.5507933376233 -85.9915258469565 -57.22749540828165 -38.13218602099522 -67.93168056112441 -76.0430739086722 41.005145402185576 -64.35293878158697 52.50567948377039 90.77028284826747 63.2588591230857 -66.36534557326928 -74.63999951726304 
-97.19383304194098 -40.69633470749665 72.45606701492605 38.779561700358244 -13.085053590522406 37.98170319558915 2.562946740344742 -83.56984992156589 -84.2133954615949 92.12302669574501 -91.12514311377775 -17.582042482928202 -15.232355442889144 95.59013257777437 39.786606398386596 
-80.21173064151125 -33.450795104536525 13.348781125192403 97.70776740329546 -54.005477897083566 -22.431419691654014 37.438118914057725 -80.95382906499063 73.85766964478728 39.06163072432318 -15.499131148848022 -50.97173284714995 -35.1909563177163 69.20432576257303 39.32270706674717 
44.56625488025074 46.94869163487118 3.3069789860759045 -58.530639631300964 59.069130847291746 -87.54620622619704 -12.009728361709364 -90.25949041718934 -24.165726790462273 -94.76997343538042 -86.48278945549228 30.70139791752942 -23.68061780525892 -65.45384811757148 27.43824189507886 
-21.982424485054125 46.85981456306084 29.18172939768823 75.90212625362983 27.62001080602738 -65.416045910841 80.01666547359875 38.710988473655874 28.277055215127547 -72.58116692330543 87.51014103487037 -57.85100197459756 -21.742400476150166 -15.247027173818623 86.50024061420689 
-97.08769958254764 -56.50769744716862 -40.841542391209 -18.049198553956657 -2.131163271022075 -34.67987201139326 49.39375871560384 54.12656603061802 11.190167144539728 -72.72282619647376 -9.337180161697802 -14.606441246755423 -53.183597229693305 -99.34743821914913 -3.2130283440425558 
-24.148599986350433 -35.99222927986145 -34.60807841881997 -63.47379298259743 -7.699222853312818 -49.499733804099044 88.02318472620217 30.891367006332644 45.84440845277675 37.50756600853654 -55.839232274717766 92.08312683953784 12.008182114264471 -78.41724766664427 53.06090648213879 
-60.7586151425759 15.90982824463218 36.9015763482696 -86.3822462315166 -21.87568944255706 -35.15307999508532 96.25815770627418 64.42397336161702 -72.86435331699737 48.62339877275292 61.134813318191675 3.5704278636347766 11.480831317187267 -50.037843954092295 60.13465122792536 
-80.31550844410297 -72.96695072621257 -60.173125066800836 50.80831290349582 -59.48824079442359 -41.72657714766057 -2.0062522989006624 28.297041918730002 -50.75720292849355 -93.23357298501529 -62.82135771616573 43.150186899410556 -20.717317457935238 -61.11853680934547 3.8668170799922734 
-69.82370030531753 34.23901582808611 -69.35887306005604 12.380115198874009 71.33857352388995 -89.6478563172747 97.66849394856806 -7.884471544676003 -18.657829663808485 56.94264539793522 79.53963632706413 -87.88633843546447 -86.04613879473327 75.68739807143947 4.926281520504332 
10.345308681143962 24.007723556156307 90.63252896034757 9.935667424543766 -6.34290848149881 -27.96944584492755 93.02162797347131 -1.7380926014061657 85.59391412397176 -98.17805511480866 39.468168737153235 -70.11124759237862 -18.349586527208288 -38.74066207776876 85.63943315608685 
6.2030302831584265 84.17563995062349 -63.10509725696234 -87.87466283330332 -26.231539096462342 68.13458760867638 -33.0074455030699 -7.273909833282104 -3.1579226338040485 31.99336729983392 -23.30341289369082 71.64735793576128 -60.80251679574338 -16.004130494815996 64.63515737449188 
-51.118367011612385 95.35894097341037 -88.66311840733705 44.760966308684914 58.767950273376215 40.498099406875326 45.63856464588889 63.39813485334682 -15.56558415792098 94.3725376783031 -95.97287414964167 45.93059582768794 -84.01385983146739 75.11551439053605 99.01926421593734 
-77.8212285102278 -33.38304137973765 80.68832575519443 -51.25025435010995 16.51755215202482 -33.52940354610085 -47.43314453836989 -49.14845032491504 50.21711035090843 75.39394928388182 -21.88977664320211 52.17211300284728 -8.301401314734719 -25.640837994913895 -72.4989327636861 
-31.469712533037224 55.86710296980905 -19.2777882926993 3.3000606154340346 -65.78264060042969 25.756959739449357 57.24163351932077 67.63235928527814 -81.92450547575783 20.531171977810487 -96.60884383622789 -42.30826091719919 33.7022621039076 89.42845117670927 -18.498130476659384 
13.15171604817013 -49.47610659185406 56.776651021521445 64.1373798364047 44.90948225738259 18.117150692737 -54.07724792166737 17.258456226052573 -14.994452519741614 91.12361121826956 66.42424622620842 35.176697121658066 75.59446147771664 58.6977983653897 52.09714216170923 
53.95415267326996 45.27945110027011 -96.50867710964323 13.773927551673864 -6.354349873318355 -55.809228950352676 44.51608902675912 -81.60897407910737 33.14235054872219 -22.601593244587434 -6.007283794720621 -26.559192772126195 22.850570000266842 19.958006818706565 -59.16039910654565 
81.51094861372349 -97.96472562532863 65.45034049924928 67.38133405654233 -33.30701194431704 -39.91114869980406 -52.199384478475096 64.28864403239604 33.1987161664008 -39.117950616453086 95.17131572267843 -8.111704329022174 29.413379696362938 17.610782771655423 59.65442026402357 
77.41844468387816 33.829363595142894 -34.55845540812031 90.74408265777112 48.28185490568498 -33.484700009593354 84.83436929093162 99.76267260334777 50.784250222362544 -43.94803158285787 97.88007861795353 -40.796711216113614 23.86948543058594 26.751099228605653 -17.660408930126394 
-43.38479898440373 64.86240635808255 -23.17929240984546 51.327557937471084 -23.65470157943767 -49.363710459099394 59.64477217023739 80.02515470413954 -71.117097786749 -74.21688584125303 -91.89874588933245 -59.87048051482693 87.8096293463544 18.880264595434 -28.098225708800356 
-26.520863227354724 -61.402008034483615 -83.9163937962692 32.32980767002118 -9.217724391600996 51.01558512145215 -35.822909446435375 98.82646021221703 -36.343077742519725 -90.99374257104074 -28.137627869586083 68.23388345830134 -72.33742431414596 34.654571865059154 45.01096454499341 
-43.683166314714384 -55.526282281089664 45.189679041316424 8.625191075537913 98.1374472303921 70.93194069980044 92.23185870595964 35.16491105429603 48.705808595926925 42.280450111881464 -67.65409316536876 22.60014130430814 -5.536645229560122 -2.630691479449439 15.605287876864708 
44.12233104574989 89.86786032673976 -30.888365616371274 -43.32246754616793 -86.1009050917461 92.33412071371333 -73.85932223478615 89.55794885872544 -28.09391560183505 -29.67746610146662 -78.84195519215743 -78.39973384138004 -65.20281532292225 -50.77596747945488 -87.56683438663555 
-16.2012348660503 74.8518264079521 -67.96873560637053 95.5956974595995 93.42727773255044 -72.77990023511107 64.96899797694161 78.41836863530835 -81.47872021070475 -75.32944527222465 30.575829338471664 -66.6053706477417 -93.44676397665539 60.073785593029214 74.69220944968157 
53.07391687659202 18.12824224267125 8.538519507088566 -85.26923804677887 22.78790109525724 -80.65729557742569 -72.14840108481235 74.5733503921565 27.22659112289469 -6.8448202679493875 90.35046082800329 -82.9218336748227 -98.20349150821701 16.86494410365907 64.57245805065972 
93.730164235867 -99.90111717581658 -3.8652981683896286 -25.09657094939068 -5.416079923958051 36.553637100623064 -14.329445195403494 32.98387632959128 -98.92119280694229 52.67615716269859 -68.03250799879528 18.75425638060193 88.21799753494747 -58.914469486503364 84.84356487753942 
46.716272582986534 -51.84017701136132 -0.030850051671620804 -84.71911815289099 8.972748166453457 -86.74400952406714 2.415271940650115 88.06856846982706 81.97049476225033 4.0805156513476675 -77.05977904601244 33.78932186259712 -11.599019964409862 29.151775769126033 -70.85917083176676 
-93.08868110775643 -53.69051664429536 -36.616289325220855 10.853066257579826 -85.65313132960463 -34.716968113943494 75.99761158579147 13.123599555807502 38.9137659349214 -41.21424801828433 -78.15838271929766 -57.653465680162384 -69.4341842820875 -80.08367071937137 71.75926390311975 
-54.467076199455654 55.39515667273855 -10.404994730687307 -19.945003036645062 -10.679870684872753 60.00426385106638 -32.9466146560613 58.573074916284384 87.08625068311363 44.45018186395862 7.766217708237264 -29.531369127183353 58.343590644713515 -7.719474522495446 40.699098225242835 
-25.078348894802602 82.24854308587297 74.354836123761 50.7339048784666 18.258238623850914 -3.116431734016018 -94.88356180031832 -11.161219097030582 77.96065986343265 32.12339646547906 69.05366755737919 -79.96239555525706 98.64291627156814 4.141403323376608 59.757502906889044 
-46.72155561923121 23.32555569497228 74.39859861234658 -87.76823255314679 87.3899685325201 66.98115263026384 -60.16226739398529 -89.04733822570307 -61.39070585195161 -3.517455413191726 -8.57185985654148 11.13036548169535 -3.7875591565396576 -59.18246859958649 70.92622039652568 
43.28834752246536 -79.03397253750802 37.1640493152064 47.64247056367873 13.512648413628355 -69.23209698087157 88.27206702914938 -65.22351355587226 37.7963484757297 3.0520126430708956 60.309712970991825 -22.019477852142828 -6.677734456146297 -63.99389338481871 75.66288778952787 
90.42743826659665 43.15415698653527 -78.31683905709528 -44.20520945548747 -84.90558201879821 32.772342951545085 -59.8456415199625 98.40465552795607 -79.47671625579903 9.899590553720202 -24.556045593745424 -60.23159750882792 -98.80605127253337 -24.800641279242512 21.262844723649692 
50.814052626889065 -46.36011435795218 58.841906917894136 -67.87009246794737 39.45215652240091 92.96921226132937 -86.14421543257191 38.91424207844679 26.93781777994606 10.060923449079311 53.18613840121523 -18.48824855777191 -51.981015264925354 -53.09849637540665 91.88160271640575 
18.87486788056792 47.64803695888352 94.34646437996653 22.373940901908725 17.714758297974868 51.8261344600557 85.08743516790938 -74.03549008802509 -81.70551858524121 26.438160279168812 -57.27595807039414 2.755505257381401 -98.09751556882101 -27.70781451401146 -88.1514717177793 
58.71269948851733 38.39864129921469 -25.302300448232742 37.17985291454528 -71.46437107210369 -14.1930507202308 -63.6697526882209 -24.853720880940713 55.474856731256295 99.80101633461695 31.37452512739719 66.00562264406602 78.47025440105895 -74.03157099723812 -60.23138269924488 
-80.7503576099414 71.829922152401 -33.699196137833255 -1.1981981659846923 -42.14980135796216 54.981161542473814 -64.54846983391676 46.406328427266715 -64.4585102497713 -55.81291374173789 -5.440286987219096 4.361011127816312 15.809983618148024 15.29727486915435 -85.21599242721929 
-46.17445210269442 74.59193795209939 -58.58525880939176 91.04647991924386 49.1024840439801 -39.69378408961768 -28.751919460868123 20.14144580511774 -8.67490650277523 -57.16163943697066 36.19786628427025 -49.46258382816886 27.41799650016405 -18.96286852377426 -12.616072399800757 
-54.552395164483826 -69.36901915652962 -80.62594746323339 -84.53722163533264 -95.45701395362593 -2.2444769611972077 31.86434398967245 -97.17191614455587 0.3723474772074695 -90.59784906144768 -61.65485179474026 -49.29138683129997 87.76774092934093 16.63870058057526 98.57712790669032 
-71.46015289822864 84.32832694336932 -52.82343394080369 -94.5090029232996 -47.01221224898519 -47.679079063853045 -34.82092103241325 46.94373532460196 -49.945199177919704 -71.58460549928596 56.41640016728573 -98.93100545909206 5.886892554749963 43.142389729070175 11.602335944889262 
-66.24193650679469 -41.28399745471971 95.9718368147474 23.70287976690517 -85.91635513526667 2.4634702692697203 -92.89503159719064 -6.36907520610626 49.168934612169494 -12.18229775830686 66.24257315713638 27.230546514506912 -94.04590108794496 -85.33607407172276 42.83834195722184 
-43.674432166236635 14.019178332114876 -86.49423107119722 -14.164835982361808 64.97390520560626 -88.27444705007403 -2.758073984100619 21.37183730497712 28.561007979407265 -36.84434915537849 25.78850686323655 -53.95830730075157 -90.00260580960389 -18.542153367680882 20.223318830612698 
-52.814267162766626 61.04136015697296 68.06319314546064 81.10539392587185 72.46428652233459 91.38711041336472 -48.71450845863463 -86.1403563118831 -91.16058707122714 -73.0992402870768 88.98932058032631 -23.19036314332486 38.438161447486294 -27.47531260785152 40.71503923961538 
-41.22361838442403 -79.91984349523477 -30.586756365187526 86.88866491140041 -6.148234201817388 26.974880725724134 30.087168286778763 -88.57711323610664 27.508390572036106 -47.320815270401795 -50.98020923674842 -55.189126450483705 39.01527201095897 67.93593058959206 99.37279935863245 
41.205699945818 50.245502167448024 -17.39386234974694 13.998153144130015 -59.26958397841542 -0.7698455444181178 -1.0398052868519727 17.02567550009482 68.6474288421621 33.255874643432094 -77.06485548964919 -94.7549348829494 47.969045027250985 -62.222856297007944 -38.7929328563424 
72.32648139304922 -62.311789636709825 70.91240504789394 -35.332851223411126 3.970175801150873 95.20087463662338 -19.559314758622804 -38.77514802328754 3.7257981170081678 -67.77731686924412 -66.58970208125612 -33.12519164331485 37.69369160580612 -69.1466146173641 97.4247967709353 
-64.45563347163174 -74.77645533922919 -20.41492307804704 8.413740303835041 -67.47338620451026 50.46076441048771 15.521867365309234 -40.224375551378365 46.68015008385464 87.54047371185948 -15.165962458934985 -76.22124162708946 59.016876536563956 5.369630005382334 16.326599791254395 
-6.530884109284926 59.03113530545349 53.5424458087852 89.94929424580482 -70.76186612298716 -70.99991565158106 -36.172880402036526 -54.63867353119887 57.81268457944472 45.30931978417081 -47.86775928401666 6.40042249452209 -96.16095361191186 -40.17186385693372 83.7173522444381 
56.11309426866467 17.141561050473086 -78.3781047947461 15.125242254994149 -45.712888132079385 77.70017449953 10.48418821708455 -92.98203698992565 50.10562951669604 48.9836317946762 13.714723021822905 72.77407838411534 79.21745727798682 32.1279690107375 53.78724940822255 
-44.351256212546254 -76.68223227375508 -72.05236784014323 85.20874782820161 -96.61581023282653 -68.71228532654641 21.298153878728996 -88.06410016840931 0.8682114948961157 -53.64220899654806 93.04747837564088 4.450736935005821 32.85704993766453 76.50651538433203 50.96804063216328 
-74.36865816529678 31.066909617226457 -7.760455196886824 -81.64091346834464 60.202049665466376 1.6366931190718361 -72.11332134854092 -47.81675474263052 53.937697063465464 -40.7031425444524 40.879357961449955 21.443698544073 -57.45194967574145 -77.68839002246197 -24.782519008064867 
5.091633288476331 -64.90591689954148 92.63203401173004 -79.15498750357145 55.42170839121471 -9.960718313320655 99.90210717333318 14.39650078051433 52.53603403129898 3.7080909109258045 69.56033948590124 -68.74387920591917 13.913234000892103 -93.9917433447774 89.00474124444997 
-0.42281673226392513 63.64985808978011 75.1181083027958 52.72978589479723 5.715337472559739 -88.56991353009496 -24.989853503889094 -88.75737929830045 -61.896058524238896 -10.734151811362878 44.75687131129308 34.994287395812506 -30.504819205054588 -1.0595595913505633 -92.5348875065795 
66.41941598312636 -69.65813116078441 99.57763197440227 -5.110814125324097 -56.934577758368206 -44.9354484430533 85.5396904008305 -70.51324494862413 -88.31002764763778 -7.61492736940896 -43.25158775888658 -65.95329431970768 98.44213713360546 17.96434138364704 91.8321745611448 
38.606979638332206 -67.22191886293898 -65.31198628925225 -31.33422567057906 -84.04799010920472 37.39998870194009 61.59755899968428 -20.86640624501554 -95.17589627969114 -60.618690499341234 -93.28901227047379 62.393252934134864 -32.87374518211776 46.00494097184625 -51.58800432148152 
-38.950210682231926 50.708300735624704 -37.576245915998285 -73.59542806948987 86.69486467126012 66.20657052389996 -11.908198127567871 -80.51940307043361 44.20856330359723 28.317787239708565 -89.75976735767375 -43.67869343380579 -11.439710610088966 58.1645977618482 -32.27499175098423 
21.385496070813474 71.48810527135839 -44.40085305152157 -1.919692604628878 71.16750557351762 35.26222814795793 94.86772807491863 -58.057830826664244 -36.29973382021701 -76.29990857294865 74.00485878045023 -87.55211489070298 89.02590417372465 -47.201213230130264 -76.190842954394 
89.79949147255712 -48.78580457118087 -9.656206883800934 30.057498200862085 -92.21809851667089 52.168777320396146 44.33934794520633 -67.63049867449652 34.17500040989711 -5.182297075982277 -54.032461442124145 49.76089224881633 0.8727524824945192 -93.18260391804138 54.310309493951735 
-4.591521708926365 97.03990932220063 54.281224281182574 43.41606671918518 -19.20361974308497 -98.00286125874183 92.6540347401972 -67.37258887078428 -71.14041643861617 12.08601181918523 15.584883228767922 51.467856296632306 -16.033365208310897 -35.316121718013775 -60.999677056041634 
77.04964475554439 2.718516959965058 21.230821356487 73.09979077472406 -63.759394227101104 -31.58782735489349 63.5774482819578 -56.84047180739014 -38.41991702332068 -18.33096289426554 89.0605344384823 93.4113544579671 -68.25085486337807 41.38025407248509 94.30465926515603 
21.935662058265336 7.22581788726329 99.20313224563117 17.689125563370922 -61.927766785209414 -63.022612481839225 -24.686748565240308 56.66717034220429 51.13865387903792 26.959232882020117 42.17678860033689 -59.639260808650654 -6.596934232270058 80.32298694258529 26.714783717672972 
-81.34697468590616 -33.03647419393569 -16.36480642541966 16.505631948847693 -4.43565725017217 79.82428142457587 -11.139920226481848 11.627285229509823 -71.82019084968144 69.13169985720461 9.000161827849269 -61.46617676821842 -27.108583781192536 -52.021267232970736 61.72057023740351 
