-9.51279215273182 93.70968585038227 -73.65092337408355 14.871269054181141 -38.987721957615776 -96.78228287172222 87.5660386988605 -84.59677115133879 -25.647768570988987 -3.517042376201289 17.33060938533781 44.29837951460479 41.212222935679506 48.77810685384446 -12.094511768613202 
15.483610735940601 41.80922275983218 -54.700609242609 0.6376746940723024 -2.1395096536999603 30.199223544201914 77.21404042616237 -19.155096154825245 -14.791297041491376 44.682891666660055 -41.131648479689645 30.874476630375284 50.8519155996369 6.383322567867509 15.806088194511176 
-26.053088801705186 10.607614779852199 77.8631074484712 -92.86258932997313 5.692018173747698 84.39394046549637 32.28459019985269 -95.1139772142861 -3.966715877908001 -56.69740981522753 18.813042344867554 95.78206666062812 -40.23645609494055 -51.84968935722472 35.15884671110916 
-68.18776854402756 10.47272835780906 1.0244334521125893 -54.75984631376802 -79.32133070516616 -30.068528164692566 -53.90990219110559 -14.239017389096759 95.1131617510485 -19.860518558495315 -41.19495889753353 -97.40682300588581 -80.61757810868862 -76.1487683949472 65.33283379090346 
-5.423041758285692 -98.41299523213043 -14.440031452135898 -21.316575388164694 25.056969691694945 -40.05740892728089 -69.76705691562174 -75.49781399769229 85.82923533151302 93.90672596576243 53.75255342678187 67.82071196001411 5.086566127616194 75.20256914707608 -49.89087241818544 
-63.78780996770779 44.00688817854882 68.99957103673023 -22.11444998786591 7.36059763925843 -87.54431306079921 -77.4297095589983 -50.42980953963472 19.585859643443044 0.8988963263388996 61.51494748118563 19.24525482338389 -48.00794996550071 71.0331384154236 -88.79402969037157 
50.321121270696295 17.69309415534744 91.65840586181278 -5.4828987766138795 3.444529818492768 -10.40959812700524 -24.88361339105036 -4.095540319647384 -83.4055992581342 -13.308663935193962 -57.15483500070879 81.09608515629324 -93.00267760900228 -24.071558976183496 -78.27351477992799 
84.05769719248534 -94.83377371597652 -11.01059402862397 6.9202226883251114 -33.35157751166351 -31.351983146898377 17.552736973858288 50.37571467342249 -43.261410490465124 -27.789395183268354 38.2834350745421 -15.896620420470285 -67.68573202083176 -18.283976754853754 68.88651749870027 
56.88091063223945 14.48484372425763 -2.8181713478432755 -0.6763936237632606 -59.54101695030916 53.33114764759367 42.64869802846812 -41.48832049546538 22.506516313372416 -7.769637433159431 -23.90371345236322 -1.1233522268629343 7.014710916394591 96.31894133143993 55.09580537648594 
-84.69888535781126 32.79302862883168 -44.64650736190438 -27.24278145311449 10.624643733664612 56.45105910977907 -52.517491443856066 94.47251076931778 1.7965721981310026 81.49890968736878 -58.2448246797181 -4.287587722473532 -58.273013133017315 -80.75768369733152 95.38090604958504 
35.79721118372265 18.89453169442629 56.734494935122 -79.51916571440321 -48.91362778324135 -95.00070322919294 36.127872133210246 -89.94935687601391 -9.142517022375628 -14.479845304492727 -70.05942071996174 -39.226696427701 -92.89736922064704 -5.50365946571884 -93.49958037399145 
19.248603385238567 35.08484697524307 -39.32629853005525 -59.970410712427594 -68.76190238636708 75.88757907013405 89.58727765361937 20.181224736857246 -81.17381166456205 -6.851417515155035 -50.323437169859474 -86.46583165366741 -64.14706748162611 -56.43009089101876 6.329915448152093 
-25.193747133965786 -22.81488454339933 -27.48447021962754 -29.621392358036218 -98.09631116366677 21.176671290741808 74.32306050185244 -1.6415096577897117 -5.326399459822412 -37.47346100765356 -44.082914512971016 51.647421298078086 95.95436465729907 87.5219024507484 -91.33740115393618 
-50.52747254884831 11.450038276664415 55.37238910356197 12.464895342353515 -69.15732531090532 58.924080515990966 -74.50293315130841 70.43727843214305 34.399674888182034 -66.92271049960512 -21.230235449364883 42.36572587834087 16.0430273403652 60.29910690642561 -86.34951969447053 
-82.43082636939334 -95.5642469775881 54.144240882066896 -1.4900601486878173 31.535631791801933 -53.59333194160627 -15.87863833692822 54.44690410419676 -2.5537301393917318 -81.03468583484492 46.212489958699194 -13.692479157153215 96.90939514146612 -49.11922806440825 -22.454379072020302 
8.434769927198005 -34.66584042686533 -88.71063990811922 -37.92288497485572 -50.09066559340756 -36.36844238774641 -18.545873756271078 24.501089121305284 30.94422392658319 87.07807131488784 3.8607831555166854 21.55873357625964 24.036185484413423 -99.45003980167697 -70.53885985305321 
-12.50024644209617 -86.58705230359607 71.28310569442701 -68.68144804797026 -84.97238081340974 -98.06676632172373 -95.2222595853321 37.55787698212637 76.39152468416592 -91.34538703522522 30.127463548653395 84.58502170336484 -27.42529104114591 63.95224959981698 -1.4296362389248713 
-3.0934274638660924 5.329284084913354 -62.31669394574697 -65.96176617194848 61.54964868963725 11.00367994343543 -13.009833648339495 22.676834006571738 -7.7836421731867915 64.5957030235462 10.716905984848694 -75.70056513971116 57.0027247133321 49.732402818683084 55.60654307922698 
-38.30179802929141 -27.486958488247495 -92.3040902382429 -27.212509036871296 6.888346850659417 -34.38570012085292 21.027107883782676 36.260086494873065 12.350077320633048 -72.85560557030202 77.88236291808744 -41.58847145992135 32.684446315991124 -31.486145680012484 -75.11629835474736 
-67.53083444373928 -39.56226918952508 62.0989053052927 -42.39330382141559 -85.14078864866114 52.8183328089425 79.90627074939988 -33.6692151941389 -13.315600670137854 -20.482423071030937 -57.32730609878489 32.05285637169001 -75.72450022879727 49.27598220422743 -80.90965451966505 
-19.83122499337742 -59.3568449657532 -5.600877960926738 83.98426829732114 64.56773681390578 -82.29044201636542 78.3889997945086 -38.238346551159985 57.06142359936342 -57.3856753690763 -61.993194919394234 63.37010144560958 -35.06730671203364 42.95072780373786 84.28814977825598 
-65.6888828874113 50.30110016055525 77.57387661143997 -91.87480312407217 9.424685638675939 38.61274535843975 -25.22308563168265 -86.72943652583498 -19.934063303090085 -65.8985357236628 95.74200069510565 42.33534770016652 58.206020179081605 57.991219303136944 43.66759371576549 
6.211282358527413 16.875740992730258 20.65075543229402 75.01158608735886 -66.72511626429983 -11.310913396065843 -94.95162530736445 -4.995432132687853 -19.057082229751927 65.09138765925056 47.174601037486184 83.46960189977125 75.64399226436217 -97.88719691335159 25.890376963020117 
-3.0261275702104626 83.58671452525098 -31.24446848704092 -44.428519232672855 -30.88618753115591 -93.3347320421666 23.125670125873782 35.89759035903927 40.18885383442205 46.52282761206345 -1.398416562588281 52.474015748953406 24.57142721520684 -96.36584955955954 -34.02388534054339 
-65.91319807880708 60.80479943516457 73.9870012289885 -2.242912288020378 90.97073699652611 -92.1624444021489 -2.332940304209302 54.6698478155395 -66.53068284698116 -44.588531129849926 -62.3183894081271 -61.72688347648943 -38.06473301221818 -11.113214786567553 -91.48947877553991 
-75.06679941270436 -9.406312646138602 -64.17926715237022 73.29883242417202 -7.234308684602709 -1.5002376501957144 57.96434886918189 43.919767160660996 -88.03839703380886 -50.86071786641202 45.57393982977004 -78.48203368476736 26.749484720781254 62.4390110030441 -78.40372866797713 
86.2129780450424 95.25828827981968 35.719775906947575 -31.365541414576455 -13.423223433385203 -71.68374292763784 61.50060403681991 -95.66922847798756 -52.34015416747981 41.77535129532748 -25.290534395727235 24.402959708330755 -35.578222729928214 -73.52079571357375 62.59401289251804 
41.080182621482464 -20.43063129625567 -93.3258977252945 -99.19331288861726 73.71799447396074 -42.57628356846257 48.773130990264264 -61.760103496340534 -52.90882649927542 66.8494000030606 -48.75673336965849 -6.737170523273122 -66.88809359546508 -5.691312225785921 10.281518768724425 
74.9011707556468 -68.6307633776482 -80.89190433980649 38.771112378690276 -86.22826775848952 13.893897417969185 36.83808923123891 83.4181725513877 -44.08959896118327 32.825732833428134 71.30908450200701 91.08361925789731 -40.988188025778015 97.88981403286488 -54.74339470383784 
-25.701534254535403 -29.446605403274702 -99.48082717124996 1.2545325392125761 -76.02903475678404 66.0029873879748 34.56379106120059 21.88499285072527 63.824137961382974 86.2175978208196 89.50902402371256 -2.0351242992732637 54.62716262965296 -33.065082198722536 -36.61018643031149 
63.33061464818974 52.4122827079411 -93.13443109364208 -27.377378732204605 17.312784477930563 0.8466656617021471 97.96111427980881 -94.42668010726656 2.312753668343092 -40.068677024379085 -56.6851767582143 92.77231035775048 0.3199796550781713 52.80532798777409 -98.08836495454962 
87.40799579590185 -64.11517778654152 57.40821214608934 64.20668839187559 -79.15388974741235 4.01055783423547 11.630931024713107 75.10623634478799 39.71490746693155 4.551549897257104 -6.469960278245935 68.32627748552187 48.259429893884686 97.06186074498893 -5.330159943776167 
-67.42299599954708 -41.41624942557953 63.16575487361433 41.03253327224084 -37.65824847333559 18.437318904158317 24.75526640771608 -77.83291891150861 -90.23620243124779 -27.182797757626332 -26.359822346851132 -34.11504766024429 70.52473068971193 48.229505920529334 -76.49672136175549 
-0.4753552976939517 60.14540209925039 56.822220340868 93.13265311032248 10.479375313502032 -25.29383941685073 -24.645376689127858 -69.47964841601942 86.14016477604207 55.60470084099424 72.1309026465338 -88.61341417762519 54.35072717491397 -66.63440965862964 -58.438933517103145 
-95.48565428577369 83.29121905305666 53.409890621887 35.391479082633396 -52.345494745478426 -41.1876538127403 24.47558816919053 -45.8793934810106 -69.46505737244007 83.96334018764563 49.99531595701879 20.958580395472623 37.38346016787017 -21.514263735634074 -16.066461169718394 
-74.21668679864212 3.244742408464134 -44.016764769641334 -25.480085445016414 -66.52792123607495 11.24823941513246 59.47218200072621 -60.23019012032573 60.90963589588367 77.73503539580281 69.54343329984235 -58.311072555623845 -92.20565520752255 -91.26527328760885 83.46991314911924 
62.599683214446486 -38.41479665289624 45.45408186282697 37.72427399948481 -3.0872679480969794 -11.347722498469466 -36.57672330380319 -28.918555341467524 -54.08456867837581 -53.835453713854896 10.846032037466387 -84.94437028341324 -25.68725140376769 97.82596177735695 -31.22296773155719 
-89.31606210161888 -77.53305676316904 -10.810340381039012 3.730369957308426 9.838668696747632 17.412296978672146 -45.68301636215069 -73.6551281700508 -59.43037174123156 -98.51798212389488 -8.129968366877293 -70.2846581267859 13.818320204596063 11.803839324957337 39.78201266281661 
-95.81019332404819 51.96660198716927 55.95928435799334 95.64415438607494 60.58611306937843 -24.298312946176793 69.47321774294232 18.271499722394054 41.063698792551264 77.9805058719653 -68.34679887297916 15.443687821702667 -7.861639757309533 -79.93560697883134 21.975862461721007 
-35.97735836638789 -37.352867838626324 -23.22863938513396 33.98348079305626 -38.91735756982091 58.41226664890863 -10.007207100807463 -5.391207418970751 0.15123027701073966 -27.15295039175855 -6.908345691141804 13.237001619420028 -40.28633473991346 2.165855272688006 -7.394856893304393 
63.564137477625735 62.3689813954002 53.48608224263353 -65.2806496156282 -8.155582081457851 -76.4048799502144 -85.16347344762801 84.56858698655736 40.064598438443994 59.067515005102166 -60.14028587850835 -70.2971793074553 -62.17627479555521 16.245023852998884 70.81102925363862 
51.180162432686586 8.182697012335652 74.3010063484486 -81.35513381321434 47.969485581476675 75.16773428594448 7.111044524087646 20.52294194514303 98.47016650829886 62.22704448660477 64.00000941774698 -77.20402801581096 41.77510469407568 -65.86610325728495 -71.4718719862317 
-98.98103366174702 -50.946753952541776 92.80861929860276 -74.14950385747836 14.012098271237548 -94.37613904013149 -83.05608903062524 4.927344015236287 -34.797134781748994 -4.418189781751252 22.752584587300717 -24.754705152085393 74.0226744398997 -44.63748264539949 -9.050718099717287 
-18.152446307964127 -26.175234010510806 33.8050817611084 4.961575114667056 28.41363043818842 28.624944763758947 -54.2120604599245 -58.090272117231876 -56.87611883251116 -36.252630760303894 87.10508274885666 -42.829535460147895 23.869384886874244 17.77581528185013 -57.67685876181534 
4.744261926672394 -91.94044491439635 -17.047682369587932 -34.123661446343164 89.05515722618404 27.913233108074323 35.51178676066377 52.48301893616062 70.64163059193461 -64.23994858323053 -61.263577087285604 -92.66515790071752 -38.471694185546255 84.21794317556544 -37.87722109714786 
12.940358175171824 35.67296389320887 -59.367348328580945 -16.38457820379105 37.157269168347625 -31.811645955209315 -64.48480147625577 94.27403341940581 14.095650548192722 -60.59697010037208 -44.41175828919977 27.2325853510893 -29.031898989962386 -1.3199364731095216 79.85675380335579 
-5.234061180914267 -51.77132564841222 47.81726107530014 67.34900001539492 -3.424206000129786 88.11341537177469 -98.01078156540058 70.89157172242696 3.857319976895539 -36.33660440489679 -47.103546797466734 -70.16833906374828 -87.88893537538331 75.05990667734795 43.509812226766854 
42.66109240162817 26.1450588813872 -87.54153540206696 62.280565207520624 -12.131484367274908 80.00763885434299 -66.27973351226682 -23.56912561025078 -3.37918961801482 -74.69830602268522 -79.54597883601426 10.552506516442108 15.205383102432066 -2.06490786184024 92.9094307620995 
-39.158423661515876 -81.7185948372977 -76.89069029573605 21.230667094173356 34.895048131633786 -2.792438782211974 76.76831144909943 -65.86329490850645 10.506025069017994 18.97413180693451 63.290175374211145 -83.4678207824841 69.60306410697069 98.33731904806967 68.86994090233799 
79.13702687968461 38.67127127834945 -64.4867223646457 -76.94156780660148 -96.8578364295603 32.49855501824419 93.24917427434653 35.949570092727214 -68.55805566792255 86.78297412670915 -45.171048333549614 16.368359971406505 -1.8259230057456648 11.973930043990165 57.45944704890377 
-9.991722744137334 -4.2535224355946895 -43.76832687922831 -78.98093779646011 79.49173559971666 -78.37815529712609 -71.13152977140997 -59.41234243764462 -40.74156896488812 54.55887366182844 -47.34596674468372 77.38486862536791 24.924362957532082 -98.63952466488621 64.41494690276886 
62.26792042966025 32.8751422083308 -86.92349831272999 79.64430188554977 10.62142913858824 -36.54479936989639 11.842145147352156 75.80411258335766 -6.377792817130796 72.04609057825675 -66.26230557404944 53.2488093809618 52.21902793827789 -39.69041941531699 -15.480425568996466 
-0.8249230715105256 -95.17413856081136 -76.00116421898161 11.90552468094404 32.78452651548443 2.486529474908508 -75.05301868055072 -64.49495481693177 15.67227730308882 -93.11261599948443 70.18514856827761 -52.008527890125755 27.64524575025966 9.88497191355171 21.877475939146393 
-1.203333739378948 -60.21270066806632 -1.5662209436916328 -94.4622874051267 94.32995227842983 26.078636000245154 -30.305945608695126 -23.116652690084564 42.149461057316614 84.79380431588262 50.80149101294796 -6.55692777511949 -63.33244778837679 -30.712397469380747 29.02250385975566 
58.8771559475627 80.60807134176076 34.01769254372488 -16.38021820106053 -15.868314687110143 28.203236950763824 27.96376488331829 19.082397529868757 -62.51055772756964 36.12489995070331 -5.140994984541081 -31.807616743235883 67.45837546211376 -47.365807562370634 57.00371938604687 
80.17745109267486 16.463233567400962 89.76448349209863 -40.91661236639656 95.58200425511393 33.982328417084915 -28.64108424193161 -38.11412284924509 37.448942193522186 -4.637464462140372 84.25894264643108 57.426468163723484 -66.56633337107519 -81.4506655283852 -34.68502333643721 
-90.05502480746541 29.046186626625882 69.01813817771952 -66.0911451261073 58.30298024547386 65.55239389376612 33.04383016495092 56.08977621182845 -60.81169787232583 -33.81200637271782 -9.190993467426694 -60.75372738629199 28.896672834760608 -58.536891435300255 -80.98337021099397 
11.033621771322316 -86.33841046891777 -80.07049158362464 -59.3871549674978 -56.41733555556225 6.560674959861984 -47.82714002093849 73.89411914158958 -31.40091310634874 96.58130691954173 -8.206955652191368 -20.730876407655103 18.396789555077603 -14.628099882539658 39.48087287751517 
-56.78838985433612 -52.801596085536964 34.574169396909326 66.77710101939914 70.96114680725682 74.43343679364668 -1.6393673946247134 94.83620074445372 -87.14577286802606 -26.368004849511124 65.62711492064636 -65.63637508996169 -99.56630840852996 72.08282154011277 69.68071894838548 
80.87826817085843 -29.183372937206542 75.34778632596019 -37.73621547924946 -60.845660706881645 70.03945134966497 -60.32886582770871 73.2423712635601 -97.5221583629422 60.22708471784085 -86.47289629697718 -70.71368162481639 -89.13359677019817 41.77935399177409 71.29641197672322 
-15.450776259340586 53.20625638357822 -96.8641954262171 40.95927945706677 10.24540743405764 24.760984315746313 90.41684660312356 23.025232871052353 -72.48885874892379 57.936845828025184 98.97828784963275 -71.17726614226041 -81.15422490287378 16.48542444860071 -50.07116545195289 
79.36206133814042 -12.915847040721104 91.623853757821 95.31516531581065 18.4487171621563 -40.51927942149827 14.536830101068759 63.39490435419958 75.4420582534286 -24.16270369271929 -86.66234465735732 -35.49951854989624 49.33182600325418 24.11363064607886 -3.922421391991577 
28.76931498871636 -79.1900294226038 59.26089336901552 -74.60084708409994 42.70879824658692 -24.890926314724894 -51.2824367646415 -69.87163137856871 -71.04510501614858 -65.31771027238995 -80.70078589486256 42.01407704167946 89.5115650942947 -71.2561956512989 25.05650508986173 
24.661178457292337 24.360749546349055 75.63162280925528 41.59233838303143 -36.355114737820315 34.6724803594897 -26.541311505890633 13.490196749798727 -79.61163199308373 3.2538920182148416 81.92586426486565 43.278611928318384 84.99253259712069 85.94137215741819 16.150276679857384 
55.35723257522517 66.33567274760347 -19.704527166156666 31.16630018892866 55.42013709890455 53.02793616662325 85.11625774292881 58.79458070245809 52.34603122704061 38.521183227363366 -83.48898685526053 7.903721192283882 93.08212383112652 -67.85075682937469 57.83980519834506 
95.72357580667915 31.43718706827235 92.67792023547526 -11.910730412465426 50.253092496774684 64.347108125391 93.97411882213791 65.28598677766374 -4.9892231375686436 -71.29975435634397 38.80894803274086 44.875514162782 -14.828088294283901 17.13229622744032 -39.7507174849145 
13.66700993289325 9.550220474005783 -39.55745836513036 77.92396908857353 -4.5970250612715375 49.36195973494998 -87.33884917847463 -34.88483897528458 57.04005636250321 -16.1699307251251 -83.97627665678712 -10.418377699200704 19.9802235610546 -67.96353107956025 -12.404672484312457 
-24.43440142135094 6.874330309890908 -22.57151526772556 -57.818063037954914 -23.395598786390167 22.115977283096626 -48.33456919814043 70.87626358811201 -46.15433349241476 41.29784760379539 -66.78085394946658 94.03273629950021 -29.577157764120443 -11.981310829117092 77.24827429973175 
-55.04482159449662 -96.24195691392931 -5.326475974426586 -72.3605354158148 -14.393256472806982 -78.571690706888 -91.1084589559868 22.425318094901186 -81.12907824552238 -61.73486653598359 89.13389837713913 -61.45549818289471 -31.605573043322053 75.95114130659712 82.57976317141527 
-23.663537448653244 20.41665633606422 -1.8747994086194808 15.355520981310548 -85.50694553363888 -20.85189115645801 80.93334024786049 35.170735415026144 -45.658316538060184 40.054005173824635 -85.73441978073011 88.62564863224028 -66.47620982866182 10.009848890100585 90.26818071863829 
5.4191790102233455 94.09726328352164 -99.34327066740887 36.54355150573804 88.9224146737229 57.46062326981465 -25.163939736010434 -19.85521182245091 23.025114373890673 -11.870001975080896 -86.17409716451978 -58.10021233590628 8.951159714657294 -86.74668307851508 -38.215844344659146 
-4.645713141323384 89.60106999621163 65.77315592461292 81.67759442412427 -62.87012492337165 -50.48287869512671 2.045370261372753 50.992646483698906 -92.76590238955167 -86.31254519580666 21.753428560785267 34.96318297137836 16.756071618995733 3.575342725424477 16.234402272004417 
83.8297121928108 78.02848278406677 72.15407377056303 -79.9828730272435 -66.93597383180034 -57.15568877224955 73.69724405407055 18.736369879313727 9.687917445047262 -76.64028950398665 77.73681311975383 14.589707294005308 -99.03078073630786 -82.45959658163892 78.42866335043294 
-2.6762792281949146 -48.9393917828512 21.077440309897113 46.070852780142616 -43.059059606059776 97.2644882187312 -43.8485635610016 72.35192203535956 53.56308926719677 -45.055692149121484 5.823345399865104 18.77581415780992 14.46369447957126 -86.59292025976329 -79.44188520546854 
67.55868441760919 -59.72796564136964 -90.66702466894789 -71.800485240333 -57.84272403873638 26.666578224093286 61.316977425360676 -89.53233576504202 -72.49461188509648 -50.78066703126329 47.739880632541485 41.77433812805785 97.77930224842254 -46.502271836256746 2.563042399384699 
-25.71025038324015 80.09718070526276 -38.89618445007406 -15.787819869388159 -93.30262737063511 -27.371966351229005 12.55873250212565 -21.99276161842971 82.24272467075474 61.25586978325893 -18.330273100556354 -45.01261178667897 -76.75750931704627 -89.98250663211608 95.16937497778645 
-24.438105834427375 -62.375596781793604 39.853164138767056 43.42000530562578 -3.236304168541878 48.97513793211999 -94.23753431430532 -86.88300196743148 -96.57988463274138 31.634226397165207 -39.44300336615471 13.330373513683 -69.38876677125903 30.321725282555178 -62.662392432814706 
-73.17570063569816 -74.20861305993421 62.544248143596576 -44.04847677176311 -1.2281489700450408 -85.23777025725879 -50.242022118001174 62.959355543883845 -21.26654226842615 -47.79740638531882 12.985529535388537 93.8180206470434 -97.76541373796842 81.55915812771889 9.485849763481085 
-89.58534229496205 -6.432985865132508 57.32487816099811 -48.671298823012755 -72.4410444525909 2.5979938800061433 15.150188585496721 17.262357987315198 15.98734071794982 -57.78538776834754 84.7786174964472 -89.88720394250748 43.20228137697825 70.11335188413514 78.993139820983 
53.53995100831594 -39.99598505575721 -22.979115686291024 -64.93044688681285 8.036388237211824 -91.60597668982852 59.407692201444945 0.93792509368906 -19.300888848590446 -8.129948944832478 78.64229473722884 38.74423945238911 -91.83902667617387 -5.3697132207582285 -40.952412925507595 
19.147016643926378 -49.98048615460582 7.586810542935709 -28.967391804939695 9.550629711431768 -42.92556079173009 60.479157351475095 -40.20484687545487 72.8677702018253 3.5727363426120604 -70.70401461368188 -41.04446313539609 51.403127622652164 -11.113666504116765 -22.7110464805359 
-96.39335994961438 48.914166610677455 86.65249068983033 11.334843872989978 -2.7430887879607724 85.2755840687912 83.38895857695846 -24.780561850356236 -99.94537342619812 89.70660298422538 -71.22625514998632 12.092252270839452 -69.45870689770608 -79.32458740305015 -28.61700460033947 
63.9995333648161 47.22304105393724 40.29899426695732 -94.20789271052703 -45.01858474161078 87.59948185798049 78.22369883688998 42.18504367270083 -80.28074243886658 0.8834074863426764 -97.74996948363783 -41.867381832501025 -68.20106869974691 70.91559957103698 -23.180676995870215 
67.32466537594408 35.97280284800661 -74.93718942076941 -70.60153783359 -56.87107154854152 -5.635591441445342 71.69192066644331 -96.74464372838065 52.031007793622166 13.064328729352567 23.796938865144085 72.1424287268915 67.96334570319144 97.40230251319423 -83.09710043372003 
97.27431004444526 77.58121716078006 -82.7967013775674 12.135418146862435 97.59172956306418 -2.7595523589995423 6.993776356758701 59.892990732192516 8.672426925966946 -4.962297329513561 92.95231906456954 25.522161182714925 13.8519912072326 7.37878569913677 1.9548478400637634 
44.34724024677493 48.481402151219896 22.74149055074281 -52.123926595642025 70.23755732976869 -45.94386904050112 12.963497479626795 -77.256733634743 -34.8094329197622 67.85975270361052 -7.748150842567753 77.75735087358126 44.396068690500954 62.94217014699356 -54.76048781464753 
59.27891833080122 -80.79220471352058 -74.95641149465897 98.50844814871976 7.938455391805178 -87.25187373166364 21.070773094518685 24.922640078243433 -90.32332164653572 71.40129515501019 -52.385538137707655 28.68416246476403 37.67123659034726 -45.729087687180716 -80.21396983139473 
11.591057379155714 -23.590275656778672 -12.480852149507044 65.06305015028221 -46.39226776319197 -88.12619422637641 -2.40052795540808 -63.80697784977918 14.214777541617508 -11.100767451825291 -42.40765993968698 98.63457789242355 -1.4334369027227893 27.529437925980176 -15.699053095705423 
-37.76156496079821 -18.209591697502006 -42.11779827550004 40.772947097647005 25.072314320716856 -55.281381067158094 -68.67033768033946 -77.79361645354493 69.13925750102464 59.99919253842933 69.00493319253803 96.22225681419354 -58.18811112618112 -61.69994212714875 -27.298722565326614 
-29.97107098100787 23.360198260816304 23.490236081695826 51.30382712595264 -94.00166501445766 74.83550592941185 27.09037656516047 -34.769217785501965 -83.77135049200604 -18.349191482882105 92.56524055561383 -86.16173668904234 50.53983137225097 -56.81877597369229 -64.06271790191609 
51.17836091487743 73.80517148793888 -93.40257626245068 -13.193775871744378 22.16354412371632 11.34234070957487 26.729981456073546 -74.2726718190462 32.60118489674463 75.80395532631405 86.78247623191416 -10.773179438735198 66.37348618998104 79.08239675300763 50.72113154837001 
-23.047639874979936 -65.68676327187649 -94.12727832634424 73.88350547211516 -9.35353915581993 -52.45426502062598 26.30940005376914 74.87379267381678 -69.86155366773963 54.57035197413214 36.97018737750159 -5.607620586848455 -94.71928091563964 -18.027644186296783 -2.4311600836476543 
97.78048524662702 38.94220954075399 -35.47857789051629 96.76979101533323 -87.4118970817142 38.82010584383201 8.991428417052276 -41.51075717180459 91.82126102714233 -34.95302088321634 5.5022255649318055 -0.2407370588332043 63.47507205981009 13.60703704602011 -18.142890816299897 
-43.58988575290616 13.213667596162864 32.48699760708172 72.85672942392537 -53.585939194549745 96.2099136812719 -76.8972527866544 67.01376340284077 -76.05599685756641 80.44154300344277 -67.9621595374184 65.06585859803451 47.51713461261363 -24.291283088048445 20.570968530386267 
-77.40822619793155 -14.549076831680892 7.870581185530639 18.214336501123384 -99.02315079423165 4.505240665652195 -16.587110379906747 -11.092560630348359 53.61516241992598 24.282059475309055 96.10432190065569 -88.65886220921469 86.7462214896631 26.872103128771954 41.5248208304597 
34.76203436332136 -34.50222135044949 -73.7895705640792 -55.704121892382894 -37.56364182849086 78.72866325599267 -52.68030177407408 58.75659460534408 -61.33399650137048 -57.77022264113067 82.28910056524768 79.33587312529738 12.832796495647656 -89.23066374164759 -87.86505934213275 
56.338759756573126 -46.60819760667798 -34.07499990578637 -92.92420646459647 84.59562762092943 -58.81533727826409 36.49071921487666 -47.68050906380945 -12.25394422783748 55.10242936083014 -75.88612021771361 -4.348084965149596 20.46111975342822 -30.620961104544904 99.7140648146918 
45.48554831618324 27.107123736444066 64.04223159445459 -96.33763681066019 -92.18634913856083 -69.28701332098166 -50.02961536738939 -62.067461402103795 97.83440703490987 63.58593754780654 -0.21308558808981104 45.21990569890366 -70.28133927324198 20.452309099387136 -72.38388664711502 
0.2770998604439967 -7.3212832178113985 -9.253373761632844 -52.45014095208367 -21.361930387422362 98.83455992500504 -54.63455507327524 44.05044896888799 -34.41405255806859 -41.422020541507145 -48.66554610703226 91.82709857976022 -4.56335748421462 -64.46788880742405 -99.3229111318682 
17.446784428443053 13.195752686600386 52.74551723961957 69.55163005454457 -25.831362124748168 32.92620029390886 62.50128354151269 -61.72184944543719 31.58364406006777 96.46020692302466 46.81862030781576 82.33092763609454 -76.9474185474335 -89.76011929333593 90.7688726153693 
76.24515584207262 74.56222538412553 33.89072066866689 -73.65750477087111 -22.017403660309284 78.21925455655173 73.16643713072062 53.58759728982935 60.15299896647059 -95.20702998514822 61.904861489850646 43.32251529309718 -33.363018786625204 -95.48699146684152 52.83122664777335 
-99.90664403563801 -96.41984566951992 -88.15088951525473 75.7066041003944 2.2105572007287293 80.12193520161117 80.38877932263316 -17.15309198757309 -25.942024802480972 42.471669817277075 17.477625505730003 -16.415843351363435 -29.89717663397525 -49.814218339511804 37.82258640738607 
79.56513041998042 -14.420789679701159 10.440177165927707 55.45976574776776 78.59204765249444 57.028443666626146 99.32160922768486 -12.876310543923736 97.15894679818908 89.83917038538766 -32.986099115614095 16.404228156720023 41.32519525669673 -67.83356585199978 -20.02473202504123 
67.73488083692166 47.434775673945325 93.1697894837904 -65.37533782373339 -75.02596678742681 51.501116514987075 10.389172057405858 -88.84489926734808 29.572090131583394 11.469886186272888 6.808223692024356 -87.72346331959977 16.772129895101173 90.65779335001184 85.19272810995449 
46.43190032049313 -72.25962060090475 -41.043884410079244 39.25116406992208 -21.137448533323933 76.9186106541678 23.157724869492014 26.660871027690305 98.11568616145837 -73.86964493146435 24.829300130341238 72.62221338268705 66.85135229034768 -30.988893246686146 -38.72913776421547 
-98.0236430828143 -86.3812894030509 -17.033090131192225 -94.34046444886506 -88.43795356742163 30.942020929006333 34.794727754577735 26.44844573682667 53.70764533904614 88.78025698212872 -12.686358371857168 88.06004345879384 5.200942570235085 86.04810539358508 1.374451600283237 
88.92238372835146 -47.15422054221441 -47.236343923309846 29.489834676999237 49.28314653186007 73.4523940865569 -81.77981951929746 78.92410092473011 -13.352920289234476 84.79223935252665 -17.31575775488703 -93.90827189544832 39.847574717972606 27.052552478277974 -65.67482600075363 
-58.23509951019214 82.80614550806388 -19.296115212684242 -83.19830828619443 63.09411358094911 -92.47524404730608 -27.71761809531641 12.964643918312063 -2.607339262493994 43.199697699008254 62.0981606858266 -62.85919440139436 45.62152949973404 17.55603729009485 -94.96756172829932 
-41.80886574392455 -26.749812449854105 38.545547855229984 -88.1935009053339 -23.35296162726472 21.597701225389926 -80.60216498939512 -68.4877594454915 -16.780524243317686 -92.78757385058454 78.0441094447512 -86.69622672562123 -70.98996209261048 -61.51789445524345 -33.376680120831836 
-95.68906392242499 -45.69464079980572 -31.724246680366193 69.89863164119836 7.3409132144732325 57.32872166247026 61.5502120998261 41.01308599197651 -69.52131188629002 -54.017096730654 5.333573759267352 -52.31026908937528 57.795863639572474 66.10951884030126 91.6701738549647 
-22.125639707425492 -28.53384602289654 63.145323029305075 -66.83110602570187 -42.25921963498551 1.0007327869327156 5.698385014269604 -66.67154479337987 -42.0499910726402 17.033505845378215 76.75894135001735 46.44096422182332 10.717432677416781 -6.6727276983612285 63.241717515714754 
43.49886347570816 -73.04958363733374 71.6162358160694 9.703037461170453 67.66142990486392 31.095655525003252 57.64554232555287 -85.13727536446866 98.22309939624029 -88.77141394790044 -8.204999550402192 -14.226773292542319 -12.344535149452923 40.59263283384911 37.64485486545658 
-29.009371191725535 49.24511302595738 -28.68016843428751 22.37471565206171 49.68256158432064 1.827128446837193 -35.45058672719222 -69.24566766020223 -43.41278465492897 -4.165721601028352 58.59026496996077 -86.76307255096054 -83.73611037528939 -76.78454279267544 -80.50235566842366 
64.81206728679373 57.135804446913454 -47.17658982030859 -78.73710422348641 -26.829904673525263 1.5760286160558081 -77.64087918526745 48.06408776094554 -56.12530896298416 -89.26384496548805 99.82096775270145 -78.91525001037985 13.020145360200615 13.465843705662039 10.682090241234008 
-35.01806802487701 70.9404022585824 74.73156299338478 59.579680413425024 -51.51173465277967 63.254147980160525 29.444455620535166 -62.266933677013014 -22.005944991159026 70.55176249310381 -88.05976907417022 85.77433800098399 63.27773373583719 33.5802161270106 -94.74134408770291 
-81.53788401861175 17.604421849859733 86.35890219416251 38.28365363420062 2.8941849438284493 -63.63466445717698 -39.21424784668257 -52.123052745428765 96.14032622509436 24.576890379882045 -34.04199233783953 88.93179060526 -26.05428224108475 99.86472754723331 -81.09107332362964 
-32.987752185006755 -54.43283851557612 51.27559450735319 -92.62326538960417 -48.12512096857881 59.12096882506407 73.84660982718313 -41.426586347148884 -59.456026274280774 17.58569175454565 63.27713782345688 59.33955683632101 93.056348931641 -84.4309642480651 60.71363975275423 
23.61168100446382 70.41914988942855 -33.12802301866597 44.70630659657729 90.13848461549142 -98.08589953443057 -52.09999707124959 -38.44250739734396 95.68446560410925 13.496971262574078 -24.65292743150289 76.31644035836197 48.19030998240481 33.88544049848397 -67.89522165592973 
35.067417395298804 -66.40343363254446 -68.18307487431552 -70.86611940596882 -45.269521494271636 84.49271167732053 -91.10911390862957 47.38847795418212 -2.67018432951825 -94.0212907024755 35.64756236871716 18.549932317183476 -52.320978698654976 -70.09776008471292 5.085314850429484 
-23.97497023000868 -35.04245132791644 20.837351674950384 96.76365070529798 -13.53698824376977 -31.292984865922207 89.2939540657838 5.2337089904372505 -5.445060496683297 -79.54536553136431 -35.04820438772545 -3.8873755794701026 -62.807098326712854 -26.706149538237312 -31.45447484112745 
86.90894521118685 7.847278805241103 -77.82908894572604 -89.24223237977891 25.688416796745457 86.51215133812528 -28.985381399166783 -96.26324651096124 -25.965020139141444 81.10630075950237 -77.63896396241194 43.12045582148585 -3.0968903726850527 54.16019626412927 36.87697681204415 
-51.34120563850797 -84.40835265981165 24.69844482183386 -60.474646682756884 82.52350865051218 -51.266400432060124 -19.85632799395583 -92.07081287024042 79.05751153111174 2.1897652893401585 -51.84923121376015 -35.981071152946214 -25.533939073900953 18.83634170593966 47.92603855147607 
-65.16233786397618 -56.12585038977904 90.81883527873461 53.69647958364311 -91.2341016110527 -21.1435528396688 8.615531176722385 -16.92230992602623 -52.50207224622378 89.1008572253937 0.6304316759770501 46.187267539781175 -21.106009081325112 0.5903125901180744 -5.31527182109852 
62.50268186957723 58.63984886707743 -66.77757897578496 23.23236273577855 -43.94997496329671 44.65061867727033 3.0798282019937346 -68.78926945182818 85.69771423652702 -3.4953255798112934 -87.7035577721726 -19.78924944747942 -14.769675248336696 81.49392272531267 70.24733753651293 
87.97057603428792 -91.05496107600291 -98.39216109082676 42.035390914206175 51.50939034003929 32.44488546834609 -30.819128642214494 83.67004252703222 -65.32181311694585 -6.087586450301785 12.785450146453385 -12.11355061084447 76.60596844093257 73.97623294414313 86.19168642228041 
46.31928643214749 -50.06060135116115 83.06200249585387 2.7451937751920497 82.81650608861202 -91.21753320190314 -65.28139277286019 -42.988696035328644 -1.0545252931455167 -44.78482410917193 76.7523520925082 -72.2234906120475 -76.7478867359286 -85.55109677472961 -24.58832895671057 
63.836425611208995 -41.490920282370936 67.6753087626847 -40.83515341081827 26.704081482015837 83.22884060482443 -23.666015652048117 68.81428741216897 -11.96806614014723 17.67206431455142 26.6832117007757 -80.34317331792577 -8.23213230621667 94.7398515122789 70.5427532576355 
-27.009854186358368 -5.375958454766945 49.99274103474173 49.49855510684475 96.8340252765633 55.48479397326443 -57.96685172997973 3.555116181992048 -98.93284240681383 -54.05415530588302 70.67221853672106 2.840035167123034 -80.48105352889846 -3.1916322185974337 -10.493905487087531 
-97.02452942630657 46.48125795613322 -96.91313053505712 0.8006467341837862 86.68305903827621 37.44002000881278 34.59333514795381 -77.17588168798872 -22.921166841013488 92.89327485193178 -21.260803123151348 57.66925763671949 95.64466126844229 -97.26218295792803 -32.34247999393365 
-59.23012556384788 63.94469068795837 -27.12717834091039 15.095455833420374 -71.54002030787817 27.47381033265235 -28.50473370033096 90.4479641992713 -96.2382162230395 -64.05239706003849 -23.53540854213037 -39.59256395369264 88.5888347209121 -76.68936146173615 91.89556066687237 
70.56121404726389 75.55440761097472 10.929790249321968 -60.98760967779824 -71.46007051860484 79.9412775777597 89.45859475256307 -18.626217873354364 83.997147651766 34.983379658566605 70.45309984420166 43.503797031421584 -74.57461420085099 -93.03880021816357 -15.758756600243174 
33.85806390276045 47.82191503934797 26.523416771966083 -41.795733772654756 -49.5698562864092 -24.996800967508577 15.408579000696761 -5.804888729462434 75.53807850479274 19.395907032011863 -41.211658779802065 1.0674428866247894 62.79162065504855 -22.32975655793736 38.31042537500562 
-66.87418399101672 -81.11446338140196 61.748781508656606 -93.56795479470861 42.61645187296162 -79.2321997083064 -60.28584781764352 -55.72381814386962 -41.631500133376555 -39.39483889813435 -88.89519192287021 88.22227591870566 -34.759525067833664 -48.468725335973105 -75.32602413777336 
-52.56928973879664 99.32896992538474 91.952761115584 34.923675542001234 -78.41455491549118 -18.272822462824024 -14.227402408264297 44.00894547454769 60.143468167722034 7.870418438734944 98.22992279647656 53.31824776810427 42.47766507763865 42.01381502694363 -49.43087518539437 
-51.66663943046783 60.7595174552323 -73.80806790547227 20.482145523131052 65.08084003817245 38.09327910154593 53.41773067626144 -50.91823757931022 39.78232904628973 44.07613543102599 -64.68180622000162 -9.282169746720825 40.88482262944612 49.892444383645255 98.43358817199578 
26.679510711897052 -79.57040682795062 -68.53045544766087 -42.3206555082883 1.0724828245521252 -82.03017151756377 90.71752572978022 48.12292296947527 -58.899707341172245 -70.89979880320097 -35.188286735054646 -48.6799479890367 33.2961606126006 -59.40001175639327 -27.453303238973106 
-32.66650718647635 -93.20269395766945 29.6770960923771 -39.59703785096003 92.78995369672381 -83.3963642041218 37.28828028447407 -15.26984630980155 -36.21867134857615 13.463777206247187 14.983105887806289 -6.964100732046404 -45.81042372097905 -22.632993328796232 -28.78116241977881 
28.828028294285048 -11.831311750093505 -64.22902991864461 59.62481026968587 -34.45931956920727 -99.41594703314694 71.86178941814006 -79.81980862194678 -77.98308568450412 -40.84501270245233 -43.24400221080653 82.02487740707173 -96.12380416637491 -14.326285361835176 -12.286395014019732 
18.463031088258845 -14.53412795939441 -65.64412595454397 -82.75416011879292 -90.94660572226061 -58.64465132705767 84.08439041672773 -7.971219067354568 85.32214041817238 91.0454002030855 -79.33633658718074 34.883381007472735 35.90389802913225 94.6404837450176 97.01215788225937 
69.53064647950924 -3.0743327903731057 56.95226052035994 65.81625439310127 -10.594421673320255 72.87444116510642 -54.634550575907184 31.703384902506286 37.33125664399398 91.26461365968919 -30.762683260396614 -9.974221425202927 26.792284946468968 -71.1534251974953 82.25476907941564 
-82.72027956242339 7.183856015636863 46.794311453632474 22.287784862498825 -68.23948217349458 -44.73264975024771 -97.05054625956204 24.116644829078027 -86.4861340719213 -31.16526333718916 82.93748657123322 -69.68991694785257 -53.79352786334961 47.6744073293664 -33.7146897755932 
-89.28102456022648 -56.20917856515457 51.100602546389325 64.1810552754834 -18.557200040823375 12.71174617780919 77.94013992357318 -90.9352889462291 20.68917389289689 79.40275034685999 -29.977301799008742 91.72575613327444 -81.57654467033572 -33.957398980689746 -74.64531637263258 
58.62957584140793 97.37580993005466 -23.655608921404664 -28.140890977554307 -64.90990288223131 -40.4536628844232 -12.46327917029329 61.20824761900417 -31.90440555043108 14.187320215789995 -4.164056573860336 91.4360144735158 71.64247133709657 -80.56357283844477 31.766179283290995 
-82.58075207689252 8.987066153053647 -76.1260104898919 -51.796557389516764 63.3806460137111 -58.3702955198383 39.45666051671486 -32.47573187178499 -45.106913157492826 -6.87263484397856 -97.34350343307321 3.81485398560784 -67.57487562430495 -39.84912867301071 -31.896837294651647 
-56.26590520739336 80.22278640974577 72.26829090421504 72.39148482519951 -10.78071121398203 1.309945491957066 -88.9446348274644 -58.625994723858234 -93.96035550131985 16.183398951955922 -72.2350766611177 24.671302831237284 55.04093369806546 -72.21692477763906 -69.32027379778552 
-59.63147735506573 -95.9000013751965 -89.97719523776011 -66.59042267518197 -55.973093208680204 -25.51530049730492 37.94451741071438 30.707925779028642 92.36143004543104 83.37971306417231 -24.428734463443718 99.68542009697339 -97.55701460501547 62.69353755904385 8.95705847707822 
37.17176385358948 -97.00966557226009 43.961621200661796 89.29231304454416 -96.32067826705534 84.22804578162615 2.0939862030084413 -77.37627986086895 10.870751483546698 20.585101406465384 -92.97625004530636 57.68927397532261 87.80219356053857 13.12409763668174 -96.76555480017366 
-53.31233493032814 66.9142678508938 15.856921525231726 1.6652209363194004 35.11470837877272 10.144088383926999 90.97706018350152 -10.831024289254245 -87.53477243441598 -33.71566783055573 -85.91349776012774 82.9336795267366 -69.56311763037415 -25.02150852758905 -97.23847664235285 
-85.82414613597571 32.732814821691676 21.809594113230247 52.16809433761833 99.61330625754945 53.27781329517609 -85.624207724043 27.633736027123135 17.323816510928907 50.769557879549836 7.1490737369367565 96.87351776147489 -55.079874051866675 -55.8218429815724 18.76764284838457 
-18.109339814664054 30.506642776915214 4.554614970391938 47.27679338169173 -86.82448528414572 74.35927020533552 50.306954101433774 -21.537719783399666 33.897321841745196 20.39138157787059 6.396456089422273 69.36479635667163 -40.50382135434847 59.2815167110183 -89.32917820655348 
38.64267282533362 -69.84231153785112 -52.253900363545334 -64.76425412811773 -97.58237101631634 41.16634911489933 -47.900404348775474 13.672547748544119 22.787254547292406 29.51816410774134 12.210073553945278 47.696389312076235 -31.223801937588732 -44.36531654111144 -31.325688566035765 
-91.21765070349144 -13.165848141546604 -4.748603531174567 59.43476331707683 21.94654609939657 34.23630074855541 92.10295906841563 86.4650062312844 -42.65971332870797 -29.22670921283425 -52.74476729555997 39.49042183877745 -79.61773199892494 -6.289162695971015 51.136621263458096 
28.191984699843857 -33.321747562157825 22.315902801479012 -76.11605205827166 -36.196774407178346 90.18146836910444 32.76027607068198 40.00654306545459 -71.20133989654056 70.45692068527097 -54.75379789457262 85.01693839532695 31.981359270233497 -35.106626538368715 -30.137717932663108 
72.8902926248972 -40.69054690876357 94.5125786930295 80.11571252558028 75.15446643085676 82.57248976583216 -55.46870964391071 7.718392060277225 42.659003378981964 93.8612036313344 91.42847412427341 14.66136092103811 74.53562014524152 42.64810067209615 70.10358187407405 
10.40115244756852 -96.0319172527583 -89.6322438979078 11.026118120147714 13.343089858057027 -93.99173982934659 15.718314880712114 -77.59109917242233 81.52626392071588 -31.88655858383956 32.16137310081314 -88.37614248632232 42.09370687794291 92.93543663589799 -78.53902465862163 
72.00308253649891 15.762357659034862 11.917949338461483 8.417537087777703 50.659991622998234 -24.62489833456378 -56.22530202627216 67.62830858549472 4.812865029922378 32.102877597042806 32.209966863415985 -58.68376557726174 -22.138541964696714 74.31451857703834 6.796352945581276 
-60.900740509197426 95.29839866018023 67.97294101906698 86.93371712199936 83.51214227636768 5.991748002323092 93.16314642201979 3.3382832072681055 -10.408372362687771 86.10616158321068 -57.81836228280051 -21.232099691865784 78.37436447338212 6.209514168961135 43.335111774216415 
18.221098520347567 55.200574423362866 92.66106481599056 -94.33608559175775 40.43491798708675 -12.617700537636665 57.40536391471639 -86.12377692354232 90.84790587633566 -32.937603676947404 66.73612031032616 63.88994655947812 -12.560835265181197 -38.18575660632748 81.41952157820734 
94.27878330707625 25.696960433677773 9.453848384550412 21.709697259938324 -56.392624256251935 -7.944740319130176 -96.57720059175831 -95.6869625224649 25.502662095763668 -55.39653045838424 75.00100399420486 -15.37106591360184 16.30014692239628 -54.71227994519457 49.866807157855646 
42.48379958211933 40.50146816609245 -8.00962250721355 -90.59309820368992 25.123122409494727 -32.125671347051934 97.64902435035981 59.98289737241299 52.48198439968078 19.32040172661307 -28.81708308402358 96.4357473894733 96.48416523852922 76.55941389239001 68.96162788695247 
-38.665100941465624 64.906345348028 48.61156078692477 -24.302605256000078 90.18534688712688 -61.316694685868626 -43.757677330408114 96.94632928758116 17.81400864382539 -48.87880131973794 -21.60591249102552 -94.95066506531178 -5.221067109752738 44.81695310732576 14.617452668267461 
-54.00089232768677 61.65234751035186 -75.39314376496651 -43.97952005234289 75.61130460634467 25.26246666589273 58.41132078732542 -42.0429458218029 -11.854244667100716 19.196837740089293 36.62202156767586 77.93054415798022 79.07444999038717 -31.38604742430357 -60.98973651504702 
71.76517729376079 97.71499900871208 -92.91078506193622 59.658718873648695 -31.842993380218942 17.451956517726003 66.64257253617518 -77.41163351361773 -5.188557648799133 -25.808036088825958 -99.58087820316122 24.413448399492196 -74.54732912196671 95.26429052170343 -88.91348998991504 
-38.50728244817352 12.689818307051382 75.51239415666942 -14.192130545207249 89.73292795094133 -26.4119822412094 90.62433465276399 6.42034880573361 77.49377540521476 -55.50439389859674 57.070295559511266 -52.61117246739169 57.32670331702312 -70.89968374634603 -68.93020334187065 
-14.572178825215218 -68.01260478992543 -36.863472231444796 61.49328886516824 47.932723826100386 52.95734076192656 73.2547890946355 -38.580703618737 -43.172417741540634 -37.64001987027679 -63.115657953359246 6.532025501195321 45.441916605252885 -2.078172628150085 92.96149272741403 
44.67862485907173 78.52835018285651 13.407956416484268 33.24499650401174 93.96851424088578 -26.914929873880553 77.15587268912142 65.02873468977893 -21.305307956342205 -66.83493457162444 -91.55606959992954 50.27496942849868 4.002413749787806 -10.516359557448808 -21.19590814949366 
50.02241442264739 -36.557041814397586 39.51997977179374 98.9571683860207 -55.78132826010498 68.99205260455165 -84.34067577475648 -62.9732654385688 74.83725826731873 -53.550892053992726 -72.44287710163954 12.704947545822904 -36.176033200902836 47.02561235191064 -5.152335208797808 
81.5628452597374 81.51224335261739 95.90392750166987 -29.605157934233617 -29.74811096813667 51.984831361713844 25.896806380769405 -48.645218916974486 4.838632513222933 21.21529259914712 -12.132946529041575 -30.073833332661934 33.97490147358525 -4.151329728842981 -62.60951428957016 
35.9716382996227 56.82616036505388 -69.74357744799525 50.120561814016526 -71.08066537593828 89.21617900094617 -71.66375869367153 -8.466429099248401 1.9354121781511822 35.82686015844365 49.86858323614425 67.90414311497821 4.083232533094488 27.28480210027493 -96.16099685413226 
38.64313130461318 -71.46051324886753 -66.48201457985331 13.549384063081462 -34.21272037076221 29.04635934122939 -70.94966182579607 -59.050565176819234 35.39007555170417 40.17174688800554 51.20281187283351 94.48492568114665 91.31900668799463 -40.085879555701666 -30.343323261746264 
48.93223212321715 -12.150440860725851 -84.75034568143356 -64.30852391458566 -53.78985103521088 -69.39004288814948 -82.82580840943237 75.47228555468618 59.55024116439645 14.546124491528232 81.59930537536792 -30.514944771594116 -90.0045727981198 53.58821946858461 -50.72089715623349 
-64.23148019766214 73.43279939995114 83.03034311403712 -30.238425342422943 37.79483865559675 -61.2947464607623 -51.948164165201206 -26.55768388161303 73.65553276508834 -34.317801616742244 -88.79336078110958 91.10155567941342 78.42721263228322 8.980705535895424 56.083167678343585 
-33.46191679358128 4.440371667721266 -22.911013922534096 -5.582028292761024 -45.371877241844906 51.8982400770401 16.798077417932845 74.02817857645258 -12.249567913655923 -79.5830307563145 -64.61652319129942 23.087188111946034 -34.25429985950528 56.561915443316025 28.46972544368998 
-1.2522216918561213 -68.70675747342628 -72.16838700552051 4.910483696799986 -65.72945902514144 -47.59290999445973 -79.12469627017711 -80.00305699909859 -59.86430623340069 -71.08587605675494 -86.70969676420883 -19.724990892667776 76.23716652055231 48.914354542787095 -32.203915066606044 
14.82182458983101 -50.726562309005274 60.03730183087859 59.99568038137255 -39.55226893901631 6.259049777163739 -89.28812296702091 -41.52572520612499 33.32719589652592 -31.993528176677472 58.43380320889631 25.28416796308497 96.15264760544812 4.659490473393177 65.70013670419257 
-56.30730512774402 -93.0632430832967 -78.47184834595895 41.51275063630774 -12.20512256743227 35.86251596210042 9.894401091955388 59.13242091495249 17.80915731319716 63.679196373564594 -42.45132941043186 -66.21972461523147 -32.137910337101246 -60.997479404920284 73.19481078468081 
-94.27953460234122 -68.8291109949607 -67.59787677506506 96.37964483574342 -50.86693637365713 -39.95348044835269 99.55491863218785 -5.8073074551465425 -7.179825236552446 -49.61304990100936 -63.994121256380446 16.05494867757396 -25.17027479989524 -99.97666684424978 -81.8240899556824 
-21.667159557184192 14.032474603397844 59.60311096235847 68.91978822709481 -52.549422890081956 -30.067977909645876 73.50985286059148 41.55557397580242 96.48291990250542 52.60072297635347 78.21986046582558 46.277430848332756 -81.47723543270789 -61.96335705890028 64.29608911749474 
-73.14588288797935 -30.414174275520494 -10.513788498085063 42.855230576827694 -63.56190995645239 -76.6693334015574 -28.332814103618247 3.5487904981922043 -89.66067856413449 89.62583395010876 -51.097651181937294 -30.0890530796174 0.7706829072260462 -57.130382214617036 75.34303284998876 
-2.608740375105697 -39.98544597735459 -17.42017865870993 0.2088633073424262 59.23173962791449 82.10532815298856 85.87257695748582 -56.130615271038955 58.21462942277145 49.14331801500171 44.07742630734808 92.19202494442297 78.6567871242352 60.668727689587314 16.70569727496205 
-50.45965854054661 26.870931177253283 -60.75512048664302 -27.37474141644192 -40.9834872752562 62.916908677723626 44.786465448264266 -46.26801353715373 -9.231167783660709 -59.061328769230336 -32.435854781886576 76.4849072639135 -99.69874167455556 0.5670479724982442 48.3012344182209 
43.3483487293845 31.71393578853673 -12.405954760357574 -13.083545342882914 -35.922500498030345 -38.029006322563255 -27.12986896058105 62.06615143628977 -61.00639083417909 43.70534061547167 -74.46603053309089 -17.006861923029717 15.481893807816235 99.56501693199863 -4.282124022531548 
29.313453367482282 99.1235603520602 -43.713000230861155 -70.05100646236401 67.99704125671119 -84.09871714054128 -2.5670957809546593 36.29880873579921 -93.59915242769767 -36.30632518260206 99.63529109393218 20.04134649597617 -78.05316858331359 -70.04040747540108 41.298581568047865 
-7.262713970480888 -68.46437158884267 90.5742158597744 -59.430966410640316 9.534970884242625 -8.869583452101821 -82.51810010583631 0.01615804896570694 -28.719724889637632 27.916044347178712 71.47013887056505 83.87629864034167 -33.895070573127555 46.26190702409073 77.95312896939322 
62.90850794499099 -94.72396755209873 -48.9639208826437 33.63894714777453 -1.485861673788591 -35.66964751774786 19.27396819618741 -96.31016612592487 -3.3392612467758767 52.05081627108922 10.299207639673995 -47.17316342878526 51.885579287117935 50.538867563266535 -10.658208425956303 
68.68840690671868 29.450779530990246 -63.03458185342989 70.64194629939936 -17.123268659752938 -49.38067931817003 -84.22565446402166 25.224872201110315 -40.185335738656306 1.3711551361432157 -9.848398382680983 -70.2255069046208 54.48968423229658 14.755219534046304 64.8201865609079 
82.42062243707568 -58.66240404507324 -77.33281271437444 21.221675815437166 -33.348800071329805 58.7371736360638 -49.805362288976475 61.042955740906535 -6.635280298756172 20.803699653630375 92.07656663766011 -98.59745495307027 82.27217370837883 50.94501629516145 80.2632311659811 
16.86813456977599 -33.12802805857362 63.336696036112215 23.765790935243913 -84.40564544199931 96.26598262846122 -19.39366693820257 65.65428553763704 57.258589536701265 -64.55072755830238 -68.66672148277864 -44.10264172522036 97.56132762778302 41.153071668151284 -60.11350521531873 
-41.273999876086506 5.550054264056399 67.17240661033946 93.1364201781843 15.87015109465915 36.53283490130082 -17.811011776389776 11.839663224671312 -99.45211359378222 37.52511838157983 -92.92979106663014 61.18930576788898 73.47749719399715 -89.16286548280779 12.271847398151706 
28.115019713158517 -39.789501898395784 24.130294687560053 10.912284310816503 -20.808098599125884 -53.237454784212936 -13.576513687753675 -9.316439704303832 6.499412153700419 -83.89008426435788 97.50909138216059 46.634570808437815 28.529592197679847 83.82375762196386 -54.83089253222968 
-6.598693800632844 84.69669256049727 43.602988116253755 -97.01643109826115 -29.241972928294473 48.734779146636214 38.922402123359376 -5.163695285867348 -19.876186372636525 59.49590583833208 8.578223512710409 -2.9907963480710436 -64.14310114781708 56.07878519023299 58.889790314295595 
41.58894682869763 -55.622542739549694 88.62597356841678 39.09015288418033 -16.834957458090955 30.107461001624586 71.98657646632535 59.2585158629351 30.197027798461818 0.7674434426875081 96.79465804501993 -11.67976644858058 -12.481951251925167 26.620479009774073 -88.42972917133514 
62.831383382225596 95.66847899921078 3.207631798351059 -26.159134756669772 4.701854499235083 72.83721977482585 -83.3555374807639 48.77614244974683 63.81096161979886 -84.07247333327301 90.03117773576076 -47.46475265226855 64.99206407487924 97.769515547466 -20.16817282529162 
67.53572465745398 -63.61020859644056 2.3430538771155938 96.9206731687562 7.922129036505737 27.621419193594704 2.484555173436803 -33.64272971884981 -24.911903979301627 -29.431171830134062 -37.69773669241552 89.41963566768837 73.71879571203388 82.75675504046089 14.559928749334489 
-91.06216402944725 75.10104321026577 86.82342589655323 -17.480126276937824 26.25095639205759 -91.86962991741514 -19.009441962391776 1.2056690291494476 -26.36044301986375 68.72256555908632 31.09267130595137 96.15329530197522 65.7637269762991 25.93223808749117 20.436924933389307 
-42.17208014541314 -62.59354688829097 -95.94731093416482 89.05351111337231 -52.239128594048026 52.5455299255689 75.69003299278748 -68.70025589118694 -56.09474724051275 95.9930563812282 61.990426411918236 61.58498463683094 -34.48747794069959 -86.51262126725037 21.047202046200567 
29.253173488313564 65.903274376734 -27.882913539548923 -66.57983081703038 -50.08473633247217 -58.386851206340886 -29.95306115367849 -21.145820826230405 41.30489196003552 -95.68591274844395 93.94476780637913 -29.564077173325742 -38.002808494420016 33.21733538646936 75.72636422860145 
-76.66209610678615 -28.00867411738946 -46.821301461478804 79.24785395248139 -87.0775969826538 14.092786523830213 97.04913134155944 -17.148363469137536 -50.76495325413237 -21.014886785788462 69.2093194186067 56.49296733615691 -8.759281192542076 87.33825011963728 21.321332466342895 
-71.22928738267325 38.70665909833221 -17.51113202395844 63.739649080432855 41.978890806680056 71.11814402420734 -77.48489721356368 55.077772621216894 -54.91238495618855 -25.138918936031757 -72.56915191427069 33.60270716985309 -24.62374222945016 96.69293620684897 -37.87466535120776 
-63.202349103728686 87.14411957753748 9.950274984175863 15.549249177488804 51.92459208915642 52.76643996573483 -45.49617593312456 -89.68304252525911 -67.13711139123703 3.229222424100925 3.7224464488745355 -8.070265260490245 -28.825701182599374 -34.8612377387757 24.990741175342507 
55.62006766368509 74.30824644328194 -38.91748656432039 -52.345072893993795 42.3751092756209 -51.15199271584399 -76.24689634987469 24.252494335749248 30.868604678971735 48.64533840459853 -81.56275873766265 39.19864883938146 -24.912367451472136 72.3791854864358 -76.86953100534424 
-84.8379003666455 84.51083093704145 99.5977077360395 -16.313734335825814 -34.44747018617133 -60.811047579731124 64.2816705012392 97.08914096670352 99.64212995232586 -85.18981175512523 -85.87787853439055 68.36122409542992 -68.00690443250474 53.273215501552585 43.85815260709015 
63.40005938425978 9.682282689470469 48.95124517015225 -29.10588749950847 -99.64468145552561 -3.451570038466116 -63.686981058021 -52.556953830617005 -78.40581770542812 46.17262141145119 -86.35987590298586 73.26051994168907 41.870695186627216 62.445239577063546 -35.76634328803169 
-12.54664700149452 28.116055269352188 33.304570626338545 -63.032228546300196 -73.58408188002431 25.427780796291884 45.63782285473948 11.030569128580382 -77.74158562880046 44.292755724107934 88.6529012939121 85.60493440978055 18.533530500759895 -89.0844182914366 -81.39198772661524 
61.606190763748884 -38.723325719884286 81.1454121896812 48.30377181194828 -81.4625456205433 -96.0967280177645 -80.98673586965725 63.79516842355034 -93.36215915938763 -97.76705775951837 -51.84180581342004 -64.16382244338263 -54.59885621930416 89.56438674495465 98.85398153205779 
56.113154834357175 -1.1586447846646024 -76.032504596161 -49.54631783543961 -83.80290410539826 15.60581710568718 74.73658494557685 92.31071254863465 -38.783971788693506 9.854524872102814 50.515472918736094 -81.01660037991616 -62.68867044589064 76.16438314548913 -72.99555780764855 
87.30183526125481 -48.57900047241288 96.0276766488825 24.972391739351593 -44.07493194933183 12.789436087360471 -88.06453103946376 5.258785004832745 -80.22160250072588 -21.897219904176694 -4.321459921607996 -20.012223964657295 4.898994490391459 67.41804150902368 -28.875322466054527 
-91.6001983685941 -59.33645051249241 -30.94303405640315 76.96701596161816 28.904313851040456 62.11381437447008 11.439690994347657 -26.424267182965224 49.30557650473531 32.74328928887934 59.879141597839435 16.38119774059355 16.31882826721332 -13.037192441262917 -93.51819435820713 
59.260406221293096 -48.878800365453515 48.29187781817171 44.769284107450545 63.65162066194051 -91.68888649121993 -68.211949845997 -67.41653616247874 36.074174033324766 1.8536390756309373 6.517958202646383 -77.85920835546234 -96.96351832020116 -55.43081509703889 3.276950672906409 
91.4828103212678 1.0743544336325357 40.3412723759219 -28.695683948464094 -31.369187552482288 -54.619052873880605 -80.66869804724385 35.8194469299236 -64.99272976740238 60.89370788330609 -33.86547617244831 -21.989891476045045 -44.242555225152614 -83.52363645416708 -50.35534658378991 
30.89713671016733 -47.67795380454878 -92.89105327778518 -59.159921047593045 -25.794900129839846 7.267507097627401 78.73997805854904 -31.798200284059263 1.5151517371612755 -9.383767159527224 -55.93105031696302 -14.093483554772021 20.289199014149247 -85.8819115669079 98.13717046624987 
-20.252771131417006 36.75625432967925 10.892967168174891 -50.189134546519874 43.091632618712 -56.17036545089291 9.40004970725981 74.36727668144397 -88.87105406357207 17.57715311555863 -11.446730859816995 61.93487404138952 45.41637297521527 50.618116905838775 60.318561919091366 
63.70796829639778 -96.26017844074406 -84.8226512952998 -12.2809549624574 -41.295629239021615 45.6563420190177 -61.37977349392947 -26.12857981778535 2.438020486036521 -85.98623216542998 45.575509216458954 90.88895693345864 -25.931985137086116 30.994226086841536 -9.321887212103007 
-13.247944445796179 -75.08175603790303 -89.1162553112674 13.204119328344774 -43.0581653404031 54.04201613713329 -3.77892400142521 -48.75612805349123 -66.01954693917646 57.15404720860823 53.58681832614829 18.41344123481076 -21.12683774607973 -94.3457420667179 39.541252217517325 
-28.97685476984742 -53.63636535281546 -6.074487739899965 15.247969231311714 35.72875297158765 -93.17816571129723 -82.52784211745963 97.19889056253251 -23.651941332352152 -93.23598460370621 -3.7691444176133757 99.66621842144997 -55.92315699677219 13.126602808193596 -10.820972013620803 
-47.33571382980701 -78.28165638412693 1.7910394053674423 -50.9931070089257 29.506834727637965 -31.126931012694882 21.945187007744792 -18.64540015602816 -92.04675663279278 -5.4882752982765055 -54.88391434943296 -28.604461969645897 99.64606886656935 83.84067678773937 34.02955266916922 
-38.1509021085932 77.0431028461621 -96.07065121268579 85.48503430022748 24.44445772339489 67.24159520622365 60.70968736880744 -40.06576519992213 90.41314503057558 35.54825033142083 23.756053188840596 -94.78619689890225 -60.51731913062965 -31.77416546630414 -94.13555737096513 
11.161744496790675 10.175613911356393 11.407402635166903 -29.197267746456276 -82.21981446334176 96.86803466219209 69.3056765516119 -92.98889161482546 56.91127954208014 -82.13509918731559 24.658594050768713 -3.983898098548579 -58.0577039336021 -38.73912743390042 93.84290389254284 
95.70042784267005 -97.16707074364273 -72.80801349308314 -7.39139032583121 60.47745424347244 -94.40816509760262 24.952657313193384 51.969193237737244 57.47932533128633 -74.3985311017487 -34.94097911007769 62.89947840140118 48.5311907310147 -20.995709148326398 -99.94964561757823 
-22.782966459685298 -23.422138620281913 -47.042358387999485 62.18292800571126 -31.161444411358147 -94.22338872497453 -82.19007326829663 -9.772847961631896 -83.137781550739 37.935660042083754 -42.762970356983 -67.20348389079598 -82.28090781101191 40.75790063309759 43.48705709605338 
27.78023747913616 -63.73231901686594 -10.124265629825487 -73.88581225117623 -42.67522010523142 81.86871502366674 -33.85989384746824 -31.179607658724805 -68.18382275315003 -5.0833588694779905 22.889053926999736 15.079187343909567 -46.54685004376948 75.1190427288119 8.485142442561894 
-95.30501025980875 35.558557839494455 -21.715707501927284 -58.37351615888133 98.40628622582014 -0.9748161244594371 -2.787313925452665 -5.940330884855214 -24.511673273245435 20.4635105462949 0.5734228262616483 11.444584856876588 -96.93721684980972 -4.591252573399956 -52.52965383918562 
20.080384123702146 41.13087620192812 -3.0569053064072023 -77.94147710616868 -20.201406192995947 -36.38426046232461 92.46048646655777 26.476261816821605 -95.98923055830035 46.76403508624071 0.8616283586051878 -26.498089698569544 20.82077336029147 -22.27307679695008 -27.670578332478385 
95.41318389112232 -56.82395154001399 27.624934775456936 71.49404203220266 -27.1385833999978 74.32833819970614 13.794285189555637 84.74094762243033 42.334628164536184 -8.404373869413504 1.124125418298732 32.90113977101589 -14.013207310952723 89.56150847528556 -16.581548175249992 
-9.44679958028982 -95.44846008890056 -47.090203670728116 33.44289195525917 47.94699279240007 -43.89112146300613 71.73859939218846 -65.22734076371628 -75.15271481847994 72.30515247851693 97.62423422224228 -82.92474684853582 -40.732794470185226 75.78751860939897 -39.23021550409236 
-46.792731580735534 -16.402416263334914 -55.54789807237803 -66.59172215022149 -47.367853816712135 32.01530072095957 78.69617881018172 -61.573865192953335 33.185971955886345 -46.173917617943715 68.99215223209586 -16.52439994124863 83.4723544535947 -28.55566580318171 48.43363878263449 
18.3475351624228 84.519912940253 -31.13398279938704 64.54209165968754 -77.1496913370764 -18.798211664758796 -65.82071079549033 74.93827140884792 48.35922428321092 -8.304455437397394 -55.732556363106944 7.622565550950711 51.10790776268669 68.44853231564866 1.6263539013786357 
32.556665341366 0.416533476943016 -76.02247061732893 -34.60442260046976 -92.74847300037645 -52.56265084428109 92.27977111106435 -85.24159171332533 -71.91028178737584 -97.82790696333161 -84.00074650166074 -96.02065375841187 40.43403078081883 -8.921425921857875 14.31284931413694 
4.898875445435564 8.38692174884983 -6.393922646645848 -69.23499543001934 -24.153841155811207 -18.13745114777457 -40.40040309653388 -50.955514430231275 51.152173357277235 78.89415205244768 -85.5958793473634 4.069666455513655 -40.3171755140447 99.08718661394607 -37.82743386252327 
-51.132342149870524 -23.75100403634505 23.893662144009056 -11.552807505081788 -48.82721332293636 95.44312881944833 -30.340788799317437 -35.97279711739314 38.66772705788779 -85.7692487264764 18.792053069155628 61.78805412719518 -35.0885739675727 39.014423970531254 -12.908442283432848 
82.10361038009498 88.41304732333 28.565643811084982 -6.453541194553168 98.61244202041149 -53.526068939186786 53.723274984504656 -75.47129398670114 29.544388661490217 15.991379677294532 91.58069590553004 -89.27696513947015 -85.96688219272684 11.910602491702463 -74.70257975208978 
-78.47049534351906 32.524097215666046 -29.056185834673315 -36.583879076291836 -4.289154525351364 -18.378706632175692 75.6207545401069 -92.7769296848046 -30.331914618686582 56.9678570331923 65.07787882954398 35.27315609287359 -71.2352491002963 -3.1762125204982254 98.25611422611138 
93.37990855238374 -62.020756635916484 46.910464901903964 -17.056681221740845 -90.62202368963082 -24.77482119929597 -1.5797925936050348 -41.45354911286749 -87.43575824811236 -30.244139968923278 -31.961067764256086 -62.988318705962776 -51.94479383002546 -22.12069452986225 -29.19985097511895 
-67.37792858401085 57.44107775228056 47.647888474540736 -5.15306772366435 88.4690510526641 -48.5519059326629 -44.98885518083107 93.16759791013487 -57.09461601030217 -43.42322645526946 -69.22789222804371 68.30821113778131 71.35266856394534 69.13109708206426 16.542613788811366 
29.39121643385539 29.346017917051995 -80.46530407365988 -22.482179635535033 7.878862324062624 16.030090367775315 54.775051477526205 9.577207082924915 -79.62367413410499 99.9932857141184 16.681643442242915 -24.522951566295447 89.3475730810577 -95.71331201395425 80.09277505289552 
64.06978592617426 -80.26404214555927 -26.764394151266302 21.591340976933893 -73.96247629113823 65.06564428387921 -43.93141444979065 -7.944688343223376 49.79733376268766 -29.45226523673341 73.0856384451441 1.554820119565676 83.74067286695202 27.741898105305367 45.63244191537581 
5.121180263225341 -58.49352108854979 44.200298678869444 -75.41158270625563 16.912501503685704 48.50184711774446 -57.95309144242171 -52.60244428613403 -20.446286293957016 -99.29430861920248 26.374306961444077 -54.47145076945217 48.79344111313151 -42.437692166274665 47.199875312132605 
48.934002693243855 30.210350174463798 -71.49338939196997 35.63243181708853 25.43453373995885 39.16556400718537 -13.873971166765926 25.24370953445161 -36.39561866234074 0.890325414526913 -92.88335027082672 -57.33162477260008 -40.268736344504454 -23.07920929046672 -19.145604598455265 
-71.73176889047795 -74.16976114303917 -18.72636789763567 98.95676626640008 -60.554388922679436 83.63941413435606 -53.23454752236678 22.049340508460986 43.28485725425941 -87.5280890433914 -17.9283810938706 -95.17465916421327 -85.55922975390584 79.11115616096075 32.45190991209776 
3.2155519156279695 -92.487802609573 -66.59764450851948 22.474317221205695 -90.87573394886597 32.87425194482199 30.94302438124771 99.6522688429852 7.048467982264015 14.781661837005089 -73.82491640382645 87.12612792837925 -37.58519665563149 73.45393986114314 11.29963633581987 
35.32987530268548 -96.4590658250582 23.081494061810147 -26.858751233199413 79.01870162087482 58.75934325191662 -69.49054676619812 53.81424293352907 57.08559785997576 -63.55913160040983 79.78974937289121 -59.94964963989702 -53.415302581433096 15.9220541209191 -77.54856097655122 
-87.36480343081024 -74.1542724771063 17.180075775100548 -46.51588154518138 -45.775909285159486 44.94083009506525 59.42705076920868 97.88579244242354 -25.592360912601265 -59.1104211746656 66.47770051562122 62.709106166137246 57.49266471373326 -22.321788599877905 74.01073763180668 
-78.6839475742759 22.156317237927 -70.3848370894251 94.03863736530337 22.37602759121333 59.82242269097958 4.677129668208082 55.866134900971616 -48.07427972487935 35.37914222214093 29.29873448357739 49.94630123800934 45.040216679761784 51.98074147057926 30.125658920528508 
44.90540370244838 82.59419414328457 -72.83020975909504 99.87270036174434 -41.07226777503823 56.21469253216301 -5.226174510896357 80.78249696612463 -42.56996692561741 72.68716643534123 -51.99510062213837 -17.369646415472317 -5.581941181782085 24.891659530629667 52.38628998502705 
94.27413054158978 83.37618969456909 65.73761870704129 -85.26185222889218 -94.99047484179582 3.952284634060348 -43.270633005795965 -73.38506019937772 -77.17562443153946 -17.201568899166972 78.32455404217365 -12.895931489758539 -99.59098640080211 76.5157025240589 -85.24742339736973 
-44.26620000311481 -64.6511156758351 -52.3379434316956 -39.34267285206694 19.48663651397328 -60.184423150230714 82.19432582787053 31.429781618394514 -43.49555638666691 -43.76185563763517 -79.8176342145813 63.11194452624446 -29.003648489302037 81.16562259565791 55.5487476816067 
-20.072352174441406 65.24462614265417 11.83563671385663 97.93693998608256 -38.03658501320879 -40.483226351307145 -84.06138437015058 -63.25632321001129 28.66106794479802 3.082856793102735 -18.611471069708813 72.182514793194 -44.431021881474365 97.11285422988593 78.98598011790324 
22.51847085059231 -33.71602321748777 -98.01779145901328 -58.30691051034942 -3.4090613258176603 -66.79903290904448 -7.114944914232552 -41.464354197019105 -96.30936255401927 37.54208753488936 32.9845820818762 -93.32054644881407 -91.19793081969338 -67.8222461846265 -40.201065580594395 
-21.540434783488237 -94.70630330731092 -32.472462452885935 -97.737726118228 -5.465928428535435 19.474171695926046 8.49825174394148 50.836891182754755 8.369252657193044 -2.790297394428265 69.59149100072622 -10.811933258335841 1.815397915935435 18.182880996596396 -67.99743213849834 
-83.4479295624673 20.247566715338962 89.45732409185914 85.08105427488715 55.91497002228189 -26.74163304473089 -48.551398784317115 -99.85531375937866 -14.251369048564499 28.865979027130095 -75.74936588915362 87.4287713748055 -30.74183925261802 81.95542344512833 -30.569856838467913 
47.15006952617338 86.5680833279416 -2.7562127844894917 2.015284311387333 -3.35292930833279 85.16915539928436 86.90962211322704 44.41095320730935 15.009266288056324 -6.64997094360767 24.416611899754102 -29.667256010370096 -31.204528765389483 80.31517991836355 59.159691107993524 
16.695916156975528 59.36373749631181 -41.90951304179655 -6.830870342816937 -6.641619416054496 -1.5637237061671243 91.5361784787612 51.648683387018735 59.84446163372289 -73.74021978598961 -6.135830138992844 -8.604734593528434 -15.446445830881459 22.21202970523592 45.61032188315937 
92.0696687327519 -77.21628699539953 27.468676546385808 -78.87105066653348 -43.67024682308609 98.61466578717551 -46.73305752326027 -14.928925888456263 26.645202322732885 -32.03663664452978 80.38808851592421 58.04354771637031 56.207326424819 -74.2118178003492 -37.5427963379561 
85.9656503729079 -14.730385595821403 26.677504195523525 -1.2716415498303775 69.63470056207117 -9.960605774205476 71.80058956683305 43.34913077831453 -67.90185423714199 -97.63242203018021 65.08514619499118 80.07771451164831 87.95577234843685 -2.6257431853014026 70.08154246303064 
-22.217361890569748 -63.26790785606444 -73.83327473689911 92.4467236740256 82.3156403341938 -8.335224990632682 -13.69083046878427 -41.854705445805564 -81.89937795200942 -49.51500545488794 -61.527660869292625 -97.22443276953669 -34.07527618182198 -2.146100285144186 29.534234309447356 
33.895228092142304 -5.564245578690503 14.096677916039084 18.263908933027963 -89.3185841921455 -64.03535738018395 -39.104945858777796 74.75272878606913 -99.20906799344769 63.27624636539875 13.442703236790294 59.591786996253205 -8.80472423915333 -62.510042351377 -78.21407287763454 
-38.362448015080574 85.35500529643548 13.486864331278298 -67.3314613085286 9.037016301178681 -74.1030696202074 -59.930582542356014 -72.14726152750242 -59.24769284379232 -60.88116818853233 54.4113027079934 -3.8434741991445094 -64.84615227080963 20.971276660612205 -16.845321170738544 
-70.05518362401438 61.020185857261964 -84.05698027378112 84.97773488395069 50.8804586270015 36.05906487783926 -7.386898472910204 -43.417239393805815 78.97411821345898 -94.55565481142922 -50.737781689015726 -45.7607509235262 3.2247945705450576 -72.38782353655246 91.88334080940223 
6.921451284823604 33.71253489896273 55.1348042124057 -1.51286569231263 -92.39809856029811 -15.870599943435224 63.45939592024055 -61.8272141114667 30.04538977923741 -86.41825105088571 -59.19869760399759 -23.478906602057492 -70.07531528076447 17.795603260008306 46.278743667391524 
46.93366498758499 75.49533338295544 -61.08123060084609 -32.89471941783803 58.33699057362094 -51.601981172580835 -38.02982733102536 43.356688101639634 -67.26114330217706 91.28606175149935 -83.15086600976689 -22.29672483534158 76.99734664640886 -80.29903048387797 34.74465292540444 
40.775206308530926 6.89101909777267 -71.33927449150382 93.58372589952072 -98.66068767211524 -47.62923267707284 88.04986681096929 -29.258118170818292 55.225078044237875 -41.972340625498816 -20.69045079632201 -95.62824857267596 -53.737605789953506 -0.20109643489432472 96.88746942935367 
-85.85017485692825 11.047963318311417 -7.129487340580539 -57.3968624572013 28.725374577942063 0.7283631852218662 -66.88762696325 -12.512786871309928 7.956351331841532 -14.360151250199138 -20.913375989310396 88.57465754007026 46.91251163989298 -90.05197634909482 46.96983201365222 
-26.032866771826207 -85.93243883247104 -49.63264017994615 -51.25058756312193 -50.01351448124047 23.341957100891932 -55.77274469313955 -91.802774316963 -34.36641029012377 87.18098649779989 -12.175747352473508 -59.508716311693476 -32.0453414642478 -43.90782554332642 56.42857625103406 
-7.661961517437518 -22.846376729465234 13.400368976987423 95.99067856363266 40.45262271397391 83.19874308609812 54.412837132966416 86.02154377101127 30.65730278377424 49.40967749059175 21.90455038272374 -22.973861640963662 -85.07682046612504 -66.02455555978932 61.406155948047825 
66.76038671847994 -54.39800745275962 -98.55062755036444 -7.036240590564972 -58.27323506427562 -42.55350711757635 49.277517092281045 -45.83380464609868 -45.376468145814684 -77.61290102684721 81.50082427521619 98.15688057242912 27.52410645365285 81.10527480616227 50.77498511108075 
24.8797655165139 -37.43336432833972 57.25544184234258 46.812885380073396 20.824404747540797 67.12133517235665 -57.646456673581945 46.56700885819106 15.620587186891981 53.32519419997945 -93.34790030881943 90.15248544698537 46.756323638934674 28.79919651774199 26.266825201481893 
-18.737453313713644 -85.0389685497015 16.502624338642406 33.30271118518573 1.4089860043863496 -75.29338745021694 89.20778386440014 6.333717327121448 -43.591104248583456 -42.30638093230388 -34.705557308242945 16.505379870373943 3.4726048188507264 11.978008238974297 -33.126773474246576 
64.55282801525763 97.15958920868138 -85.457175795999 -60.18572459152362 -55.75547666447627 98.48837363331953 69.01668399527509 -37.226708358977525 75.78716455815487 44.02156585510255 -8.346810563055215 -68.70756944080424 -42.09055621587905 -35.33145726895981 65.63027119463703 
0.3040071362036656 -62.692522054991564 23.805610400449325 -1.9673587354410529 -22.84485946551969 5.210105461797681 -57.65041932882622 14.096163450174899 36.13076795506831 40.302016370914345 -2.5639070896603045 -86.5982676705042 -94.61849760291399 -48.90084958500467 81.89487670261684 
80.4646509564302 -2.041873043710126 -55.99098088006287 -81.48899489157236 -48.65500696631906 -66.44878961879392 38.43162656297491 50.83854166992009 34.17503772786338 64.05556925852179 -41.29862003132347 21.183988071251946 -26.570544341537698 -36.262959016242725 -31.10044913959132 
79.22687325448862 71.82750299945403 82.39000670215597 55.25115610499796 83.17806582817127 -14.67244987117948 80.5986903963439 9.326143264380818 -98.48120372245239 95.88595351370739 -37.376510836059126 -88.18532977694429 -37.98434061794127 -89.2911483349163 68.7128428268397 
-33.297098997907966 59.751188259443154 55.339853400328764 77.92286871629196 -87.53612578823736 97.32406229002265 -32.7625860825393 76.9288875561216 -28.185911742716414 -52.91437263049579 5.556597892938697 77.66296556821169 -61.56536131235342 70.32785198720856 -27.874012684938563 
33.86502161353093 -48.83193979681464 -2.591536732309649 55.145473679438965 86.39731400833378 2.243951578778507 -84.23679071958263 -74.59366323047405 -4.334124614402413 -47.64599244418499 -31.74443881009745 -58.00921000782739 -9.271048972712762 -46.00312974500049 6.568579313298841 
-97.86214594289397 -49.613110554212405 -30.770407099983373 -63.47439535996931 -91.25692890706685 -39.993297659213354 -76.42085806291942 -64.48062801199725 86.57832462505382 -89.49913780780108 69.52567731271506 61.63990867232704 11.249821415909196 -61.221898057547605 -2.3431578809417033 
51.7804525864762 -65.63199873756724 12.734290354615595 58.95538097844869 38.11182617483061 72.3138378065419 15.181083041467673 -81.53008322248859 86.84914659604775 77.20416216493402 45.667046065481145 -64.94478712371578 -69.60404500353496 -37.427076512736356 40.535617665908575 
51.82612120381904 -75.05019118302367 10.555180153526393 98.74683535268827 96.27583113144814 -16.438677553500796 98.64761167171469 81.4113565146618 92.22598710118362 66.7465779643594 -12.409639816098121 -2.4839393786469515 87.8254824322527 -54.58539094973109 -99.99564387111309 
-75.68495492963322 -75.17085552641988 -35.05114430325074 -67.36443727037549 -45.45950952911069 -61.629049383697996 98.89685569164843 -56.77730234056006 -5.650065971018165 -78.16816044975437 35.87512570043933 46.08252667252415 58.97537744165993 -60.44087694978242 -71.58487529366701 
0.47795006564300024 94.75228055022859 26.166251910231097 -92.49544509858143 95.06786275873125 -23.33864400075052 -4.588045653342306 -63.691309454255965 -57.71264621812093 -49.84851656905516 51.06819654707883 55.40301508100899 -88.67349506438622 54.12163242183854 -28.139974856859013 
55.367108295343 38.15995782387162 64.6428427388191 -55.45904730414279 68.3225664724086 1.1255304635835301 87.18906590700993 67.04874366485859 83.71744471427215 -93.41540660377485 -57.00004041807547 4.7579636145099755 -34.13908310338367 16.444361657747436 63.21426664558794 
54.78151702198036 98.0299915888157 -72.87360500221178 -10.0412890423123 96.83213672833972 -67.54021005831159 -43.31272222925464 -44.00405434130663 52.23892093009684 -20.66449837730282 -33.79999180056976 74.38625075927956 -87.84892291320992 7.290368895551495 3.4411789847924865 
0.15801473124592746 3.935487354765229 -82.30653600390265 33.19286444295594 -52.3238839963708 8.914195088855507 65.3332794383652 76.75316263828196 -38.448007040276266 -65.44077336242364 50.82416583911973 -41.153965620480705 88.338085665481 82.36003819093273 -18.512054936292515 
17.321593667297748 -85.18044570622172 33.242054947981615 70.70882776572586 57.40085102947816 -84.51505495647388 4.5995831866073615 73.7954958399182 10.844371022907978 95.20178728805115 66.89497527455293 46.35046271230962 46.84742694921741 -78.26068814972255 11.018333533815891 
54.52971221667923 -46.722732795052565 97.79213925839457 -20.241461554229232 97.54557703652029 17.983315472587066 35.76254819277028 -74.86740022433347 -34.72865713908959 7.217877362154184 -40.723553507380394 -81.8149383657506 -23.277393732667235 -9.549173402508131 12.382449465006573 
-24.731410194129367 44.01177642159391 -51.939295919686714 -61.160364982155826 27.457138590419447 23.321402752796814 -5.85679480856507 46.966170109909854 54.29482492579686 30.993768821543398 82.3351927515645 -46.46326088855355 -63.51978758360357 -55.869728417884886 -69.2074440978615 
64.8554949836668 -83.3656736607017 -42.780069348097925 27.294882908631607 -70.13637287543453 -68.5849053366822 -23.86096420096267 12.948622178623737 50.13415672842984 52.16065835689341 92.5768069374549 -43.80554971625954 -23.257150145660262 -32.223113075068625 -80.3235033762687 
-26.570905521440665 -9.037302798898054 -81.53011843831126 94.94320238203477 12.148339077229636 20.470437316643796 -17.721814229698268 -34.62806343143414 -67.36060541217243 70.01884529367953 -24.25306919962982 76.666964092396 28.54663269208072 -72.71297912827129 34.21376892455257 
52.696805070311655 -42.86043429769162 -82.32444475058294 -87.86783441123862 30.027189161341738 78.80504095010775 -80.64409617756357 62.104459415548746 -53.31116734212926 87.638864639145 1.5132573648370453 70.93485935699232 -56.20583854902592 99.44832282720162 61.59867151230307 
-82.40856071801764 99.36633591417063 -68.20449805604223 25.160350519970535 1.7365535891131714 94.18144190017944 16.78916723572324 -70.72863130821028 -45.12061998307723 -86.51683630360787 -34.34293597810618 -66.47273728104483 -86.45644529631409 98.96536002776597 -95.68971326143073 
23.04078758186776 -69.41792526258199 -53.088335522229 -39.46430970523258 -51.78653280617191 -33.237943469640285 61.65764419302613 -44.11045939111035 81.13002970491908 -33.16179188442587 -79.29724879362989 93.61092710588952 -1.3278766180555834 -37.37391998937727 -42.90446650762703 
53.44119346392989 -92.16467935754713 57.265852584797585 75.19183158369475 -81.07065191645452 46.96180079552573 -3.2737241588330477 -24.456565767834476 -89.22396436067208 31.819761327999828 13.432085504445695 47.11470497119487 -55.068447012969955 63.57830872628486 91.11850203871012 
-3.610426192999199 7.39211522540451 27.741288644059964 38.04953996765525 7.395723025652984 -78.38654184580955 -22.546136098191425 -35.173163358104716 -24.059291894319387 -7.471086290200546 -68.15824179436088 68.96984772436932 -32.757458310318526 -17.77477948664537 29.112470074163298 
-37.02705176666547 49.740167541776 -87.34751776551161 -32.568345920706676 -33.44165620388824 -52.909254589366725 42.34060446874102 -20.33459404044484 27.20730435191537 -6.509133141845751 57.199222307916045 -74.46879313713299 32.98441810281028 44.187359365562514 -77.89582697140185 
-53.80079853677577 76.82084828823028 49.01555279316449 -94.47883004576332 86.92033414113442 -86.20948514737896 6.912897620452171 76.88319258987332 -2.0355574645315073 -25.59011317255853 -14.072494872122562 -57.106442839287055 -31.796883035053995 -64.7308847527275 -26.63171249678291 
3.065506874136375 -88.20608070334335 60.32945901784552 75.43140465150023 -64.36745657635083 76.41572279033824 -18.115862724754265 41.54250957575644 -50.461747352147746 -7.4675473478583285 -55.77741691731659 74.44828543834282 96.94998923996104 -29.533484759484736 18.10396224059636 
-38.45966264326128 63.361533619840685 -86.15445059409657 -89.12921411918401 -22.39693540827193 -20.75538056518367 -8.24041301764457 15.885847047370149 -76.11076425033608 -83.6166048538898 -97.64874091456615 -3.411229615913541 18.739177355859198 24.148281233931485 69.4608590439843 
-13.741457769360466 -1.5493357244718453 57.839051135627585 -68.6875392651068 38.459804925951914 35.651310634536685 74.38003020294354 -14.725625807056858 -91.39111773671999 -29.434818744713965 82.01214309484689 -1.9074808733955138 -62.96084811088527 65.89507972481968 88.70526501029585 
18.356276485951526 -87.88612861728105 28.336372930400955 -60.9927531130604 23.246349253110353 79.66858181412789 53.18829629032257 -14.473128694371766 27.438357495355376 -53.092893075803296 -41.67451223609613 -51.17911760603826 42.232135997918306 -58.6264785926778 -15.063304226219515 
50.017800280100715 -87.19630044553168 -86.91202344198202 -63.8471684893293 55.030425383574084 -82.78277220146597 -81.03197328883923 -91.15185826802532 -84.49474159742874 83.33592666618188 -29.62164258706379 36.36272313312804 -88.21187974037554 6.644186604594012 53.22928703983263 
-70.15433751920895 9.61868696284509 32.17918313344589 25.82258116067284 -69.80624864311511 13.59030145043451 22.616577489823868 70.73894857147869 -81.60451972606032 -36.773039232830975 89.99409592267892 91.95005656109578 89.44059040692656 -76.16013451312604 50.049985081504786 
-26.176403127912565 1.9390915840828598 93.84406273400731 -78.02077287362948 -5.213562853493059 -92.2076377778706 -92.69150730022253 -5.444300139534448 -92.63173518926028 -54.71929936124369 2.7513989396027654 -46.58849365533197 8.888099649785431 -9.796387137078113 93.51627575321257 
