-94.95664296586655 -20.900419081396223 78.34964043444572 -78.0809124549982 51.86052964575697 53.95526065633035 -72.6054412042179 77.36499091408763 -75.01205987927631 -88.60311814618167 3.9631965340342106 -33.49663532744047 -7.5924525380839185 -29.708057630776466 -3.6300984313516693 
-34.042854948830325 78.06173610616733 -92.8165575651168 -85.27906282490976 6.2333520637294555 -6.921850247594904 -89.72751152083818 -40.515396574398046 87.64157684764189 -50.4973569677116 14.728884290869644 -33.95244059878688 86.51963083216114 96.31615362275105 -4.434933979418403 
87.25054202756039 -99.64701528347561 29.45652758074681 89.09996547684332 -29.0084257496287 -58.471147693332725 25.20443136660431 60.70140573614344 83.6558309497934 -18.833230500254203 70.37415369644307 -91.7617465821498 -49.187424685136286 -92.1525539474775 2.9187233076497705 
-84.88625153443306 15.735914062237114 -34.23240711332663 -84.0067882892958 21.290268002998076 33.64451539195147 34.571963522148366 -15.70816377045739 -7.31667989224249 14.620751951027344 -22.055781225329056 -70.67570960445354 40.96277432431404 90.98128961147367 21.212746424061834 
30.209327849965632 66.3268749093059 86.51450920062089 -75.47614524935014 40.24986106304323 18.411319982764795 -16.74614122918159 -28.63451022624139 -92.09411425539122 79.67428138493585 25.177636748386774 5.8771818750742 -99.53525543581476 -83.27612312055408 -9.97086908815345 
11.914254025308523 -91.97273172356194 -12.248920033342301 83.69768548442701 -87.80131564369653 -36.43955871359958 8.89922089357276 -39.94308706155214 51.65120913324799 28.643068398837755 10.645000192066803 22.64499552317598 48.095312649423136 -55.4865944665903 31.865820440721194 
15.845346946221483 -66.75817105446598 34.819935785065894 -60.62972350934381 -90.31433432861435 -36.5754998207382 1.6338302202384654 -91.97204185424476 59.54920163328427 67.6783667924901 79.92659654428246 -81.1227511464891 55.026488239660495 -41.2688615625235 70.43296996916433 
-82.88207844338773 41.58578403566608 51.99633396620348 79.36008619490335 75.74537917444661 18.431898213439553 21.731772875687 67.74905592805723 -37.29575562299501 5.5503675395008685 54.86195649117806 -59.927820566629286 -88.19420815181633 -24.314955106369922 -15.380306551787768 
-99.50728257562436 64.09405208260281 44.06374807617425 11.70882836521423 77.20524190887897 -96.95368313210444 88.40490781515706 -45.776959159356736 -98.48708677178418 -19.481741756945368 -94.80874654971151 37.61234455888501 -75.34966065791127 98.44222488679691 37.618424168204854 
-99.72957758920964 95.70692051030215 -75.562396472364 58.770629965279454 46.6863054316791 -2.6491880670828465 61.069921004817814 -92.52398127733852 -30.512629830664338 69.89178354446949 -77.04588831375565 70.32869502812645 54.79337805687382 -53.95995072667474 -59.651036819323245 
-79.82653767764242 -0.2938482846062982 78.44510958573946 -92.35298627071367 -76.78356309981787 28.655717267402736 25.370947607974472 21.00584746844696 97.5727367581479 9.446948219036358 -80.95727851561654 -54.97540010200333 21.218088318082977 -33.238794771742874 34.30519471864676 
-22.356977124438515 -73.64889348685402 21.31805351217666 67.2442762098317 -81.35724567775091 83.2351690492043 25.024928061032156 -82.93448533253249 14.00121918915454 -79.52366803989136 -95.44816102257634 11.066382543793466 21.990950695544086 37.40053960766599 -94.03097073586257 
67.35295697451312 -76.55992936510557 43.514601764162165 40.18959422036801 -16.186720754741614 -97.61679313428444 -78.90541342773673 61.579891831074804 -97.41895292883895 62.96422710678246 -35.052081177940096 -2.5949992970200952 71.11556613127789 72.43605871574184 -96.85775192852763 
71.32910199843928 95.77321682635429 83.87427091063745 86.57543305682503 -67.58913151662354 -45.32103115839401 60.488066261209696 60.084170699355184 -50.62420852346876 -39.66988175754829 -67.82465183359992 49.89959944793887 15.868610586150368 10.614832030743699 77.14694677128136 
60.857492024321544 18.628557762916813 -18.437418678575852 6.583363731440571 -82.08920929204737 -90.99305472618602 -88.37313250577256 60.31248734350294 37.74606400252566 78.62898496360273 -99.72471002073424 17.447367442090837 70.05551354899467 14.647105467734306 95.49223966128824 
69.76282908003952 37.44518902279495 -55.016556413972495 12.351717853590614 54.83963665644808 14.173647343755704 -39.52537035746357 56.21750804911292 48.62236271809505 -99.60515311196798 38.91519055378123 -64.79213778248237 -68.31943289819979 93.57112717946632 34.50459513963179 
38.22743812165757 86.91094860781595 82.47054121510678 -86.26508340293188 -0.9898403967868461 -14.931827736482276 49.212105580183874 33.993104372455974 -91.20581601323701 -77.86079851671616 -18.131684209078557 -35.081589877258864 9.60938147573627 89.86749906428992 31.411809944458128 
49.36461380227041 5.754430587710658 -69.65130095430072 -97.0307616830024 19.92010590421789 37.579159658763615 11.715680443747999 73.9971421841388 -28.321416496274182 65.59801346946529 61.92963478295829 48.23743931454695 81.83471057455037 42.322349440499295 -81.96988052916257 
99.44563689359299 -99.57011887292757 -20.416263537557327 -67.33928985840782 -32.32627754941669 -22.64392685156686 -8.740969550745888 -51.54515326542699 45.943102940235065 -52.21760536023241 68.67575481744947 85.26255495932449 97.2595100783625 -1.208930055380904 51.31745167245634 
37.36488288255387 52.43909745745691 -11.440177521216754 45.01038954856986 -19.294961877972526 94.65475998753806 60.16266387280683 58.10890251959904 60.71335419424369 -21.47947303841309 -6.863375717141437 -31.349969335564637 -59.7732592083684 -30.341860936045208 40.515767009093565 
21.64202649913372 -68.95773111485673 -67.8927588560037 54.28626891220972 -69.94874150570305 -21.961750738755143 98.24482865776477 -2.0134180570568105 -6.692484296975138 -33.729621382672676 96.28221807542369 -36.940797191976 34.53329819237291 -12.898884283537583 72.23842844659453 
92.30160336570674 -21.714257334465813 14.43086423474844 73.350681615084 4.671933401859405 -33.77317722692264 19.9843804841926 -45.95951421988516 -36.10484162274401 -87.04197703462388 -13.960047560020655 -11.944484651075243 -30.220096432213566 49.94000055650497 -97.8371815994106 
-47.85267075619109 -26.956820072668236 18.249829003357604 58.29891882254651 -95.81567712412418 35.34274247372474 -58.16365881370245 -42.65437283578286 1.3850213083920266 -20.645250225940146 9.633643498944068 68.05997137313392 55.82224993729716 -78.82064188260821 -22.623991387597158 
-12.642734441652294 -53.77072307290247 66.1175192166456 -99.91860299302739 -81.10296328319396 -72.36086763943791 48.4158667881741 1.720495362309066 31.24961250328269 54.148745077008954 -39.92310301552591 -74.64118872278988 45.756103378700374 64.07289637521703 -46.570184520610816 
8.70123079831393 53.467691822061 -45.651862755553196 57.85814574661049 71.68134272781577 90.69654079496402 74.98838343798383 92.1777351971605 -80.6626192844784 51.551320799560045 18.88671607180497 -29.26400199644428 -66.22647211553172 67.87650047907735 -72.00986624187165 
65.68645433608967 -49.77537548052342 -91.85647100905068 -74.1663417789858 -93.7530564767408 64.68667383591236 -28.948532094871226 -92.97778639048006 91.69122412501792 -57.16112698486806 -42.54438031991006 -49.23994919022816 17.95811922705515 -11.707572481958621 87.87540864043865 
-14.810524017551302 -9.187151653283294 -18.96053275505625 72.55226970598781 -1.950873828604145 98.43922479141682 -7.7914394864175875 66.6755480453408 35.015351838404484 -63.60503495581029 53.775295895856374 27.006637643435113 -81.74104542599459 -22.16340850583805 61.04190722363208 
-77.07065861581262 65.88521204799241 -7.543033931859156 24.599754506180616 -77.72845105058317 -19.849235088334154 -95.89520253918992 25.20984711668848 85.83710325182611 -91.71895866647151 16.555099195347566 -38.576808451943975 66.37669277142214 -46.68850002065847 95.39625188540134 
-49.90248714807104 -85.80640306279707 -26.552944641762096 -41.77989882938531 7.554657580539853 -18.68371180014819 73.09079213219454 -51.910800634582465 -56.6438820153756 -5.210076908879131 -39.61227323438648 58.11323266059577 0.420592362232469 51.302931302579054 13.66643800577097 
87.31170500304347 -28.549500006633522 -46.23634298507462 -2.6825958257123688 -16.160109692148183 81.45548103342074 43.61084108950516 -38.98844686202425 68.99773091059726 72.54146834737341 -96.15507971058518 39.42157857637102 89.31595780576649 33.55285359958236 1.0823471729392509 
53.214940083776895 -54.08874191743429 -38.798164104950274 79.88935180788462 -10.83181754633435 46.247414530005244 -25.526221988466972 16.77166607701568 -28.25188459431571 52.82827419802774 52.523095364273956 26.624220029737458 89.88612120958203 -60.93836782074009 -62.29780622840892 
74.36867594049431 4.130138494244022 36.40922442452546 61.31821613037849 77.2417569601584 42.79562792652527 66.30829461112415 77.0495671855445 78.15104659485601 -86.61309373018247 -53.57737453299612 -20.10336494875449 80.29037913209686 -0.38749629524220097 -23.947917834315888 
25.361387003356086 62.42093548130819 71.08463376628526 -50.70379444612196 11.950734701885992 8.721702692729892 -44.16396867731818 9.733219773283253 62.707443200959574 -26.72262378975026 -95.36640066832706 94.6679261310936 44.24309118922656 98.88222812449004 -4.414119010791765 
-89.57305547301983 30.994810462260205 34.78893904765545 -6.515941899916783 -30.391619210484706 77.69495704063465 86.80159859342083 53.60939118343276 -48.388382934111675 63.87642099295232 -10.71706851379048 -1.51227574396124 53.895238489605305 87.09730294967727 -70.06263867835385 
45.4534365640923 -91.97254658363873 -52.046386416371845 -33.085325672985235 74.5052104135039 19.915589849907377 24.43978123214366 -57.76719482172395 -90.09270900023047 -15.984999067262677 16.18624702497526 93.59209696379506 69.9785379167063 57.33176765146982 69.4923702690304 
90.75428985381222 -98.79562522168857 -56.14423642618522 76.6262593149753 14.523618769179606 -0.40738198738323206 -38.68844288438697 49.50194471044253 54.05297958459232 -18.56243020465638 -5.214043194586935 -9.735965959963693 50.81138500498042 55.836451231000694 -16.991871958547605 
43.515554891874274 -87.49879346784286 -96.01011798335664 32.682298748314395 -38.277545596518635 15.620823420311325 -96.79575057191856 -31.96250053368375 -40.745255990236686 -72.35719525551116 41.275170847217225 -59.789339949011854 91.54796996414686 28.293419305799375 59.04887959843194 
96.44993846668314 37.65636435719958 -48.46820147876662 -8.124861263869576 15.332183641887383 63.97289943345311 15.72442582782918 -76.14565983686589 3.0975613441075893 -97.13277480580498 -25.98765026660959 -98.90001657108813 61.179657313509665 70.3211237824903 -59.285766566921126 
40.461950209178326 -77.3085350084495 -84.39345672898261 -37.32724720412162 31.20842082459231 79.99412109974301 -20.361417198855847 5.50619049596277 -43.62543817982112 -9.152703494675563 -91.88675230600796 28.435466917938697 38.09925886861541 62.12039839552875 33.74957489756761 
-49.15102088755474 17.057649443657553 -89.78336413867467 -81.49487037501416 -98.16130227553043 51.13439373233342 65.57846438588984 -72.01008807869175 -15.52219443323446 -70.83299018861742 -68.10992107254197 -93.93012755880336 -88.11006510401151 -78.94418096965441 41.46101881580131 
1.335284663588098 -18.44047257079538 -34.252559164765955 25.49787626569548 4.96622522479278 -65.1794213305654 72.60210956286161 -44.571380737766965 -55.542109114033565 63.05316650006367 -95.5133343485288 -77.69795691551901 -28.749693396843014 -34.43135963179256 -56.99631355489059 
-85.78585638605003 62.43551131364856 -77.19691353894123 59.93788087442758 71.76309580929492 -1.5922189366968524 -3.872261325575721 15.809210879228843 50.19968308188365 -19.43053286897691 -77.699805009607 -71.95228713266981 40.624169987136696 37.32929675603569 -1.483932326294621 
75.28680921443961 41.29302121133307 -55.00927689850712 27.13434012502212 90.00722691353107 99.53570130432831 40.58637656221438 61.28539722209797 -29.902130307328505 44.04939481991673 83.17102794294868 37.70768678228393 15.52104154900158 86.85302320000514 -57.851028179367404 
-57.32606881072569 56.01942581943226 41.44990396681749 -46.0731755499324 -97.17351020450955 -73.4261656468349 38.418381242702765 -82.4413696983967 39.168182876254264 -86.13763253961496 90.76157188701112 73.83005680825448 86.37268999307409 76.17603164304049 -77.91668331989776 
65.45446535961463 -55.206972283991604 52.7654201169363 -71.43575370022472 -31.23944926749202 33.16349609909054 63.80019784255592 -34.676504283522846 -70.5372293537694 24.871729169247757 -59.066309488662185 -59.334865334876774 40.370949736389264 13.032047768102544 -37.07705037986027 
18.427109619460396 15.781268688254741 -10.882111565879768 61.52183919795601 11.461850026395965 17.183850594854604 97.6981637947236 96.36746619025479 35.96298544398314 74.16392450146125 54.66173896395884 -95.32908421978506 -44.03548695658335 -44.57769593424541 -96.40149286331987 
-63.57077506242992 11.487914639745568 -6.7691612114119835 -53.486094850888136 -16.31737368673025 -0.1451461918981778 -46.798045501055974 95.03599269626463 72.1005397163276 25.462568767353602 -81.96524812646904 -36.046412876515866 -33.91110359926782 96.94789375828813 -64.30459444788764 
84.67853346729518 16.869713392622458 38.39659968061079 95.1380849391399 87.74038131076054 -41.849355262128874 40.94790645706976 -23.72838279127683 -71.10660244807829 23.054058031611675 88.84908191733979 49.463254446120516 -26.86085512285203 84.22308090559002 -66.4728984679985 
-92.01824824189444 84.17501746441312 -93.57889333877732 -44.36842618228836 -51.13005767198118 89.45517362093412 33.763864480911195 -73.57425721542126 59.65562944256965 9.269878891176205 -80.1471767118493 67.45802880256778 69.05918265907584 46.945179431074735 -26.5484408255535 
-1.702190531759058 54.00036547092125 -51.92898989215189 3.2800693820514937 95.58174955140305 -3.464541801775141 -44.74340836495614 47.97877598551793 -38.83049230490225 28.03495260059009 -37.49749947708334 -80.91994867647438 -45.991855120311875 78.82086778004157 29.16556224784125 
8.505383581879443 66.71660878739573 69.05376679266391 33.78075892424005 -95.50473042816002 14.63913946194819 -50.92761652663293 -77.98552194464612 22.049733946452378 -2.9182455919976036 36.72095100886031 73.23504390320466 -42.280691502164025 -2.8843300072707336 87.10359790296658 
-71.79035674086424 47.764154366534086 64.14091993237093 73.52280494208637 57.162093568003115 89.9518580276399 79.42237320482667 32.28610277830822 16.777944666752802 -31.714838844924415 35.370162853915275 65.5720563626169 -19.449427545060203 -84.94154421272113 -31.64995040885934 
-84.58525114841248 -60.45553299554447 -90.72679994449825 79.75959308495902 -25.03272211890844 9.001131217612539 48.796134539717315 -58.80642823003126 51.52512839647537 -28.71126960210357 28.000075061799976 -41.82438469252276 62.7198673800888 35.75936091071469 -90.4686254642437 
-78.9994637204716 -57.36996391151001 -53.25361455170279 -0.36254847270757296 70.0356015484445 74.61422483246812 94.97356585797158 53.4554097042693 18.69439604223983 61.12039567376695 61.50540644364477 77.23138221042905 -12.357539221288334 -23.525499184015032 -28.734823257525278 
20.04105328792491 2.560963100971577 1.8182783041055188 93.71388983283828 -71.72809446387029 32.80546107740352 -57.24051605194291 81.3791790998132 31.446346038655605 66.53358501842368 -69.11078779157435 -3.4317104562869787 -74.65671466670159 69.03113783139688 -52.36989963356067 
-97.7499108492351 77.96085885659352 -23.576131469607844 -53.36163530212714 -53.57479790154511 88.1983590646607 58.833691057890405 -84.67593584086153 67.46746565520999 82.03944988251735 95.95598314139261 -60.26079772933708 45.83914793840867 -18.728929539866314 -89.96085011267006 
-31.417624486862323 -67.1788071463404 76.38711476288992 93.06585572788995 70.65644415353833 21.76209610456563 91.53113034636453 -24.321170586679415 -66.94472103213892 74.88212544033095 -36.650541434276775 -84.26952890721246 -80.33783542902174 93.49768868951702 -21.012054989563026 
93.94691849246456 -66.2754531803157 -41.65489762111354 55.99693446711845 -81.64230839898693 88.91498286080753 -1.2187405671320732 -41.60245816608945 -54.01461164445453 -68.31550546670424 -97.85979499689618 25.179238669889443 -37.87617047060942 -54.578479974271985 26.775427566621673 
14.561686827247811 -29.380582036816463 40.41787287832696 -11.493693744387315 26.967842613477686 -75.19671894605247 97.26557178264034 15.09193775884114 37.1431804401457 -54.93783868611146 31.036396236454635 -7.748404967640781 3.4509557246641123 20.5948898495987 32.44373386630829 
-52.06025728507386 41.97778655313411 -38.489719242649855 21.381834666619653 40.61324483048574 18.721734418900965 -36.814351024193236 -63.592687709893525 18.618869669999754 80.7339753309499 -49.18152909800235 99.15671078763194 -95.68416263873081 80.146358499981 -6.359048163858347 
5.440142270633501 -15.133109679406402 -32.906845076528654 -40.42892948899943 8.202128741850444 -58.04831256841489 -13.971392180522543 52.50306279591112 46.94841037712189 46.83217030510488 -69.00184364368445 85.59829705065175 -80.49471680223215 -92.88541120750638 78.66068958215823 
-63.569380176298296 -86.76452584261854 42.68537048500036 -92.64457065740454 -56.1077057699521 60.52500777186381 14.74865509123174 -10.855165543226207 74.7260773901082 66.32875106579806 -40.361874050996335 -29.38915045513373 -6.88942671915423 -25.145769463474508 57.866760498165604 
28.68017884775466 79.96914440043255 -81.47721573408435 59.85170122559501 -46.940968851850975 46.76660341923443 40.12084959055022 38.74730690570459 -92.75828912940638 76.55005698796936 -95.65225611166245 -30.92486947023268 -87.40439234754844 42.025313439376646 27.057969642613514 
6.761434035819789 -55.45448117014844 -45.40441647354394 69.14766230099355 -43.77787943035316 7.629099712590431 55.903705215290046 32.471825256006156 96.5761496465708 -43.88715328155055 -85.14761679435803 -95.6605123380069 -19.469117483366077 36.13259227956641 14.695607582615239 
70.65957996776157 -89.24208881225377 50.48209474618122 25.38899507657706 -47.10968017362811 -66.16893067491074 94.40981819556015 76.15114073466358 10.039800039100328 42.67871469251841 52.60068064630542 -88.39815000360383 -12.3610228966986 -71.5466488372974 54.06391472722697 
19.58136724504888 -38.21186372579759 -53.785910200177355 -57.87307362360774 -3.1417261998730055 23.74446055338673 19.782773408094883 -60.66547598468479 -41.21851456541332 -45.237259797313854 -4.03721717773071 18.967384104538425 -61.54650290124781 22.3007195542655 -49.656145618556 
6.412723586124102 96.18239699428796 36.45332371035781 -94.73251133784255 -91.6710231975886 54.76089066543156 91.00167240712204 87.84826667213298 -89.76461074436928 -85.70555128169974 49.75385842993472 -55.940538897280476 5.834750290126863 92.67578693472197 -40.09315633345032 
68.55833430285753 0.7111975342802168 -34.56998725682084 72.17266599441905 72.9326047340565 -87.6751683609354 -57.924683828919285 -71.66792541247015 -82.92455118805671 -35.248839437956406 -77.15331586251224 62.829257758340475 51.48919902180327 -62.57625486986549 64.71169099877218 
-3.1208670215470846 62.74708996688537 -48.11017231038144 -20.913332239792013 91.94364904035757 -35.584418937808564 92.03508321845908 -87.98229836193391 31.409863529419482 -87.70471449429013 -96.90408228994936 -79.81128546157544 -38.20839485102716 -33.481826488368924 -72.94016139239284 
-46.617571378599784 66.36518619803255 -8.022810684754234 4.21016765792406 -93.35727286507863 -76.15656398159012 16.457390310096713 -23.966865935510498 15.401968348501342 73.6425501435603 -96.70668263929139 12.933443478074096 57.080319970495 -25.366126713655476 -14.232732074897925 
26.633245084743137 -0.9291995154682127 -9.578705138520576 3.9063361376392436 -60.28229056842365 48.23806126661589 56.9634408405409 -81.16382267802216 73.14002463852378 14.798415080113699 -89.31771318427748 -94.04152627770902 -10.977917466755315 7.471697362773085 69.79906033501376 
29.378807189930853 29.01333018877915 49.17447378040757 4.86088101139724 19.871394332665517 60.9863838597968 48.04933938910153 24.20847385689639 -21.364486341639804 -84.13478774807739 -75.28338539793671 24.24491988976534 29.30090632050272 -92.04177501642452 2.828082353021699 
59.45657964437251 -70.53208703399704 -41.8515420396615 14.122793209202328 47.045586848120536 19.25198728761754 0.33457419981783687 99.53361640071071 -29.493196303432455 4.733609059771055 0.4835584488332074 -37.948401315049686 28.05863223719743 -28.070778138860348 32.246149533255334 
-9.667707267810073 31.261121530828575 42.5228808404398 -28.61643213352272 60.63182892448208 17.738798781546322 88.56155596688782 9.87354398568732 38.23686581143116 -94.07137636909744 -76.15003317186277 77.3582846145375 -41.401992814032184 2.7267521594626487 48.99846930816372 
-54.328319522339584 -22.589146430559737 -12.30232522262429 97.37091425743412 36.08313953864868 -78.56448322605874 -15.459456698596185 -14.576857945569017 26.199028160551862 96.3243035703658 38.70828582517015 -67.71883668185495 -83.95412073110673 66.25121596693197 -52.532486974210514 
22.192052695070714 93.23027368891533 -47.578344572345 1.215737644186035 79.16937603700217 -17.454730066400572 -82.74577216776346 44.78371554080829 24.326043614465064 -44.73646143527823 -20.239575934140802 22.33669263637796 -85.53898208860791 -69.5891292062516 -45.478953278042255 
56.64160273901152 76.19943404052006 5.796588363540849 13.8469535968962 16.777504913568663 31.766422045281075 -39.93487488613234 43.09924066747902 44.44067559854895 -10.784683309713984 20.89485089844996 -24.54895663772119 -18.840801683395853 44.3117518785601 5.391659134903136 
6.256049411334217 25.704470316292614 55.506888273600424 -7.28620021825914 24.581466208127225 61.42306018108863 -88.8924831938915 -53.610723167289635 24.781137679063676 49.54139135130447 -31.13881104905778 31.798486863443998 20.261525492811998 -26.924438477417453 -88.15481132122062 
73.97685495334073 -18.569104252581752 -72.52866093835581 -50.786919243579696 96.99503037413183 83.67726054993858 -70.28942272516812 -67.0460022679178 -29.489608710718258 -16.68576085820949 43.50342978518228 -98.42027731185689 -97.33625507203631 54.23807565866804 18.89223834647484 
-3.653222214305927 20.57545357486252 40.46049865690975 9.483578301361845 -72.41111956477464 -45.94621520858138 -47.87313812189837 79.10432276698026 -33.72600262023842 19.674295483772553 64.20284785888444 14.850756971340772 -40.27450409176665 -59.66968713778715 -22.488462031864742 
40.82458405533694 43.73890555824832 87.59466370732639 65.74977735840304 -46.924417995153476 8.715822212584712 69.01559821314959 -48.21411175908808 92.88630413662756 -31.669968658739435 35.53544058199191 7.174501960844708 -70.10517860364578 32.84710612913199 -43.77431329738026 
62.89764117455675 -29.993215396088473 -50.56389642031216 -73.37250358714664 -52.6976141014388 75.35395870745327 -59.19261061239951 -17.3032586059596 86.17403403016684 43.016163447447866 72.3498516327144 -2.9180796377547864 76.81663214614647 -64.76248952946648 -77.89063269710434 
68.07240853715729 -36.12002646273928 -94.41732436325768 37.70453249854515 84.56668624199202 -32.53198358165652 6.608281070936471 -10.023465514160861 -21.898593955014206 6.061661999950104 72.00131885437818 -74.99710975233418 -88.40726512095338 -40.60116208551179 -80.13050554749074 
-62.43634490218943 -72.50267270780144 -58.06093914030546 14.036542899138254 -2.3072768817896474 -33.983697258632844 20.385226060586504 63.1331201771732 19.36630819002825 -25.517967725068786 -39.01531549777219 57.16420732663539 11.697852727840413 -25.67030679212894 -8.710309417009782 
54.78658227230642 16.838493025900874 60.40871186894239 -38.81397158602407 87.25795318625904 59.43109651884291 -69.12514826147668 55.47301600454355 -25.429796288072865 24.730648285365888 -35.15596088439406 42.67047417731612 -90.7975588755755 39.8268422429347 51.235942838372324 
-87.24457329858303 -39.75289515115321 -64.33548577696865 -72.33681663353586 44.65076987960984 47.16851390245827 -9.738234314282849 -63.79907998065353 -20.436417538151503 -86.25623889119609 -87.28129315475202 96.97055990819129 -83.82310940738533 9.71460330813234 -98.09305913750413 
-29.23292291552019 90.01700400291469 39.407785618527726 97.21615348494669 -33.50218193914951 -66.32991854411225 5.136501339702292 -44.696721356728595 -13.830870280578722 51.276999507914525 39.92357758812713 -61.678546411554414 -22.01520323166848 -22.683675414820186 -70.22234175109304 
-40.756395640234764 90.26836752539259 -15.444730151158964 -70.65377628664258 -70.16373791249856 85.56989594322437 80.80480591719646 -82.76262930826701 66.58917924303779 -35.26304102813694 52.299473676802734 37.6495319294344 -21.55968558526591 -40.07379712346313 -63.41326043908055 
4.670455789938828 -40.688651604147275 57.74169388041548 8.128738098386009 -46.77258079275768 89.1993252371025 27.68769421036366 93.27944470210153 14.16105683904702 29.28053071690141 15.255192189522731 -28.26144285110297 -82.30879339953697 -55.965130661607446 24.757141988157287 
6.906040362341017 -91.45551935645193 -33.83801089953067 47.120711078007446 -3.393209668500191 -90.21552229385439 78.17204003580127 36.22539428857655 55.02430040071843 -34.39178467061035 -8.95748676486403 -94.86248547128966 -1.1514225252002177 23.670905106576498 -28.304079614625437 
48.92999758476506 -89.52938555682066 46.136677272945406 79.1507825276411 -57.449498314274635 50.23832564287693 -30.892252240511667 31.13981946522543 46.26845587097799 -55.515400791280435 -85.15504742896245 -0.46387651966533383 -73.886928368803 -22.000767665391848 -73.51654861340802 
-58.32312793625329 -47.150575840936156 -65.95094348222514 55.0954914612478 4.502074392207092 -81.75443685618396 -30.00993433964601 -73.10957230572508 -88.37773877456536 76.66996595846638 33.83297820391982 -47.55393126223668 74.09287435490165 -14.02394566147936 -14.333502603249542 
-26.482050998617666 -11.010493070498754 -81.17226565092125 58.41496068340706 -13.108245174265434 66.93352283806641 -75.67894899318068 -89.14203857810423 46.61373428595337 94.8187947713939 -86.59034245040155 79.27265211225884 44.381631975304174 -92.15218409273878 80.79312526645921 
-20.603914167431526 46.60394519700739 8.937930287254915 50.97100264614451 -48.5214305699909 33.03979980067621 -88.76139357819501 -46.82752289114378 12.185530055988764 18.600532988906068 -21.39449371565445 -25.696273361010697 57.123376617052884 24.663873392685147 41.86577653074562 
29.557471901108812 -10.267305215145612 59.74330382177732 -64.35448986369451 -64.56049935365063 43.06034403386596 -19.1164198022568 92.57649143459523 19.83650034026229 -62.326760429936016 -14.06838957900527 -24.99114973802361 -59.15372477536578 16.042277079375793 -61.37334558995362 
-35.36859800796532 -87.05574475265287 -65.35200839044937 -71.32115323543698 -23.40548191302628 -77.42237208222981 27.52298118294631 -60.58840934682379 23.99403644805311 31.60484364893631 -1.0142168121376471 20.569899807625575 80.45684834393822 83.77231386779056 -61.16510314639629 
12.187426417645227 14.863381649255984 -52.55786556303163 -4.387689942936561 65.96085071356313 -43.20656046464579 -52.702805463233474 45.479551153179784 87.04729536617876 -18.624680245987136 37.06251874323527 -28.663090970041537 -1.838361528190788 -1.198150092372785 -46.91444323711536 
83.85257792314351 78.88496334987542 78.85976909452185 77.62662317302426 58.21797276145696 -43.2464572678551 -79.07318994246674 -5.9414114005830925 -34.177932440676955 13.666037063477603 -63.672692743523804 -39.53091445324861 22.69380501957184 -22.608228936242142 -8.898826178847813 
-12.621980577659286 26.09344284068449 76.65598465629955 -31.939591796113675 -65.25131783818092 -45.90759383830385 -28.344827571560643 79.67508103804528 -16.462587924132194 80.06539357732782 -50.74999855184981 6.604628540055231 -62.865736055011936 59.6518450880352 -21.01317180472539 
83.33468887188405 -58.071611186676805 -55.265606580159734 3.256635689827476 86.57165662073174 18.47419813327768 -35.64869656323479 -56.976467597947035 5.981624273306863 -71.08309879778133 20.61871164224536 -36.898308149523885 54.48788530310111 -86.82929666039875 -56.15532538306751 
-29.000006815810522 -25.143947669130753 -50.530159745440464 17.95875725720913 -30.19226184659547 -78.32533445400907 -53.77592707743845 25.70236649880499 55.90949219938349 77.1261966117682 31.396468539488097 12.985960071161102 15.09489974106664 69.02132292862387 -57.75103541055135 
11.807775766723864 94.74014506224299 -90.39365410376597 76.71293456100236 98.99603028060224 -37.30794358537857 -79.3188676989824 -83.700245336107 -58.80977155055407 58.52507791178655 -41.290400623161695 17.500847649405586 77.59941997218971 -30.81647764379136 95.95444163261243 
23.05726330590292 49.78833449271758 59.483150195909275 -91.86982164777223 -69.1407456932387 -48.67424374525846 17.07868091296683 40.4388366332156 40.59441911474772 60.15666171472995 16.436389090116293 -27.327545993544632 -86.69137612120346 91.20888994761839 31.500587933226797 
-47.36862744057366 -18.474687449507513 1.2599377960160467 -83.9197423345546 21.025644744570855 -70.11357875649556 85.7931014046336 -2.279595960366862 -99.67140588451078 -73.3529794188755 87.69887018234647 55.627202917612806 81.53800453549403 -6.969212484143512 -99.43025868533711 
88.84738127517844 82.08260356828401 20.845232512961772 39.74161255751923 5.117495537724139 49.307402782354615 72.73948387181514 -10.741492824730955 47.030217830990296 1.8528168026601435 -70.69219901751336 -57.838802907934436 72.1621661905815 30.370724699857618 49.16063134620293 
-70.01180089672701 17.234637649277346 73.46849507018331 65.69855529048974 2.803709010102267 -20.214647474965602 -9.274706026292364 27.5719119022463 40.572237863572695 -3.602451980648496 -77.77100791020382 -59.179793418203545 -0.4008202127443212 77.64510207959688 19.159856899013477 
54.91615687578164 57.02628558887295 51.2923886069112 -47.4235712705656 -18.827575405560964 62.93980268808468 -46.29000846569606 72.09236606055615 44.418916603325385 -65.07621683293593 -45.46308246186568 -37.14133584814061 48.97844921620711 -47.15502463311998 -1.9937965929758974 
-87.93030807373647 74.92588920640978 -47.650491911636905 -49.45220109197057 -16.243832985821967 33.94615957189308 11.13064982037217 56.34269907876438 -50.85664840407229 -80.09491412510434 -30.67541120182169 4.106738902911644 50.89307960818749 9.123600197161693 -73.02150425365903 
58.20283527419875 -9.151164903605277 -83.44794586182296 27.55932784412221 29.781645306232605 -5.236830236791647 88.94051026716505 77.81421199669774 -52.80780433563199 0.6941359760204762 -20.761100511502548 10.81063789374788 -95.15053699242956 8.19128494166334 21.127064017614344 
-57.35620205914329 -46.61197283831049 20.33781136599093 86.6520086331929 -21.067953630768855 -54.1674305995415 56.65359477755706 54.358357579845176 -3.389838516790803 39.60680560682903 43.04595161221127 39.763332013503884 -43.04802743013727 83.6852057746373 20.641816063976904 
33.45894038847922 -94.09640351845754 -51.4501555831889 55.93380671967458 11.770141309108013 49.837454905417076 -79.2241171750504 74.19708412502297 54.36996788725122 84.68360977426096 93.77704750648346 46.07305988182992 -79.72021360100024 -66.35064712764628 -45.1419830766345 
86.37067381389883 -18.02749338361221 -29.3345156044072 91.23733611761989 11.3967823476532 -37.2430387669971 -45.753836780197666 -22.174610830219137 89.08524239487579 -4.283470284436518 91.90978824573591 -31.672638603568288 -60.76694567986374 50.58867334905878 -53.67976675947859 
37.712989195518674 -71.4326579901105 -14.866023804053441 92.7469037204269 -23.274362779881514 -6.498910304085243 -16.765859074773573 -76.63447242985745 -92.70947304677802 14.586595994895404 28.86620111903889 -53.37949512721547 -82.87007216120739 56.954097129354096 -41.15522354989744 
-58.25844824483273 -53.85585529922332 30.125437719487564 43.169724901094526 -30.625489662439648 -26.508931793496515 -7.404082547445711 -69.36003287418976 -28.742711650239116 57.78172211209272 97.79716482060115 3.708529340697126 38.72034575808942 94.03365927016438 10.18261068890753 
-84.31984421818943 -77.51898196251065 -83.32679917259364 73.72947769956264 59.21391537796234 8.818589618140109 0.05784974233115747 -73.74231919678013 -15.633519883044983 20.56565433466642 -64.54438979939266 -69.97124524172025 24.226176249955643 -15.943829774759635 96.25664666625215 
-25.378187272036783 -5.362555787216536 -39.44255971795805 58.360852738262395 -91.69245498108837 -20.14069480740264 -80.80618044945489 81.87662776550007 2.0528668690152756 64.54500880859374 -69.40772095593533 -59.43687394852704 -45.58662467832579 64.12834117199984 -64.88962117518575 
-33.125095262933144 80.1780173859807 70.63754377712175 65.6312311490328 26.581801615392166 41.567825637164646 -37.463451391451706 87.90392465646391 61.403659910128624 40.95266909764712 -37.7660892597925 91.56713590154868 -53.83076556581115 -34.812643026834536 87.04954724017713 
-31.818391326579615 -71.15870346057147 -66.18989613845665 -23.074699823167236 12.983395005269088 -52.51801321570535 70.16711829300505 -58.920570089538195 -17.46705978221108 -19.570830114052356 -85.44997012425137 56.37649277741633 -36.972369927864634 -65.95965102207154 -81.93140034161289 
16.50674866752783 -50.387609947786686 23.905235592729923 84.3624694443092 -29.311346606541335 44.506984661673215 -42.78104154802496 -27.959436490601377 -11.612854746622375 -81.46156888726235 69.51613306141758 -73.41629289188103 -97.84195378587657 77.51135556484937 -20.407004370874688 
-51.28584960137999 57.51983984726135 13.977642927233973 -58.465017277952526 9.631323602427756 83.54054724689658 87.80408336322282 53.45785414756702 16.151231398541753 -79.97397462278343 20.74261903454628 11.891756330529262 77.89197201567671 33.67789338526836 49.72367327061366 
-79.99494341993105 -79.84938400599124 -10.377355509463015 -67.73425334258883 -66.16546488197196 -88.24438138425245 -47.075063395746675 -64.16112214140645 -99.70707026014509 -72.55487122628742 22.97590932424913 77.42777106975387 -94.37267979486931 -7.2588072892401385 3.753418232904565 
-15.909081479934443 -33.442634771148235 -39.69512498737213 -42.12569282133249 32.990120405799786 77.1671941694504 59.4901739305688 72.61643236321765 -34.17591420929075 19.615841349038647 -38.866096642300896 35.910875949305876 -97.64983272047385 -54.19363006101457 75.12069465863192 
-80.30100128455402 -9.401491999499797 43.07329972766581 93.80551915464255 -97.24174746209053 -77.08379741663293 24.82927882007806 79.71768139934761 -30.76796179096408 36.49601991462498 10.606228655570035 -76.54747431126691 61.36911537416972 56.03736340393928 -35.59138443014132 
-25.924833911710678 54.28017598875485 -0.9700584613689216 -96.83555245264226 -28.18533017417373 44.95662509299444 55.66923644321466 -31.660395735696596 -84.01852584502387 98.19092584212822 68.72114830296877 61.91982511594486 26.244620111779525 33.77640399161959 -55.62942358550469 
-77.9821349653441 68.81856414917988 -70.23848316128758 -5.26428755801021 22.032856387781734 58.047579146169994 58.46548048300434 -21.818330302802195 66.83276871799094 57.8855842963344 89.97395008891232 -74.44179437898207 58.96833385092171 -11.676584641338536 -94.6754463837809 
-20.590003941223628 -60.37298690999631 -43.190169708968405 -15.087428186848058 59.57905834603625 31.652598227762724 34.815470144094576 47.31465897438923 40.96645021514206 21.369345875882175 2.7079554484148645 84.41965756103656 -45.962241718084364 -30.006865184659603 -27.29699498486835 
45.65820768270365 -79.74220512098438 45.83373548736779 66.89060394812734 -91.65129741411178 -8.749978642210678 -6.449581522796308 47.76818511522458 68.69640575212716 81.00591101844682 35.746060810463945 -72.05400352492109 49.51387335369046 -51.996294016369674 -71.85493190771794 
14.635204571757512 -70.20069339501211 -32.50417520619861 22.66213221156083 -78.97906619787598 -97.69201105790992 71.71429279312017 5.7111831631195 48.54550908741459 -72.32128854930752 -87.41760850547192 -25.667106014234747 -90.4212732585899 67.03622458509358 -31.510443664350717 
52.618564873474696 -27.82550115947791 38.21549468550407 -2.617545561349118 6.135885902105386 -12.554965151087629 -44.39658438974852 43.630537430693636 -26.082141183777964 42.98315478199714 35.19333502116814 -99.45338375234512 -42.13499591278562 3.262502390444652 76.8080068266107 
-17.386454667448817 -36.630501138683314 91.0701995211283 -97.90037086702337 -35.1210833836365 28.688600573247044 -33.427459168974224 -89.10465644230806 15.704217703292372 41.68893375318737 -59.06438883532883 13.284617736645998 53.70060492401703 96.80638694391612 1.2812560618418871 
3.8850443183666528 -11.694945219691078 -11.697751331339617 -14.041481631345661 -39.811307213477676 70.56106266991142 52.09742784946869 92.26293854024973 2.3893443758138346 23.3549185540612 28.462315721191345 -36.698086344421064 43.42053749384743 -46.340297172138854 -57.05127000041157 
16.252354796919022 20.563801681711496 33.046611195951925 -65.50460845964318 17.641485492501445 41.30313596917466 25.34139666751038 -58.929942455026854 -34.27967966599664 -56.090837987826326 -2.103512504906817 50.48698036409786 32.106908301623434 6.943302832766122 43.92091677061197 
52.37443845807638 28.246743157511446 26.050209575839418 -75.23967202397608 -53.84417009798308 -94.19231979212476 -82.69145445220379 -23.70695089723216 86.27282965868167 72.5799028032051 -96.76234095053343 72.89616145636128 -8.3220080506905 97.79776768690061 92.13416534757158 
-17.085718136458738 32.60072719963682 -39.114353744229 18.206894412103964 -44.41589174280725 79.70661533547513 -42.966727312400806 -17.04282207755594 85.3329062962888 88.57244538691944 -95.19273196621019 35.95690319783125 78.58101187415548 -11.209603729608148 -8.35720747004207 
99.03291723066073 97.98709713703332 -50.57605047272153 33.437570818181314 57.47065208682608 22.989336659764774 49.956788072054934 -87.49269137660609 -97.79757795409468 60.070891719066566 -45.01667964353766 34.8094539084604 69.84011357821711 8.425755068511933 -39.31962072063007 
-60.023398768193694 -19.75414019030424 -54.34326481494474 -50.022162578794614 67.08787601790516 -80.03889705620637 -33.80418013616675 -60.5057647092909 -0.29836336995290935 92.9226254976158 4.096641960225213 10.176449683818007 88.39884865122337 99.69352414163487 -98.12677365177187 
-33.29480625747226 66.63170488018076 12.612608319866212 -69.82166061939579 -75.6613138432757 -64.90415406441521 2.9376890250313323 -7.5400773909169345 -63.039099875466434 -10.718855658394034 53.606467990973044 82.0387691898571 23.299332120045293 -91.7420354979399 98.77880362498291 
35.911370356059905 11.799200708826561 -70.16538079285597 -19.12646313527388 92.79354075599957 -46.70790260930961 -7.628203051776538 15.501556679754586 35.78330360588279 52.57257418716287 82.65447306332817 -64.80963172348766 -38.32013973831552 62.57414781684133 20.558085423146366 
-52.683639663096656 -92.98751350889592 -10.751538712879778 -2.1765503371685213 28.76502079713896 49.253497876099686 -16.942878161486988 -38.82057949181754 37.880275049342345 99.68174967796003 95.78954080775208 55.80223714395291 -16.46413477044821 -42.47018584707758 -57.2701004354959 
-53.02462494581817 58.03475283026049 68.11881166816278 -95.41639003859915 8.70699308278391 -86.73120977700349 -52.308706534908644 -17.009292916435342 -40.9063141046411 -82.58361538896328 -17.743310923328863 -93.47877622438168 -15.691240728619988 16.75236502868988 92.00322559818517 
35.3671606898302 70.27805865568595 29.491583619988972 -69.87993996652402 70.85195264714002 34.58799812314862 51.35239525625187 56.98361721916373 37.95717433919478 38.65078031893955 -91.65063092887213 -9.176993380515981 50.71529158816671 83.13014093478884 -38.1854967048471 
37.57345674935476 -71.4995513745065 -6.782074649890291 34.397671021598086 -12.888473704613972 30.455062785151824 -90.48838675912721 -75.44832091917743 -99.64509397607846 8.436170267188544 21.923503411771435 -34.60234615961208 69.83560472575675 -84.5562460454055 -15.23916945195279 
49.14082671909347 -20.66802769206768 71.48008028768885 -91.95087821813843 -37.18464273405176 94.84017956056039 -7.730581367198553 -11.618716140820354 -31.226710753511682 49.558947453626644 2.994022398478677 45.812779148339786 57.66637546149582 16.002385597642046 -34.99467264228548 
39.97711446714948 41.75420879018935 -62.436003573507406 -60.17502905698859 -9.466701287608544 23.397357190297626 -25.835450570243566 -50.594509998742154 -83.68790818258242 -51.700425874138034 47.52136742392108 -2.739443840789278 -50.21668273586726 -5.232102003103179 -47.70586992296582 
44.08631809674253 1.272631016091566 22.251841433102854 62.32733046702111 -76.65602994079963 67.55383765677746 -82.26819368250173 -57.19973378987176 -74.43804428845668 66.68103099547014 -53.077055457425914 91.0703440438646 78.73568833281863 48.967230791263916 -89.76112638729927 
-92.1363886468579 98.32195678164601 40.07087245129944 45.72283249348345 57.688027014166636 -6.0564576909584105 12.505445953289168 -35.90954633647323 -12.878389091196539 -93.92427349757133 -71.55084627748909 15.356480049250166 88.57705081598249 -60.4560732482613 -85.8520676528656 
-28.091044782534794 60.24293898684613 13.412056520571909 66.18265196174065 -59.05740355339808 83.21160770626813 1.8699130485756825 1.7709648542576275 -14.51161500823541 -34.49230794985894 76.3206809781862 -79.62219607855516 90.10436464897381 -46.254976038596055 -75.74461151952443 
-90.57553402522129 -40.23204818770007 -6.6602385547732865 -18.836511109302663 0.32505149298687286 -8.446335600452045 -45.06469000080791 53.56063058734705 93.27741110084656 -37.2910357849886 -4.366126616960713 54.19366059742973 96.8151384321036 -17.080290831657365 -96.13673484789646 
-88.26253115339983 32.068795130889924 -43.84262215976948 -74.88071819213803 -38.922921923240004 -92.85771012410986 -67.41399268177597 -35.77727769465491 22.30572464580885 72.08632322028004 41.707715602377704 16.26130368122311 29.48705255717624 -44.0102588786317 -86.43939465152219 
48.596649126846756 13.064281856588991 -36.05917534227525 -52.499226208419756 -60.16080159729109 -93.85033853091618 -42.46023153398748 85.25369691189238 72.71947032007117 80.73766172554537 33.017461885340595 64.36900224887108 66.99056407919207 -80.76777337400344 -6.69315321419468 
-77.48618875029074 59.263548016257545 -87.46611856657563 16.90245120146281 -15.065418065278251 -25.68989142528872 56.00621612722088 -63.33925059703584 -89.37088012874503 -72.03835099496771 -50.12668918895362 19.78759455122305 12.286906385159213 34.93072151522949 34.3364255874678 
38.966445868381214 55.26169905664696 1.4444389009612166 79.86122213114476 -47.56013692083019 -40.835208495149274 77.67335834972275 -36.248505716123745 21.238414928179054 94.15196693137406 -85.30983914055562 38.48983799887384 71.98911438068453 -45.475204382393855 74.96423922945834 
47.41953879196163 60.1896653976774 -38.629629473005636 -32.05760877647231 25.011037747270876 4.995070603301627 -84.90484267185113 23.34834817952111 45.40382341667345 -75.20202302617605 65.19353253197994 47.26742841002323 13.085172737288815 94.97030125324227 -24.19582365385382 
7.903084472044981 -64.89702583793293 4.477600455119713 94.1668101494289 34.87930144642425 -71.22521704278684 -14.339778022055796 -72.51807014630383 18.26006687321116 -87.61598977806193 -57.491686785276165 42.94410850454372 -21.424991663229818 84.32248375993908 63.39693523563264 
42.074456950329306 -65.6132958935991 17.142228406746085 -94.31373277861192 99.39906740870626 -64.74011184492178 -60.88605844124517 69.77250897520656 34.54794002921915 38.95767644558913 18.185602652897586 82.46410439434902 91.50010495117428 93.38239672729753 -97.74937944149346 
-13.688553412725085 88.70740113658701 88.43732640761019 -29.491186428820654 23.946458613840576 91.40462215689837 17.1712340208001 1.1281654182239578 78.68545330088529 -34.71680028706608 -21.53258458709753 -90.40518711419953 19.859571385871206 -65.82079464742924 -0.3337618779811038 
42.708808220990846 57.659241037948135 79.28975659266382 -18.289871191032987 -84.55872841899358 24.734345139580356 -14.864766368500852 54.00699447724574 -23.36394317734056 12.360432376005235 81.75018173654624 94.17774873049598 60.26672555786209 -11.972742264636267 67.742796129131 
-1.4235005728359766 42.99983954722498 -84.99067384274797 37.65613462951413 88.8557186257188 -39.600328349684744 32.86697313246222 -68.50228796961227 92.37929896767213 -60.20209090733424 -68.4490669196838 -42.64292429119343 -17.6150696165041 7.5899789269001445 -88.70665762507161 
50.59734960973719 -46.300131421791505 15.991044710167472 -65.61706909957807 -8.484312906704687 -70.00292527518019 35.91380337298855 54.96216027234743 82.36836990754912 -74.92431410752005 -78.39880436056548 -40.870866384868634 -32.8912537540963 -35.09932079693745 35.50431704742283 
27.369006251017836 1.2506596243975139 -21.27748362187765 2.5716349766699835 -52.45105357963833 17.672287701735698 76.57085832406901 -5.565311872913753 -14.911743585506017 9.807155810894884 70.61860140820465 -23.505291770551253 65.21773730807041 -53.322564712943745 3.7230671649388682 
21.596721148990426 -58.717564639045804 -12.908170357484636 85.8983135900213 90.69619567125886 -38.85267189087771 -32.15408712695978 17.933974586538966 -43.441605135425206 90.33514193752958 -40.68804004925306 -59.90758141275534 11.303393913942926 -2.134581897144244 92.07396137081057 
-70.2458520606369 -5.760552530515255 79.948026701755 -33.760124304626345 12.817007858458311 77.05174184613571 -70.75002997836802 31.606337461955974 90.85354500790865 -85.41409316554565 -49.76667968560755 36.50304253360858 -89.27736729887692 57.18333867005981 10.775399852161186 
56.13536077052623 57.76303809041988 -43.61675273612844 91.57979832425721 -84.26212392192349 38.1116774167522 44.46801753726754 33.98978365209075 -32.09449424960408 18.29709107281252 75.3983164928922 4.224421679273533 94.50880919666025 -80.88675154903413 -43.98763964492889 
-76.31970149202692 50.7769039073506 53.8776439203383 17.433372628893068 -58.403978659555555 43.469656265031375 50.890097857489735 31.997646121375226 -24.474362625803153 4.4257761856710545 -42.590172667559756 88.4961657320076 92.09418798771952 -65.122240170141 -62.947132898676664 
58.12754609459418 -24.434802905416305 -73.77741170629153 80.36566845778054 25.061538289642144 65.78205490542223 -79.38071954919897 -63.44750286985881 -6.236018879753445 -76.70849975064175 -28.1879962223436 -32.65815591863064 55.27253853592026 -69.54939830285096 -76.54676080674791 
81.59954914281576 7.0865550574667395 0.93683688121871 -13.033442477633912 85.82111507219142 -78.31232886479586 -93.7714878781427 91.37673040831751 74.44526364816372 -52.21895354199355 -59.5078935710438 93.9870525513638 81.07136376285735 -32.32389788084744 80.31163541369611 
-13.458822009021304 26.66772939288282 -36.61776083685764 24.215851400984832 -92.51062526977812 72.89447265293089 48.9225573389233 4.52730049687618 63.85374500496957 -4.2381826928859 28.123968760546916 92.98532872661423 36.19212977894284 -49.53304478108949 99.96184513677801 
22.39712078730271 65.51021540384059 58.959944159609535 18.645386271149405 -87.40037610545397 16.269630361607895 80.11650109629414 -46.734867620589846 -23.827635082917922 -18.55163686152366 -76.61972485314807 87.63760546933256 -29.261713500252114 86.87891730279776 -9.238714129446947 
-61.500982739617704 8.490717113553316 -51.74393315188506 -20.310967601332464 80.97345443394809 70.78361615714081 -70.69719777803545 -79.9061356105972 -78.17532950359464 -68.05654319899357 39.81745982084985 69.91341124614311 -55.381587662292084 -24.64730116594562 -86.8449565680508 
18.132828007774847 31.23899875604357 0.3235893994227439 8.142121937041708 66.36098060753127 65.63571476205558 1.9913611032782939 71.02798276825212 -38.139004622479256 -16.503246726063352 5.324968548112352 38.00962950403445 41.64335898269138 -32.608793057620105 -58.212300980943986 
-45.43808332262627 63.8031749217277 -37.437564140521104 -52.00725586637394 -56.98220345500553 69.53492337950976 -2.6118798637972134 46.93749350400532 39.266207349284144 8.223090266784865 13.616182974531156 62.9898785263305 37.228239907071185 -90.24990237245645 37.33626403428664 
-21.735335442772737 92.77565197557817 24.648168814834833 57.863537519896 65.61856626192696 -24.676607410012835 -15.21003368368244 47.26734220078376 -64.09738025507659 -75.56507766928611 -4.024554263674446 -17.57277828547477 -13.858965966711125 -54.56352361179175 -42.06692624840396 
-44.04935785121056 -93.97746553366346 -40.58095609403934 -85.09763055452501 71.90876377929891 99.09715864657457 -45.92890909925427 -36.325594334436026 -7.774059319679807 -24.5944234798191 21.55888914700361 51.785467369308975 47.368040061830925 16.82047045754385 -44.170767442418835 
-93.44692739996874 -93.28294698336552 -20.230649525106344 96.65451690720883 8.50711051742617 -45.11585778310656 -87.89670836571983 81.47236331114479 -15.764444479746345 52.47397235130941 9.459625243418785 -51.55685334302209 1.5890792694075913 30.746716605923154 22.363099610302967 
20.20086430557238 44.55920739172163 62.38823025235257 -31.65119970334085 62.70403512933149 -66.06877356139725 77.14198711442617 9.076434302144108 -11.640701059185375 -20.659124638493196 14.158636763884445 -60.85232242464529 -87.14257448942759 30.540963750674194 -34.38551342900776 
35.550630925154536 6.559175653479926 30.417974548577632 50.956808148551204 -74.52518875897121 5.136094963485661 89.26976792787164 -67.20672750937567 -52.57503075158401 -70.38836796223053 70.11694116019146 91.94454825061311 99.44569867287737 -27.393703516596887 97.96622864027276 
-17.834197473114017 -48.57979017374181 76.16627451542954 43.85734164636625 -50.135416842710946 -1.2765789595527082 63.31951832215529 -84.34795329584827 -36.47656103233463 54.86184017677277 -0.659188173060187 48.0668208493438 68.2702347204293 -50.20430349889291 77.64025380561444 
39.03299829518903 9.93855298090493 98.97568593176928 -83.53457543404733 16.08551201079851 13.119326933537835 -76.74611024285916 22.84407532827298 -66.36106726639088 -29.060213709046053 2.7484023113257763 -8.023664777626749 -35.83258712990707 87.58045670423698 90.55976655838211 
17.552013777501656 40.44990175271141 72.31910024418585 47.289745762466424 84.85552062872847 89.42086471787587 -77.52227601901069 70.84302080958892 23.673243375514375 72.22104188957616 -22.3642860015905 69.26837217828938 -4.081261292481713 -14.2747665945883 -34.12601657686277 
2.811116355130764 -94.90383215452857 29.35414918568705 -28.90861103343221 95.70304513055646 -91.56698840194588 -84.12755400829388 99.12231273554758 71.07477646996315 77.23007978844473 -23.30036672041389 94.77204111953532 -71.6731793082545 -67.42744669392829 -3.822177607154458 
95.23381176952398 -8.649848860401647 69.37331649712948 -26.824470405522433 39.93115944627951 74.41957493553281 -76.58464586609013 -86.76783759939035 -67.88855591542102 91.46268255376216 38.9271561544501 -17.472505968234174 75.4426687180945 -29.09546652497835 -99.82200733220863 
-60.56664046311751 -48.598390003730806 -73.63722182964324 8.931996232572303 -58.944001876907826 51.34978882722555 -89.96629023804704 20.891509480114905 89.62289056297058 59.2620763088037 48.89568442135882 -89.11429347314836 -85.20313009974572 64.9187099934251 51.70256432571176 
93.31183457330116 -31.20130315916481 -53.433371574857055 24.74783776399991 -22.410007031300893 15.90112504352932 -65.22457970157453 -5.646905224170439 -15.674861199820185 -96.20983300839082 96.69230314404052 33.35683116680528 45.386177158539795 34.69693565897259 3.215040319811635 
20.016413840639686 1.98905542996188 34.646469324845015 -74.49954261786051 -40.783049183626765 6.177011053108544 -28.251818526276608 47.592684452392234 4.567738915355804 -83.43844296349644 -51.75181946080569 -37.30750228703119 86.8461563139293 -54.962736191704884 -9.600968145292384 
80.17970652345315 -59.214622022903306 66.99987394222532 -69.25270974320216 -77.11313432984868 -76.9379256341197 58.81671299742865 54.22193498259767 -55.45701805932066 49.7792905089338 -91.71678292732926 -7.499491113835944 -77.96273727523459 -48.696168439717866 -43.48741298457879 
17.1469059670832 -89.1365615263988 -10.799582686623907 -7.8442871118682405 72.84551123690642 76.68385994147326 26.374286665430915 -11.078874797471357 -4.228241134792299 64.45691180946329 -35.736978207446384 39.83493244044149 78.45697032057765 -76.02344208322438 76.92788060307467 
5.269390096060732 -16.320248956574403 -61.09909976196486 20.517763896136444 84.23710010192315 -24.655661030113237 86.39079608775654 77.0570219614277 9.499916161663265 41.940561635543474 -96.59934597173034 -79.72226979308283 -64.76449403083859 -89.69235177091028 93.70403204158626 
36.6315394580227 55.18094753037988 54.473870358115505 83.88014662031819 72.55863077664497 16.71129452087854 57.99073742716615 -84.44601779184191 -4.774970044574545 -31.92579158557048 -42.11071089324856 43.1927768023601 39.831520800797534 67.92898259454569 61.544421223993766 
79.42807158743022 -56.42931146214272 58.62229560620844 45.43943673450994 -86.62689625688947 -94.35503803272272 -51.71982175162106 -56.519317868796406 -72.33193848879225 20.350437784864937 72.00652922788936 69.2613533415223 71.86451789273113 -58.48598915082148 -47.13638856817539 
-32.24244943037063 -64.05777350570436 41.039663986545605 -41.3204988629903 -80.6967363327609 -52.942276080432734 -68.11676963418807 36.27018438311174 77.52350965439723 73.17397807485665 -36.54034293833659 56.591091747753154 -3.9054340443884286 44.96785160917318 54.73203095407496 
-17.241969250138894 92.53601090411084 -65.41111514309594 -96.55897340502251 56.89520948355039 -71.45093729917721 37.34761258339037 26.837456100136464 -22.878852862791476 28.842816667287508 94.8787396748188 -96.0406582395182 35.38744130690762 -28.47961240203128 63.83707999624744 
78.6582094637509 52.42980591923339 -50.69711908665289 45.464253996497774 74.1607250094032 -84.60818390702059 -12.451200880017325 3.964786869755315 42.88189968756447 77.2872801328902 -15.93215713864953 43.51065955296559 -67.77824126711711 97.37899653557872 8.156140254028472 
35.48839129401952 31.062396206060356 -5.684756204397104 68.0417757666603 -3.643516227355903 -54.95928611079406 65.43491216919381 -35.772508826223756 -54.82730904346012 -39.865975107486776 37.6531488390371 -78.42134119273871 -57.89814574247434 -26.75590725101536 -35.865212500205075 
-76.53503458674675 65.14763743357622 22.84177296935239 -14.48879714903262 3.9644719352692306 -82.06096967009451 -92.12898903509299 47.79344245077209 -51.47526237838851 -22.301144729700724 -14.801939083139871 69.8882521146391 -94.49653745223338 88.1597454891307 0.6449911535027582 
77.08721545537216 42.49662623381036 -82.82246377909584 -77.3452242934032 -38.32072749313544 53.430562604286365 51.262157363344215 60.64402089702742 98.4741267487027 -99.40983690735652 55.29441068021535 8.35462024490063 -13.751986014973255 14.269598655895493 -98.75588427429207 
-78.11934310540028 30.971453206205638 31.290770281779345 65.8055456465923 87.51614411421457 -6.833994113957658 24.990929934480775 76.22750255881351 99.31843451981749 29.855859008265895 -55.416685466661676 -93.1363647909175 61.7931968088655 -96.36246527344545 -72.23488766132377 
28.605926626557846 -52.73821295680374 -97.80607458357014 -5.687381701192834 76.01100882923353 -3.1509104439446673 4.278976207481875 32.544140822514436 -22.365069230062872 52.98711552546595 46.07001897218868 46.07283112473726 57.47155877116637 -17.02712339542427 -63.964828509054115 
80.52952385363378 42.6461326450258 -10.553963053938247 -27.953517745669544 -61.57938673385066 -27.329687807181458 70.40390586487669 -61.12064030362998 9.274945399558817 70.93605374191759 33.08698350407636 29.895463948376516 -97.86857606967526 -4.01139779611961 50.773500923052495 
-30.662353653765834 -82.67595911973491 73.12375933840468 -69.1784998913411 22.298261670564386 89.8782884020703 -13.31690386026159 -62.29532833908469 -15.395063066359498 87.18475621025308 -85.08934262305492 98.22094670966564 -87.54153632328334 10.384425776814155 -79.73124203455825 
45.668605922765465 83.76003632044382 -48.575231620751744 1.7764637150147422 99.3954067544978 -37.800683633769715 -87.59215771867046 -2.8075553706128176 19.163397323570933 52.743155714107075 84.59030187033551 1.5602648613127599 40.01989833331774 -45.89978092610383 71.91092551653853 
-2.191334469341342 -43.78174825769128 -73.39720074805747 58.045210002421896 -14.592994518352015 62.858355838346625 36.119635874062 -8.629618183304586 89.99501584202699 -79.24871057465255 -9.011018764587718 -4.792366309172678 -34.09016794690278 71.10429235461277 -36.94436444285418 
71.70044027710804 76.28796781293602 43.2602250463664 4.3337217329338245 -62.58111326030005 -52.045824400569884 -9.221806223283721 51.03019104452292 21.07616637387852 47.30644198489381 96.06755130194452 68.0614270525395 -87.90871026466934 -84.85127260602235 32.3139754350409 
68.29231282744888 60.88561605061409 -72.34264119335545 -2.4641096437537016 -59.85146501285903 -49.389476338647434 11.810916778512308 41.18744975557445 -0.8532147279058933 79.2872650224325 -29.605500249903898 90.17790456208147 -0.3194915154454634 98.67317797842509 75.82883920568989 
-50.04687549083593 -30.193626447899845 -48.80392749445062 -58.977676173971716 -4.0263139795499825 17.362072575314926 -37.21871637890231 19.541759391760365 -20.741593301286414 -95.68761894401814 -56.07320003657963 -29.20103050671456 36.27762933364701 -29.702021954966156 91.59576430446526 
36.07721730410077 -3.2417202203017155 -69.4809482405976 -80.7823670826852 -92.29794839269097 77.63545035546912 -45.481015008298776 42.619172068131235 -23.932614779141417 75.94293019997224 35.186140989600375 -83.62832041835757 29.500758492731023 -77.47974001696596 68.02845109863546 
-42.21571772018176 6.578836867641911 -47.96219496050684 53.58177559986683 54.69263886474988 -88.0377198231681 46.7957052650419 6.0493599946261725 -3.998836440377218 92.60964041988296 -85.13069078474645 -39.837631252240314 -89.15570381612834 61.3343067418684 15.209088282529251 
27.17214142952153 -14.27999004762836 75.00125126107855 88.46106725477304 -8.468714880144134 31.185361404747994 35.70930578348651 68.52563177212801 86.08164465462926 -41.26502454963057 76.69416887477212 -85.77171453066185 30.647469420361716 -7.56211809704736 87.25884403990048 
-34.95837174509077 30.985332223817238 -13.717580681246261 94.17063886985198 32.91980382449452 44.486065736936695 -66.82709740299339 -38.38025385269137 27.43481597575071 27.963195115942625 8.188788449291138 50.436750680493816 -71.79397132856498 -35.43409388049466 -19.57320697129697 
-90.68930257433254 0.4865818266138717 -13.305156986286136 -93.52027933409488 -38.83545066069285 6.577291428931815 14.827992144677012 1.1840296916462165 96.34191755169158 -11.646664884419721 -43.496084037194294 -41.98870395740535 -57.53857738758348 -16.323717379923394 42.83906141169791 
91.75741272936563 -48.32485072797381 -29.762313728472336 -95.67736040309163 -98.33483177151166 -53.92854405461518 -40.60498105881454 3.114513472131364 44.793316616515256 88.09899297206388 60.70237990130198 48.19233771732303 -86.62594722317172 -52.93862892107721 45.30603124371146 
0.6343151744536755 26.721881818375095 3.8540551006715447 33.607159833937885 7.925459903907097 59.34906600402795 -49.45123639839686 -43.56270555591508 -43.27075032570846 46.580948907020854 -78.28290750250383 -56.268108952935236 -86.87955927731792 -8.735993951293764 68.5662618244728 
-7.7883895416774465 -73.20331944802687 -99.97442750826953 80.2130974582922 78.02029573517743 94.25237188546669 65.96127348174704 26.812335547886008 -75.74934820097066 -57.759981233043604 -23.9496815190638 -28.515878214804474 35.19128981613497 -85.3237639076118 -7.931036068085049 
-10.168398558528537 -90.43989752092993 -20.726374848855727 -83.73540830896587 95.62877654006735 3.9898609768806352 39.37574234615707 -75.79710173597559 23.952760796069043 29.647758390163432 13.188320913762013 -94.56778066167755 22.33439403063204 -72.76262599296601 -15.925556016669702 
-24.62243992590271 -87.29556362537043 52.719173068100616 -78.01062338726933 83.22383161474502 -96.36091308318093 92.70494101576111 -43.93284324249818 23.591958999055436 -68.08388944127526 -1.9094572477617646 38.09103828158172 38.73461466513129 -49.025309867647216 61.59394865321585 
-6.010981205480206 -79.56916644570238 -52.41276192766131 45.588605729993446 -89.7358536436162 -17.838007202187825 98.4897277457107 -69.89607471127586 -52.50691139052086 -51.81639290479001 65.73641023362654 -26.464419409648514 -11.75754159793172 -80.06696852017186 74.15966671804625 
-57.7944699362124 56.064151933027546 -32.12792809708034 62.02887968125529 -53.09338189555524 -62.59652286712885 -83.53665490969213 -34.996157847388815 47.84839907740604 -41.63759391652815 2.786585951400383 51.054384403888065 71.09454557355483 96.11203189816865 41.82526983459712 
-72.593489527328 -86.02304566906687 89.28302447803256 -85.24621094622546 33.398283595101645 -95.79629233910514 -11.20291998313347 -16.56133278648784 65.85332548879234 65.28335038550571 48.63637294826469 -82.32496808506099 -91.65604434018928 20.449715311165704 57.85394958447668 
-76.942921785271 92.53597893621571 -11.145948475855747 -84.77873850501668 -98.95212331794157 84.28700226196815 75.13511559355504 -96.03994938441309 24.544914120623204 -19.726715477692892 -18.066551847439555 63.90763812855329 48.281873580514855 -43.98887131619833 -21.149707431148414 
68.41314878186685 30.49266454635665 -52.737719350692494 75.86287986946402 38.46415524343661 -76.202931944657 23.37300275906098 -77.46115928573256 -57.76848666504941 34.97199500911307 83.66719908705144 33.00370955486795 -5.679027605331143 96.33998392548696 -56.25548875699771 
-53.92756900929885 -96.95027797057325 38.84862948825315 96.84467310708422 84.63284502927405 -35.69526640740597 4.749102233517306 52.85621333619255 -84.16963659674552 -22.7800878705593 -22.00858953127822 -66.60772007075857 98.31645987455994 -18.696083634674807 96.63460863688223 
42.41480094439987 -47.563201157477764 -96.35001115466804 4.309472478424766 8.430905149121486 39.09768333475816 47.4888515478996 88.7514184913752 52.71023112667362 6.225492382671021 90.04436523785157 15.851751896603346 -87.86899036136336 26.33936721796961 97.86026762410188 
36.51893456741476 -80.17122063851127 -36.732388435389595 -83.12729245580005 68.71052195217644 69.88351614324378 41.183558122418816 -11.066938571062863 79.28081212381213 89.49989126334702 55.44479577354781 -22.382204032127035 88.43003223200122 -53.684477882652224 -1.0733466642590201 
71.50755419709424 -90.48806037940871 -0.7496538948457214 -92.35125995422652 -60.75545692076116 -11.87144020061406 34.69784671667563 91.34440332423225 -82.17172439375462 -23.98492834100952 90.38076147719624 -15.947333805361126 -65.68851206607025 28.0650221438093 -16.36841656934358 
-64.48180260044373 -22.348970943899715 -66.27322998115753 34.3572349342148 87.18727177068806 -21.125113668877887 -78.87709958789206 -41.378162724324376 -76.886360606793 37.63227618749377 -73.18158258313625 -39.06233246838864 2.5313142079248507 45.60699694197419 -96.07466277479422 
89.73698379976949 94.81320542956425 38.37026485464895 -39.63643928007512 59.05773585521419 1.355864180619463 93.44589637363933 -42.99432608012814 -84.57039776538988 58.1267560958847 -47.95577431642772 90.03731958625752 42.8974211466834 68.62309811378765 60.07420436414063 
56.03694011619035 -1.1766398359368395 -26.888743177700675 -96.94553204030105 36.90316238176851 29.40907817133572 69.88597655732988 94.27783018728886 -3.1476240185074573 -81.2754441860104 -85.83910293240518 45.15967952834262 -0.8662058009109614 13.627966418553257 64.06309266356405 
-21.392293777847257 -84.7759830569897 -1.5524979500405038 42.91942615511479 81.3824054775279 -58.351697626034934 -85.07729465256375 38.633167635861554 -80.57431025077375 -64.32942680153431 -99.40129728381677 -67.2902885605234 -96.29440710111577 -71.69641642132427 0.3180151790642469 
-84.61313229527248 23.48666226468707 45.143545293238674 29.324053150987908 -28.320668056299297 52.75205105612562 9.698786119210183 87.07235987602203 -6.316721682167213 12.662371135464667 66.25452104426026 61.036327374400486 -56.938819217947014 88.19370880628935 -14.703843091782787 
-78.8211318117693 -50.618141862467006 -18.924006394128128 60.40052076148143 -24.64870082442667 61.69020817045734 -82.82054278270037 -14.548969617367419 -77.90785726055958 -96.37706708452018 -42.22226462320893 56.25949165914261 -34.77312836951043 -58.17338463044135 61.459578900205514 
-40.58898408652525 -9.998594352156573 46.58680096731723 -75.27528973906696 -89.88346303563424 59.28533277745265 37.57185485153204 83.2324308792935 -42.1635274266646 -9.211799048057117 86.74235392406507 -87.81759807984513 30.41232574324465 -89.93830963351448 -23.701397281569996 
33.93679244880906 -5.594489352306169 2.0854349608754603 -15.82509276624269 -61.034411571946734 93.44167744037128 -22.61249409396666 -18.327114486960866 60.952529419261054 -8.743996006915083 -14.737963562078832 80.21164292515778 -27.922990046163164 -38.390787973184224 53.0343609063373 
94.01301766690557 -19.08618986376848 -1.0499142872777867 -50.42652148083724 -66.92041441814753 46.01111990288828 -73.18704002794188 20.98688346429742 70.35102913165753 -42.033641983221884 -96.32668040130068 45.555745737068065 -18.05491394526848 72.45487276922856 -59.62161499823788 
1.8849501863636817 28.548564597479555 16.55026748299622 37.62452226258711 75.17857529042104 35.23222185462936 90.02471779626515 40.31655688527755 -48.66924918645672 -18.44038657089409 17.119720030476884 14.262140359321279 -97.42550879641787 58.1046201545839 15.357962956514527 
-58.15278645540296 -76.84242013331382 -89.86826963445955 54.37569603532731 -97.67040126008925 19.914916196925915 87.50435537102285 -69.03628487094076 71.74131065417535 10.449416036656743 -74.65766011748794 86.4585188823007 -87.11020271891064 -15.009583622118754 15.068214330678956 
-3.7215939692894437 -53.15331264898262 -58.35270681882445 -30.563057140128564 -35.00062081760214 57.521600976279956 -76.0979417688406 74.70469205492608 11.473417532246017 0.4898424402799435 51.592377061849135 -49.896327163443146 58.90903844752947 1.4923256997652743 32.87744099314756 
16.078729274969874 23.735383264735205 -60.673927836628124 39.290314730169825 86.68979551566633 75.24175483179349 2.0772089175168986 41.445198229894345 14.068702036689658 27.288921497236387 -5.068056857051488 75.55175452315822 22.260125194553027 80.60686265041397 -84.37904285736626 
13.372959643149642 45.69555531996255 -90.33819732395645 15.390493816603382 22.899803902438435 -85.9194714516907 11.824437437953776 19.29505059779659 96.79150460788014 -47.64343718398276 61.390410465969495 73.63138537222477 49.02263583081984 13.499557515493791 -54.19408968983737 
-67.03957297814078 -68.16440637600942 -98.88165167287812 -62.79342770731209 37.94392629132662 -33.04044483023331 8.524880778367304 -46.62965265459385 -77.25367282004913 83.32099319303191 62.69147304196886 37.15717629274633 -28.8024835005301 -18.724619917515156 -27.694165601701926 
52.90378992638662 -62.28498076503979 -38.58450527434596 16.958194869296122 -44.22274194984996 -56.88754750087772 28.41414031658067 -26.601783637163663 10.205447969078023 48.53369512926466 -22.489039650672837 -2.248732716509977 31.31214956716147 -48.863325856305885 -18.222285687125208 
41.60358686482829 27.36350112720136 -70.44319521601619 11.650854878871513 55.99892392333942 78.22210259824232 -82.95870323482626 -40.60364447928146 31.042173020708304 52.56080426106442 73.97167702922471 -65.55484368365961 7.0391381605696495 31.413164075396878 -50.08076945753479 
69.90626801045488 -69.41310718119888 15.158891562543133 -32.79469969939038 -76.54407565733099 45.69107122900863 -6.299055282470789 -3.6313487483307085 -49.93315321687675 73.2253056000821 1.0020509329095546 -76.52741486312931 -34.80222697421178 -10.35746326580194 -52.10089943770904 
-1.893048999795127 50.72243035977891 -66.0686733947264 -34.441658537026655 -65.02900629387689 -21.68619495134361 91.47060218438867 -71.65635094158299 59.63857941661982 75.36137665750235 63.63248425634819 -63.06432668418671 -10.870545299590262 76.80424259049178 10.224595672923243 
-52.26709749641003 -85.00221097456667 -5.814222063686955 86.7515841914531 -19.096489408933095 45.782207926126716 -49.111392594833525 1.27825503637537 81.37724675327905 37.23023563344583 58.43862151074282 1.611942028482602 -55.53467676509125 -38.478365550978275 16.42209303619336 
39.197353408549674 -61.08387080254394 59.874976523826746 34.997711242892876 -85.52417257716681 -16.903164255918867 -4.281843189781867 -64.12686476550192 -36.54447351283541 46.10847745533957 -83.07163758803655 94.83845487086535 45.74390672350401 -50.36648727031676 -7.176611103746922 
-54.7616527537047 -78.8393120066885 55.49344825910026 -17.270544161166427 42.0145802865313 79.59354889733791 -2.439992260632849 6.058945038689046 -13.778381593149817 -72.47877940795517 -80.55376502455502 -48.98996072747253 31.29976947620179 91.12796357045463 -21.443968966195953 
18.742977002892914 67.45516390236608 95.3078162417257 12.426831857088388 88.58966788219459 8.426809863502953 -0.29388102091832025 26.119976392061275 49.94228992656315 -18.834961291620218 25.50106332501126 -79.73153193700162 15.097559535450756 33.70950394080131 68.05700338817866 
-46.38946998923481 32.34854102857409 20.53689452467573 19.992185045799246 49.12713549495703 -19.045140153264256 4.716229161349446 99.71620039943502 -40.589324313565434 32.21831494433002 8.625235283885985 45.27569209386658 7.658118921228336 -11.043669871463038 -18.58135168184802 
69.14012400210922 -44.38003070722496 -41.35968771420906 67.69869494977573 -44.0960419289844 -87.52442653889123 -39.43967420799517 82.50080280460685 78.9214931141945 -97.13082316215254 -16.623592587511922 -51.70178769125997 -23.74329068717107 67.4671033525077 59.39475206788839 
-95.07275308228506 -34.38718541583631 -44.7305951453349 77.48310662932991 40.465715351250225 -72.55165358354887 83.58368882203499 -77.11119908699153 49.29886983169024 -22.18941057110166 -62.344068814103906 88.8820653721213 17.30196288445569 29.81251508800574 -61.814235522939896 
24.630735607332383 84.01328249504098 -71.48685503282506 -63.2846189633393 28.92544986231016 -23.235541091759444 -26.624952137514924 10.337026643104366 70.40146916559053 -72.22713164685639 78.92769683350264 -65.96456747404852 -3.2227893602841107 78.34657957205224 -31.944671289598418 
77.94946952646725 34.295747493886466 90.33535540438794 72.96536850337637 -74.41836485100161 5.326256456681236 -87.58091813659018 -57.46943870240386 98.38836144616144 -70.47041990668754 56.10219220786476 -56.90487610493451 -78.37247465761467 -37.89178172265597 75.627948810335 
-50.43383787387414 -28.63051484512384 -79.23080597649732 92.62386767844438 -31.94402924413484 23.077121645206944 -27.051893858946556 1.7250010659169988 -95.03051388343799 -94.27037730861537 0.5600167184819327 -35.171764268638455 80.30471708502972 -16.138989988723225 13.895479057144016 
-36.573954371776686 74.64460110453703 98.44951560069015 22.217699647259437 77.8238531480244 -64.17046572149565 20.765306928829943 47.37419877214646 9.846104882114389 -97.23110645410391 -35.72463839016078 -70.56815857734489 76.89154671442319 -84.2539290965787 46.58244880450664 
-65.95994733122873 69.66253415091947 -59.442911594453385 -60.66092617936371 4.700349869246452 48.69923015475314 41.613692083851305 -48.473778973745496 -69.01747950425106 -99.1836038815115 -68.14883769420912 89.7671399997187 55.96943667333852 -68.45803905158294 -2.0215882840993515 
-66.07426768443196 46.98616700683567 -52.73005861004758 55.87171275986276 46.108456390410026 -42.24530580540491 11.353849906834682 57.591231032970086 67.88346076944359 45.42056309025949 77.53209648582862 -73.41484160349304 -73.58462509134958 -20.691072265756816 35.79763832867576 
-96.72918491996494 -75.04896301800426 94.47930390013278 42.247993866559625 16.680047659975486 -8.734346975355109 -53.596377085490744 5.304094186236341 -79.27881214075401 82.61672306011977 -86.89605716066553 -74.71123526225183 54.721119100566 -84.76179080799515 94.1213532937565 
-60.04297641805583 -71.44479098591023 25.558424486313072 9.755003445738808 -94.07705935764268 -56.93605824036256 65.32907250137941 1.073731568790322 -11.869639834653569 -43.4045995697071 52.15104439635985 37.337715218828606 -61.5114548593716 -12.383757263969855 50.267625508508246 
-51.02293598610448 42.673698178733076 0.4104097399970925 87.86646516051832 -17.93845349862812 28.00321814197227 -5.52945732174382 88.06129686034123 25.571130092136983 -12.518105537921002 4.813044145473967 31.751017856211064 -71.28701762989984 -56.35298158287636 2.643902784406734 
-90.22391044451415 -76.90304513332653 48.107905442275666 -98.39320095251448 -97.4111775704858 8.017119007629447 93.65601186428708 63.384128054209185 71.09915970175237 36.90510521612927 -41.82600677304047 86.16786642502655 0.8253341984727456 -7.12795347318378 -48.018686219355565 
-43.6329335156284 -55.6277445699773 65.64864888165064 -14.914324443194204 99.87826747024073 -50.98619920709475 -48.53106886886898 27.79546879313699 49.13623525041885 52.205783311864224 95.84613305946803 83.7477814727487 -35.54649367864644 60.91296300086316 57.89169289930126 
3.652668203972567 -57.91042679866896 68.9340241245551 -7.201215433256294 -11.75712404102569 -62.69932127438622 51.070863023218294 94.38712330517009 -25.057301074571143 -25.627612300829 -28.231686969907656 -34.887881264668906 -56.13321444004327 -14.069239648638558 37.13209456800641 
-73.56121382099079 -95.51282795865777 -10.802359612287347 -0.04265891757320617 58.08628907391949 -7.459554348070085 28.126587841742236 -86.29760594614835 89.01725035836154 -80.06397738763982 -3.0243011416266654 -51.390099775420616 42.05015851322955 -22.186651931269807 64.27456016870875 
59.64697743149935 6.631181882759591 58.65753229876168 44.62518434783627 52.12823526885117 -13.28382544029283 -56.54610680644589 -97.69352332969336 -72.3500361795965 33.75038272951062 5.47136078944439 -20.66107578213878 -47.42411808374199 -25.31174743487317 -50.68795143785576 
-53.052903879672186 60.42046846995771 -90.41334942958217 -85.76583748171713 49.379461875371106 -79.654252952864 16.376275693870213 -3.4886866626546293 -63.969766469801215 -59.00112131885125 -19.5405529887569 -62.947343578783155 58.97778003876854 91.0896331652738 12.689139884615642 
71.30756556395298 -95.27274401482973 -70.47914660341354 -31.08767662654266 -15.071169481712104 -12.246256283678434 12.879478454753013 35.3755401889882 -98.41556652220002 54.678399764430935 0.5518772278091575 -2.831977553417488 -48.58366772944955 -27.898981859747025 8.686045522929817 
-78.6278732088465 -63.63866487442922 -36.765706776448106 -17.420926840546485 -5.80079024877007 35.37395477260716 0.14344366910485462 -47.075005433356786 -97.63979149451471 1.9753625097328325 -97.32329111296814 21.56775519997484 9.565012360319429 -46.540967949060416 -65.77098247704816 
-51.393464563278044 51.58676690690976 98.50696110738537 -75.50758475029014 -65.88763156040984 -55.23078695623014 -35.677059568578 45.32139546079355 -32.6914931551417 -11.01888251978653 28.885968087801388 -89.2239864132433 -35.523485878277825 33.39517109640491 -64.38415116440888 
-39.91486159637721 65.38584880177982 76.40985121439837 -6.567581875341617 -30.500242929070794 -42.340383950711534 66.20769676837145 -6.306866679510662 0.38052799645254254 -98.85457849245829 48.741242061908736 -0.6555997913263383 99.26360616781079 93.88991559613987 59.95768555618699 
-29.47196085784354 63.275767051562354 -80.23278749489756 9.605695840174306 -18.442817349343542 -34.91140853340849 -96.7920558248132 18.84616490431894 -46.6562542893455 -2.979219495364063 -36.2488120865871 96.20017041810553 65.77652494564114 80.1010856424025 -65.5685891377821 
68.88109202218033 -35.73045145732996 76.15327788348105 -0.5483712740614237 7.272704105393643 -85.3572587161567 -34.9267876892614 14.37313311089035 -40.11477531937211 -92.17724150849757 9.297875019810647 49.137083659013626 -70.66383674153265 29.621847337434957 75.40121422335773 
-91.58692575850904 2.776193495654013 -97.22518272797755 -79.45464479175621 -13.43512120416186 -72.01118518843847 -51.02419043686312 96.82196138931985 -19.16993662447352 -91.21070105886974 -44.20055875664302 -95.30935225225366 23.691336531304103 90.02918687207378 51.42115398464256 
26.442768336870046 -46.83638544862132 -5.917870669769073 15.296811967878156 29.2679645095495 -69.3610133217212 38.542113953941424 -20.213013950986067 96.05111948106963 -8.174819972931218 -98.98130019670037 43.75943930863261 -81.58883389911182 10.117194904140248 -43.043575683783075 
-83.13985776829045 56.47060182186658 -3.984347793414571 68.57806168675481 96.12987924341624 -31.040270261851987 -34.603218931550145 58.23983798373473 -62.73491749814575 84.52329224609025 -13.192220829107825 -75.87631515350239 -82.2471968761812 5.212587422135101 -36.75464922753369 
-69.7573595464438 -92.48194327763119 26.71687409309898 63.20616460077369 -91.69092436719717 -34.27765360276524 -96.98379297885198 -95.36304494463484 -15.262969026986923 -1.8524231102841782 26.14755762156871 -87.77971086339372 72.09929621946449 87.28959565006224 -75.25470693010227 
68.32887672501141 -61.987328509275045 0.026344452829533793 99.33845929991276 48.987521523085576 53.20981605142353 39.270668597372804 -32.08434124277646 5.652531176679901 59.504981265650144 -93.04446238835062 69.46543815012524 -71.39086481932546 -68.3627871224413 -79.6406673171659 
0.36745876167701397 49.017979808104684 -35.93346715361653 8.845798191417217 -3.7993842214106195 21.05348784973293 48.592870461441834 66.89737139901524 99.3934947331247 68.89610593842113 25.41712226269314 -19.972948734300317 -74.02124516540458 -94.45697238523448 35.00342572341043 
7.710008047604106 -86.63508494268304 -15.094566582162926 -7.728012952453895 70.68941086414117 10.324767325761172 97.74624271245875 -41.43691734635346 -62.358614793286904 -67.78050195081968 -75.31857656883048 -20.882041048211292 -96.37807862111643 -82.6226691695108 34.02890982060359 
-4.0233928172471565 1.1969265517719094 53.12045285560089 -91.59837728139316 47.589177786705534 67.806504184967 -78.62843246869352 -50.902405520385386 79.48692061791834 38.867972619736975 47.557093886183 -63.03102987215057 -78.75201992756051 94.87718683228775 -65.64209976782034 
49.87209185821797 -69.85887185477429 68.56150489792262 72.23394072571543 90.80373840479507 -86.4245342174662 33.77111766041 -2.24735494833385 -20.891390037069385 72.83045434946266 -78.93616710755808 -86.8126328017113 -32.68845338902216 -63.75978968928491 -67.10830832691441 
65.99459421701448 -63.363241969651995 -86.41334522571759 -4.825190630867212 63.08505410396617 -86.47868729967819 -77.11444527586117 -31.552460222127095 -18.250947016083302 69.12720795647525 -70.94841068187871 7.150251223934873 -72.00266236932057 28.528399488177484 -90.84491845859559 
67.75426622089915 -83.6712593661864 -36.159209740159405 71.82739457382067 16.939196799879184 -87.94695991144471 -39.09701700966406 -37.38371237638394 -73.25707579921712 -62.386596526549255 98.87502434380116 70.07568276948041 -33.57245160356324 -2.399997443617451 21.0734449433442 
-80.70659724489835 -77.8089035342913 -59.94737189011226 -47.93383269545484 -77.72807232572734 9.052000798370557 -57.57377031551325 66.33595367610317 82.74004542477365 -92.3981014691829 -83.87761302556422 -5.774230017495398 -43.797673774492374 -60.936682217401206 67.63054965092994 
84.49071111601287 -64.18551920344835 71.62564854417843 76.22906049316597 -11.813094056557773 69.46948682948303 -16.783224863491284 14.86411442179893 -25.145108509613493 -7.499735993934337 -77.09153934006645 -49.70769107321333 -4.052255638268633 24.59168207227735 -65.62800974504215 
-54.11284212304426 18.100524165812175 -67.40662787444438 56.29871285595763 -11.517007185211739 26.58215001994604 77.58520019774411 -10.774292098749783 44.82201144804458 41.8170146701606 77.69979163565714 -59.03580183440646 79.63429804760139 -55.71191835254188 5.36252938763289 
-46.73503933482457 27.205339541838725 22.362898876001353 -22.332421939301824 95.94621506197225 12.821073387528472 78.09921179997531 14.623605530263333 6.859864553681831 -97.30231011912298 -53.968540768109975 21.74420781122741 -17.545088500466946 46.75038723998506 1.4550055269349542 
-24.709395165214644 -79.69729386846332 82.37932150540351 53.1698627564144 -76.33755662084656 -4.890305747142108 13.28901802184987 97.72332580259621 -71.60248356169674 68.21430139287946 -39.2443463367973 -21.464540929963334 26.61814585503697 46.59392415992875 79.091454317607 
94.74218706761243 13.78622897865327 10.633186715395155 -21.343386497215164 -33.41171365758069 -39.946591558476285 -11.402648599406916 -69.29899813907075 66.65964873223007 25.214526122454473 37.05296332309584 -89.58883995486677 84.40851043878322 -8.992149482003313 68.99476068807354 
5.909861831739079 -86.4214110302511 26.005845593871797 65.67022208157707 -67.54580959174154 50.8994032611601 -35.71468138912124 -43.4340913000252 -59.19745771298825 72.4478557257859 50.821109993379366 -55.48199848932671 22.391961423782234 62.62813741506338 -57.22887662046436 
-79.27806804512205 -84.2000702354084 37.16451239908909 43.30357505354846 29.930813104063446 -84.46697368571449 91.35317620079121 96.94779417508678 67.85610284294125 40.76129365508996 37.50703449313761 -13.561690133140843 -62.66442105186323 -92.35933265394476 -61.07769540798724 
98.44562067679621 17.0014946171394 -39.50356602989604 69.47997071768447 -5.560947314444192 73.82758807314602 70.37285963678846 64.05878358825677 23.20045865618023 -17.89613724393189 88.24715212506092 -57.28225519779038 96.46419098026308 -22.529550794303248 2.6579860904230515 
41.25525106942638 97.63999611387945 30.11475348960232 38.81963668432121 -44.66485178752191 -25.5353740016879 91.34603232968092 29.393691185139545 51.99763979139459 28.71081489989814 61.926475869732286 -90.85880871655638 87.12129955755194 2.819699078783785 -76.08377213849957 
51.43728023026367 -21.518665268550734 76.8104986628004 -15.0482703175568 98.11512481339429 30.12430640146576 -74.62461096759361 -42.03257975796102 -75.27436095886715 -40.49156173053379 -27.90492589348146 -9.060059054456346 74.52011752561404 -61.186888735933366 -20.017905433592944 
-14.489986098242014 37.48302236814541 -56.962234956187444 60.62189181941554 22.04058107687206 49.45471827107127 -51.13667421018771 -69.65762663808178 -22.86260775747455 61.09459746195196 -7.371468262320818 70.91264160371975 -63.70157203655153 -10.206345420495893 33.06218539544682 
-66.2272314236562 -38.12433744269013 -16.136331690119036 -5.630456279071282 6.988723595125663 94.2659067957398 -82.69159564643456 -20.29729553114126 -98.60009128514517 -71.06969638479328 -41.20737996533024 -1.8875514141129912 -20.743035034199764 62.85308967600079 -37.39479452730472 
-85.40336522298442 -95.58274037022576 -11.746301895141471 -66.50067573573017 -98.48478111790058 -12.98433831735349 11.036293284808465 81.75386717420105 -73.79388081085037 18.435129788652375 91.79781840880864 58.529542128464044 95.50009306203128 -97.62134142714093 99.57251535012429 
-55.66978637878783 -58.79934212596878 -69.05087759083719 51.70921531516538 -30.982323084183122 -36.09615806517588 -37.75205151945538 -8.954052553878867 -28.21039315929717 -95.74800215274453 -64.59496587577354 21.548479262483127 -66.90185695963919 48.78305986693587 1.589250719544026 
11.17232522275296 -96.76744217221243 -89.33766206359392 -2.0908216466615386 75.2527551812544 -77.14267392646326 -50.222214645896536 93.74530201860887 65.66539552521374 -83.7503833896178 21.873360483045374 72.29684984408681 -2.871488672517856 -72.3684584780403 44.127342182532374 
62.06875179772712 85.65172032213655 78.53185528107645 54.41335492797751 26.862334552834227 -10.292031956400365 13.703916119206767 40.5499707124703 -37.36143765254975 3.1190742290348794 58.328883917146555 35.152213042766164 22.058838393846727 -96.9266011170227 32.66843532854949 
-11.093361967885016 -49.70728693263153 77.87303033392291 -33.46585622251577 45.72430109779313 89.65480171369543 27.22668550472072 -60.02231839457279 -65.79276075379327 28.54322932835629 -66.53857687656755 84.57274157688707 27.737565053413533 -8.105706963875733 25.178793731436983 
63.36309189058841 -25.691865408249086 10.264454567882652 92.16734589111911 27.726203267371744 -12.419455834844385 4.233302932146316 -23.32836593561396 -80.12720756226655 3.090986891239922 89.08132045544238 -0.8467818026302325 19.66228242746064 66.03363571144257 -56.51080899719165 
