42.52652323070927 66.33180548669517 -12.140226961986471 -74.24139487005567 1.1548225761318918 0.8974886710753509 19.10721187092635 -93.2846426992263 -33.63289078966008 -76.76469221396923 -37.97625418453847 -22.66997350121001 57.69747143978316 -67.42760330125265 91.82548719987261 
-21.28905595612885 96.16150995804506 92.35156405263416 40.77765854397475 43.209903135032135 59.26999097451932 11.053397481703286 17.94401172210985 77.66950197718242 5.298064846757072 -54.17760140180277 14.952532519407669 88.71235256294631 97.726432920511 66.27408968322607 
-39.059767009492965 68.64768050807527 -68.67320000078809 -99.35441717094645 44.525148085382426 -2.067012417543296 26.823983064680945 -19.633573966171866 -29.072834593231562 15.163541300418686 52.38770992439089 -87.84323146202051 31.16384062292977 5.6640248143507534 -71.48354136981786 
-7.017459392447904 -48.34385129673397 -8.61562243470803 33.26085826798541 -38.98289937835025 23.974122142311515 -68.41654656048095 65.00979694960284 -69.43845493171143 66.42249174548061 -54.76815869571783 -77.12598960497715 12.573133081067354 -68.98988514945106 -16.90890773795637 
-2.204744236094868 -20.96556894689732 -19.226605559098303 36.73495818089671 -11.401553206542076 30.619969060131012 61.67312668433783 -68.39207004069266 -46.107557969264604 51.431914491287614 53.62815760458008 15.470180640021553 13.283397094491562 7.6392563491392735 -63.804947421284666 
20.303963229363745 -93.8274556303757 86.17793707927586 -4.060788136431114 -66.97360937616592 24.75939869102379 -69.9656050729508 -14.784732971922125 -11.567817217476929 52.23688092825296 39.13367910660287 19.63401952019194 -4.833881619362671 66.61790249945491 67.44632835311998 
15.276502377673836 -97.4080041275069 -45.50356408252676 -10.002143084266052 -89.58128111155304 18.82356745385134 35.10782143996204 -98.12478733216628 29.766262412031836 -18.320125566803398 -67.21820712469668 -73.39688762052441 -93.67036644035926 42.08536327049191 71.43086130837187 
98.16331400541912 -88.02418492133155 10.505953817911106 -96.62731467014873 70.91062466006156 88.65653206675032 -9.549781005071509 3.4542559143503553 90.48999562327694 38.68569804291985 18.137524049275072 -3.9116164912073543 93.37815620001996 -77.85004089468244 89.61984691532169 
-97.34609673383552 -24.739420370687796 27.41086201842367 85.73321920031148 96.46805889887472 28.580806152287522 22.70610563900175 23.070757865927845 7.816095209314213 -75.62886686993608 50.34497517496732 37.615212965890265 -71.67107435364659 -17.767871808491222 -17.07318242510827 
80.51865995545646 -91.2743169036744 -96.26226690858275 -56.638061981935486 97.51008514388297 -34.092290688145795 -0.5464316452982416 69.30380061985397 75.1613526594169 -13.02711912968914 -63.38288382197261 2.7472363405707227 61.29391180262755 -76.68456401048287 62.77497548287266 
59.75882974588427 37.22353281659187 62.918641755581916 -65.46924138727705 62.95475269243204 82.63320959986291 -28.125083888255347 -71.07907538300762 95.16361217963183 39.04533167727496 17.773961343421092 0.9242851486185799 30.51759752553383 54.74766537454195 36.17167118194121 
64.41600191334595 -12.816731451369549 71.68789616328107 24.067638507590644 51.15019449548919 72.1600011136967 71.35683747678797 54.51397195653897 31.2388735629697 -13.009773585504746 12.607683404501842 -68.88212737819131 94.19198242571682 30.09612367064068 -75.84449202306507 
3.702601771685039 -82.47130713806597 -37.808767871501004 74.86922965734831 48.69646373563097 -68.8616146389178 62.479196882131106 -66.92294556370173 3.1497600405715076 -74.64912277910057 32.446758792319145 60.43124878835664 11.981049382088798 -52.02573812322895 78.24808070772838 
70.02564973235135 -59.07218682811077 30.98135145682093 -43.314417683332394 -55.345085952234776 -37.44979553956658 -66.52649168917384 50.48000263831011 -96.66556458250753 62.82570774667391 -44.83120031480292 36.69381737074667 -31.086111135772526 63.45096792689182 45.470347730451294 
5.588838306156958 -37.84448860687175 -40.017511673764346 -52.78830115196753 -17.680527919458996 -25.036944416326463 -28.676269480647278 -84.12545785559229 -7.65858646233049 -94.52365822679234 30.574056610930796 82.63288603958983 -95.20023466061333 41.602597225676504 -80.95766193731542 
35.20022727817718 67.64477546083336 17.299367999996235 -72.6713713949593 -28.94574039668653 45.68132166152242 -81.5534185338878 50.94549338375711 -89.27351342980754 35.714600833367825 51.234617663809246 90.41434024130194 51.17667045474471 -2.628666274004928 -51.96751161204958 
-9.084124038644248 35.607740744538205 -29.008030962253912 -88.66370625461768 -71.62779251123885 95.91310288896031 89.91744188247594 10.953284435269822 20.639289710308333 -10.103775852850632 79.24814522593047 77.3723297780088 -90.8593607831944 -17.469876038965822 -40.74072247191667 
-59.52520326317452 82.96822704458276 3.3352800161222405 -82.24965563036235 -42.561832341333194 30.90079966953317 -40.29078199041154 22.987111985851243 -24.35409533617681 41.233538051691625 -85.79173992845328 -7.318474566117075 -29.535327010780435 -53.65588376430526 35.485388211910816 
88.19877796726752 28.34146707445234 87.73690923766964 6.772860387286755 0.9808033678972947 -3.703389062984442 87.76354926948147 -68.34389665594954 -97.746955819183 -23.08434816539969 -68.83385031487009 -73.14611236064927 55.1145809144281 53.141611260143264 -82.23357126764628 
-13.006376136669388 -13.69717929014979 -97.26392129803689 -97.28090129342077 82.43711439379905 87.04663495404355 -8.884202933776791 -16.73326487911129 -95.8366192124439 -30.987548619460668 -31.148691241200495 -18.690998372153132 88.86288900394109 14.291048279229287 -4.074072840219259 
57.66330979676897 41.702975218291584 -50.40997969230845 78.5260218795002 -82.94092105254008 80.30013706187987 27.972192373803992 73.85624446149922 -89.60874835023174 -94.71335694535752 -48.8374026947362 39.84580050498897 -57.07157780735335 -34.17553508793134 27.55191609937704 
-7.632787151012238 -11.754133410008777 19.66845448818559 -12.612204581373575 -10.378301390030927 25.78805585799205 -40.815380379331415 -52.522376809056645 -20.279928228535127 5.174976859130581 32.046420067812676 -55.59709471037919 -30.73682144515024 -35.07707843496988 -52.567494764581426 
-78.18195894436252 34.04418646412276 23.73099680328569 -86.35531958452236 79.30822956504127 9.64945233055954 79.95834486890317 -82.44179729194153 -69.19240472537851 52.722749149881224 -32.97922276490435 26.082169226117657 -38.87936909151304 71.40881952933964 29.550130533499186 
-66.01432490853993 87.33197644285113 -46.27788683631218 8.161138027821764 -71.08359445110682 17.866118855731173 -11.000900177463151 -81.88615545588019 -87.98974885435231 7.185780070318785 -55.32050173236493 -40.57888523994908 -79.17290346431153 48.19306950824961 33.796440085375366 
-33.76911165878846 -17.73101702324253 -68.4164686202514 -77.53787133980197 97.29687785115598 -57.21468311874571 -83.1094494664338 46.511377332454686 -74.45615636609386 72.84558789483091 -64.8498015271469 -74.76571435172289 -8.750579540132051 -97.1785504259427 0.8519512236957212 
-66.66985365510787 64.74155432229873 -96.6564977937553 -84.4925361402866 83.3840924776656 57.69880237455794 -44.079077757200594 -29.232297360169085 -58.83105425877222 -52.81782696031154 -15.728002458840137 -51.6459567711665 8.60357100972496 39.064309534324764 39.76870750961484 
47.126739402598815 -35.240915297564854 75.64592312827386 -7.27501808847488 -8.380933360456751 -27.30398675084365 21.096420596728137 -52.256290163511295 5.519836617370103 27.721065589191497 78.39931672751106 42.71850801068166 58.55725075001993 91.64773993260485 4.367462318972116 
-67.48232615552195 40.16215140311439 -3.324822781658227 -87.35144958975562 -21.17852933869402 -19.67839578696551 -72.41663668814759 -33.77835707466852 -38.86933930562515 47.58559597360019 -29.79792418601481 66.13179597567017 69.68432710189762 -69.89202459630872 -48.46727071193786 
-87.42312242850801 -93.51846480737107 -77.37106524153077 -28.316261425427953 31.363459287767313 -70.48126776844904 -58.028595902710656 -75.92514218336792 22.680373647104602 -4.175407302030322 59.76382863043622 97.93800657833677 94.65140538820569 26.848810865850396 12.40584430311273 
-75.218945159613 -50.83422357013432 -8.883335860288128 14.83711301396113 -45.98990101653353 85.35757425924444 -38.46447055973978 -83.8063539664661 -11.188460897613922 -80.3068179046611 -9.483499179095162 -44.713602797710486 41.168450752744434 -40.21941857523472 -7.152779346134423 
36.779996068098825 -71.43208369106115 -32.6778848194331 -94.34146034996269 -9.036531935214725 -12.331075552015164 71.58368031091743 7.019808336120775 47.461682117201974 -71.56305097409245 -14.15004857697943 -31.120958183310805 -23.947496951461517 -46.48582973866291 36.36197557849695 
-74.28749857832861 -29.80722262798359 42.0459153785371 -95.80775731516596 -18.799577502671383 -90.35985692036981 -95.7475869507523 -48.90437447571059 -64.30808227686191 -7.687981956339954 31.503723683836853 53.37305953039845 87.40266587895871 55.036968771735275 -10.305559529513147 
83.31262061615499 -60.35326399580126 68.08668089434673 -22.285210157644485 -34.36411758303804 81.24136226967832 82.1312371060088 7.87075680414118 36.128355637260455 -3.2694863405056083 -17.16064452370236 42.394476025684014 57.66553025963236 47.19406451294151 -90.19227663802405 
50.2971957174085 -25.709762351802382 75.07024343544114 97.20010499571617 24.067612820005465 27.024663387915922 40.86595253820562 35.79474755472589 -43.12091517081846 21.25722336761517 28.258091512039243 52.51817823233466 -39.461409544971616 89.13204316794472 -32.99197018512166 
76.8736222341372 -86.45804167749431 -94.49492638806005 -30.920246505597987 53.65429203875766 -57.76981789298463 71.81573488495172 -89.69913400081546 -5.084221120208696 23.357687115991084 34.71147256745607 -88.17998130586557 39.2585519444051 -69.92479443835103 81.33254709055379 
16.407792870200907 20.032624592930603 93.2377927686372 11.182053856261675 -38.51766304998871 -80.89268483333178 -92.16314367148853 98.55801900981987 -65.08434953396952 -20.754933250297697 -10.208546663209475 -61.703069753587656 3.3746234532621173 -70.49477119131427 24.286993715894383 
-54.50443304284933 80.54674152196719 69.443198821099 -17.04701191349085 66.20818544646704 -0.3045243590540849 88.0930303065023 90.37261805093743 85.23732357915122 -81.58087883034442 -28.18621569250878 39.04075845966622 27.919289725336014 -12.183382806963735 67.19779548946968 
86.64733003574719 -25.96656950744341 86.5348824280629 59.671565886748425 -3.245283849243677 68.5160046424964 -49.443203987120675 -93.2575200952242 -95.68726873020294 -47.62503332168557 -52.89262651658304 15.824153677871621 -34.45000082547587 -97.71619348394267 86.83865353213571 
-61.37345749139256 -75.15430301447428 25.741142688856627 -63.86341731484117 83.80453546216688 15.454901949858723 77.11826758722628 -63.079606041828676 -81.2019308228668 -30.746759933772694 22.437465566512486 -24.841763776758157 -41.24883298041064 31.690715192706648 -16.372282511607096 
-8.723520873814849 -94.2861890453954 22.683484517891458 -35.01434405764796 33.529263283733684 47.59342967834348 45.52511423113671 8.75747676187153 -92.68203255504142 -62.61225111282127 67.3865845293877 -7.220499965688404 84.67489420574032 -76.47431179328785 -1.7007240301711164 
30.681057760005928 -61.497658464515226 -26.2670700837553 62.00948155347763 65.3719710698376 99.38991213104941 -70.15469606270067 91.49475101744628 29.214339201521398 45.04531401733186 51.43142253048151 71.27878131173983 93.37016924912768 -47.59585545837388 93.36392401221386 
89.6745895139938 -32.579767591491105 67.64775534243489 -30.791428163284735 89.66036713426428 -97.1231627913882 80.64023233690105 34.43719941588802 81.99050662859304 25.712544709137035 -70.21439800589546 54.13395293429903 10.790705258386637 1.4948629936708784 85.24560336006732 
-9.455741641047382 -35.09749878528514 -61.12871650740623 60.805248591077884 67.54644543061366 -87.31255990863936 -86.66942565961236 25.655769509498754 -74.26741104781307 78.41621101686604 -87.02019546310507 76.38256419820138 38.16671838710607 -90.83250614677421 32.684479635250284 
-72.91509930494644 -9.74236708392391 81.75965482878274 7.8983323663769625 -41.842114198967174 83.75970243059862 -1.0829138222702142 -40.25768341542175 99.62202618212962 -1.512858250144717 -33.957587477817114 79.190960720655 -19.547212513851548 14.248473630137653 -62.70119444991693 
52.57954619480614 -34.22671175249073 91.43463588744825 -73.83430074164217 -92.31670950446933 -58.5629726868532 -77.58729249229845 27.934150223526302 -39.09066041879497 -4.872243782514147 -4.776807158878313 -40.489460674680664 -11.755374813120255 81.80754695299589 -67.59822874031946 
44.145968779081045 -49.96600942614273 -67.0901152090909 1.4830872190886737 -5.489037449766272 98.15714733447612 -71.81872176961028 -39.17995480765795 -7.211205317389897 -84.57130127428749 90.95951029625277 -41.208696401226554 -18.00557995762091 -58.17204834585794 -69.4558794731518 
-87.80582582822768 -14.705208048378339 7.473058739213712 -78.27109961618967 89.60376269496379 -86.13644635016122 -10.69692027854667 75.05267058064277 -99.41577251694834 -94.10483464069577 -47.32549084463913 -2.431877351645028 26.813976933028187 -28.494629829718804 52.54801308615862 
-52.450933382331975 -98.06182572505658 60.39736094982243 5.021074455225175 -89.59444854200179 -13.093442104782113 -88.59697787097984 -11.26722596989076 -2.2968542552152655 -17.50827026230091 85.44335118745627 26.827320029318827 79.83842747868252 -22.803676392508976 37.3657677795008 
52.421597769387915 4.518463511557442 -75.84385330264504 28.404937152169197 -89.75996479114434 44.350535965717114 -32.12455135822469 31.127824893713694 -35.20116701365674 97.73932902648764 90.7935581564515 62.39577904037162 35.539955501488606 84.72691751070815 33.72141993218082 
27.225397954557423 3.8983845912457156 -14.139788520365883 -82.17182339964029 -6.666812643552646 -22.421067771086342 -18.661423516427988 -22.675278926123127 -39.79696959648598 -41.7978491131163 81.25265884243694 -22.357974777022733 -83.37161156808972 19.193443599438083 95.30989993597228 
53.499753022609696 -25.53136676435186 -61.31877646694317 -38.348641627363136 -97.32533918527962 -54.979935199850985 -25.561033825763445 60.17596608794085 46.63576793107018 0.4851077047161425 57.49933583281461 -76.43467284623986 -15.683530048322751 48.71422201751682 47.343158925662124 
-25.50165955761814 21.117138319857304 68.31610021670494 -79.00658417236046 35.200492663257506 55.52680462336909 -11.825060421444377 -35.711275714763204 -61.030971667105185 -41.166257522866246 -10.527337963226273 -85.23843269996317 -17.355519080888257 92.41778364282285 -28.4085825956319 
-12.574703709484055 16.794093867649835 4.116869836746972 44.55701937193922 7.7199211842392685 77.05133188127874 38.32508575857307 -76.28773668592999 -24.53670980592146 13.816978011515047 -48.6935619739141 98.22464052544376 -6.242214863399269 -28.819545813210084 59.84377935485412 
83.58735050469704 85.70809851541242 -22.93512710215286 61.342206519500564 -98.51749226160646 -17.613202873556943 -22.82942927135332 55.21034382789475 35.47610377487834 74.02425655818988 -94.0562757606124 68.33816515450727 53.40575963751729 -49.992294387371274 6.801404144528405 
-12.963185341970473 12.684977512079172 -70.46625996455218 -14.976218658058798 -1.6575281952951286 80.88346625331423 -8.8562369850858 19.404534215038183 -68.23469498648866 -51.62724961671194 -20.150646274322852 39.67186023593757 -13.331914278057539 91.23492305010146 9.335132655045328 
0.43874701261799487 -70.01229268000233 -87.29770586220143 75.24075054153946 19.197349013387992 93.17668701476165 44.29241796397852 26.447033542997602 -47.969238663775336 -12.557509448058696 4.983468806495452 59.16179737523112 -7.004647889641589 17.81861888877478 -46.35863138630878 
27.500393664063424 49.03075761221146 -47.753504789818855 87.4317002815707 -2.0874091872745026 -0.7897497835882348 -12.411209031263184 65.83832189468814 57.57113425440784 42.29742812695599 75.40059487446712 -19.640959640946235 -57.11137315827226 65.3951824992661 -93.8805563970607 
28.546627605067187 -63.10941117949022 35.18178036112147 -12.40266258968667 -38.056553760875225 26.89156626401686 -93.00044926045412 -36.77233655798145 82.57306067723542 -45.556737526280465 -59.38432848620998 -88.47610623119722 18.65419384504601 -53.492408939442186 50.533190380367245 
-36.49120780020168 0.21548283739602425 -17.92930987802484 -90.79281189722342 34.54447534545861 -9.544922497567015 93.0414836656397 -58.0001430224385 68.13583087989088 40.32940527619681 -67.06474612226725 -94.32957498424739 70.7686128985963 27.158282443403948 31.053985316360183 
-54.18234527672197 81.04128062332506 -54.47033862606601 30.173774546881532 -60.39258910241754 77.31377669121244 -78.98365985705257 35.162662715778566 13.077168114027458 34.284302460115555 51.8464996695937 46.99197922706401 -35.76220250123909 77.05920111406854 -73.32932706133269 
60.06747612799387 93.65725054471713 0.23092983501619813 -47.75516528036863 91.38827016918714 18.09006553030541 -7.778563515664885 27.880898310736683 14.947631342156868 46.51064532699024 -35.702572841281196 85.65497478869707 91.55924362846594 89.57303609983157 61.23422272370442 
76.22131900632394 46.1412896998896 -56.433072344919985 73.53930121484072 -23.573536222188636 -36.72938661106815 27.130809462004663 -45.077144809842615 -15.052507355701067 50.01778759580037 9.563354761484135 -70.63854873661953 -43.26472695601724 -32.48906318118334 -81.3172173317388 
14.911231921575023 34.939438985280304 96.07032178843139 8.893745460200208 97.51567420224103 -59.77594019793342 -23.707922996782685 -44.24859022121137 85.07107784623503 -84.24609060778738 7.153324946766418 -67.2557684895762 -69.86719139165977 72.0224404234342 -14.62566087806971 
-52.04885185054717 -78.7045424691855 -37.02440238074216 57.54840585182035 -22.738582177611335 88.14521871705321 84.54127283028961 17.620052257372706 -47.24832021698637 10.502685220576268 99.4230983763878 -98.79438668103444 77.7345094995917 -16.73503799034937 32.327393983400555 
-14.207049674084686 65.24143415018872 5.030673186364339 5.0695520770845235 82.87104732553112 -1.1309234218309712 29.77470444486366 44.86018006281628 -66.88814457266275 20.212733463948297 -87.21717011176713 -89.87973180134199 -85.02307953772454 14.204537405419558 -14.635408819524585 
-46.34140672026339 63.305925407769706 -52.14222536898199 -54.46085588235472 -17.20263555920782 -61.553749421775585 -74.2200249877898 3.2417988059348204 -92.06357870005061 -82.8982163532853 -36.73578644765725 40.03869367370794 -61.52791878150185 36.8040799196078 94.17575565370942 
40.214886572952395 32.93194256820715 68.47214626753657 21.172048644549875 -84.44047597545642 71.01541624477008 -72.99531254144406 17.657824206843912 -73.03844657738574 84.34959722999554 -35.02751320062953 23.161583947205244 50.662262761102426 -61.28941070096789 -20.631656197990097 
63.71226433801979 -95.68087138013439 8.19171989611138 -70.48671037003527 97.17755421163213 -61.74668011702143 21.854579917109888 85.5490002549509 -8.987795716036047 48.20397910219265 -62.26824542611327 67.54537511668727 -33.13024855447422 -2.2515844322988414 47.78904128325502 
24.824278128144144 -84.95925860917271 -32.56560143946136 62.84981976952676 -54.87805320692145 -58.10809855759045 94.27386940595431 29.014256334387028 -50.074487320310965 -28.873724311089205 -50.12664088052965 56.20649813167066 -14.299788196026995 -35.441588879857534 55.487958571767564 
-57.17867950839211 -62.36327947637959 35.71146687050751 70.92726829006091 -1.0908140298965208 85.90529035769953 42.23187676751181 71.43617966260467 71.05412153143672 33.56706934405457 -85.19028147386823 79.84299823154433 62.2679428953505 15.707741899580796 90.0607184927685 
-66.71807142988628 87.53891361735273 4.836102701399938 95.96325885021864 -28.576493317281688 -33.24097281210669 -7.063922013579344 -14.262774256808314 6.695983084352221 48.62858184737297 -98.0060205721019 27.597013731464855 -10.154406306405761 97.67309187768541 57.96343064119222 
79.13778000325522 -23.5686242262628 20.815600993052925 61.98862063722353 52.87421576186472 -77.95652030556057 -14.289754372003955 -66.56197819944094 2.584068520759544 -81.26261612067319 26.286821690897668 -48.68186680124005 -70.22850368717953 -44.118945143017264 93.57212743561166 
58.50053691524485 79.236962644345 59.306088833040235 29.544492930516782 92.28323433783154 -64.78697276401992 81.37946207647164 -80.4521901677607 -62.67921101485272 -54.124218691420836 12.044493670690343 -93.8452635544909 8.257126048354692 -24.53285267806831 93.09176940948919 
-50.67359753668315 -39.034497249885014 92.05494745223376 20.2354787328904 12.045483876896654 -99.67107588121509 -27.953154258177705 -58.047213855890156 -87.10096379169066 -68.62624871399362 93.96368358469834 60.819606679134836 6.9798463684202545 6.466528805318589 -34.68582421613826 
48.04655891772825 52.64949480690689 21.836882633443437 67.30714990296175 -64.77881073092502 -34.698152178326296 -48.49784367744223 -3.1778632960966604 61.623693383811855 -68.2342569174359 8.846790445831786 79.21210665090305 97.49541745427774 -78.1465449527515 -26.480027038724003 
-6.463197551184891 -80.46891717927542 -75.46417245787391 82.33764460719539 -74.08729836034047 24.361307439081955 -12.996649624854228 -22.717518707220492 42.943911488235074 87.57275493994862 11.585864439625993 52.00897021514939 30.021910329303893 39.4639383334742 -70.21868827806648 
33.87319992650953 -68.39884900906704 43.610408634365996 98.39480029198083 -80.78581171636958 -14.88904957192321 62.813817978489624 -48.7111850454714 60.09785600440884 -84.05818085843444 63.14817793560937 -73.19752751655099 53.723421970858624 86.74862427496558 19.712903398632847 
31.27240898433584 -40.99887337763977 -34.72394779687427 -4.45560472657445 97.10412551450332 -80.0458870561032 3.8669668855260113 -97.87342621294695 -80.22534958085075 -41.649674545801794 -75.09702681599559 -60.970615045665475 -12.217801767689735 -88.30347358292143 -86.80752034356753 
38.62939372577537 -22.217351899943026 24.848833239304952 -78.51345841119564 -82.6988736406958 39.38299583568269 -25.769135579100706 -49.24591197529775 90.90380137615085 -79.52465949789689 -34.50431948540198 53.625064283225186 99.99712534701203 -83.58987787333776 -86.32451254809834 
-51.676797487961124 40.1003631034435 -95.19885161594172 -65.57772429724162 0.06757440584146934 72.4898094937237 72.54448439036068 -73.3148618528889 -38.09913707399626 -48.48436235264624 59.26396567661948 1.6159769195055702 -18.28482354457266 32.411279736996164 -78.60721181105484 
23.063168854084708 -4.390875363987149 73.90064663120259 1.374831064064523 -9.368165555077624 47.0857776889066 35.0812174087379 60.629808981712046 92.78177548859352 80.87720756635596 0.5380843861727129 8.867651630939505 -49.200369235036725 82.9816301485998 -46.56101012359741 
35.13262677565689 -97.67974008467219 5.6140441630235784 92.0844511515557 6.3600766150721455 87.34708209817344 -29.928705645119663 -39.87028650526297 -40.4402888150254 -54.61835738141252 -58.05986484916943 -90.82703646064014 3.334390145890012 94.87570414613975 3.9442229126216404 
-45.33554914376319 -28.322533501889495 -22.959563889178554 11.904140671608914 -25.82537578071708 -17.169182420222498 -59.57571747513764 5.905631838491999 26.131424151248964 -94.75610560202377 -91.19712345382219 50.29892860310858 -99.05296201498113 -39.12040715191196 78.32110834476987 
69.05767066526016 57.59775220343613 -77.37864143241504 85.17664913361219 46.00884530024027 67.86589330459901 35.95047256138935 -50.295432274265295 -60.23126625188247 21.84800320523277 -92.5038263913907 -62.04957305279881 1.2851605661525554 -80.16791890788899 57.59068940474893 
-85.5530830114808 36.62423912853109 68.9624483496294 36.29269940158005 -83.40124622632312 -15.355457471672622 43.0828881748011 41.10240849349759 -51.742653018077256 -95.71477349424956 55.44317122921433 -55.97943803843455 31.377936061401186 -27.084024606421835 90.51046219439687 
-13.04859661404332 58.41405373322141 -86.35064587907186 53.261515625353525 -91.52725356542031 45.06152590040182 -42.93016502211901 52.18418966917159 93.78320641647758 -36.57256114878385 86.53843200640804 33.15181892799177 48.81105421979234 -20.107148282998224 10.642994740144871 
-25.3930171510887 24.875893761619253 -16.88694690739996 -35.814859818668225 -45.82163472282876 74.45868342242764 3.1752372658790904 99.5537211715457 95.11980574550637 83.02466154263905 -94.53815208125538 95.73225540604739 70.4534887387095 70.44083494476672 -65.86591755741708 
-99.79026136659641 86.06021275483528 16.17452582262166 -19.928708625648966 33.23838717972998 11.115586072198084 34.5247157652266 19.461215616826905 -25.749206831845655 61.89428578298123 -17.650195598245347 -11.219709911641473 39.55989377652642 -11.004164130518106 90.02036844275653 
51.49597561490222 -57.31596133631629 -94.83368302742583 96.69912880086537 -34.8330977876151 76.95938310441414 -49.92899091135578 68.39682795728586 -20.922149135447725 38.26645084567264 43.8199230820926 -20.032360666533222 95.16573596998575 94.46925716841918 -30.32548431824567 
-25.599194221007778 -0.13444258272225795 22.571760137564965 -1.4456393330856514 42.55796404565655 -48.06721478626572 51.8379344021518 -55.49362240496507 -13.207660162671232 55.27245455264082 -65.48109493020087 -28.048599398088655 50.01966724642065 -65.69161584746874 -53.122326531950705 
11.257053115316197 68.80933981368699 91.84061170154325 -63.080638225031095 -13.526146371235697 62.539818931538406 57.554448454332174 -37.526213460036814 17.24001189006941 -56.82831960265084 69.50731285789533 -79.37223974341758 -11.94431795139485 18.20755126334565 -4.3892180461701145 
63.648690461662625 96.70427549552716 -90.8345364462422 -64.51521929876714 91.05812120087802 -8.255657926367292 3.3345096618802046 13.274477665854718 -19.989419925984862 17.39670797092907 88.40588164924063 48.59350514448411 77.71756549717031 90.79856121406061 -10.608115968555737 
33.426281456094614 -76.44495701038876 10.35229591726133 -35.19461549026519 82.89541395191716 25.305859642276246 -75.7827294036089 84.16265568755011 6.644465314922726 95.93816432241388 40.38563243520662 -41.0259010263828 -7.9959796631363815 -68.97444379342443 -90.33891656694747 
-9.353824262136229 -11.264327028497604 85.38935548064651 -9.089592235640524 62.43360404660075 37.530977054516256 68.99124848405148 -39.20295782819399 -70.95303641480417 18.421096031682183 85.3724084964237 90.2061247018587 74.462349318007 -0.6798669905634114 -73.37829013608821 
82.39053512743257 -40.51023756908765 70.0031185410705 63.54173822243095 -49.61274018364128 7.194972922066924 -9.673975925836032 97.6739725389719 58.99157981197547 41.386874648969524 -50.09678779124505 -25.480423162090077 51.30378448083749 10.634401512460201 15.488651488909383 
-96.18848819369134 42.67647425134845 -4.972104392056977 76.8133481712936 -83.45290544374035 -6.169125139875035 -58.2990244223665 40.418998752218585 -40.52859783084526 -11.806553635874437 -49.747029597708625 -75.46985445211946 5.705166701811294 94.73464367461787 79.66184054354045 
6.692329317892629 19.4745640823584 -20.942443214037468 36.77128158695058 55.136009728572105 67.22007732534351 -32.0135818036067 60.28464120412929 86.5149107921979 48.54567885700661 5.61343036322657 -72.10202525652588 35.996772569495846 -34.50698059228297 30.55724471416886 
59.98493903755124 98.14113470644509 -19.69092602346663 94.61236095695443 51.068578505905066 -81.21113403342233 38.88559213101894 -48.931711422408306 37.39271159482814 81.58254804450445 4.935331240779789 54.21850547965005 58.55502513038783 -37.861465420747045 24.65883487690799 
22.183322893817348 43.899958740631575 26.684030775535334 4.566053076263472 -63.84350039277735 30.3879439209594 69.53525299424996 59.093755773781965 -11.310162485589274 52.628385782340786 87.05468831577531 -53.18024889785917 14.574556631880526 57.573256853467626 95.65488350275763 
-72.79640372001396 63.8305093086675 9.318277385390147 41.150654374179766 -26.352804726329282 86.6023301090527 67.11593372140865 68.29169116009527 51.66862953567778 -17.743055961379724 -84.64402683985104 1.440456821894685 78.06091124859444 -7.068192458625759 62.89632701111796 
23.172138970775478 62.78874354473251 45.57805393228398 -77.65812396869245 47.4621932290984 87.49979083453033 91.29617325783786 -26.12198641599899 -23.914032589719383 -37.12958106902471 -78.13316794982153 88.65518369786321 -34.46901616356794 -2.754953096384071 -47.046185553404094 
-24.547527823123772 -26.098527887290686 -5.071301532428009 -91.90776536225877 2.750562837471122 98.33000570756536 66.53424559507775 -75.5045724692842 78.76002829209799 83.49445318250261 -76.61178525136395 77.33282320246065 -42.18751585816618 -24.615146551698203 -82.58099666843009 
26.863243496054295 77.38855003979083 -79.19683410389122 79.46399784375478 36.31305850852871 92.89454888154762 -27.965120330778845 24.791819757413847 -48.57797525617447 32.189849640954606 -96.54647843721145 -3.0641091294611584 -38.58284575751443 -81.70399912449271 -84.11855358858584 
95.66205917389573 -76.07873119410607 -4.516090315887226 32.30582655021561 -73.13793003675752 79.87249965675662 -46.46976167500221 -5.896439756615138 26.72322726911507 70.2255030063429 3.7166060946198343 47.31420338509972 70.31349480563387 15.654217759109741 -73.77975296022403 
75.94335172928848 21.575275417463317 81.89554992454714 -23.036435612634804 -16.517553477515534 -48.304244907230995 -42.271250681552615 35.54598528183266 -6.185840190796313 -21.653692194465293 45.205244339295575 54.2694031300004 65.8222183828365 57.52171505767117 67.05596054997133 
22.188428157964694 51.653262741735745 35.076446770014456 -96.79752449806263 -0.025268185294578416 45.46680166917773 -54.12975655933634 -14.218454321660317 -31.43626099304555 -52.74844802577847 36.727079007647745 -15.149146172656728 6.249783209315638 -30.30470413586947 77.57804899765864 
-32.0461448762766 40.35195132228583 -50.26374095570718 7.9137795609388775 -71.0516987448483 -25.92890741794946 29.510691087948203 3.8633114418322094 11.194918615820953 -30.9192019196815 75.95822276451139 -27.503424643501887 -66.28131605818996 -49.43544083630458 -11.019434563489767 
-2.4955901263849682 -52.457101162591634 41.364821192784916 30.140314709772355 8.375034025513315 -89.95205305823872 15.406830595977212 56.296563137669494 -90.71963393084297 67.18644787540845 97.69505374068888 -44.05724111640217 -31.011881714094073 46.580709859195 18.87415656859997 
-58.916476605426695 -77.78377109221515 -5.46860500951567 -19.828385965602436 29.669325412814118 57.727538265815014 -25.984373277709267 53.57799995144785 -94.27663380275082 0.5358711745952434 86.08627093143582 -44.206433767311836 -87.00292625643414 -99.78737469616199 28.80508469273039 
67.09350667662764 3.8106267579951947 -32.741287284126756 -62.0613598646524 -59.55740372855398 5.646229287264234 -55.082883120328184 64.15514807024351 -71.7930890545781 -49.732196717057356 35.19968301073072 38.66667930426084 -34.440634939242784 3.4185214030476345 33.71618859957823 
-37.21147342093578 -86.02049231485469 -13.311756325393858 20.158752309294997 14.636950469617815 43.20276613575601 85.33674681545088 71.57786225391203 -95.3402056806408 -30.004973756450084 -72.30176803945983 -46.63720272671985 27.265719898126008 -7.9069171895556 41.77105519255812 
22.58375175029623 -80.26840842251421 -67.37946267870242 -91.76359428502698 89.26700561367701 -46.461754801417186 31.236792230621745 -20.04145194582128 29.665531015043115 95.99435871249435 -22.35365485614649 63.11795318446849 -43.58359015087585 42.92622121670243 49.83036101006479 
85.52447889478904 67.1445734014159 52.480311243300434 -16.34116245599371 90.21581635853983 8.146378409877528 -32.51738327381169 14.625110272274554 -95.54432858792123 36.88708458905609 -86.98313702807175 -10.869996145278861 -57.55653381109678 -95.96034628953996 16.20773522363504 
-18.56392266697118 0.10379033727285503 -56.28400993738338 -38.82231824584363 22.128940308433755 69.90908441728769 28.992267853528915 76.9261990035416 -56.981218822949174 38.22056283604226 94.00054730610844 47.330766932578996 -48.71933502433989 -29.005891521405175 17.962010787802797 
-50.50385780096569 -98.06801081620998 40.24909994339879 -23.16082058821935 60.552269399016154 21.073493857560635 28.244911888052144 -40.59606193026719 -41.39439431863436 32.113664373468 85.20049593901035 11.855175982481668 28.75024701032075 -45.06665170680624 85.14173490121527 
-66.93225451759967 -64.87109922559677 59.747896764731166 -42.33022125774386 72.24217490703305 74.46392978277908 -99.93745574663117 29.246253108658266 -70.9513430143045 85.50078417683292 -25.793729819867053 9.194514665697653 -1.1685286529270513 -28.596595677937813 49.10739139081059 
-71.21516981640534 4.331006531059799 59.545504230189266 -80.97001114758868 18.306081153557784 94.56577565162036 16.53787758066815 63.11579573767071 28.997683388133083 -63.42618264726312 20.058414195584987 55.73269472796639 80.41055559034672 73.57654058108929 -76.52224785629778 
-30.67959793593411 -35.592247770315936 77.43121529994147 -11.614013566139334 -79.85738646244818 -92.3063535392086 0.8679080986939027 -53.76313081739084 -23.167247845174828 39.7225304805865 -87.69633135010288 47.37381302153628 -95.27371406967325 -36.631111087819775 -36.9010006161345 
-37.53742350792353 80.44219544862304 24.314103369134358 -99.96767447170951 22.87434584210007 -53.71548746652059 83.9993724807888 -6.373387498644263 15.091327671025098 19.205252793309867 25.387766627260035 -0.6898969815773768 72.78990338822524 -70.52614010054768 -2.1457300593243502 
72.65615594024172 98.09736131726083 64.4503589397948 33.58771122328898 50.461917152381034 -51.92137639614786 -72.4185742989129 -46.57968637089161 -63.61233606065957 -10.063482202662271 -33.65307657225223 43.57946607995399 68.79983789582249 -2.054548535524873 16.247206242212854 
-81.59023527911128 -37.922362539685196 -83.53495989552171 35.28527911762512 -56.55879382125806 16.998514785585897 -2.780178512550478 -50.685425048597544 89.02593367336428 70.29355259326215 -32.40622313107515 99.02664778301178 24.634204215525074 -41.61473028676652 54.182432373505435 
-48.47079484982197 -89.45659985965713 71.62360484149752 74.27739972521249 22.18342391513808 -78.52301113911777 -74.35694476367223 -48.19125975748302 -33.3671704000343 82.81003065470532 53.544237843121834 -49.741901084061425 -97.34617031596594 3.617886951534956 83.09895145152873 
-53.509780326400104 -57.23159093492547 -95.97698802572232 -39.87933721121255 64.74410074451777 -41.561039254187236 69.46489038210365 96.18710219598475 -85.2250026643676 52.893204895105896 94.56293354258185 99.47337757890975 -78.0118248659865 -84.43404164104041 -59.77112823348008 
71.44246451028974 95.94275547372811 0.3406866852202768 -69.79924050241075 -60.49152326254035 22.794801739791097 -32.20138424423931 -81.58105687563113 -25.240371056635496 84.29250876053104 83.15930107849812 91.24442181456013 38.109891504448626 -80.6453108723324 66.40111866833095 
-35.21217289575658 28.639048653050338 -80.88119363187829 -75.70812069424704 94.07657626682592 51.67640148012333 6.434063203723255 -38.62221623885045 72.90616603876617 -24.226297707458315 -42.75150202563607 37.19366899581661 41.60281158403393 -3.384461942573452 -78.18078653798077 
87.6754759681115 -52.485791064957255 -40.81494431563888 10.038732307398817 -40.09116325924491 -72.70000176557885 62.88778055313563 47.610137160545605 36.59232727709275 -90.03870985319999 -20.51146751781954 -21.52284449385951 -87.88249619701618 85.00224770695257 -54.08400897958106 
23.36095253847219 -96.06535052792356 7.925925195292876 76.54770016098576 77.38751553246311 34.15575327683942 36.28412649170278 -92.84010233753281 -34.558681225484804 55.17195886326999 64.71917179186295 7.122867238695235 -21.952992955072986 68.24269758595787 -73.1019921131928 
-81.29574008823776 -89.77992248943465 -26.78536560304434 -29.925654022897803 9.79281545133 91.0856521392308 74.38497301553642 -74.92725967667585 -80.2974298683685 -19.27677148405671 -28.236029865794848 -37.891306702140426 56.62748984967811 -62.96406465654827 28.483811866149182 
-92.06444349928094 75.6236402378079 -81.74033734525659 -72.74619164552026 52.24921125359461 -27.318702234035456 1.2159355030259889 89.23439518278994 -69.93352901959496 -19.103978785876777 -89.69910808779433 26.814133854014656 48.83692113650318 -7.287941228660301 65.52694013243132 
63.57863292342992 -51.56186626371058 -60.82827443919796 63.803804071315795 53.09429476566302 -94.50876593027004 90.86235948539246 3.8898766576218975 -63.41280661868238 -82.9022137288213 63.663185472278684 33.441191452328894 -13.35166687398241 51.785772298835724 -50.80010885935702 
6.211511375492918 40.68212309801203 -41.955025910468294 14.83337901616133 83.71531330022256 -56.376438801791394 65.09539338100319 -95.86866250453805 53.37287542771011 -84.48971357600097 -12.62669096194233 30.425976887207668 59.897956711136146 70.71392102427836 55.34103343037867 
-55.57310690804407 84.10204161271443 -32.25832072710956 22.57449748867502 -46.24211874971327 41.41960108477409 -66.28042044457757 34.954594222869304 -6.439227018826955 44.389383992028314 -59.132244900696286 -43.44427932873014 -81.79880477485754 -40.385077638607214 -58.37619937786711 
4.5510584757121535 38.45937656409254 -59.122603199853785 78.37104212800864 -6.0146562725052775 -97.19438601139187 -15.118195532317685 20.510909709150354 37.31502181943503 -55.95728981702748 -17.837247839340975 -45.49016641197427 -36.45670162993318 51.56659433461621 -52.67843840863342 
23.14578554515809 -41.5962383258687 -6.3396961347527 -30.474697772077235 77.52827753181498 -76.9331198368171 14.067989567359703 -50.557720998496 -14.386389772252599 -1.832761335620475 -36.85428818102352 2.0849777157305738 76.29935886184902 84.21428961322923 -37.058827875286184 
36.326198564228264 17.06338470118422 -20.34893565736469 -49.12758723746818 66.20778117994058 -77.50547011367004 -26.706110511969698 58.50363199913872 -78.57791415657529 -51.61834455911838 -31.549740952670618 94.00855283319413 1.7089324722860795 31.550852287066505 84.7300884411944 
-68.36712489724847 -41.784581659424205 74.0332969521819 -58.89056317110042 71.18398655018316 -9.413774255368509 52.65630568796834 1.546015735483735 60.28961642805098 -99.27803058449614 -12.692201353193553 9.546130831195669 -71.37983948669702 -58.72169386420276 -97.84300252932798 
55.645431452401056 -13.7556353701884 45.664452145227926 33.605935437408874 21.982379525639843 -58.089894522449455 81.38175121582293 -35.23619321756132 86.33632428760413 80.00953352004686 89.82435678562328 71.7083697564641 45.20319000401699 57.61125012277813 18.437232844082914 
-79.7755408694931 32.48893844179875 -25.22617356103379 38.37085049751366 -38.409303547455934 -52.77444327920917 42.8724684421459 87.18817075937787 10.852465320446257 31.730884556250118 -70.7097167626666 -25.586964606649403 -38.46773548113622 -15.770062831490435 4.381150095378757 
61.605220471413276 37.30026910961948 23.54840286434819 63.452348067508666 71.00841275565358 -18.619591560972992 -14.734602711251597 -36.875367177634445 -40.0675915778379 63.71323866871046 -18.852165047765098 -51.89997509754638 -45.09657737291328 -76.89597024665682 -52.39437242314538 
-59.114873657709644 65.93310125334469 42.1719513589145 -66.54715364680585 -39.09199349153478 -19.021701880639498 92.92903204590812 -45.01890568304645 58.54666294048258 64.54813328148478 28.486723164809433 -12.673643473867813 -42.987559378281695 -55.73619172211135 23.877707325862147 
-19.63782895883614 -13.993068662068623 9.180429278137154 -3.190044285523726 13.208166005515224 51.410175244785165 91.20303809531737 62.7197617033317 -49.70122648477049 4.5334836568335675 -0.5280041330029519 -58.475990140482345 49.152506714366496 -65.92099465344425 -91.69579448216241 
-76.64160465915204 78.27615483430782 -17.988158569873875 -65.14376345616577 -33.93377218473768 54.14895318715608 97.98874913714661 -75.82400244273792 -12.629283173030188 -0.7680844814297529 -96.2337677633302 85.15660853588702 -54.34397133151452 74.82807892241533 -25.846776305852543 
-72.97235810090778 -1.5211241812437493 46.51300294748307 -61.08493652758731 69.55835823094162 6.3393733899441855 -65.93214048788214 29.941064461443204 11.570403662565269 -83.05427235030787 6.950392768688744 -59.11318718122824 78.13536131980453 2.022018109432281 34.73894586613466 
-51.55152800118468 -43.17640191487322 -72.24101878468643 -80.40840566694544 85.70137104449358 57.21837897661186 -92.93836827595024 -73.54194789287874 44.468851853488616 -81.43591020756219 -59.87987678719582 54.74653634644099 90.76257886277284 -40.56934196096395 45.25662148848372 
22.067045867525167 -67.57628055565141 -10.864348755199487 59.49992963333378 39.61042612583012 -9.933352376394097 34.22668950328239 -81.19197739148007 -43.7130259266816 -84.90157517443835 -6.5636099407171855 92.15191295676257 4.012712297384667 -8.085281414534862 -90.23182401367092 
87.03328468941635 0.18421629589843747 67.67247321587041 -38.17984973346 -71.72970685801107 48.06303428035275 -51.95231941370548 76.9952222549748 -7.7885361383887926 5.1911947234414555 -22.314599374190408 15.920284414229727 47.40744458658969 -66.17216863206838 -10.075102304324062 
33.29288863867677 51.49145079772583 -25.15717787972433 -80.77515126091868 22.391759786780653 -30.9282455970326 47.93216664379608 95.10020876567197 -98.44494055033877 -79.42737424629662 27.50770406278353 -23.924340865342145 20.15476936190386 -53.368871416695285 -3.803970568664411 
39.30137139286049 -50.202499005210235 3.452492928362034 96.17285160211634 -20.774786790674753 86.37290192353618 18.348307362173898 83.47798853704981 -17.477812512705256 84.35571823909567 78.22359720235153 41.03582314644754 -44.89066361113678 4.6022928340057945 91.50966026860135 
-23.03540599518668 86.78868336141986 -85.18202568212646 -55.20000160266281 3.2227610528900072 -8.114737822618267 55.93510277651316 88.19847323160258 -84.98485339423225 -3.336788227613468 2.2383394469556777 -15.05523060278911 28.21482791838568 32.09098018806401 -54.88637582684377 
-1.2645535120969527 83.20313017819376 -47.041926727510706 24.60611161094515 82.72460461315973 84.4856221695193 -49.12063587368725 -98.93290481644905 33.531956208640224 95.834636246413 -3.7197344209001244 75.49666889961034 -50.027429514763156 75.0136129234848 -90.27233781472486 
48.56341491636047 17.218845913331478 -59.66708192190189 44.09281150596388 56.12759423625536 81.66794531319508 -22.34777746653789 4.727546883478269 -91.6462675788343 -11.650502676270264 28.699355280938562 8.893806804680167 -1.0030978744455865 -57.60349549561712 -31.9609048996292 
40.01745360589027 22.693243981643604 0.5603089114984954 99.40559428770672 -94.14612236598217 -86.76724315620312 -49.15052358047174 -70.61653195863576 89.70580567417915 -20.595583417273716 53.53227593767457 49.96615673906635 -35.86540929652659 -78.34713583005801 -74.94478872159877 
-61.11955744519435 41.20313393619287 90.21743308336923 -52.1423234192038 -99.66880260128119 -56.83249692562 80.73088841546266 -74.61044308521434 -69.78369631668664 -64.77040525803028 -66.13218143647231 95.46403529148037 84.47018058460557 -18.586940750980844 40.84587656971158 
73.55696900609172 -69.8880474716762 -56.14728431367113 84.08225197676887 88.25697355698352 -51.557630890527825 -36.876697752229546 -70.6941849711714 -65.14225038669002 37.35776726579334 30.09008133963036 -30.53999961815765 77.38730031506651 -52.958058531319985 -92.28984174449499 
40.435971204946384 -42.850837624869875 39.679858324872214 -76.99648734548208 61.29145448403682 50.153518748981185 -4.141596306594764 -78.65970098671215 42.11763937893761 12.472695781932458 -95.32379220313372 77.62548755142987 27.717094136602327 18.357861176096918 36.73694768133211 
90.54157635831356 0.8658771574935287 -19.21609195446618 36.23115697363312 -9.061320994663546 -17.652001630061534 -23.61638765539631 -96.67185359964215 -68.00108117200662 -49.38755176542917 83.72312274234199 -35.36965123283133 -61.03183414366975 -17.905340557207097 -16.638506962943154 
83.67279360249415 42.46168526246393 4.146959045943561 -84.82996194783676 -4.989347114148984 46.334581726580524 64.4387384146873 33.12770831935168 -5.97336554201955 22.577808287338257 66.71862465580517 66.07816587036655 -45.51820948164058 -94.44832901044798 -86.68098578350003 
-34.46546660741686 61.303812004736756 -36.20209401887182 -35.98414435420129 -48.861023592754414 -66.77799321470299 40.390694486240875 26.629333577533856 50.938278750214835 56.25182285107371 -56.451615793463446 -22.497176843220217 -19.73868644264067 -17.015000813856872 93.38431721388812 
-90.41487203613592 25.647385680652036 94.3054682811734 31.900495741111655 36.50871244410769 -83.24229555055601 -12.714524450632808 -96.06359257775203 -57.81549158496513 -8.721051953867502 -92.10656481340011 31.74054945443811 -74.64564175813013 -5.068267009709501 -27.871752187310932 
-97.40811573413058 43.3786204501275 -39.627671492307435 19.143728230243056 82.00477388106279 -6.119002769945496 -14.230843650888488 -19.995111792040078 80.44394556076765 48.06741202059129 -4.978771769514495 46.40346091969164 47.861483493513674 96.14481508850378 9.711771980209008 
-47.796876225658735 -9.02597053148493 -91.00060666869052 -80.51383991640886 7.02007142733963 -99.73727515412148 81.77753022937253 -0.7155520551350065 -16.59421850063596 53.21237335773469 -27.155270157806527 85.94747492190058 99.47893681956447 63.82452913557202 -19.992446322977898 
-73.55635813884297 -1.969509404985729 -78.98923387917726 -96.9530298789349 53.53319113831782 -74.86391899853811 -16.628930273967214 70.83265101942479 61.88142379153115 38.005921230542555 90.87207871731016 97.98822168440168 86.89511246036295 -46.161683926450124 -87.1968912193146 
-83.44706189920927 36.222634922772784 -20.2848440181874 -37.60615103835126 -90.9915146425875 -54.810042275543495 67.28756004508696 -73.05905744575472 89.90959155413907 88.80906700482706 78.12441584542026 -75.02430367315415 -73.68575127299405 -25.01116459724895 -88.92045776880073 
48.11247541053433 -40.85834893950746 -67.1437773548285 1.1937502657813894 -58.90964023650989 -22.709851475361702 -61.195878181877376 -17.786963067405836 -75.62005363517201 82.07929255365468 -91.48435968505677 38.52220392387562 57.45467267602385 -3.541649077780292 28.701758386490326 
-24.45887299226446 -25.237193305230292 31.9735860303482 -60.72181276552855 81.57777471480506 84.0602968487382 -29.93937534909182 -1.5968070574599693 61.517517852287 -22.618518248639703 -74.72125219150267 13.009004537207304 18.993282226136273 53.43076745668381 34.33285263680892 
-57.31618358112609 86.67891798920544 -4.044063619489819 54.9345753095362 -4.549689167385253 -67.36966266701026 56.770171485942654 58.311849081961356 -99.5996719152167 32.22750558853761 -12.897709462153983 -86.5634495331643 97.25408988380462 -28.697215478565468 45.98000494505541 
93.07814049387335 -86.23582260019424 81.49492494975851 95.03893350781658 4.119679282076262 -45.25825235343206 30.49839165502155 15.420726979272416 77.95298513069329 -35.51691304812317 45.534493850226596 -88.77719795057295 -92.70567197603687 93.63181813722827 97.18671177819473 
-89.35378859592157 36.403045707055185 -73.24127775915848 88.9727669332589 -98.2243018159792 53.66745573953364 85.27075521417339 81.1155730697634 36.068836379011316 -67.18682556241569 -48.78502290143108 86.33648142007209 -90.79813251184281 -63.76787451360866 -36.174956955898764 
85.90250998025374 -79.9884078381987 0.5776648115143956 -79.89464701683369 -31.451549926580057 7.7022177610557065 19.82567160197533 -55.01890165735417 77.97796870671189 -25.520995664690645 -24.27867905218399 -25.412841203056487 -52.277375263753314 -10.134804524018449 -15.341523056302847 
75.04951830799564 -77.7474190423054 39.70982226660641 77.9045083274815 32.974663948184656 84.36998769052664 -86.73574230746735 32.506366427086846 30.506292561251257 -42.67174611442008 -75.13533163746791 10.353511093372504 -48.36418056831842 -17.08156412051241 31.352415152967097 
-44.010504087024316 11.617977053840804 45.165097933161945 5.813229489758925 46.68780470574208 -71.04823885229658 -24.151093473391953 24.25791164979063 1.686476070834516 30.34044752905868 -8.411849580638943 -13.576005546977399 53.124365965289854 -62.581310767366375 -13.064851621952727 
71.1754959729995 64.73440933452986 -40.34961535364352 -22.275847724333346 46.719315949916506 32.175099166235015 44.03270516015493 6.1632162282140115 -49.93162341953552 -79.89040773472394 -99.67916809871502 46.10271034908902 19.337426753156223 -15.084456820086075 -47.67574382597657 
-65.02421274420831 38.286524014464675 58.77669040510395 39.744823006469005 32.66000825982394 -91.10526283853038 2.791297896213308 2.906952328349149 91.2477308634324 -79.91209485672107 -89.62657970667803 55.546647920202616 39.939986521327455 23.390440895323067 -8.451696910832979 
-58.152994926462156 -4.685425484015539 27.845920820788294 44.61323854738254 -49.29151171380535 63.494633400561554 67.03969654366941 61.782405696973996 20.857600998644912 13.051113438646823 53.24434806755045 49.09687097062786 -44.18410686413794 -13.431226631315866 -69.80738145767526 
-53.01535835048239 -78.86161020855764 82.49816957936352 56.021458449368254 -51.339972441345964 -65.30515333477382 -51.47949512515713 -63.407503550796854 99.83895671473547 19.237674558659748 -93.39739273385834 -25.637720231493688 -76.31599459009355 -85.19857857828634 -0.34705159773314165 
-17.755695356388188 3.2636997754718777 92.0136035738517 -33.42857312835774 25.84247768423053 48.94099145570058 -58.53293376471886 -84.98247609949125 13.814906563317493 91.70145716910773 -71.37074308943734 -15.034700650794946 33.075135953678455 72.20328104793893 -22.807263760146952 
40.50539277122786 94.59191489579572 -68.8111284163982 -13.418481555795083 82.29404728598709 44.40222680987759 29.8583028798065 60.362106538451314 6.393361889338138 -53.308070182596 82.58140920185772 31.393850298269655 -76.23088658676163 -1.7070017844259837 -84.24476671310144 
-73.50811844940623 -75.51973635770693 14.334437078752956 -27.887543463102475 -55.19713882591844 85.48463225497716 80.01955954190362 19.875381145792687 21.970905644183247 -21.254946698724254 73.33549994885038 -69.55663646983048 -10.004729419008271 -43.517921595264106 -75.85307766519351 
90.53748789717 38.19687621950874 -26.031810079262968 78.60650841595577 -14.710848768393106 -38.14986041901693 39.741600957848675 93.69952761278421 30.211570895960875 22.57006209896433 -97.65564310392891 69.10467201979756 -20.835214364269248 -76.64898731204241 91.90946588984573 
-72.4812585528147 97.78134035979272 86.80052543318396 -10.363106509746672 85.29431599719265 90.64753374073834 -83.27178070906282 71.67831004357978 -76.61253343527959 -97.40635802193415 -46.38611108961359 22.55679099786714 67.56741464611719 91.27406329992499 28.831788090471605 
21.83188551756028 47.612150083508595 -26.110572078719272 2.018284547950657 50.18758755575746 -29.656224100599047 59.2138731971516 70.88532077165763 -10.124856314080844 -51.73683027447673 12.03991842201468 -53.131655742339426 83.47583273108435 14.989354354517204 -18.03975881569602 
95.42120851772125 -58.37328406118003 28.54857378445135 -63.51848338696924 63.07831732471709 -28.397101403327966 38.92940416136133 -70.93795371525424 -75.76812137997236 98.12901540244746 -36.61944993229906 13.836944318831556 -64.34060296606405 97.06608866785331 -22.6924462617268 
44.76563260426428 55.54811325814717 41.19359441618889 61.374461222206946 11.460143850758058 -12.156910689311843 60.261192891172016 -9.215846864866052 -5.9434816894896585 -21.858538594428182 94.01978044689722 72.24850865408717 -83.67186539725937 18.87468886510169 -47.51907349117439 
-72.99446459332772 -8.784978010948748 92.16179473362968 -31.62707938202354 -16.52989595399829 -36.247492992478804 -82.85949432617288 95.59933890455937 -21.929094912823246 98.27625897037444 -51.25464457859397 99.23478041975599 -19.786353816160585 -82.97352060430723 69.7655965540026 
23.764787702168434 92.51269860436778 3.6777331623195693 80.70275672401277 -66.6282039636194 -4.240241802420613 -8.282526676065999 -68.98601327065677 -42.20647456468445 90.93737016459826 -67.53800778417178 -52.91827751727642 -60.68330872904746 78.28972603701388 -73.05002647556667 
-89.85712957369243 -93.69779083799119 62.26539572401168 9.964777956213709 10.849510985068761 -5.581378660103937 -89.51308798159184 -63.93328460037571 -72.46543329758728 55.08930670404342 25.86265846445967 56.565898625400195 30.294868722029065 84.88877408144438 41.902986699762494 
28.974011701138693 71.49594561065038 0.5252067883381386 -46.18676896718357 35.00758793846305 61.558494248199025 69.97389012618754 -51.71998647479394 -95.25264703509029 -84.27065215079115 31.204032929541626 -82.11123442473544 85.86805314323092 43.460023483629925 -13.016380050792776 
10.673502111131981 59.72319312463401 18.444688214423465 25.830146545865304 47.32746420905539 83.56353205404031 93.19057624311483 5.494548011288771 37.10170855713807 68.8840451674713 -59.16077663765837 -39.87561530319606 26.720792134409038 -88.83469874119648 20.46216460101813 
-92.8409095908931 -94.8084632174844 72.17592971369913 69.52432680042807 96.69450299997058 15.764200746151303 56.04402041974558 33.6168649607483 -54.36050103865351 87.68828155171317 -72.85089697558715 14.070686784510983 98.3868874007598 29.937431200178025 84.51143676565567 
10.526737275801736 37.424001066857784 18.66899728109854 20.587980601407992 83.21218930377424 -51.04015810792097 15.39483343589265 69.10102795686532 -41.00233133178253 -76.44696979258717 -24.248550693867415 96.91565926872374 86.78185011569039 83.00566441989696 -94.21476293898814 
54.72986716235488 -56.56105565245011 -51.21256343092313 91.22371586168234 96.00440522951303 -50.040603366023205 -59.07867703381595 27.192924436424917 85.51601673810046 -16.99772766934909 -20.3890227406677 -13.769601523496462 -33.53446914376002 46.83228661925216 3.2372008110105384 
-55.151958328172945 65.29166217924137 35.639520887516284 -60.665551123559645 95.13974129894106 42.2462346415293 -43.15341919528768 4.315344651405198 77.0886893452996 79.2617406692674 95.30310906116176 -66.13158159588505 89.35915160884176 88.49574027910603 16.046480755050794 
8.675715601246651 88.41812171061642 -37.42590562365713 -87.33773016496333 30.56218141835177 -56.32908690746188 -67.63578639892893 67.18602964710556 -49.44211745527174 -50.80217074673854 -51.269781181280116 -97.27742700092423 22.825159001695397 -69.04680220122685 -63.856630353027825 
79.62159649526467 53.25515239947265 21.094073353918304 14.29086352986711 -42.293496838305856 4.099116927806364 90.00143194821726 -38.99273619139627 99.09671253260953 84.911822028762 -38.84851470576904 19.226343493174312 -42.623754510484346 -56.483114980431324 48.32374027773923 
13.194079765217424 74.2323199427548 81.78837172130812 -57.41375847957768 14.798463206887064 -99.0077365117578 -17.112453709462102 -51.54175743745058 45.209423220281025 52.910021064475984 44.292708473823836 -17.79799733927146 21.582923759481616 -71.00382835116235 -99.33519470488328 
41.43560900122955 -65.69062577761291 73.870430000173 26.34396543513415 -38.61414967949837 2.778959413227085 82.4899960147043 86.27719500550936 -77.14992241806328 -65.06810614152212 -89.31652618913273 52.989895143429635 71.92094350116162 31.82421731125089 -23.07710131635561 
94.51381708994751 -41.224916613951514 -97.77925861457084 -31.427110070786938 44.72762790374145 20.532181882554184 31.249772598811887 61.00704527561933 -11.211602194583776 -48.15623984651269 78.0285766406464 -0.6810456625795211 -86.26491824534052 -78.62548171923973 -37.91783563850333 
99.77164476612714 -58.88632591558234 55.63946613162486 48.107247597841564 -64.92545393566053 18.296489669397985 -64.09966179622813 -85.20546957511894 -70.68502632697076 -21.845038675538618 -38.765681184592005 -20.870903775367708 -1.1671833410522794 52.41785166920988 67.21745739455193 
-61.80499507233792 -45.716644111588934 -9.227357103224023 96.8662665419265 -5.629163680000687 64.19112549802264 42.414210467664816 39.34797599537026 -95.44040239900858 48.987963276064306 -27.638050255046593 -84.97884754618615 20.428637887801628 -83.17809869729928 71.04433250957979 
98.05442870757159 -94.72675915640197 -41.39348762492938 -91.69504196768048 59.74682273535123 -69.45250840106574 -41.94674530555646 41.10620254927929 -39.178223570463835 72.62056220975828 46.520783665226816 72.1810711754836 53.152539660890056 52.78863997569405 40.15352320217366 
-2.599348214970206 16.80756358375241 86.54463418264723 -76.31698406262745 26.242464516290738 92.22947579176633 8.489154357358089 55.612188367097104 25.269125841678573 -11.102796140840908 -51.53508668347617 -41.43123685854388 87.10537627471692 61.106854168488354 23.57089740102525 
53.91643346222722 -86.56840841573256 -34.66503141919148 46.091086379246406 -58.210184788065945 -93.34027461639477 -62.89865127755219 61.726170482099946 73.97832117676339 68.30230062083933 -12.690990914564892 67.12823109459922 -78.66588721932871 -84.17482812744184 -92.78199369361076 
39.41885830183804 -75.1822481479302 -33.72762768845412 -15.855200381215056 19.72335671225096 -39.17117369955294 -22.340749957532864 -32.52856331640206 34.11010727095049 62.11713138024686 76.18290532667856 -59.41388132665286 57.491113665879794 50.45483188799892 44.97093541018978 
88.04954166492848 -17.969520575963102 -79.93008953368322 -87.59741008965914 -56.3129642929282 -93.60369040586754 -80.53278257616884 16.34006847772598 26.220780249028323 0.1320381977744347 94.59846877911465 -15.89115044181284 -96.07842930944912 -34.475993947263945 77.79269794563072 
-93.59716828785363 -71.86927469007563 -40.69774514277138 -27.17788547513355 -27.946375575680648 -72.77374033655184 87.96577917452939 -98.55694655136726 60.237890990392486 -86.49423252709163 -61.515686887075475 -21.009623175630622 99.70331051818624 60.05405720653479 -90.9908927210245 
-68.31868828114693 62.798986430658715 59.70079328000966 -27.599957715579563 55.95617778046798 -17.71091611116333 62.6080483128527 4.675014934559414 41.658748850101205 -56.9130521683328 42.434338571852265 68.77058667050247 9.294891661543119 -81.65490628942733 -6.1152273633218215 
-95.93563913048146 42.79959043011576 19.97975123812472 28.655485083634716 56.33892712988998 -83.22626506637994 43.35325944657879 -61.20588600936927 -23.142027063747506 -74.73270299832946 -8.533622980774851 -35.743042813856846 -62.015477477008105 35.06673108478276 0.5332120214182936 
-38.51747454486729 47.53271305466532 -27.693396257322746 -83.05255228506772 25.58393324059074 11.006498651835756 25.162565953900383 71.19391488989169 -20.291935235990778 41.75070078351479 -64.48342907819607 -85.30203277304133 15.738348540921905 33.81253178664622 -65.91104146263653 
-19.34911227358343 -31.72426707402083 -31.98797424774773 50.05813043370216 94.93649192609107 -64.29299861678072 43.12256818862275 -30.184682220787806 -14.830148299340266 60.079512995684524 34.38133060937341 61.60070995753719 24.242495767061286 -28.823818109232462 72.27425346165538 
85.30305439086902 98.671633155504 29.567347632514014 -71.88999236755276 52.1217549894092 39.570867487919486 66.62321804842736 -11.513547881544326 44.446582070959096 -91.66867852863288 86.10130264550338 -76.91666921506729 -25.806252269402478 39.27065190745523 7.136552503210993 
-93.83341547046133 80.66867353692408 -67.67664972662624 52.7453166909082 11.725552729832629 16.03320507279895 9.582732360122037 -13.83256403512432 63.37834060972415 -50.772614639055604 59.98216774883423 -70.04059805359113 -19.59975577792474 10.893988390582578 -91.6530587888445 
-79.75924006733933 -55.41196859545436 55.02184403460893 -80.78887441031938 -69.56224537925333 92.41730343923439 -90.36626235942666 -16.024317866246406 -46.33040210123607 -68.21277683663773 26.95131009709246 -37.34350577182324 -50.05114859489961 65.63047124451597 -51.29723732725395 
98.62911468989873 -41.514659334151794 -67.07236669110277 27.326662866500712 31.530409059407305 -5.021445138557183 7.410660023973904 48.66723017555708 -12.363792525438129 93.37443378690395 -26.406308428305664 -86.9203755252075 -98.61784331254783 72.8027090258633 74.49980275957827 
10.196607308729952 51.57552205018203 5.9636081002187495 27.52671543843394 21.548182474153066 35.33926696960319 -78.55934103085112 68.17637871598373 -81.12843162587669 -91.54023990266936 92.84463597949761 75.57679669353297 91.98804977089125 -82.53928435435165 46.42925927158953 
9.924810638776066 88.09213014390517 92.0811166319699 78.48138146992966 -2.9264503997404603 16.536848336069895 58.940693549359736 -3.752183806283327 33.07662532758579 32.69827627023176 80.71598727908597 -22.014486283357243 -42.46205139622368 -35.85564184341456 68.81992942993094 
52.525064428888214 -25.137845553406834 32.137796261736014 -93.28092757269208 79.90643867746542 -35.89549744549629 53.91473754788893 -69.17620778264993 -88.95579497105979 37.7966777589109 85.15218061905477 -47.04579279742587 44.4889230825726 29.56472975418137 10.649693779127361 
-22.98739160719711 -90.55689831223097 -87.89965642997592 78.68354594094441 -76.86394747780312 -46.85295675055669 64.44964937588674 -38.90142722341816 81.26029957568076 -9.790629819411038 73.38776978493999 38.022615243295434 48.893817210267656 -74.8113411183758 -10.721817005575701 
50.41830951020731 31.996135149332474 -49.87698868070256 -92.71696114987986 70.56003317686225 96.32945329985091 55.99916945092062 -88.17138498668662 46.41227913123063 82.58520769276473 68.46478698035162 67.18924041485289 -25.17024633326224 -51.30235635793501 -93.14657090470479 
-86.53522692389548 62.71181593569429 52.09204750382153 6.374365757402529 2.429175388049302 41.398058898795654 14.815058581198983 49.12710220916631 -69.22472991416925 3.6564247565735 76.44058413828574 -41.74800511324677 -22.893660530920783 -59.26142646452086 68.53870924703628 
31.579504412110538 -44.37135490920758 -20.847752237048397 -66.2517676244318 33.45543475825801 70.42479586147292 78.0369220908297 -7.067778594167692 -8.172300655381065 36.00736601714331 -42.703887149976374 -97.2155338761844 19.648104588345987 -42.84731168710139 24.14469572267768 
8.150748032402433 49.20523375613496 -64.14344934880585 11.717888506665972 66.09836780430032 10.533154298411375 -32.85840458882004 -67.86497721056472 -19.367617009192784 87.30316925239731 -72.22229452026232 39.72968150796237 -78.52214817924883 -66.25260961425053 -15.906960919088078 
83.2316869946444 -66.85102558615061 -84.81241868368237 -60.991033640273116 -52.18030342267108 -46.767708694096385 78.67311809315615 -80.49845069962413 -97.27414253193656 -9.773337863160677 -29.21362362663757 77.62033979313199 -71.21695077573939 -91.09598479739066 -85.97073817338897 
60.06406571597407 74.61525020367762 -22.583340012955986 -39.49991144203426 89.39101297682708 80.571456401592 76.82790382063803 57.26441890496952 -64.16318742804945 37.40082670342207 -22.50818221221948 45.49183621176317 14.558601623265474 43.13266246229293 31.57249466048475 
99.4062780159012 -28.604533835322755 -16.421962051197 91.23706024234659 11.032139258918889 -15.627828595099729 95.10413931103923 -79.56474501895951 38.014279592603145 94.90432500776888 -56.301898477667 -45.41880220871954 85.9413267597705 -78.1105567046854 -15.49311963263942 
-53.09128711860676 80.49780930689104 68.22515351667292 -72.12520607945197 -84.8660561083624 -98.44195933926494 -14.926760359818928 -63.78237007662684 58.111722478100916 92.45761769859593 -81.18423644917188 6.4627594780516375 25.771839890503045 97.67380553216037 -48.427656129318365 
80.247605969137 -70.683315269605 -8.902892692754875 -99.75404724116757 -68.8799684134587 -68.60886955565914 83.04887413417964 28.8375395623747 -35.86155070169434 40.650428635716366 -75.1816987090128 -21.829380191658785 -14.475853673051205 71.57545657267039 5.826047559650334 
72.80061643078506 67.84811615454424 -24.603651375130227 7.130915473671678 -42.06067390311414 52.0461617539998 52.96730931200173 -38.94565345154719 -89.94544971744729 64.29468645090276 -23.454388754093273 19.49522983522256 96.80556562711584 -61.59329091684067 45.165462759094254 
43.241168016356056 -25.858714077760965 12.479252975197227 50.580528193973294 -13.45277114037357 10.027797630089623 40.018906714909065 -66.67509020548125 -18.455868488589644 82.53238470705705 -52.000440735478094 38.406625159963 -7.451120666758214 -62.67867745132432 -13.508924454096658 
87.00458761343555 98.31912200708211 -42.44347098905643 -94.63628083307749 -60.50042938809648 38.586168080000164 -79.5883487800731 -69.17990550247441 -2.9701746440974546 -90.23473878677669 -38.56372994905972 -72.39275562833262 36.479516643067825 52.158520885118804 60.70579774925818 
34.195387803260786 61.79698322065116 -2.945143886554604 79.08264171363427 16.46964956862385 -49.316045217042245 37.67809470290368 16.918488667531122 -70.09359393925769 -66.72826302361858 -17.78776168929616 20.864628978734203 -92.11560259592675 39.24503760084298 -60.58535807966721 
-7.96213957065568 54.57659857194176 14.473071846114635 45.813667746034696 69.2804979491579 -24.73386005469824 -91.18812988001032 -44.95265086536702 62.90076964634969 1.2982548894218837 30.92433328147149 -30.412112907888414 46.78904044304991 -34.294072092149335 -15.055216896436605 
-69.56405705430795 -7.655721798298472 44.251245239140474 41.69759970480274 65.60270050568218 -75.31411697999269 40.99909327425033 90.45083301098111 13.049105591990951 -26.050349483570415 40.05256735493796 53.36441127028883 6.444055444401229 -11.95138195803132 -74.93159010774599 
-83.17363665660503 -43.64621587800872 46.48989830471629 96.53199195702453 -98.34317553600418 98.2060946905373 16.10881312596814 50.8308932996398 89.03401763206509 34.678169089854094 -66.5379366510197 88.25237313394632 -68.64251026627166 -87.23909608987077 31.13259669560958 
36.99885344946398 36.128373879214166 98.71532558313706 25.455762622728017 -97.48395335170343 72.90140149518743 -24.893708518651934 91.20116850695132 68.21656399873609 33.15845282212351 75.01477950025347 27.974352550332398 29.118044025935603 -51.03269151118872 -34.36615925119466 
6.828247216093942 -39.43230428072286 11.09596043291343 -76.21208124632128 26.52500716036728 -87.73400035334038 -30.722345949703666 -30.083709352626926 -38.752659431603355 45.609509838369206 63.41299620658009 10.639265460162648 -29.512540478402173 -94.83880727451552 -16.545765430871512 
-33.22023426176912 11.202755914363621 -76.76079727546869 -48.10369236464658 66.46588238858192 -18.20673675974851 13.42541687147849 -89.54735487968273 -41.50028618345625 77.61270783597351 90.15864459964388 -60.39772470361766 21.359469068121072 -38.331787962309875 66.2905934886879 
60.45164870670433 -16.705261900283958 -17.174527243211273 98.80699704188689 -27.484730159042186 -76.60472467234015 -35.49104156766899 -89.45541343071532 98.82324107278976 -16.393955702089684 29.073295652192996 -36.996054857812275 31.440865246338603 -92.17627440823146 -43.48610687330536 
30.274307176890346 -49.54778431651465 76.8648409371562 -50.28482613361689 77.31982886919195 -12.931255027492767 70.2495725184832 -5.154405971419834 -25.71402784252841 74.65715629391795 28.26569076919432 52.346714402288995 36.97584124065449 -85.59623030208117 -0.5392274007909066 
10.759859228631981 -89.9558013065651 -87.80645334265888 -20.000383054735835 99.7386375449309 92.72426757976015 -97.41397961216771 53.32771204893626 -17.82834116857937 -50.89528639841112 -72.43717284638002 4.3498305722749535 -61.466399492840495 47.4071067796726 -39.88179374161604 
-39.73433970231797 62.19847907027648 84.16631895734187 -10.32751896296233 -36.01544719326928 -29.964504075555226 -14.224735220163495 31.86602279497771 80.38425397259604 35.21597551977348 62.19594778741697 82.87844204167573 22.96037390234713 -18.042613129241985 -20.496056939556723 
82.29972163180003 1.1834832628711638 68.80906525619298 -49.390833763007414 -1.6321244543274815 -12.342803153680308 -7.068054079602277 -64.24467507392622 -9.828663945947994 -97.83185975158035 28.219803545226114 91.25678883658259 -32.92603832933858 -93.04105341770553 -93.20173294290971 
-95.42135049100014 50.15201790706769 -98.7419377726803 33.548307252939196 -46.634276988674905 64.12427457639595 8.054498779200301 -4.706674965770134 -88.07144428739522 -31.688701962868507 52.68770150097521 -34.816162512697474 -37.47656283182859 20.127249386494867 45.02646503243699 
47.62634592865683 20.18153523029909 54.425044431098826 -50.97752184094784 -55.79149293278791 13.011433277487356 44.773019246439276 -97.03695576324421 -89.63130769553744 -90.88163551916458 -87.85144455821208 -5.985139798242827 77.40902759226722 80.57262241918562 95.29734204810251 
99.54841661228181 3.0727281585983803 63.885287994429945 61.52646253130359 -99.84468678163718 79.35035344327025 73.30754811270671 88.79373816962638 77.93101201351902 71.90874917575553 0.494469753979331 31.968434478788282 -58.99190096915659 4.740085783871422 -57.35432913468528 
-99.37599178821743 -36.92554433625732 60.45161528007807 -97.56125009548909 -80.82913963211355 -66.86916283524965 84.76869788257179 -10.850321191048849 90.44728225201533 36.94433147929308 1.6049736996613007 -28.8384631527681 50.584902514245044 -43.83022529771124 69.9858720621263 
23.678945965166292 -92.5880733663277 41.747658139357156 16.73100163177368 -94.74616048689457 23.464057076437513 87.85760211141871 79.69394903306656 -88.17171482970501 -58.67505359149619 66.70707283222481 -4.7939301396068 84.52045076625626 35.65480301080518 -46.07223692137692 
99.54714136136019 37.488428241976976 22.464676075056886 -93.81597848116223 85.79669406935002 -10.812728572056244 33.513197716914334 82.76724052694448 -79.24375000062585 -92.68745272363952 43.14835111263827 -11.146456212352348 51.8837895461987 -68.96786062416209 -20.397256035159828 
-80.05684353743518 -84.71751927564553 -74.91367626533174 -5.211153535890219 9.18489875310425 -55.61655740623335 -85.48367017487305 75.26991037391889 54.73772147292527 46.86092862001129 4.657030019255927 -83.49114256495163 -29.981713670865503 70.04191565563508 91.01701537856118 
-59.5261479436086 86.09156947404654 -94.96055436628647 43.616333272757544 -37.37554441455797 2.282363417086515 -20.21226597014065 -34.627180843662 -67.97134045375208 -40.44243439342381 98.35351600873682 3.2626167487217685 77.58811889653799 61.50311796776077 24.624470987858118 
40.989686905942136 65.89488414946422 26.92363824900626 25.304313501981568 59.14990873711727 13.978263129509656 -68.56844750820584 -40.08919485439058 43.99486425247886 83.069364918178 -44.462455574857415 10.758437632362416 91.58423161852033 -1.3642880858903368 -52.63483951103704 
33.14603818857782 -89.54530237266988 34.590689077197936 -54.063808907241715 7.1212152480268855 -88.97822491828316 -50.86245611219744 68.30380080234755 -36.336158307895985 74.21288178145403 -37.09620585352531 19.795916241546394 -51.49813890401611 75.70125549859083 -45.58524703862996 
47.22997089577987 -46.53347154427667 33.11102177140211 -42.544587587879754 -55.07219619424115 59.44287948108567 -46.004219960500706 -51.30678682098457 -63.63528493884915 -29.752422802353436 -76.05762303346278 39.016114511183304 -17.262959050670773 -65.15496763911611 41.91308521940263 
-4.397701801138027 27.950690286647117 71.71075170693518 52.50367352880343 -35.975709860899926 -1.987351477239116 -53.00619364107841 33.65052598089656 4.783388236609596 84.24174369576701 5.484364074455499 13.625909841828829 -22.191545166843653 -4.295120643774084 77.96942395910031 
-94.4805793455628 -89.99620814753062 65.07654604838282 45.827280860732344 25.002776887853656 -30.27155453064441 -93.86671294611317 -52.52716044414652 -60.95316824143575 -80.40845233455558 -53.43786517084741 -64.92700611469881 89.61502308026206 16.83546131729304 65.41215461891602 
-40.37041442010103 -47.864034097623495 -19.41553929556288 -55.00538069043199 67.79142612448032 26.99791287785132 75.7275364708571 -52.79178188119798 63.167414752275874 -61.95229953918546 18.69443583302875 75.66597317877711 87.7034846976751 -9.18722977076061 1.5322167057564968 
23.178013855915296 11.586263447577181 51.78904361075888 40.38953922821847 95.2454995684235 77.59422100761779 -64.90842670892988 5.996930920009831 -5.725120661122787 -47.34849979860441 -23.15338060096323 20.35896942269808 46.18237681177709 -70.49930457247964 -40.61993865287026 
-72.52032075412389 36.36221012545735 3.3279456349399226 -6.714872137738666 -51.50483905400149 -50.407520473543066 31.063583372366907 -56.379087694726195 -42.75615219855376 -63.40676712340396 89.19189080836617 21.48963753887149 54.828024978921576 83.66073987445594 -54.69111013057963 
93.37772159973105 -1.7539124979056027 93.74982273479097 41.96435521386621 93.66905251083733 74.64237017880265 -79.6514643146766 -60.21241940839597 -5.573658394993416 -28.728678230995214 -96.89461537282737 61.60751834492629 2.1186117646618783 -90.4781439297921 -96.41377806431413 
72.70732403638806 24.355429698906164 58.67512886770862 85.11731539173192 35.37573171474054 18.079398296194753 30.763163189660446 -4.040972493770667 2.0789387876423433 -4.290590616040419 21.273020809914684 -5.076261826235665 -22.72804203125922 85.02633967697525 -33.41379395952053 
-4.864146097798283 -77.95444970053688 -39.5400284548572 38.34746512550072 -18.618676037526626 -43.756961965751806 71.06278155750812 32.941672243076454 75.47615187330314 -63.43600890100627 89.57345463697104 -63.177512354531196 -23.42555685901297 -9.012952394366039 -7.151947148868558 
96.87935361509437 -89.80626098306696 88.13944176728637 5.949627511307483 -96.55470305990661 28.186727940310504 -40.93768602802052 -85.38595176995827 -62.62686803546755 -28.549246130696275 53.23321923938698 14.825463435542787 64.90476421626158 89.75860284931844 -7.9023102095545 
38.29281645237924 0.5515785986928137 7.700770421714267 95.09432984015697 -98.64032036847384 -51.0963947200471 94.91875175589263 55.12207915201765 -80.44947576051598 -8.536134023092771 35.09524563113882 -49.50711197266875 64.15745529011957 10.260894718276475 -80.20771367720062 
47.22559767486604 -23.837130996010785 16.34432799710497 -87.94618966065804 53.160214028740455 -54.59670924994313 88.09404627214056 -23.97488755943145 -82.28385411595858 -82.58354439225914 27.72990129415976 46.5858195590053 -50.00806577756543 -65.86520925173049 -77.89007241906177 
43.71970984609743 -47.808583101959634 -46.40990585278024 29.305036813491768 31.63947274821811 16.84212239016729 -88.60333282796553 -24.476575059699115 55.79712555863102 -32.972979561944314 8.032050183901703 -51.220054704778484 57.020032318291726 39.12703159395451 -38.21631155835079 
-15.249031822305241 54.69789149327082 -75.02577820103176 -50.030784661780615 8.868840584232558 92.801228734279 -61.85488662718947 83.73950121102507 73.57792994233364 92.75844233197324 97.95312721702072 71.30759141242837 81.38472950118975 -14.853052083309677 -27.15911576858096 
3.7086783647141317 -55.22320305277781 -44.32999974343714 37.79632067561002 -71.22860942604171 -14.746694315794258 -81.73244432924199 81.54359617298644 28.938639319338733 0.7476480418360438 -48.77777053934014 -75.86097351523622 -72.33482140091297 -41.420105111399195 -42.148856795070365 
69.7386723697141 25.213160716694375 -60.46286886405057 73.21309417581898 -14.118882888573324 -6.071962947433889 -83.18533923887497 -10.123290574486603 -57.28684109219557 -92.1729910573165 -58.06636761948385 -48.148300143663114 -3.8132078816317687 -39.7920336052676 14.953457579504487 
-82.63080423558065 11.872086322715703 14.138986430831977 45.389360269661665 62.534633490201884 -94.71612769084976 -92.67092764674973 -91.03895139996953 46.506612090125884 20.212642192008374 46.579288227050284 -41.34890474395911 49.28579916157619 96.58852187727308 -24.905299876387716 
10.262699464759507 -84.85631420419963 -5.462623814008722 76.11814585952473 -8.755754356923106 -96.56189811215057 10.481711812604615 -80.86275870999981 94.98796034482783 55.82878695032895 -14.713899686557497 -99.0995077918943 90.48284908401459 68.98111238415524 -21.150278939031367 
18.34494057520881 19.61684658954998 51.91512721105789 -74.57891108820618 -74.31874741912006 75.75045648163052 93.7042019998164 22.015983553805782 49.247755738556435 91.90370663180519 65.87416943337874 39.51844114193193 95.24852258101734 16.625403271315278 11.59578674844748 
51.77605578065442 -74.77710190897938 3.794172677839839 -93.37173222081341 -17.176693456980402 21.344446566534998 75.93854900514353 30.840397819285414 69.99863725738089 -68.18759647304253 57.89833283203788 -86.94535113251052 74.9370011885799 -85.888642609112 -64.51431678951754 
32.67240056768148 41.53436980604101 -17.069153578357273 14.199643329684662 12.731065022593242 74.47807863846973 -35.45745071937627 9.668000593836055 35.57850998631099 -83.4362193116074 -16.567657253121084 -62.12886599762213 35.9973615825763 81.19469579569912 -13.59799531365536 
-4.8182024807509265 -40.85540307018225 45.950626360062586 37.732601630727345 -94.07754831573156 91.02965061506606 -64.57471484106922 -49.483318466792056 -65.45538863808386 -68.21798224533097 -32.0593635810954 -31.283774732861616 48.471296693692494 -24.977238899879325 -86.69385673977929 
65.4092186328748 -69.27610273131388 -9.72293295008268 53.45487769489344 43.37966470999589 -61.30097218801846 97.55029645263926 -83.60373220889565 -41.60718349496564 57.70168851649913 8.498535052734127 -65.25447041921231 -31.81233443506082 -54.01883057701051 -70.79053259827339 
-45.78829197374266 83.46861041086876 64.56270350860922 48.95146903698583 52.060074571270405 6.634212760681393 80.82789028566316 -35.92504820936601 -54.25796409169459 7.76719384709304 33.9364716345128 33.06238172890943 56.42061083613382 -35.97345429638665 -66.57321633391619 
84.73337707834995 -59.32576672922456 -48.4166669208989 47.22554000411688 11.494065555880283 46.54326620405885 -63.151994940231845 32.270875596568175 43.49890959910951 94.25415938775609 -11.790405061027641 33.84371136768857 16.474274368059568 82.35556091826436 -18.213083335098304 
-14.07396492287441 -10.447906076595132 -85.85844838087478 81.45361948309576 89.58942274939915 93.00010158357142 66.7510865706086 46.701294188805804 -0.4024963317319248 65.14446165518893 -3.674715193143925 -31.125106688733965 71.60473638938691 -68.4111687099687 -36.56172361393122 
-3.0105960395288207 -47.35162783378817 -46.60397379898211 89.26737604905495 41.94600920732745 -58.535432412914126 1.4055001488921164 -50.89762552931732 -60.04335749231606 -83.61918990623826 75.16270919790594 30.43331038822805 89.40937983973453 -66.5769334432052 -18.268542231720943 
68.55618830887892 91.74068244893775 15.64367491865353 -73.971746358713 -68.86142561256213 -40.81445351814948 88.60232450158762 50.629025341461045 37.67945696576598 13.017203365895739 -78.51515302218395 -42.769523894251506 -91.44486258155753 -54.543003136342975 32.188628710494356 
-12.725503510294445 -14.773216882611166 19.873479910249387 98.38688213376471 54.13442306955454 -2.0120168499238673 -47.02334999935256 -2.4300637511865517 16.481729443432243 69.62914082754804 -66.20677016272526 46.66836646266981 76.01335705455932 -86.88197944839409 -47.56439527525465 
64.59280216217911 47.78721678734394 78.36518046124752 -30.93634700415639 99.97508040716878 -11.044205868425209 91.80588700144935 14.560723078086596 -78.24222492331418 52.929539964853916 -55.262540781039824 -16.620092700978503 -93.86866455663649 -64.71255888699864 14.51874720787471 
35.950156734508795 -87.3833913269729 37.49860010802993 -72.45187947025909 62.08584387542825 87.71220911306656 54.99804118507774 -30.52534109934777 78.66826707998416 -11.283164524645287 -62.79563878490067 4.564937564046318 10.865455079490232 -71.8532060442802 3.123280456837847 
11.045195685639712 -82.52606829386475 66.88902638944859 -77.10399635233168 -5.983973877185306 -90.2520230237712 80.31577156464783 74.4756538477655 91.18471733382921 31.337857204418498 7.9285249188999956 20.046356240050827 -17.872545414337623 -13.191741383558082 94.38831627882806 
-79.11403607819736 -78.71025963319397 99.24370558573023 -23.226218562570253 98.47554583527159 0.8081726424870936 -34.367585315222215 -70.13079475595659 -80.89411089088907 6.1905114717391 51.39341490902035 -88.87594519273354 -33.15792532814994 28.8317221593866 96.35993318486351 
-72.96691294308633 23.005567925555525 -3.6733369476322366 11.383019816371515 55.67211157078145 -83.79311461065237 33.93889535815225 -53.56287014622529 48.318885320427285 -10.841436907731676 -19.57746686142876 -41.4130552877821 -11.083567477717793 51.872296113648986 -67.87051429659377 
46.48863785728716 -32.07304187827546 87.2800145708652 24.880927208337383 -1.1057742520724076 27.82936385843506 -51.44254608572998 -19.965770395174886 -73.65526761623411 39.61345905556266 17.598082000038232 56.62743923787511 9.439206158481412 98.88165718969748 19.622404223102137 
28.13516048517576 67.38553673292023 43.646180447137084 -74.40435078699025 -60.09517892280003 42.038308654228814 -66.82234975564859 -63.192982102894305 -76.83695287294483 21.10213024941288 -76.69879371521768 -7.1372891194140635 34.11365073565079 -30.242357900094134 28.467591850523718 
-82.92767776470151 4.53938708191086 -79.05594284684463 -54.51301079747524 -73.15703080523117 50.0764739066461 37.7314825423457 48.09662953536605 48.08553277653215 -44.76844088870162 49.60469382887652 -27.72880967529447 -59.55761656094809 -24.86101592256351 -76.68278483877313 
8.991305091660578 -85.54109157546988 85.47014670886318 50.40214807834053 22.770322660067393 67.19147914812194 60.29670477967235 0.8735951505547916 -11.492011960496384 -90.40816650367553 -11.232889251733596 -61.446918037827714 -55.35700218905419 0.6498798959263041 95.01463226422953 
38.566475657891175 -30.50584748672817 21.39434705853145 -19.433592507114057 -98.2178501854686 -9.582876652691425 69.12552316109372 -45.16351656346209 -34.82887461847322 -35.07883815853698 -28.001224712735294 -92.6542364185043 40.92306155685421 -44.229308574427975 -19.144620711690166 
96.32066990173018 -82.2164794863593 -12.92827068462148 38.97282413290051 -7.374337208079311 92.2745246307114 -98.01253273229955 48.81884603069156 -82.2886129078631 0.4663109122484741 19.161886758141634 -33.27717391962422 54.144864946787806 58.27602580932313 -24.771394262828977 
71.89174281123772 24.580404346102696 -25.07712554008927 71.08741387749154 15.029414331072786 94.19605163217682 2.593273938746293 82.8450643877552 66.5487739145301 -57.05469183991103 -90.59533340247883 -98.08198254980421 85.39391355403461 64.60311798745141 15.049625433935717 
-21.895620194023465 13.94810255833849 9.108038538823052 63.28411479893512 21.690582649940865 7.332414738367433 -93.90989549580897 8.513870122331355 46.43347578199587 -18.558104618868725 -9.093334985344455 -93.32246078088258 96.34525955652882 -77.50596209846334 -17.156766293496872 
66.42466599676561 15.873997862186144 13.300401119655376 -21.166585504555655 96.38747460465376 72.04694623614586 -73.80312319241503 -70.19378377095096 -31.029519603226177 87.57438757638255 40.973275492497976 -24.58183007916581 -77.72293260991023 -12.720068744524028 -49.90252151449424 
1.5701715792098838 88.21287990239787 -79.19427201790974 59.95402265210993 -97.74183592971004 25.51774583261033 53.01483107931796 -48.69791990605987 95.86179721128286 28.605803304894494 -48.4717325693581 6.347474358013287 46.347922212444956 -57.202558462331 5.957756663241014 
-31.14399418799529 -53.06185484743142 80.01289405194498 -1.4899120971773243 -88.72484858435288 -64.07088976170334 70.01480806397362 -12.422136695858185 -1.5836004050035655 -13.702234887690693 72.1949440792522 63.80564430503841 -16.09757307236808 3.205048660868755 44.20598085831253 
4.3314749709028035 -51.53190094581856 -83.55688586296878 -6.787841177039084 40.901455725661094 98.54248684299566 -53.48731435778768 -15.181065310177814 52.744961511687166 -59.47933204389775 34.96348047414949 18.639084830865045 -62.418632272330285 -83.6793968865485 39.202450784849134 
2.9383305221049767 -53.03684589952591 -18.506347325585978 91.92572733893599 -71.39425556291513 -12.537216286151192 37.76228432938669 34.84039152906823 28.395787698103447 -89.44444576806478 29.744766818271614 -60.558062538317635 -3.0736349603556903 -92.22132394933753 91.07458181119426 
54.27869910977253 -87.53775226836535 -88.75622812340262 -58.77089684501789 -48.440107983016055 61.999601062804146 26.85940491226455 58.51280446398161 82.9203908557781 -0.39636411535137483 81.13416500520441 90.23324483733077 -24.22950697433697 -19.030659561979107 30.079981558112735 
-90.52091622775968 -18.257393601445628 -30.42244036966484 39.269295671890944 16.07382412475036 62.35547690347053 20.294918464726663 81.93841357831789 74.57576740317751 -40.46664590604354 -52.65077896106156 54.21557082718033 -12.181229993196794 16.117059168839745 -48.034866267126986 
