-11.813257402708615 -32.3123369199855 5.428468358049059 -46.72789651044265 -69.44285645779533 52.63256407293173 -17.81466032879146 -70.77650546167209 20.97794498133257 -76.99000106058575 -10.370773913026852 20.57732586604108 -65.34760156106327 -75.3839876902551 -59.94632805533948 
26.639079753696933 92.1454126575295 54.23669668098384 90.76641264011272 42.152735670030154 -38.03221900832834 84.37323821994175 62.65943699634872 38.56417230452058 54.475715449291584 4.701216375541065 -15.502356723183368 -77.44454537884326 86.27720327657943 21.58514160915226 
98.9215421233466 -55.53343773533055 72.74975650954326 96.27789265738573 -50.60463884867899 4.865080709759951 -5.248924558512002 -28.4577060604974 -97.42054479862733 -93.92081308079601 -10.64102297962684 5.877442152248008 -65.25330190505989 -62.48220415958732 0.532860975510772 
53.31582887935451 85.42302346174046 93.22597705900654 68.680023638021 27.21146431060211 28.202752557616208 -52.37012213972439 80.9507444096543 -16.778604667722917 -53.022758033691076 44.468984459009164 35.11176051560457 -39.0831548475008 42.36830507357095 4.781789497021819 
39.41357570592692 94.09185743130666 -15.39821244047566 -58.87681035865202 23.422756458218586 -78.72718119211548 -48.721736095016 -8.945154029391603 99.78648382485852 13.96437189589956 93.79489906331833 -42.9866395080112 9.417995698472197 50.47983834479518 21.815682518064165 
-38.15609260580219 -45.95472509714331 22.681580268463037 -61.875062317491114 -58.218539209899504 12.88859891648461 -46.3513917890096 -5.3005261050449235 1.0997821551198967 18.225971628401382 -98.18343312675673 99.91785432523221 34.5603933058471 -99.99220063523002 -94.29195763551294 
-63.56859057998365 97.38380844490209 -79.21748404261382 -62.563602284054795 -3.1776884738908393 81.80782239619055 40.691952762547544 65.72554546250817 49.2630167945716 90.82340684687665 -62.092366827126334 -97.4830107148648 -60.04250948668852 -29.46005842721003 36.51744435160819 
-21.929000211741112 -70.74557791714453 94.06127109783901 66.86531380176731 78.04831991977582 -99.91847138357018 -70.87038488235092 85.4218695760465 -0.1998984039416314 -69.1442490810284 77.29740011249905 74.85752575998151 3.6857774516949178 68.40367445292088 -48.2081379839362 
-9.871034467487647 -28.47391153820054 4.696129556909483 -56.86574531827904 21.677705835942305 -58.566975265298396 78.59973961935381 23.078235038601264 -68.86060401104154 84.85764682418292 18.34919123753245 -14.867945613946972 89.62993093897907 -12.053882178378046 62.80202948848668 
16.31816457916561 -26.50232438335476 -15.08073576611308 -70.86124209828175 -48.28029675476526 -79.55933865294655 -27.65560067781432 88.6804037316696 -18.953975991596963 45.67925727704184 11.413230653731361 85.65415672206237 -96.47388870676899 64.69924962056334 -39.89509691893278 
-97.63466643925692 -56.708685415616024 21.804675023282826 -56.44418347999187 89.59865263045924 -76.17961788279315 -95.31091020595693 -74.93856990512563 36.697931382726466 55.25432210610427 33.23742702801107 -26.93794502108844 -16.231357817755153 18.260342277427256 -3.6746478359365398 
-16.51540439020873 53.424208833995266 -7.5181119004308385 -83.79673583403681 -53.446748528664735 -62.69699886268092 -96.54283949542524 38.22197820577912 76.01819457020514 -39.5793023757244 -86.51161186811407 15.840832687932334 36.35860241484329 90.53436526125097 -85.90933967339754 
3.7016284128876578 8.330655910270579 -75.91109060141181 -42.74979503439158 35.371300213610226 68.18760672704155 93.02129160125344 58.143631468258036 -90.30918623319889 43.75776115597009 -63.5512673448372 69.5320832831062 -19.711656144924916 68.37336146530845 -56.28570778611734 
13.34487614628847 41.62676092315644 70.59265755134146 57.7070836421222 62.91507320211619 72.97380026925006 37.87398092605639 -95.83722032356266 98.21880462192013 32.82484639944667 1.9296414980316285 66.5573064083008 46.414239086251655 22.551060607887536 -43.90952708015776 
-91.09609012113344 -54.34040895667409 39.25408959939338 93.52236882506827 -91.19570083280072 63.309690865109104 35.59196932759437 -33.27906667615291 20.697620883175944 -62.61537790577201 11.337139439827752 -65.54520719467662 9.883010584547463 -74.07296955303815 -57.07089518725017 
-24.848401337190282 9.277662016505374 57.011049415301585 -42.77325999507124 88.1924648257478 96.9076692568288 -4.432042834244498 -1.1068615241116504 -3.5596224019704152 21.736207204271736 -76.73706220804121 57.181984784311936 -75.9269394639845 -95.17812404087553 -6.855881179561635 
-6.089806029358741 -42.593618829235005 56.51953826631225 -81.53839483801686 -42.69118869336268 -14.171292857155578 -9.313059131142381 -43.279659599570564 26.888033597533422 -41.99917685599346 -25.908392605021405 -50.219251613751936 -37.72038435602023 -51.33919665857787 -38.816098455531844 
30.301656670292033 24.45259217980302 -19.275820685410366 -68.94387176933594 -91.62490203389876 -25.880468424185054 72.20936491530531 -54.33859945481132 70.86407074654696 76.27706856502923 -29.33120381538778 -12.705114185920905 32.636320405790485 75.7672868188451 56.34505937392396 
-46.432239407704024 -76.94011691545165 83.28164048483745 -60.268025974597705 -14.252027993055364 -53.25641352055401 -34.83184787335209 -44.581671115363704 -46.40977035467508 81.39008370424386 31.259673850591128 -92.36996086978633 77.6085647228004 19.398508871150355 -42.16824120685479 
-65.49764227254131 29.115413109583443 1.7177960150038416 10.929490727030512 55.48548763901192 -70.1970574045614 10.907767015646286 -16.489969536291156 -37.67266777688552 -49.399622531229156 -7.563886822486481 -45.55173696165375 27.136023221562994 85.85751835034927 21.937284256923164 
14.211704608019616 -31.453695298807304 68.59207951942318 -2.4811520266528646 -71.2278234559288 -67.39848638455723 -13.716961258982408 -52.90446911499047 26.87431482168492 2.3606950014750225 -13.478106736581537 34.57331265815452 -82.99674949147155 -10.678708511797367 9.349391255994547 
-23.80148274689897 41.94028900414182 73.65178755365832 -41.63767883760636 13.992021795233683 95.97011994373125 -23.75629539388362 -39.90933290391971 -15.250470184466309 -82.7881989847761 76.8873743317061 27.191593836628442 -95.02220847088843 -77.68636444030581 7.358255600924423 
98.72464868846015 28.14641212513348 87.13740412814852 -49.333992317224705 85.69237261451772 -63.53433473235184 -90.3109935117417 -57.438628995563136 33.28404899390213 -36.88180900246392 -29.255213268740988 21.84451707032737 -68.95239334196168 -76.40023190031427 67.65497083633934 
60.58949445925282 -81.39851856160388 -67.04884217225226 -56.24250419117782 85.7081349676973 -58.092188699710064 7.958708688755237 -84.80143573789402 28.574274078304427 -85.95360011102437 -77.29355661091752 -96.98335661094441 -4.962565369509406 66.99246225172578 -1.3567969306863716 
46.76460139424245 13.737595378040893 -53.25944052800025 -44.02885723830288 76.81404041961886 45.38215347541529 -75.23114849802799 -24.383561666467287 -66.955581832978 70.15716795719703 68.4918106195079 57.09672009263261 -75.61487487398819 -47.87356556810592 -30.317144932841472 
-3.109903512740189 -2.1006145938676752 -84.47552927992005 -51.376072081617316 -31.98980428483911 -50.67074434436163 -21.253097524232516 76.28564889861053 -25.26928857418396 -6.900642816630082 99.9474851720118 64.36788281452363 -96.06849787423263 94.58792413631127 -82.61094910227186 
-13.023316340542294 14.468896018838478 47.25952854559691 11.27205216609677 18.04663978964436 6.549544200581693 -24.011352137671537 -31.4661272766037 59.029378220723885 -53.265627740251745 -60.22926025377353 83.92177146010806 91.11406780059147 -37.714169573621994 -26.000733544868766 
89.97544037438604 -79.76239261025438 93.50744170151313 60.887981795198755 80.54152499187407 65.58173773345598 -77.04219497415825 -88.92107177761997 -94.86189833975942 -12.376597699500635 23.809630305835896 -57.15338648438178 -1.5725524222807366 -52.132402324634874 -10.35554611019198 
63.10881237506496 16.826490243078425 -74.39941947270405 -3.8426386909825965 76.6011713475821 -30.90294601656423 27.09732148955372 3.0403042488092495 70.85054288259855 -3.4278518495959958 -40.70085510883084 50.237093623148354 16.02984597839874 -85.04161434589032 16.393627226703316 
-74.66072214188955 -62.42919199661689 53.599112784708524 49.98201847825203 -6.258475692491473 13.513142272422641 33.19172926042157 25.713000438343343 89.92396674987864 72.90885589762343 13.821786988627352 -58.42725990332824 -88.65409196294911 -51.6312343276367 -63.459825014882455 
-9.689742858287616 61.55181421878632 65.76510362494636 98.43683112554686 47.49426922506706 -1.8081951545831316 -73.57439008406055 -97.9299651746157 -63.26791647660232 82.16216424172836 22.09409419009276 16.315568324402975 39.361473509795985 -8.655698890224727 -1.823408159372093 
49.30433361617389 -3.0335171176860456 96.22584499557013 -19.5371804845537 58.0329190560187 -31.669032748816406 57.85748770678859 22.42672858799581 -57.34253212610945 61.73658734108395 76.83104289253856 45.15769619866083 -39.134033867418495 6.026772190508751 -50.22914577777402 
-26.515056003808652 -34.091641067926304 20.250092011353615 49.86799086253387 -33.05084059194512 -14.724334149420045 -89.12262797393436 12.348653457431709 -41.12905950190291 -29.56056139337275 94.64341631757009 55.17711216433469 -90.46613520426239 26.749686452518475 37.27588505745871 
9.465917324691688 -88.30569388898941 61.65468883676658 70.91343515237665 -56.52708454422432 -67.70438024881231 -84.10096174569762 -10.923311613586478 98.54653017911318 53.31557370247043 -92.61113596722485 97.69795460018781 36.63011031468079 -72.10385365707712 29.093722118254306 
-67.74586426284274 65.01083659800452 -40.12855741896067 -73.85116799960272 61.943854315022605 -1.5503387264695476 66.37692986248197 81.78860056386208 -72.59025424083497 0.7701308476524531 -12.594281576782478 -26.647553882298553 80.20632795361985 -28.713544136443574 -31.122964487161966 
86.1333915778929 -97.50764446997098 -47.605906101499286 17.01065563783024 31.88098119342581 82.14123266073491 24.106414056411168 -98.7962808750676 -81.27815347224241 51.90256205279215 12.218223771671589 59.78617764868531 -25.332063867433604 -61.46124761710921 97.59439083357893 
-60.25886009621215 -57.49401979533837 53.22685855029857 -31.202636053864623 26.32396383558209 35.54254324540915 -17.294604145844275 -9.773211186382255 -94.169055220793 -90.09912205534488 62.498868656398 56.88687325154942 68.11551764254432 20.998243888969952 36.745701646665424 
-58.561509025381376 39.43253782971422 -96.37642180221559 83.42265794306769 81.72623021210839 58.45704753270229 -85.78929126928854 50.91385799486028 -9.512839239768951 -13.024515676952845 -31.489510960006186 51.45005721677586 44.82409782496629 97.73035971841068 28.651183329603697 
44.60049795808118 98.46315702711127 -66.48592549606154 93.32021351366583 -61.20329081933355 -8.259921639407452 -8.333502298912876 54.00521623673714 79.95612427487796 78.06902103653948 86.01794114890816 -96.3768296570058 50.881266406919025 -4.526042207739806 40.28148136661943 
87.84593208058487 -16.11181423564804 77.77817157575257 -88.41219163684877 51.268654558707226 15.040568210587907 -37.67115376326557 -6.849221279756918 74.31749917568547 47.02013561715333 -27.494429708627337 41.384210366534575 -37.851380486639606 87.30023025962345 -56.66659459910974 
22.464773430724676 -51.41233581647751 -80.26476951207857 -28.596961251856328 84.38298872554122 87.49905280692636 -38.63848787350215 80.84628923164365 9.868318272857906 -58.08497252127707 48.32947005201078 91.99404890701521 -78.88008626533029 42.498512036167995 5.743791506222664 
0.72021215102491 94.17841238638164 12.64385041047143 38.876762453715145 -49.86387743746719 99.61365695485833 82.00303768146847 5.083553281286996 74.53330654163267 -39.807875980497066 -88.72765854189808 -0.31847239031100116 52.52949498781726 -97.30474800755877 -38.64628173140336 
90.7923558159481 89.74901038074077 -9.862521967561477 90.84676814117785 -18.046312509671438 84.24219513304908 -96.72410293451468 -35.60075565688636 2.159542400101671 93.26674943161757 92.94010808936827 -58.894641341382005 90.97323964710503 -94.37010780642561 91.57031957359067 
76.66004039196494 40.66590328285898 67.70646972937456 -71.06451668531656 85.96248445148544 34.336200096895965 -17.63521154528904 13.491208986994849 53.10575430353387 -80.45137339032931 59.762497363218046 78.58793451583978 50.617686245810575 10.407772890895558 -52.326006360973395 
-1.9852110766317708 37.67627233444804 -33.18652575042849 -68.57535488783826 79.6637691859147 51.418237610191795 76.89266844431825 7.107787531955694 -99.17036791591445 35.4597666055588 28.418268578137003 -87.92127144421727 -35.9974734721967 66.63491048616606 -82.5031939423016 
7.703233049194338 36.0905669425525 -38.595132949575664 -78.16282509541603 35.065909678021626 -41.72308890051821 -21.661172001907318 85.96326988620649 -13.716166612575705 44.26158499304256 -59.951732233899556 33.09006879339847 -3.9985794001443935 69.59670247763097 -16.02734284786773 
-4.838274442566785 -23.68992895290387 -16.819589475748046 43.127263624730716 -22.284287133298236 -45.238153542577564 -91.39319413707574 91.48241128134731 -18.54302768087544 93.47805056800652 18.314648252485654 -60.62300161593923 -93.06830506962038 64.99558702396317 54.972095964393304 
47.441894129460195 39.07242229863971 97.88428722597703 -73.83112940145136 -17.58522716622531 -8.142858250933173 78.18512448504512 -14.810544152351682 -24.802495356070537 -6.1922489694899525 33.94763460810964 -19.594380452027593 -23.118334890173585 46.907822505963736 55.25904029545052 
65.32052630212107 94.3783914014306 -58.11858677506254 -61.73399593611455 -62.31369291475319 -82.98457928381642 -53.32985388841895 -46.97497774906243 28.04229166713867 9.975488374535729 82.51215549546066 19.630415012025452 -90.20903658058805 -76.15082802642249 -62.4624884083308 
-74.99585988459543 -99.86105179500015 -3.165532781042174 88.59086386216876 2.685678269568939 -5.946242571424705 47.17406109462638 57.934167046559736 -31.533457314734605 77.15170296267192 93.62616083035135 -66.34781421594218 16.37636048584558 -58.065580766655664 15.18699981000566 
-59.07775412701961 -49.8013253283617 -95.29773702574205 4.941549050486245 -85.22660980734389 51.23100730529231 15.456420904006691 -25.381944303631414 54.51634147414657 51.40358849133858 11.71551720704511 -93.62224119912224 -83.79845658130698 54.35885137782833 -49.97393145436606 
52.66165832010316 79.50358685818799 -69.6132119742688 71.44573172424194 -40.991632905618914 28.492668545338063 -60.5680745931086 -45.39966766357952 -82.00319111077125 -43.273363856607496 -92.43619616377623 -92.59638349262535 -28.006950625935815 -23.232837576686507 65.70962161205756 
-4.3425253557669095 -0.8164307624438862 -78.91473715379654 86.60821562425303 -42.32822102167566 -61.01452318023357 77.17636537639393 74.1313259470686 -58.94435645151537 95.20847239996363 -36.125750791886844 -18.298636344806667 37.00490348751745 7.514777474894203 -90.44126401868576 
-78.88552227637093 -23.46678997735306 -82.8958967072799 55.84217488404889 15.41572829586191 -92.20739221822237 -10.849322475165721 47.734442144498104 -67.24868075143719 13.199101701725823 -54.8534001482919 -22.821275284680425 -49.44537199865504 45.98281303813931 28.98188834503418 
-17.608320845738618 67.81384169535937 28.44137122511202 17.91061863423569 68.38462021824563 -26.755802577459235 -19.455047151761434 -7.831427303791756 84.48178889429795 -49.96644304694833 59.20936518106069 73.83292735064057 -41.37679379937158 48.55519545286347 -74.18300384911565 
71.56537905332203 77.44237153289802 -2.3875616687131185 -76.99693565082886 19.08552293597387 30.996336456359785 40.86981116573975 68.1825567318746 -29.78326891781586 -29.10406189625678 2.161776663054283 -12.686257152621707 -59.15352238489309 -5.4794558736098224 -68.60202866614765 
-26.77500253983915 44.851375135382 -19.950778490123184 -44.672482215806156 13.625823910649373 -48.30460802463443 38.349434721305244 -58.962071762802125 68.34603332495908 22.43364787560253 -93.94940274737758 74.05359335967978 29.01507551395551 -0.5743879923481501 -79.41251740677508 
-62.3927707980968 64.28040396053319 26.442534515053424 95.94893352332676 -90.7349937686499 1.5676604778460899 -41.500640816047316 1.822552089375563 -72.80522483352729 76.47204469928005 56.51393333491541 -47.3469892763259 -93.96206542631091 -80.79024472151795 -29.697516247380193 
57.526874923804655 91.14904994783723 56.46286390255506 -82.18372196511075 -91.17675973468556 -48.486404179437905 86.39813982622456 5.768341276086474 -62.913414199609186 64.20512876202744 -83.6450635374166 -69.97625205008319 -66.14378632972722 -69.15340776121005 59.4249099775669 
30.258567699356348 15.882442164077275 -16.459952333168488 63.06971711666577 -17.46281396296554 14.129058858099413 -12.48388771420963 84.22003360447067 -99.17964220813037 99.39836257521648 -41.59014003883274 -62.702639728234686 -68.32720008809963 46.91907387308768 32.593346791359835 
1.1847659918335438 -78.92810265695907 89.23265116206127 68.89102393848725 13.814895860790855 83.30172937445451 10.763624908726044 -35.82562558172822 -40.089794879740424 39.10995185682137 20.988907974174055 66.76618513711324 -75.00677462961833 -12.668774779253226 -59.02105141959089 
-64.80417191656412 25.112972964180557 -38.476070311456255 99.90824917617539 81.16638761202083 98.42322047377706 35.413926571396246 49.625896045727245 -12.337646835097104 -22.68213695142711 65.89702819619535 -88.45781322883157 23.71683233589212 16.29751914484281 48.3528648007258 
-66.35623454511523 5.18352298683314 8.958272129828288 -47.99119339530875 -2.7828115057803444 23.250659923188863 -42.441201252542626 -31.552626969777947 -87.38663172968337 86.4890234468725 79.6306035460654 38.6857397820514 -96.37916440018171 54.084488627304836 3.978086162863349 
-49.44738600484053 -91.82566624215396 57.54029955390169 -3.9212435203888703 -90.42972384426346 35.30021183394311 -42.66612940223378 -41.7311625803634 37.659873678439624 -70.99493611998808 46.124760112581555 -13.742945699150184 84.77446788713968 -72.61032515500267 58.88829937555468 
5.410659611735497 88.83461274761657 95.76065388253517 -40.05073629505323 -2.347735676323893 -19.338574103946286 24.61735015912663 19.736897524940076 13.93368099262608 -45.330074682777564 -21.222464072640165 -73.6796813673964 9.258513402956197 55.27290765516085 -4.85331989767819 
-36.58419532906048 96.6680912973666 -63.89142233605425 -94.51414238371834 -12.386066513784783 -50.78367459363298 -98.82686237846198 -67.19566328216062 38.830948296850096 -92.34315063533309 89.42441078852553 -61.501576288968884 -44.758574167176505 91.90558742780726 -28.48895905100042 
98.415762964056 31.665042986783988 -42.03936987606516 -53.269852017268725 -68.39759198737734 -46.75944048870244 66.26309446431577 -56.00611708407462 -14.103771309601882 91.10940588516726 18.00620557432684 -11.048435497446633 2.8276148166147266 -47.78211406186412 -13.479316458227373 
-90.90255558233405 -48.45429723318946 86.36276583723924 -30.170293289065626 54.116258939810336 -3.5508862180911365 23.83551448007168 -12.711316041833996 -16.274321984078654 -88.8207907369083 -35.105868271232566 -79.52146147892338 -55.08971131475053 -78.13271848019752 -14.419234195525803 
-38.68609448147073 -51.688141540679396 45.196802786712 40.56626546443894 11.376479987419415 -43.84087411786748 50.18086678641848 -16.93822224806256 -86.51671162024624 99.7591310428275 5.3144291769961995 99.60835751676433 -23.42360100223739 80.37939770685284 -37.54937093241746 
-27.460355771772925 -37.78455385128483 68.0495974088808 -23.890199744417487 -21.311455975063637 -45.431899802093966 -13.536308646763246 34.53579056700539 29.74424972020614 71.19766671887092 -31.615559868471138 1.4213209174208146 34.66276191417353 -3.320171517637661 99.77350390114711 
-96.62031204189745 81.49719519513496 -48.28996328475854 89.08795858586561 44.914810154550366 21.864145253507772 79.55410228358116 -67.97717844138873 70.00332709250728 -71.31377760091773 48.55418338585511 -83.32628209904675 40.00118038439527 73.75544201613917 -51.817883608545245 
90.81036248127717 -33.63433633416726 75.10249825382343 -6.552573656973905 -56.59667754550306 98.67616845697859 -60.899004260953184 -7.256835309980673 -59.72739153693107 -72.14558269143319 87.25007215702013 -23.85846693273635 -66.2375881734553 -73.42127144195672 75.57875947584483 
-59.51604827622698 -92.44677286102285 44.05130660079192 12.373715060388562 -45.0550211174175 75.08449260816491 21.69409439316155 -70.05555839752418 -8.670042116528236 -29.138523731824975 -72.09275322163032 17.822610484317593 54.00452117969863 20.192854858225687 -66.0677921296475 
64.76098806301357 43.621564987399466 -14.911854487361808 83.51763498193785 -46.55775031610272 -39.868232960925454 41.467683979328115 -9.688237066943543 -43.69311232115478 -20.76985711559236 93.6973780177795 -59.31720785479426 -54.41632309981328 22.11471389426096 78.63533367531093 
99.04678597804238 81.82672932667796 -10.262641155195865 -8.397436192116587 33.21156146685499 15.517147338621058 -12.814810312617666 49.11793049243781 47.62749697652657 16.986358003868588 85.82964380182659 -35.430037722563284 -32.97506511998158 -81.57000468957851 -96.70900170712716 
44.018167495347285 21.727073381775426 47.64159334513417 99.8608422263971 92.89992398909317 -69.78378761448911 94.67413014345084 36.323836213712156 -54.004175815012424 44.218335295289364 44.379392228572925 -50.85100878498232 -69.50841080499501 -55.205574433277604 -74.6837949724722 
14.675506849788889 96.93134060121963 2.006700524600987 83.24524851210643 -26.553555190140997 -13.903737285636282 -63.67446609156897 -60.704620952363065 16.787587385323732 77.51244122595492 -45.715582068248104 -78.31096418620771 -21.053378227584403 -62.60615774568723 -10.79647583740612 
37.4298603163885 -87.98339354991674 -20.664475274511716 63.88778445222658 43.4701176350288 -54.27870774449877 35.388947380852244 43.379099162027615 -32.519212165608664 65.84068382557092 -30.87880192202215 -94.42690800039469 -58.04285089845342 -94.67768072875043 -49.92734144753446 
-67.49202295409998 -39.60489318855389 78.90060547690422 -28.6362542023342 -26.63552436567187 -9.738730235892334 58.17319222151585 29.698375854448102 93.1119772011337 -88.54581644371518 -34.80501159773672 -19.949740594778206 72.92300775145677 19.4705782008203 -75.37232536911415 
62.38525610052076 -24.676143915526595 90.79640971835968 -79.37827006350943 7.187697524791446 79.4515870896943 23.371290977615573 25.881341903545646 -86.77340791693311 4.146560774526847 4.117239598712814 51.58081611365216 -61.22161319798749 73.02205835624434 81.2066988752045 
-73.47362986554249 -83.19805466205125 57.731119936717135 -45.12858006996397 -42.205661328495836 -25.519065894967923 -8.71982468847608 -57.15437741485003 75.75185614276009 -19.947010989606383 59.52650489288209 86.6517956643641 -0.08312579602022652 -41.3461146198276 68.52669996247698 
98.76988495617368 -7.648072723013243 -76.06448997928625 -2.589140328572796 39.80255336410033 13.695747306226266 14.832098352625309 73.35331467236671 72.60593210288059 70.89409417873881 -6.171038857387657 92.75876794992084 93.1484347888348 36.39068125106195 -76.14966219316095 
-30.279575023610136 -33.87702723804058 -79.71905167614213 15.5438455245353 -40.85768426199683 -90.97399461053655 59.2817789113393 90.26114948371708 -36.91411189662814 -1.6591670395191898 -99.83911855611633 83.59241464097903 25.65855108203219 -22.010259785939198 55.16199750386522 
31.825168110008917 -97.77515754410497 -10.308124140820027 34.94132049223751 87.88654878125374 -85.63045898408923 -57.36711798295979 -38.50951513282608 -9.649528032151935 71.20194038258015 -59.02187168885411 95.3252600213886 14.614938537294535 -91.30393472731964 -13.521998169667143 
-7.030246895027801 -92.35088397613565 45.94653153122553 -11.028330750426534 18.656085519357575 -94.94132115600851 32.62679054895628 -91.61133257247995 15.379885685305439 48.64712215519563 75.56467403794127 -7.001178733590876 92.34188155645842 9.569985883401117 -11.942613949030758 
-65.81146903513799 8.87261918920214 8.827886671180735 -9.561907162608449 33.97317460076769 -38.7116829635574 66.11908900471241 -64.05058597627655 -0.21981974575750485 49.73365395521 17.80232978160076 6.429591911778118 73.22917004672817 87.32719599931349 80.97382909581458 
46.031601515225134 -70.71084367566927 37.80267072748137 88.20977757329408 -63.12307275523483 17.047570241319136 -53.914522037214205 -39.02039328775264 -16.219172941491962 22.611621648507963 -32.57346500172993 -31.900140488633383 -63.3875249163727 -87.76456439696116 51.15102207778861 
-70.05284171572485 -54.623353472898216 -15.731317854128932 -49.392391946207766 -75.22674402939535 94.34786581634336 3.185116067687005 9.434138296414702 -10.432562565137488 -47.14919942922597 83.22846936906984 -42.87021901725512 54.29806255115358 61.450372605972376 -29.611896865602347 
-33.329717310258374 34.815109225549406 31.14941781809341 -3.372086778108425 70.58744108489009 4.382371803465304 -99.08352427965058 -31.599786701192883 74.85368506506668 -65.44035301437243 33.14484306184073 45.43558462730411 92.86859451610087 -31.004975650081576 -72.78993206156042 
-1.4967847824217415 -77.61166240329939 78.35171167069456 -67.57155865616333 61.51691686411246 3.7034847444143963 63.96941011861034 -31.461900306432256 -92.88916552566147 -27.829039742136814 99.90591397513268 82.02902662733865 -61.54544095853487 98.42158564307204 56.6609752089673 
96.23108095536924 86.47605580454618 -58.36694964786504 9.52909357330347 93.1006116057369 -70.68604975085083 -87.3033371907022 -47.36349989199826 3.5263164965374756 48.03900093612242 4.164822289242181 90.0900920398588 37.85821811236477 -7.602317616204118 58.51480820602714 
82.32344858823924 46.08974315043167 5.058501206291879 21.593138390498083 -50.437338212115534 -43.02908617584584 81.60422384583214 11.215208543665312 -32.35558720010461 84.17578581538726 -3.086918598446701 -99.25956242890275 69.27245917253055 80.242025452559 32.38660125244175 
-71.1742499394491 0.8008449312023203 -61.83468679799988 -92.83532870634794 -45.2001584279498 -50.8270299635508 -84.53768921241283 9.581537832843097 19.469662042514813 85.1900077727694 -7.746570889043539 -75.42856380225243 -33.747490186421686 -15.967841580301936 52.280359006686524 
19.14571360218065 49.906655830221325 -47.619744631011905 -10.16558234451523 59.3916624830446 -49.791604002692715 23.98812790448875 -34.43617243173722 -0.1514993370679747 -31.371429518133496 -22.43236795252639 99.37836990032497 46.1223416589834 62.37493194194789 -4.953405483855633 
-36.14354229807051 49.49657559187037 77.1464608298518 57.00679737989657 27.259215303879287 -35.11308072530852 68.65718359258841 22.66505792003342 -87.9795738680537 62.88528534760664 39.097911900228695 -89.18512060478558 -61.695660196720745 -38.77824561897887 25.177512056310647 
-21.3233409161746 -72.8428965555642 41.57258550875957 -27.597736674245013 -44.70056047454414 14.823418932655528 -80.64430848051525 -96.778019379924 -32.41218340642958 39.71184803956092 11.22114730368709 -88.85593614681224 -56.50698773450631 90.22353325305934 93.5663214685026 
-34.967605146598245 67.30091090727507 81.45553850141238 94.66394176145545 -97.2928567509373 -28.9652420048574 0.7190705112584368 -99.03764638868822 54.48765116168619 95.76100674892677 -66.43638836662294 28.711454297230887 -78.72112621006899 -39.55085368850837 0.7183229424052513 
-20.571716354135617 54.6579548147281 40.74949391979706 67.78038424173585 -64.05373053265751 -99.16004556781486 67.53994912551741 11.866764299997897 -6.026087714331354 -0.8442785178541357 26.504389061464437 -35.68359269758329 64.330791481678 -3.2666251751237496 65.13684108023162 
80.00446853752808 19.9296003842893 20.40912017291643 -37.034741255796824 85.52990273267659 56.975282800491016 -27.975039118583283 -98.30846839496641 33.15741122711776 59.146941888658375 73.07671817452075 -46.27315129404161 73.83772780133461 -41.29823236872856 -56.273235838834964 
-50.08311482525703 -77.72335202680709 15.02366151524295 -86.4276530535113 -21.998604105594595 -53.03188944842947 -76.97250505057 -54.865149923459654 84.21242729428207 -44.56665605572003 5.878492439565619 76.71250659505432 -92.35628914464964 18.303975822383634 51.804861860481736 
0.1255756441966156 -19.38919538938022 -41.971999402109226 -24.584912882778937 4.243157966940501 35.97621320890664 5.716628890972643 4.925141763217965 75.27768767074181 -10.484402675479785 50.48468567760787 -22.669236262423723 53.87819342410248 1.6104928478265919 -27.825050550088037 
-1.0816145327408009 -23.819434004866096 98.09607652896611 -84.39829198090399 66.45899780716223 -61.665215823916306 49.4313349040809 10.328343936475704 79.32725243143827 -2.140112817874666 94.5497275472849 92.38733270918152 -47.027830167113514 42.34318793739919 -54.528926560226054 
-32.82963888647134 -59.88682544284427 -25.229242378225152 -13.308896922357064 -40.173241480833234 67.98887620647233 -37.96888042847364 -16.80085027421015 66.60261103200727 31.781434437179172 62.825117554376334 -19.962889364353217 55.28620388733049 -98.32442420200067 54.151745096921815 
91.52166427730984 -38.755733538367096 63.32883802834343 82.80095723515257 -15.330788142072294 23.92992113847565 -76.58958108566713 -22.722706266873132 -1.91179791756322 24.396465595042628 0.9089706582509223 -65.83308232051158 -52.56726717660172 -15.42278354854345 -77.12816862303666 
91.43941281200199 -73.0706181783695 -91.01356619584891 -6.1005666697041505 -1.9225446922281293 -86.75014146016426 13.213695567817041 -47.48510405616679 -51.20536171456824 11.529835683188011 75.7004504833229 -58.783781112828315 -14.418798455613 -6.739097387348949 -85.06749001131433 
20.994483209729893 -81.8013447915795 -18.584698019991436 31.22525612117539 -33.231479254846136 46.711791164007906 67.4598581452276 90.85416744415718 63.70751024591843 72.25670218938342 -59.80878615482459 -21.15454761791966 -98.41006683876489 2.0947421253835046 53.28937415344748 
41.44484209340723 -30.742932264271005 41.73876301851385 88.75217297041272 65.46546018799629 75.36419282308867 18.09373648291013 -24.09807818611283 -67.52813121246209 0.5812010399616412 -6.983352157132799 59.86178647009655 37.266760660314816 20.557001553618676 -17.049973010395234 
-30.774385626463257 -57.33233854074198 95.6614355740644 -50.97363774678314 -43.37600358658664 33.99265121696763 74.45327009211752 40.148853870157154 73.6334456478616 17.3282811241138 -88.94416824853297 64.7696478461884 -82.70990003758115 60.701280761605915 -50.59788482138092 
-19.209205473708153 66.48238233172236 -48.81466523731517 22.29591582810994 -33.137936092370126 51.130541786781805 97.01997223425323 -69.16268052898073 90.56894342742768 34.051581686198006 -12.280271708580216 5.9256884155860945 85.6133677240559 47.76405258540794 57.519768179054495 
-56.36111591138211 77.76243349326137 70.15488844754549 13.319094938141944 13.26990461991548 10.255815684909166 -25.239759798855445 98.86249185370534 -30.279816321047036 -68.50288790639314 -14.164429902500771 66.33572570784426 15.182417125647646 -33.973541034800235 -1.6035608592501092 
90.81556831162183 56.29545690906346 -13.317824637988934 57.86863390309409 99.58612387544207 78.26410140219537 -44.26606672973952 34.1244248032491 -14.018660831682482 10.49200028341717 -1.0155396000004941 -76.47218070147235 83.23223167998756 50.739226132811694 -21.68422471048777 
4.503996602086403 97.00128279457272 -29.783568960047575 30.58085516789737 -9.712949948412714 -44.03121305204634 66.72022755181973 78.33155806941019 65.54462559756419 8.482017776130888 -3.2771342790228744 -59.9029045876867 41.55444035586916 -78.85276077030636 -41.9572188689336 
-36.059731887974934 -22.223874820767463 10.262298691436072 65.57018844016767 10.520090968904555 -0.2721181957592762 -21.326335474098016 -72.93401170415157 47.53148471812651 10.987829334795578 -65.65028292758313 44.524712330531656 35.46808471500839 36.017609237859176 85.43487703409482 
49.33981120246446 69.73617899263627 -66.38495809653482 76.76962309558638 50.55888691482076 -37.29707026553444 28.10938114157176 37.39573465772585 85.65493523371069 45.26491455564755 -9.483324183486786 -50.71548618565349 -10.572823105138824 -14.117924034422984 -92.14712801897092 
-40.5755732813311 -2.8636664514752397 -67.45081422236905 52.85981709310562 48.25260918049685 -32.358087801214495 -25.55682379196304 -20.827088827032725 69.60214309609327 80.77409207718193 78.34334614931848 -44.00589129101533 35.82580161612117 -40.720563854055754 70.09897659545058 
60.55259281631115 -20.0761999403243 29.54445652374008 35.2045858087011 -69.23155993976151 53.217334228216146 27.34533153751238 -61.8999527048828 -0.5350188572885202 -77.12366510718775 28.85194463443659 33.19177622365726 98.5341030202519 81.94627670793079 52.25432232578959 
57.54796082650472 -43.58939685734653 11.126494335748703 75.73781469975773 99.88820543969152 -92.16171689827195 46.41523440969485 82.82085150219174 67.28540802198432 49.4880871231596 -9.976177770006728 7.767617556385687 -99.98632226640925 87.75520815937242 -16.362488416281934 
4.234036763552382 -47.80175934279451 45.85297073999456 -82.87318466018209 91.10947695932487 52.00353007460001 -50.35688392283557 60.65739511426307 2.7292038979942532 -70.11899791691887 -46.76486847891381 -26.69615592139634 -84.15507160312413 -50.310428309256935 56.460383911046904 
-21.118048813643767 -44.18440555093434 -67.06501228594692 75.86002537368884 27.63850689646854 39.636206606277 -6.832258493634868 -7.586919393232279 -10.169499393199729 -24.879862733995935 -86.29685566732911 -74.29845677651002 5.626105180563812 -41.199829805113964 -38.72110091867669 
74.57644461472236 -88.2364559470914 -26.273000619244783 -37.407329708877256 46.58527262685894 -83.05097525247969 67.66719791436847 -26.73533414137293 99.04134200691513 53.6643033637055 -54.25321388898898 17.34348279667934 -23.48724076620347 -20.91486042971951 -34.51694966669767 
-34.52569493581943 -57.96919638500731 5.960769559005058 -96.15306698769521 -68.55435102168828 -96.22937098563136 88.45481799525302 -88.44677043556514 42.14247569097594 66.35779365039272 35.870000765028124 -53.85134236206879 -62.115982946693826 11.53431309668376 16.828477137775224 
-79.55406233522488 -17.16871542641951 -58.262246324369826 91.48804122848554 42.32385983118397 -12.734144303892265 12.727442163000035 -40.57370887164902 -62.14648457198688 78.6407695553873 6.34192014776356 -61.91781202292261 -7.202377842883379 20.972132875451834 81.37485711632388 
-63.55564013962014 -32.67655695328851 -35.083140495582114 -64.81026174426546 -13.455479910596495 -30.489333836808513 7.085702256434232 21.39679944069202 -78.4192658125811 -12.310232627138575 12.864402360291876 84.8122569412142 -74.40368163774609 -50.97978904550049 -60.1562234846992 
90.55331606563874 -20.493452720673716 -18.838710097768 -53.14954415685931 94.47032117162482 -96.77445429436122 -65.36618691117238 -70.51606360755139 -90.6154864918145 -28.571898795265028 -62.25989043452695 -46.371031381384476 -72.82049816304033 -14.123713744355214 -66.15016663727025 
7.219604759277274 -80.56617023182082 -89.57128383923727 84.4452532573633 97.61502328758701 76.7242499336923 89.17279560143828 -66.18573878226141 40.976900129028394 22.988442760325924 -82.73472384212548 33.73913446684219 91.07527970975323 24.094723550018898 -37.562856126255404 
61.60875663476946 33.40049426809654 -7.23719741513797 80.70450105869352 -47.77068495803256 -67.30480554905148 59.919257587526374 -22.299288141398094 51.674926648397445 -91.76169531914424 -20.671384460544502 -24.096129290803958 -55.41342225879029 34.07909595276129 -45.59283691111142 
-64.24730788997556 -64.50824099263887 -11.13716219590431 89.46063790807432 98.90463043462762 -41.36206230762451 50.538851518450514 62.860240862666075 93.87213665008511 33.2678828621778 -67.72031348799322 -19.544319114794106 -43.395293282099566 13.46438043521188 -78.4079622571287 
85.45306489867167 90.84298227407353 84.83338535945009 24.50952332627152 -31.468905746450048 60.335944035629524 -84.38773689684722 -91.23415843586994 -1.9562426820137375 43.75643429117636 1.5420085918241142 -20.827833693740374 55.931486260982524 -88.18751130344067 11.7927044296203 
-12.090273416288937 -85.88350197745942 -56.292697164826855 20.998126148868536 43.02824786438481 -99.6478908117804 -97.96292573872556 51.59002692836975 48.512910615138196 -96.78368773502693 -66.32001785388584 57.49118916680547 -99.62237538803787 -71.59655247091601 97.70395301311638 
-38.47347264188055 1.2017928888755591 -50.11085519068106 -26.420704069493567 -83.13300354549258 -40.72439223918194 -16.75546699720823 -51.4264914217786 -35.106243814748694 -52.5766206863892 48.93393398018105 40.580095337889105 68.69848862761265 -70.09081930636106 -59.355815567411696 
66.7717392295485 -82.09571177040792 61.0967802772237 87.34638034779053 59.4365555128507 -9.52684680943409 -28.735401112877284 44.48887591560566 -0.9541749208981827 11.3964945592882 -30.13165716398605 61.088227555897305 -44.7152000964224 -86.9755691508038 -72.55172442939524 
91.96649427372813 -19.98481787714826 -76.52779282798201 27.697357416475413 49.04936592570101 49.998094834512216 -63.767753006737536 -68.23343228505622 -18.503946184710003 92.03689590042205 -81.25472695403523 12.600819552169142 -54.72223072488356 88.62812823178871 80.58635798656545 
91.88623510299212 -9.891087899835014 -23.469228552155897 -0.4846901122227223 -98.37232303985328 -59.32301543731322 -52.290319108198034 -27.434539972929755 37.9336668986366 47.03761466082895 -55.81420752432032 -41.659166321631915 48.17361150672605 28.466308663830915 76.33587476838096 
-23.33528025474989 65.68549541979078 80.89254661975951 15.530461130703173 28.58097030981571 -39.421190843471265 6.972197264992431 69.32368559415849 -42.53223191771867 -36.377257230802115 92.39920937217485 35.31589208761744 -38.21247464655855 -24.123979878732158 37.31661993343377 
53.11647941008644 -44.94270275788978 -56.88003212803523 58.05864741270585 -36.67843230754282 40.422955383923636 -81.3061102769737 -85.97610417626045 30.65145260039978 -41.704452374594105 -35.767944359270714 36.224367001449565 73.48299784784507 -67.37000653544541 64.0861563121793 
86.65870169423474 -3.0746528889918494 -27.370212930615196 -48.65748390279432 73.57391697535937 77.39553290433855 86.94511097585465 46.66617637664092 -91.79343983437963 -40.964472267484986 39.28296183866772 29.385128596446805 -78.03317898300449 32.01984277667685 -84.9658954285183 
78.98754150505977 92.58628700129714 -75.87298402987506 85.50868956309768 61.67907155111075 -4.327016767139739 -3.2377966955980497 31.761048416314225 18.146232070034074 32.451196159438325 37.5032861847738 -72.83744844450845 -76.59036400629151 -16.488476739993445 -6.071753626602288 
-42.492741299496714 19.474414337665436 86.6182342689576 -57.19177842381142 60.65972336094541 -5.404576712503456 -20.084602075724177 10.650750738732455 83.16570573943773 36.15730807751123 -86.8620504657849 55.28282383771548 -62.69349453249855 -34.284746697423344 -56.49704079232316 
52.55755580272108 24.178511947976375 -93.04169062851577 46.421191523941275 -42.46546309017247 -39.6513122620586 -5.945484696128773 9.856428218128329 49.71050237884819 -70.11857217549928 -16.99846246455789 19.63715898015819 -12.330551681848874 97.0437819741822 -77.488964491916 
74.43737053465077 18.25946500166833 -71.40170853273142 18.307688530181494 61.90387763295254 85.51784470686425 28.11363506004804 -18.064190364042943 -79.19468282378844 -90.03609036561622 -80.16962762803814 15.403284212573155 -35.71734127223817 99.61019857294261 -89.91321167861277 
65.64050961581188 -18.375547751343888 82.60257671019895 -5.546571617849509 94.635455357735 -50.79422853867992 -59.9905219860865 -11.053977598440198 12.943707676867902 2.3076325647749485 -56.00045596014161 -90.50562355620546 75.64869806122124 49.04613385601289 62.38293200961715 
38.4399359974845 50.831496100042614 -69.77024231218778 -21.90947256935074 -67.69467209182935 33.54750611994032 -17.5098603201874 7.727155888240603 -99.32132151669197 45.66720033204737 29.850496102151766 30.065886044688796 82.0116255830126 41.04376889913283 30.609511187366593 
-77.29716287397817 -72.90135780847045 -20.003847738358303 -55.665739886433066 -99.7361785508325 -17.007341220445298 -89.53742647169977 75.13171839509104 -63.6726400995661 -52.69976563867116 -66.38124291510601 -38.241836673927175 61.431951877763794 -6.690125071912817 76.4887278257809 
-0.6157813958599831 -72.10501463856049 -30.133198742708387 85.93016363377382 41.12395820169817 7.621850510963597 29.031886654189066 14.007955992290448 18.9658457750987 25.637968893419583 -16.03703295486703 4.636868129663924 -95.87370658661926 61.88596456499553 60.66599288145488 
-75.2408185135299 -57.352083337282124 64.08828679780902 -71.64524995069465 41.76616782420484 -47.406972098940784 -9.966498857329057 -48.336976304997094 66.90007644732316 77.39962775775854 12.052593104355552 0.9349618856818438 -56.152848253972444 90.29932853833958 29.238953912094217 
28.567116522736228 60.36262300463301 -13.352215740092532 -70.88360099647309 19.771916425715318 -82.17806438741351 71.81664256203112 -51.90011812495226 53.967043890944126 -60.48685172862458 -2.786290308163089 15.193477967120032 93.40318994489533 35.53645128160127 21.847369907344756 
-69.8843451470033 -10.000354094735414 -51.14154362320929 93.15669716025636 23.514757045943284 45.94914094600853 3.0641165609937957 84.43121103215955 -18.702319799448958 -0.2867503640279949 -94.37341415823195 87.21791173651746 2.3045818137714065 -36.5325387605834 -87.93398872307063 
14.598712170797185 -45.278101687231675 70.5239100669491 -98.00380797463764 93.50494023144606 -35.19817724510064 -72.86954761116327 -33.01726150551036 -25.07870055085087 -18.751532052410226 -73.75248896239532 -66.76968712471032 76.52744552982665 32.97406335259882 -19.664565778948884 
-0.4553454470758851 -25.896359537300498 -97.84117659941394 -45.08567374145465 38.49079371418455 -77.61987823209736 -51.536303949760494 31.80420979105324 -6.483007298268518 -17.72514715487202 69.99348205972012 25.441560931826814 -8.668359319916476 -61.65129194888157 82.86618353258822 
-74.27535971169979 -69.4591970449539 2.341906826453098 -18.708549829495055 -98.77867615545144 -58.19200138391083 -83.09451290375893 25.89606158438191 -4.1565750981606016 -44.18746200849404 34.908556914866864 86.09777000629572 -51.52644641452788 -31.163256704797334 -67.03972495666027 
-53.71896790154953 89.99152753036006 2.190720167411996 89.1527136789648 -88.01376667638121 -83.88057064423518 59.13970040340911 -72.66462475265399 69.60483803125109 95.03036722296343 -65.48781969194862 70.09270930677164 -57.80551160452272 -69.1843952433972 86.12130517491985 
84.98719018284896 -21.530748699462805 -24.868815829523854 87.95092145793708 -88.94620469242716 -59.95434107619359 51.8569958296342 -51.64442355068128 92.06355036487855 -79.67093384568402 -18.204925865612424 -5.916958945156708 -74.54030371719554 -35.281627970238134 51.40030667207148 
39.758667273740116 -63.66816095596634 75.41070872193936 -85.2088322246342 86.87646931630456 30.939148687044792 65.79113025514752 7.3465592265426665 -14.07235793613782 -43.09927209956881 51.37417041162493 -7.979285824102433 25.207958568264033 -67.12644701901272 -15.489472664655636 
-9.246858069908612 46.8385712983486 -51.68861117174561 61.2633613403392 -69.78063535169103 45.77846183560655 4.46005573992116 -41.62191386308791 18.98427874342508 -97.01204026075145 27.59031663136973 -97.17007664760553 -73.32994021682671 -33.09027817063904 -40.92134941142533 
-53.6099891837899 -51.32148468865496 -24.545869755814806 62.72643729174433 51.68312788784408 -68.11600125269652 51.34047752632321 -71.39497377729363 82.87240884937873 -49.34497441476147 15.25702801304756 -14.069799250551512 68.32107508277323 72.66803408796193 -98.5610856915335 
-46.08685483870938 -25.12286689496885 -25.365723855713668 51.90886978275657 -70.90177890028369 39.97144490389252 -67.8095146928493 23.212474408930262 67.93794201367126 -25.312331537328774 79.82129031055459 -27.423068603597727 -25.969418357596112 8.825251927813156 64.43291379079392 
42.78331383905288 -10.91054483642111 76.46756902382873 11.991481468235719 54.27263531280394 73.30816647871742 68.8020116164266 16.743732847132748 -10.904280646222887 -0.30395820795278894 -37.20051580415786 -94.44380056084083 -52.16879787185882 -30.03227249229981 -13.176568836518811 
92.3820514690942 59.29616657525122 1.936025633891191 11.570278648811211 9.997058037694046 66.67993202583199 -20.859591245757386 99.90175999924534 -52.90456890733501 -48.58408674335912 74.28723809739606 36.61132705086922 58.671784461517746 -92.25923687533468 -25.81271428180858 
-30.067583259248764 -77.77131915174438 21.719382779675158 84.94366853301213 90.49005687612842 2.849011378725237 32.45403447143332 -85.13809858026559 86.50892745277991 -34.04283678859285 36.810170358326246 -56.03420359481199 -68.21495690690158 29.031373260596865 -55.84535383774227 
-65.43756822799395 -92.14561037400483 -67.92497008162452 49.361373561589886 -63.32285145302563 -38.78831085072629 -99.8784100700895 -85.45573385220955 -55.60309070990277 0.5948962514859204 -73.0697942425159 31.53529756002729 9.629118731361245 -75.68573353253416 95.06290368273201 
-21.67018110307808 -40.19968572464903 73.78726061869844 -42.74768670067344 -60.922020478145676 -56.429572920973214 -4.936917514780447 67.62371439466759 29.94765359437207 -32.99951103203449 31.015300147713248 69.95115741118704 -17.227176793888916 -32.82971052638402 13.502579254673378 
84.3538961049895 64.15278275034885 -78.15803753210413 92.61076828271416 -17.838451604375337 17.42523516861263 -79.27819919730922 26.70684965612533 28.533753722388298 32.36714018957156 27.035492126172997 47.85866714984164 24.017485027922774 1.351674286561348 36.697626777511516 
40.11486757569995 -44.84157306126362 -1.7620546524627514 -81.55071571176592 -84.94095999658255 -14.249572527722833 -54.3285264667865 -50.64001784677914 98.8305947377331 4.337423697727246 -67.88988446444114 -93.20954499183472 -85.7180428251882 -92.98057463556006 -42.67013814719818 
65.06073208273838 76.40692804928491 71.35608350893284 -68.68591047825487 69.73305553479102 30.550569172442238 -29.3296284982369 -61.768448969986835 45.307662123243745 6.898296995652473 61.17675103906436 82.80182902387966 -26.064453429293422 47.0081693842634 23.229317075939406 
-58.41658608376798 -56.62194934795151 -31.74065894695535 14.908404886408832 -53.33480512274402 -11.129618628773528 -25.208146500715145 8.832136672015835 -4.461036442157081 84.77249010379745 65.27850958494327 53.62690338557857 69.68397662128962 62.35716103042509 90.25739067468135 
-16.969459787120172 -55.29956895616044 -82.09260516918486 -54.04980838807438 -16.51327097800015 -15.47110276917418 97.65894698838343 67.16699601917611 23.796233329816047 76.1549935219534 78.14865804381137 21.154936911029367 -71.25508770147584 -93.8712816355172 47.98927643670771 
63.80194393833966 -0.7367835809810117 -19.367903162524414 -99.64487830796264 38.0645582847969 -78.55198785883131 82.43008713303618 -63.20833876840757 -32.39041245656881 -78.33605795626464 12.516224753654214 -65.25057559151186 21.842551421143398 78.44236127331382 -32.45866307757528 
-70.00882525598824 -52.96212997545435 9.451106325827865 75.90740925316612 80.8146281786068 -59.08563024837039 -21.91586096255898 88.45345477924474 69.12226443856775 93.92591452610412 52.108182272696325 93.73113140897075 -60.369274792188385 -97.70958689604564 67.32351518709257 
-98.68460491323397 84.37076840452733 -4.34590464164468 -99.74001448671623 -37.427405905150856 71.40744184090292 -50.88031255361667 83.06320033721437 91.72951743027559 -17.351193207243767 49.409521303064906 15.888696808968476 88.832291666825 -41.29348632532035 -70.01105848816826 
-19.098236238269422 45.33149764662022 60.150889796012876 33.32619661032652 -32.867418176271855 40.760821095568076 4.434008989837167 32.46336936677699 85.21159765855276 44.36669953250396 28.59635207093632 55.45234745190061 -33.823297946920434 -68.18384127783175 72.85244376562497 
83.62513890393481 -20.169994392423902 -95.60013226599322 -43.98526117216483 83.32412933515207 -85.56918382454907 63.49718330246833 88.64740401142745 -83.78854527667733 -28.43287217877348 70.27206563350694 22.526073401959536 83.27833990419904 45.23896034975431 11.909003122698763 
-29.786553496683027 -96.41321317604981 20.809210207979206 98.04933161079686 -64.04862344252751 -85.3159636506739 -36.78816132030369 -38.17856799045958 7.086747590877707 -89.10890475863872 -63.09531033731035 -28.87766414333099 -82.4985093042587 -57.89347284416173 15.354353516068045 
77.77080842529512 87.98867678626016 -57.938509419105614 96.09655663273745 59.69138835397382 -26.256982730526104 -65.49279876561667 -13.59247470058449 98.07501402803703 -61.45283445128242 -90.09028255535954 10.87852199261971 3.6015770428632408 52.29882558007503 -12.057930557151025 
-23.79385914286867 -3.9891355573353735 72.13882132191921 -7.992655995108407 14.058752162136628 21.12571965353544 61.77499535149491 86.76296017294902 14.382494936159134 7.622362566967951 21.9963525121117 41.396103660225094 15.658376836975435 11.293045909572058 -99.2076470155587 
-20.114960683294328 -92.42673059821558 -53.703654478662365 -56.91432381402037 51.45392785991558 8.659607411871619 53.50214940354127 70.90397253112226 -26.63189700262795 -59.60348386864214 -87.2099483456328 -32.00648322820541 63.316445839744574 43.39642330407614 78.04408971659868 
32.879846810439915 20.038284552344848 -34.923893180085685 88.5762476627053 53.798832563992306 4.359146623842321 -36.57049096498732 -95.5372902561844 -92.1635285792344 -55.117449366687346 11.20638658813344 -83.97810894381759 -64.51509785121743 -84.06900629356053 -68.58356261688158 
-81.9447196874187 39.74060255169459 -33.547295570473196 -93.6077384817865 -52.78432107408497 3.527116611523425 75.41972427248311 -3.165020747054939 60.136934090427275 50.35813068139427 -27.967483391595692 -28.48803570692104 -42.435473869403914 47.36232631276272 -55.44776024494136 
85.05406428514749 -33.7875990344984 -26.550735198070313 67.38559769331545 14.7150920958168 33.62817249327915 -65.02903446099916 -47.297760201541635 -62.35190898106928 -17.320333487079694 -99.83273191881561 6.2892303824453535 -82.87227734909737 65.01733815125638 80.0485678228018 
-84.31580648186082 -42.350620039963104 49.45415263166814 -9.217191187392018 -11.445855943445977 -27.265415549734 -7.417149698518273 -25.425849551051357 -55.40493666143762 -87.39707312069207 -99.06438522057898 4.856027743455996 68.05579352794109 28.40365191498944 93.67891964906471 
77.79387592603123 -54.092992732857546 72.0663079379641 2.0809944066781725 -42.666707516183976 -20.37604838659081 49.376201133739755 -69.67369409592649 3.8344971105821912 -39.1521629139554 -13.65237808236121 3.5374850523850085 15.141451622894394 -17.80515130029015 10.765056390580028 
11.325859946591635 -71.00755871164033 -86.5911738346026 -76.06951398701538 -53.73499845992242 -8.904725019643593 -4.750116015866851 40.25514040084292 79.44897946811989 87.78787991138495 -22.78095200257819 -87.7881122348372 23.4884258684296 60.39284896099787 -31.935898344379538 
-64.37720874318467 -8.401182506696344 0.02481154131248786 86.72679647686635 -56.58691390021886 83.73256177321423 -31.818845393830728 -70.46414182565483 3.026365687777144 98.4462965050866 -0.8693729710277864 73.54862049445956 -24.328907422933185 20.33080817308972 48.08692747423419 
-23.27589778773067 40.42529768867476 13.0110375694088 -44.467198235649796 21.77490912892044 51.544877111526944 91.82998062642639 56.75300152790089 25.398296926037432 -88.06655021643424 -15.397812702096147 -94.08128058294092 -76.70891207449719 -85.52751814045996 71.56252262371575 
-65.76896571954482 -86.10799210708366 -90.1336413448958 -57.16496607092425 -70.8654762966421 17.79693112143383 -33.1944792462957 9.725277501883937 -81.80000906638779 72.85944622099203 -21.014353731736904 73.60069397280805 -77.08989446760563 42.8739550940285 33.51296566160718 
-5.315592283269538 15.217948193506189 98.34681421444259 24.59918703126587 31.90019717562251 32.27117684800268 -58.79756014636401 -19.674369310298886 17.478069877729794 23.33435296844621 -76.78771976671865 -17.020040252967547 62.276270815859135 -19.250603110877563 -45.01568495406267 
19.32506763287023 -97.49602475704886 40.95626030345275 83.9047891492855 -74.99268599343172 10.594306503578892 0.27794985389340354 -74.62643183628364 -87.92222296615802 -33.35141618037696 30.874931068317466 -79.86741744086991 -79.18539641988131 -84.74424510128867 -60.45966464749986 
1.658993558226669 4.527696165204077 -1.1268126397313978 98.47026066748629 -18.98815996300239 -73.0964467929634 -28.16386263075816 -59.474364341041564 28.278535161991044 -43.15931316956689 92.04120032262551 29.35130752239843 97.06466155314541 -8.70928908958615 -39.39358924119547 
17.186165602991437 95.07645882145437 -17.085484509949268 15.230565723440705 85.36264166868776 -3.2667993588031834 37.72363416015668 -51.16136372550078 -42.90465031692969 -85.45517032756567 -88.0046725288544 -19.039082424910987 -19.56129822171519 33.67467345049269 -47.8728536970827 
96.83567508057078 98.29653670120109 -91.95102672406081 86.82565993480452 -31.274474934414968 -47.25807345929085 -15.979777604670616 -98.9350050312342 58.67398071249946 -45.63354580486623 24.79185808319093 -19.967358116414417 38.613745405712734 70.81062967117347 34.50748446031733 
45.172705012732735 -84.92454841361655 9.783504558351197 -66.49178345314922 -16.926566518087284 16.850456842712987 -5.986898631075135 -30.956520336792664 -90.17633693014606 -40.30314054560675 80.95131679816714 91.95202725086412 98.02498086834572 6.984849505640426 23.35417768683159 
-21.042845044213593 68.87927165762301 74.13915433351369 -34.31820218069426 -34.21699519858694 -28.476211711696294 -98.21100203155967 -61.21681797698659 66.44491097324334 -19.428529075072817 81.48627134343724 48.15076271867272 -26.79708962513905 93.98841555545684 18.322528613336985 
72.2717728484159 -83.59390799431725 -40.886119325897276 -61.68302549769131 -98.46954122134757 -90.7548545743164 78.99571680014557 -20.541465342759864 99.92997080189582 56.85196951649746 -95.78965503077481 -71.67430639901218 69.50253404066675 -94.16847259402088 57.33847057129125 
-39.21948116565379 -93.98593021789887 -23.569136279543685 69.06100920904993 55.13933754649946 -44.350848646855056 -20.10015973970596 -27.282847992836153 65.93267884459607 43.29116502613334 65.96077505184348 -60.48638238769786 -80.3608611517066 -38.00910920891087 83.76596369229893 
-85.89832283293961 -38.30752384658058 4.737411891755144 33.781434539455745 -33.57593605298766 -74.67107955207638 86.34013768227388 99.30711629059837 -44.44399610628906 -4.361271246383396 81.28335105257565 -0.4218243263042467 16.809256876106886 47.61484832941548 58.71894010583776 
-16.595551083820467 -94.57274355391256 -74.83879770944006 -32.92354047565634 -0.3422161084676105 83.82079429239124 5.770931720802935 5.8382455461307075 -40.03059443080434 4.317416581692399 -98.56046360189809 -66.2652005448511 89.00252044720375 -77.79018307091047 -5.479511334878367 
-81.606768958029 -70.41939971989191 -48.01338580146102 93.81483800217705 -79.01116878946326 92.21187832487891 -50.29910186875628 14.914923749963933 -65.34882990788572 99.33906737003397 38.78292888687196 75.05665713316881 26.445501758427994 -33.56421344952041 -18.492026688065295 
25.226888311080103 -8.570795177829922 -16.039207209301182 -64.24173786078995 27.340022827273785 -44.35484307025626 -82.42369226027384 -7.6402984013908934 -14.269006553467605 -36.71804714057263 90.78567194292458 66.88836612676116 -85.34106597322098 35.61102147292837 83.16528088975983 
65.89425614039405 -48.087915092649894 -14.832026646511082 64.48646995194213 -36.67739047516745 99.52264377258325 36.866917723506106 -0.8633432541675745 27.688199980165678 -98.04068223787806 2.988288513358526 54.36975858682516 62.96577125543902 -55.05570839060816 -70.08494350812813 
95.48494956716672 -31.76794059540049 78.58633653250112 -53.522759176713876 -24.52623582552033 58.58036434141184 29.984901890344247 21.336941906761567 55.56274135031413 -53.06558418606462 -64.59728712475456 -61.23992609523307 -96.68286634278267 -21.054358598078693 -99.83442716851394 
91.39037001342362 -32.11246514935631 -8.285367919547795 33.10624138365458 -31.9303794896105 9.66742992938481 -85.2325453318101 48.44663380938803 40.397792876567365 -30.71552834958125 -47.47966246431466 61.92305566998556 -21.883957566303962 26.857002011178793 96.90874652606615 
10.067455689368131 -1.323522324394716 69.72067302136395 -88.19219347453642 2.3939636177049124 -2.1939227992256605 -55.35373106347172 -52.75320418002516 -12.813151964162131 69.86597512111729 -81.54531173400449 -7.441646500843731 86.27860712004949 -49.54243977991497 -6.97417336381028 
-59.55749111152464 -71.55180288426173 -68.73069453245037 -76.5166889341127 49.591480086696066 81.65109977263631 -89.25109783025205 -89.4514644489831 -12.744665050094326 -5.735301956078459 -8.711009735183666 82.22935127556113 94.7824737315998 42.81338490580123 76.80794399845703 
-94.1596524087079 54.83595616607221 5.624875422072066 22.759719811127297 94.83757934577392 71.28499757562204 -17.86387382007635 -80.5727100302342 21.409053312307407 -20.45349802364511 16.71872512309531 -64.3891602346145 3.784694267332682 -37.99163061106352 36.63291908643521 
-69.0798803005602 -42.90575816687945 36.13977814298127 66.68515344019679 24.59195860314071 11.269711071643655 27.02678858814511 42.05329074135648 -77.38181921181504 -51.164555927534835 -69.37319971812572 -66.84632854188557 -14.559926088163877 90.8648027361813 1.4368541182804933 
-76.85927088251483 -24.973466784922053 -57.27914224420072 9.707494741742195 -83.03030863250989 -62.1122198291056 32.39801629412017 91.57076749932222 -91.12789264109347 98.61680953107268 -7.498952160183677 -0.4151533009557795 34.09571180354496 20.018709382383577 32.17861670452953 
-76.13891142048645 68.49818573401745 35.76448273849445 -97.2816655351147 52.763376442794595 -96.52157918232282 66.33772818221638 -83.33724826996666 0.682397737825994 43.89533640582556 -78.25753706922723 -8.956276835296691 44.22660333763264 96.28699396560754 95.65710715666955 
-15.806015795188785 -47.44558817764071 46.28708675236862 47.85168478639619 42.26791709223002 -2.8543085063392937 10.102496146504777 15.305251235793918 -93.11142100775736 8.97233810691722 74.52773592001341 88.19399848703964 23.078899074348286 -59.212479879508436 -80.07425866298533 
73.27410042344084 0.8698646356847917 77.57625382564882 40.34006424509096 -98.95535639798231 -2.7623971621083285 3.286235451230496 66.54043742106265 -71.27109779233274 66.85173546583499 -91.78282717858417 -78.46509074252708 -68.6096099746119 -82.85131372426466 -62.27220394873672 
-38.74874428754935 73.21771158826397 -63.31495300999861 -50.235355036547055 -13.512265285279952 28.22507153169005 -78.48087177533567 -58.97849140082132 -47.35641707177722 33.5027380683334 -5.529868007065076 39.98963425553811 51.5998828818108 -22.273330627985445 42.143855968428255 
78.7014148434273 -49.74942557888162 66.61834231729452 -60.1852301172084 -25.134472980401895 -95.20182155046086 -69.66122479218504 33.69987102185834 -20.090493356997996 -87.52183467236028 -67.2906371379301 48.81710262710459 -25.774134993901313 -57.75433979614455 59.61139801914888 
24.073365721296483 36.942074921968015 34.031428531255955 65.83995558727725 -5.885605321968782 12.311781199589092 -50.21523747530725 82.66149349115665 -96.98239405923728 -68.07591236580919 -41.050221891540836 88.02627844410662 -80.41133930309257 26.778379387112025 -9.387301682563475 
90.62481243162054 -90.18995992674168 95.82674361744253 80.52039624013443 -84.72156406715993 8.033322082623158 27.270185179381485 82.85817215310726 -8.876869740001766 68.92665246766194 99.28609631187675 -7.591864114220527 65.64642803163642 -88.35911840939625 5.798096479948896 
-28.760333240170027 68.39328441922129 74.93110319040886 -76.45570943928581 72.66432371299541 -64.4092289547834 -98.05400446590495 -49.06251759011053 78.42539131238547 -18.708575763315977 97.9604875870422 6.836268000011245 -29.220095110956862 -74.04505468223046 84.38602858313968 
99.75136977310262 -14.096569243706213 14.066792855807691 -11.316280266212985 30.848532492876302 92.09735127443278 -77.4620334997302 24.700351153705768 6.8543433247674415 -69.32191755549712 -32.12485754278616 -86.048012255417 -53.36539210034405 48.446253598854184 -48.020347262165906 
18.770811760023648 -50.439184003394885 -26.07828389279871 -23.878827492810345 2.063986700798594 -35.84456815333492 78.81364205494896 55.04122152065099 53.79275661248596 37.4894095919733 89.25654463004912 32.11256689117937 -88.47283561594266 -44.27324448685408 82.83812487327307 
-68.34199521336961 -20.2335953219184 -48.34012774544731 78.85840295166099 1.6464055769033052 -92.89918037187779 82.45182544735476 43.901109254251224 85.89923919175823 -53.9489841192393 81.34922727507097 -56.69998333460082 79.73745608227588 -19.67033317530064 -85.47125494350034 
43.15702302567502 74.74932593153957 32.91178774274741 -0.5312740942731438 93.9770492458895 -46.32818519139457 -20.144463103133674 -17.977054985117988 -94.89915443609003 -83.40223800034363 -52.613024410293896 -18.907857977401733 -37.78874540278008 -85.30237277586951 -68.27524852049942 
53.43586498811558 -12.1353275007571 67.61142679319249 -87.84865337382135 99.73505092660002 34.36239111596515 -9.679349011437722 99.93317346122981 -51.447971769157654 -57.532079894777596 -42.33969671840363 -37.42475297879335 -64.13661956027146 1.290863994943095 7.315431082482476 
-23.56607705307829 -49.32234386989729 1.6246179602042758 -40.44256377921609 3.4081088695764805 -43.85772622921227 -1.3640091888707673 68.81918971275581 -97.06148111213643 95.91553095424095 83.37187158543716 17.571677242003588 11.850932613915205 62.991121906931454 3.196695501729323 
-69.79071322101326 18.688713371232765 -60.2988675101328 -6.065935591274865 -17.20525344336245 27.60914794689775 27.60839561291168 -60.40706130924265 -19.218839755572077 -86.86178902428591 -96.70267575043209 -77.52056114774734 46.493605261637384 -54.50189294344212 87.0745330095196 
31.987657185219376 -71.00275927339408 -83.11939461551637 -62.70319785432284 -1.835880352250669 0.5789103707381571 20.82857425779538 80.98249921252531 94.45988735592877 89.08652981562184 -16.589170886943265 11.250960443146724 -76.49492317948479 41.305664029395416 -24.82921522430499 
-55.13936304819404 76.4837178204308 59.58906404494772 -14.13784011863251 44.29490398969992 -2.011766012262001 94.11515640507932 -42.206617142111334 75.16396740913066 -15.1830395291189 23.98955312189797 2.4540149418981656 69.2067737693223 85.39118725809885 -88.31098153943044 
42.91626912321834 -77.7711622933047 0.7108494101121465 24.79020311024958 40.55806929129079 -18.926475545082866 67.07260048250095 -3.240924973768287 52.77999576045863 96.987135787336 -34.25827505219404 58.27946048315371 -23.493225863762987 -39.92147128398669 -50.193184753671716 
-0.8054858716460842 -8.953535213493666 54.428421888391 -21.491232431684253 63.79811448772497 -5.175515305997919 9.95792145367858 6.758438140004074 81.08656645384394 -65.90776006033603 -75.70298839733721 74.53650573565545 -87.98620604548519 46.77430821746563 99.72391742533628 
73.36186050059638 23.606939275103528 -15.410577478123557 -49.111021495359 -96.86093920952432 -79.05863221734666 -3.9378064272931965 9.075336712977531 99.86472065577462 -32.049822122202926 -95.58974639656745 38.43122147073407 71.69864622826572 -97.32531268588711 -16.990849178226156 
-61.64662285623452 15.778585702933896 65.9301343191791 73.79268092195838 -76.44855995728885 95.57333394537281 -24.93347876709025 86.20814838471972 1.2361421646687347 -95.64127385291417 -19.134169417854864 -43.805429312020294 96.231233237785 -33.728852866953545 -20.242708615858078 
97.50654479279584 82.43714202554096 58.50261349113384 -69.25574948413302 30.8926217380654 -66.10520603897103 -6.979314117322133 51.63457439362 -32.29344330525079 -44.37042982259503 8.720793102139751 -61.524249815426415 -83.151290847805 -10.135139084297194 20.579563476416382 
-44.68720222244038 42.804126098784735 -82.16394731558465 -53.8728693185341 61.95753478709997 -85.37892073449676 15.993372643665111 57.38660215222481 -30.555616192603765 -92.14067747346613 47.863037795742486 -1.480324498936696 80.680349006918 7.312531768120493 69.60242706274761 
-89.64867844579196 29.808973066387324 99.23835749321822 58.042744264764394 -68.31698913988205 -99.9359815790346 -15.448488053258828 -41.93292658499603 -47.52495071998506 -65.12820010216625 72.03448424646407 -12.381956294527257 -16.877882258652704 -5.310173410197422 -69.25125996489334 
25.717516201773677 -22.70540765317672 62.32335410559202 -35.73641618774623 12.864219249553273 -8.60016660831559 -67.84891150991106 -28.384747875273035 -51.71476828555792 -42.32488730185673 84.20870270841846 39.148732660440515 -77.80591068936991 41.25359493667267 82.78478617017123 
19.82531261460248 -64.3454813637245 -80.13832005500576 52.819935946619125 -0.42443757739481214 15.43633963739191 17.653427191850994 86.4307824202237 85.53331285444648 -70.56878399152879 52.93378918215211 1.6536732736013562 60.54447617839719 18.475352556947882 1.1775273502755397 
34.31967504692034 -3.289733755611394 48.735517622146574 -45.365237558304486 -36.18750259575092 75.28955860530525 81.39574286767993 4.5737098768041875 -69.60758448031365 -48.878469837641546 42.00109500510047 -36.063705247914626 -88.06720543905553 -19.80688831008237 -62.217757339332636 
51.48153719292122 -18.109455892937135 20.26183725229717 74.79174713462331 61.264519608217626 58.926089803730605 -66.72204677673435 72.63004020796947 -77.61817497830468 56.7747569371183 -32.037088079055806 48.21539903042378 -97.2937279557224 -41.281440106185954 57.01780985691963 
-72.49700430715873 -36.33295382850468 -77.19858592288489 27.797145338145413 67.21542586281822 78.14593884527267 -0.5827341649532087 -35.942643833627756 53.571628545466666 -38.672649815210434 14.247122473903318 -73.87464042923938 -80.2819203859374 81.38319722084233 -9.65864422257006 
39.989032077477475 -29.562383909681287 -90.81254075719923 39.582711590930046 61.12138491964322 20.591732956409146 50.20621739496465 -64.56960486738828 -48.955900984591885 1.0893452132441297 -61.6071764490167 -49.990006295728186 -91.0901931349973 -16.8000822447313 74.28584362348667 
30.077731271510004 -49.6700472534767 -22.969395834011806 -82.38311796637161 96.28121534798692 -4.706147545496037 88.79425839378911 80.2319498029581 -25.43023904817852 57.89984324837238 -91.73490592920155 92.50625683698937 20.766605987503254 89.5666549787166 -48.39485098142959 
24.049648840970377 -65.70338143133263 27.40851119049195 23.696503875476907 -88.61359640396506 99.77073827214866 14.10734467785926 9.445843079430574 91.79882505558012 -56.74737351479586 -43.513653189729595 25.63897386137519 39.16788863135395 -97.36649227410696 -62.44992793202342 
-4.737578950446263 -60.57956860166167 27.432462250356764 26.626634141675325 22.181201151402448 -34.47332537325043 -3.519157818730008 -52.60904002615916 22.620537021757258 46.58841776502857 -44.04872665845983 -76.10064944251668 -17.140733215327316 -92.01570538913708 33.74114908897104 
-25.098319506732665 13.125205188602692 -22.446144724115996 91.6658530245476 -62.926371005207216 -18.79564112446492 37.22236527667167 -96.84453958182881 -13.906438998029543 79.37070924570202 -92.86353914560938 52.92688869318968 -36.713353012455016 96.83660125338369 -24.314020217980612 
44.9577738384159 -40.47513276528984 -13.333741493389411 34.15379024219112 32.15269761046579 -58.0934707449309 96.5833094657138 28.17105250815854 49.029328029774945 -66.61455537904553 -47.11742496634803 -65.25639264673936 66.07614439202521 62.56508969230882 28.835800955482483 
11.879672346992635 94.76837074655191 -64.07353456096345 44.22809887430563 -57.0796209079258 -82.20020488657063 -47.15607132231487 -56.79754274007838 -25.145260762574438 15.755868421104509 7.589181417183127 -44.41729078948988 -32.401094434242125 -69.62601559279722 -47.50331397360385 
-81.40098337183497 48.893987135709835 64.91761436697249 14.254652278460455 -94.76948893518147 71.53606129319553 -10.302058165071841 -31.337340501339213 -55.76048620771292 25.03519318175229 -4.5933929375840705 92.76759071720736 21.787694770796122 22.524376487486535 -87.8972506039298 
59.87090315498136 -22.95921565728885 -26.29459589753212 32.38181838655015 -44.19819547566939 -50.60652565878936 -88.33694539440333 69.20026424221763 61.30363171785649 -84.18612457748375 20.007243885916196 -30.846402067615415 31.813105381591697 -27.691820210101397 48.23627065592902 
-65.8443207698592 24.033845263429015 -6.298825224627549 23.37381324467141 50.038291550894684 95.7920609916109 36.3144297213731 -37.16451574628123 -42.51104136897017 21.64678418338208 -86.99702458702502 -92.37547421527414 55.629942102453015 57.47114628100502 -34.64691995527471 
74.87393547003055 55.070739803893986 -28.086846672980514 -96.14598505843746 92.09741029792406 -34.93600619392588 -42.06614360980452 14.563394972463598 -22.41984439857454 4.351679634343924 26.886437090738966 -97.52913665824539 35.9826514678723 42.27192385093937 -4.047993375330108 
11.462364447530703 98.3239684088193 -4.988299406930551 11.609709333125622 49.40984888247257 58.090364233844014 -91.55390627419624 30.604687943555348 56.64602899348958 3.1288875011669717 -82.45756365170527 35.7414869891939 20.306349077725258 11.420261870472999 -70.7342391784714 
1.456211984677097 -99.48057711470449 47.33784123318415 98.10260334341353 -47.94424905027832 7.8423073303455055 -0.028357614350397853 82.31269874287756 77.97910676933142 -44.069350929374295 -96.48905346052561 93.47079848093546 -29.30618105530138 89.02331487794945 51.07394529672479 
12.906837829513336 -22.786348706355767 -56.14169646481457 -91.24119130623059 -83.9642684619815 23.175429080836366 -98.71960717566601 79.53505668980057 -1.0530243679235838 -8.968753142263864 1.6888220484446776 50.21419353204121 55.77615989844452 93.88126890465819 45.91131340640712 
7.631898040886284 -14.853965668759784 54.86411150560474 -90.88013734546234 63.97235594756401 25.485314691381532 56.104246843381645 32.609760762206776 -87.77819288748927 -41.581631173194424 -45.89414902503546 -31.74055832249006 -92.74205718782453 49.857624729601866 -59.342912284354824 
-48.36746352560202 -61.25504699275823 8.669096953807355 -83.15190435234999 -59.49584809683846 87.22139844983886 -53.44092828603204 21.911621875286542 -8.554484406821757 -50.02760365234011 -63.5130766769616 -76.73506747110423 41.669379743730104 -20.51326036538231 -96.10269368537674 
62.21125837233069 15.260280554208563 -17.987290752142513 -22.392495992419256 86.02514290030797 -92.96910660990174 19.3739759301139 5.433302565885455 -11.543239954752352 96.30266677579476 -61.37921312809125 -93.22265024290142 10.215067745275249 88.29487012646814 44.07768143003619 
24.219087767110608 33.7126080868735 -32.822819797525256 25.702502363443315 37.19228094726398 -44.1209086537554 -61.95052488589159 -46.94967171965849 64.29514981063491 -86.65050508327754 -18.338465391465235 5.523656159160751 -99.59488682116337 -42.95794013539602 21.041162141684396 
-27.352788683696815 46.977091711563446 33.57875669904965 16.475978048899464 -20.482173568085344 12.308122649144579 -13.20160758575311 -31.733103688465846 78.56627251881335 -17.541653240095286 64.4201331785709 10.735197977870016 -26.22292552820376 76.09469227685398 66.21508478596891 
4.959274201011084 93.41756461860143 -18.370343589942124 79.454234170061 66.38857281975837 -34.991039824859854 9.334395133584778 -79.58298432490508 -45.7394993887567 -61.7144959002468 65.73335836975181 -63.06182563927409 42.07149251409791 82.57303083066711 98.91213322708302 
33.784911966975216 -57.430184428016105 -45.57712075532601 -63.46621632461864 -90.32941708565738 84.330334969944 21.545877924666556 25.17755164497875 32.113119468206065 71.70084449578547 -6.251379638886803 -65.69563201961213 -30.579008007279924 -76.34427758648796 -75.94300539063339 
83.81640612005569 68.90460647907258 71.99944267317514 -37.57018208797967 4.1333960324977 -90.48366385043698 -36.39495186025372 -79.31878941257624 -89.26828373498255 -44.74011677825502 -24.1202123420331 -85.55888425635645 7.672389477972089 -4.439279123063542 -68.85618033924294 
11.676710220958796 -72.9829840722785 -68.71280786527858 -49.14699223980665 51.369094564586476 2.227524038990623 76.17092621791338 -16.67400363945501 -95.7014040784362 41.85383704227107 35.582486635966774 82.13593016554938 -69.89408343655256 -99.62207256681236 50.821120034409006 
-27.59081117046371 98.73164833468417 37.368925489546 -83.3982439807425 50.84612742420728 -51.713687300260005 88.16237384211414 -50.40238545764546 -98.00400048786351 34.156678483437275 -91.38510136747244 2.782917188690263 -34.02153617911392 37.69191201661769 17.563883090512093 
-89.86984991492565 93.3977089545352 -47.052686151898904 45.20058563519311 -92.82065580477239 73.1655515210397 32.59590312727164 72.20876730560627 22.317168946980175 61.471673384023745 -51.988750933433515 64.97910839752089 -26.930010597841587 25.31408154470644 66.82847498931145 
35.49493511507788 -21.018884912737803 99.5516423263384 -99.31821293194474 3.3738846235420255 90.49130355545711 -81.33505571770064 -64.18696336438332 -52.45455761971609 21.282010153590193 -78.90710294788454 -89.41734352293409 -3.922605328743927 66.53863056612988 -82.58753216815103 
93.1389435143995 93.07200798468784 -59.81838996737257 56.4682810823451 -66.70204793117719 8.391073620930342 -10.996734192157078 -48.126333613917495 -9.537528062252349 -98.98063802369546 56.612717608635364 -48.08528796284553 -79.60205028360755 -69.94156998936299 51.941833029524986 
-11.345788685331911 -50.230917706783316 57.839712033599625 33.48646871819457 59.91897076850026 16.08970135268362 86.85197504940058 -5.605255402832782 11.460755798606257 41.59192282144599 51.64401657834998 -84.14120953314841 62.60242564640862 5.394511478457574 -86.2084745517117 
25.016749168067378 91.9029270021862 64.73137251447884 -5.889837806757868 -42.382616899100924 73.61587879097107 57.54161240644822 -10.718957941362433 -95.52617587852261 -37.763419080874506 -97.87782932047982 -2.146121177109322 -64.63880315419792 50.27796812392475 -45.62395697665052 
-48.73775721866836 -43.915839649539976 -24.218448359767393 84.45193413764136 -39.60214955534367 -82.23792911174431 -51.4328363921781 -52.49735988889106 44.04248147156187 -51.21883406820598 19.869396656264016 87.41825189193958 -89.23040911270147 13.867693873262994 -40.69594273761987 
16.28115732498732 -95.37432992383397 61.79043751993595 9.57668949011503 -10.151362343252288 13.60628522562017 -5.8576275202681245 -62.69916119050802 -37.585524991746055 -58.297969690835295 -60.01108953794612 -75.07824370916147 56.92671836147531 8.773952887338822 97.57122712503886 
-91.48301106818819 80.29620048345271 -80.59586167668104 8.87461281058313 76.21241098742902 54.47213243183327 30.661422947156808 73.16119687411674 67.07506477850993 93.14440914710462 26.901627258361913 29.74603809664086 -82.39019347682711 34.277765948835196 22.8003092939137 
73.29719756013 35.623626899670256 -98.15587552640048 47.18459988903774 31.53367416430052 69.68350276203006 -51.48761924839278 94.15287611026432 -40.9523707821067 -85.05069121316753 -97.32241783306435 22.00446113771666 -87.94222545837911 -28.94867537795345 -38.23695886668696 
14.302210561503472 -30.35996742390614 -96.27607967547686 -88.01025602201587 -86.96432450726117 -92.11911385083471 68.83676690452717 37.00130325527448 88.08304753509151 -36.548644971290315 58.517721268872975 78.15111040599587 38.12890296363338 -30.3317210536175 13.899729672168903 
38.59031571146164 -8.09647194760825 34.01756496854591 44.84705917719356 16.558493784709995 -43.73844047749471 -2.2538059319870314 41.57332040895491 -10.700386155587083 -35.63873059118971 -1.5300416746622858 -53.11489839893366 46.08615547127249 54.262904821519044 -90.69923183047271 
21.250999530806112 12.796717561932127 97.02339493808404 21.954499848635407 -50.56410234658657 -52.39197991039719 31.040923372665702 60.410605158648536 -47.05676007144339 19.136092762479834 -80.72510571063695 10.008835336430508 74.68805801422286 19.552805141414666 -18.537489427285152 
-20.355046658534917 44.72919825753442 29.883610195646725 37.19020767423581 -41.92042832383884 69.79139526454767 -14.927135057098482 -10.119971392293763 -93.95963620597185 76.94036655118484 -5.695201600438665 -81.22194827397011 26.802494879931544 93.66305730947528 7.938467768962738 
7.707361878609277 -9.950400571593505 -27.56457379901711 -54.627860876173706 -93.68991811534295 -28.993996174161822 -62.7455729196851 20.099156260262845 -35.093645527891155 71.95024349942673 63.78165387023782 38.66625537624236 -32.004564983295 -30.036502257586136 16.700888471389447 
-24.1763574392823 -16.29227465332272 45.662678070666914 -45.436553852789665 -37.26166964978353 -90.64225628422626 46.48442206115698 56.054602057133025 -36.800244189454375 -96.22890328695645 91.67416893353854 73.1332493120018 7.914118028324452 94.36983255691288 -80.00810519980992 
-5.066756744346179 -23.334239395328524 67.78703241265899 -89.22101244651688 14.40372602280901 20.662056093918807 -15.877854916277627 75.6034810311086 -70.95119067149614 99.79093437289293 -43.93378239895458 19.441794469466387 -25.300325897644015 -45.20762541944132 -10.63626495183054 
42.50010665355518 -37.47346191360841 47.199266949165605 67.45725909715665 -98.59170740131087 4.16085555949131 89.73832482545617 94.16902880825876 -41.096736189974536 71.1550294372453 -63.77168687686983 49.43270122889524 -45.70036025374058 11.70335199880364 22.99300574907666 
31.735919564771308 22.027744267866296 59.712762982821175 31.622481945619086 -53.865709782719584 -60.29363588246308 -12.250864520123756 -34.28448516724147 -33.99293833025736 -1.8981808376334612 85.89595850551538 -47.30580800111825 -83.93809076163048 20.55379414769925 50.523511462763565 
86.61218833747489 -35.26551981031261 48.55927100913681 -90.20024006968912 -49.93877247834677 87.81560132697541 64.50746719536667 34.78310159265604 -92.2298198846269 4.495952570653401 1.5647465833040286 -53.098755457566526 -11.606591822121828 -27.137981500329047 44.57704857108928 
-32.64541033279973 -29.72296604872568 -70.58357485133766 -17.20756707322144 -41.70041555377468 96.85832092196088 16.045356475753863 66.73312793005115 82.1710391762904 -75.36279168280126 -13.890854022424492 93.97479589591126 -97.1085192361401 -72.33909742419786 85.77314109618061 
-30.635955465065322 -58.38679918353169 88.41520477828499 80.21486277068021 -97.7033504905207 -38.630290697233626 -14.116430956774238 5.48693612874132 98.03530750604881 -97.45799591562869 -52.342421530031636 -25.865622944246482 56.14858971643619 -0.17867246540927795 69.77582531680312 
-69.16395864216543 -47.000838574786115 -29.624942496641253 -32.18858073221669 -42.12932146512547 -61.71497668399044 90.85053357067844 72.96460245412138 46.972923369608424 69.72487697336055 -67.09428843994931 28.110118815069 53.779414215519694 62.5067103139333 -87.4288842185547 
99.60542915129741 67.23386167874551 -56.3244800484981 30.905011300310008 44.52644678497481 -52.67983587856331 -51.515234577617974 -33.19247247688676 -44.42619750366625 78.21420779543558 56.311208359654586 -13.988489228617311 25.780796554227493 79.40773885444895 -25.866955893682814 
-54.925444429201534 -80.70707200122919 22.568905386484843 -83.26146366837672 42.71716008727671 14.53404358852643 -96.82680634709509 84.97322385968207 30.66873635704198 86.18588798565878 83.60380322561429 -22.184135328813966 -89.42659620082343 -80.6613755267559 -10.296841966328742 
3.904036356418956 -14.922780512358912 85.33542325721692 -9.00104224905624 58.37617273367465 32.769844688153995 90.3054859283368 4.41830322384142 24.7652302910887 -64.9404988187029 -66.48490302180565 -2.63570739373138 49.33515412972858 -48.88062922046219 14.43507343384492 
80.23300595319498 54.55764526596201 -15.116072272426777 -33.21446482478959 -70.46790909289805 65.87064989391064 57.93155317675081 -57.54026680686562 96.85602851773601 -35.63713525632504 84.62042927037805 -46.325459279682946 90.49545829738216 50.41696704824548 58.86073158566654 
19.374810018359213 88.05136914785425 55.98525042038739 4.313038925969906 54.22272710909152 -52.11233099302643 45.718884944692064 35.59377763925019 40.04653046008127 -25.683823196608444 -56.239588209505406 -83.45883515831602 -47.176252047606226 32.69268352128179 -55.924037019598 
-8.056395428839934 -65.03809424300506 -73.45348080347239 -87.68223348228332 26.175230588995618 -82.40814541925158 -25.017239107956726 81.18897551468166 -99.64802379812964 -23.607485655369075 -21.904024494960666 51.34264109175396 79.57044403253408 52.801604391286446 92.88044923409217 
61.00482183290612 44.60486719193099 -36.11496498615705 47.48703066155372 65.64085298193146 -25.54932925699609 42.64494752049302 -23.7293733902532 -45.02260640050446 80.46531821175148 -87.3539746846391 82.51241391471598 97.65736497240405 -67.47483102753664 -93.57970256168369 
60.40320660359717 -56.61210484606074 37.07735479372843 -94.28092976511289 40.5915235601077 -39.24049019153244 -67.8936656303859 -58.31635025739617 23.17744120503474 -32.14316942542841 -58.91522654467176 -38.78197607476655 98.46405051373395 27.578574376523306 -89.76342292243366 
33.05973549770033 61.27812579905785 -86.53594037780555 73.97827997628536 79.36327521826075 -48.16996993853691 -2.8284222607892815 -24.687931022862287 -3.8783427001144872 72.76285770621135 -51.56031258228635 -65.4476892244324 -28.63798389168386 68.95416610563683 58.78011053046265 
68.4407744274904 56.58562874766753 -86.73466780300865 -11.209376858520741 29.939513320878405 65.2332081260358 56.24426642004536 -29.246470017613404 -21.984437428555054 -31.513617032649606 -99.73979472632446 97.16271675356367 -27.17417463559117 11.773895130748798 -70.28992468176276 
-82.5279530820442 10.182944672429528 -21.936171888753435 -84.82438369560654 19.057400648474115 98.22042747137314 3.937390030966 19.98870467673632 -38.76470720298357 -96.8571781319097 78.9982284086779 30.307062349974103 -3.287158376655924 61.30935308270284 -95.3180221756551 
93.73653851540922 24.339985672660987 7.424625371099225 28.72500269647722 93.44374223019193 15.085090960724585 32.399511967395966 -44.01929055967286 -24.622482866761345 -21.500306611801378 -40.695659919960356 58.797988809366984 65.09494941047922 -11.076523409704592 -94.70812888077818 
53.37465984738594 -28.927259880054507 4.893350512267048 70.11970861242273 60.130160434596604 79.02923532146798 -45.732828959846074 20.35448858903264 -91.63488746248521 16.300073580710617 97.9782084158407 91.63950022571868 -29.9423396411931 30.336475607631314 -67.22202023144759 
-39.66059172137597 76.91854175930894 85.16418758734011 -41.17157452680835 -48.21245623172325 7.378163610248876 -34.78111990858514 -50.068426278860926 40.320354641390765 -80.7262861117857 -28.180607072958935 66.83272491091472 73.705628357765 -80.71572826276233 -92.01976459609769 
62.87608488238436 -98.5720002731276 -7.3771966231648065 62.3113318976653 -17.701689069040967 85.73237974416153 -24.634768332084064 -33.94394582123685 -44.42337755332093 -99.19518455959123 -33.87627792684363 32.64030850877879 -49.857097607501586 8.736567070749686 44.641309112909084 
-86.50509984622019 -68.14636765808524 -3.2033066439882845 -75.91947432145156 -86.17351125751239 -78.02295841726479 48.14864266237748 92.87058079147096 39.199788506366644 72.48640476067277 81.73299074478385 59.74547594884862 -92.99843032010739 -35.19183711096497 -34.96643274247526 
-87.01514350428113 -0.4901951199823884 -44.01866663244722 -9.400767232815383 48.61760544005071 50.82851636275274 32.10727368797856 -81.66025517551077 89.42725115140365 96.98148245629892 -1.404382411609788 90.66845149086339 -85.09219478944507 41.978652478631915 62.56797912166232 
-8.791177722048275 -71.00501424714395 -3.0943656689322694 43.28449102030859 47.81630363790893 -25.165256318153624 -42.34369050215425 -11.157393209437998 -94.06990462736556 0.9594743937176844 31.36382662849354 -71.69494950422346 -86.06242439137401 -24.733961179800886 22.54959771592773 
6.294644805264198 -27.317622579580785 -73.3959416758446 -62.53676723424877 26.695123775738622 -25.82823508955532 14.0955189979518 -9.684540269436923 -18.54335602453891 37.16516649138467 96.29520611082054 13.282938040324737 -28.355807506729064 59.64957709427668 7.4860572785513 
68.02666802060051 -70.50312692035303 33.276973673468575 87.31548798582915 41.125566843377925 -31.93258775938294 -32.74773701551857 96.80780555234674 3.664967327301838 -82.87010294263075 62.73889917187378 -6.7424742377460944 56.149211595522786 -78.05377946972816 64.97114831693443 
