-19.718655900822554 31.80279406860967 27.514563553850707 76.74183997983667 -82.93864250258738 -30.845250922655637 -87.09809293909483 47.542370771220476 -39.17119537953835 -43.49497101666204 -63.13040193327275 -94.47078432914384 -10.805787500833944 -35.21059012959688 -39.479128612876366 
92.72978083033757 93.69099031758151 -25.390739162964465 -50.85317447626001 14.895391244548819 63.85470796520883 -49.30395999867103 56.190826541629406 4.158321717663952 12.455428975251778 -63.566689506433804 27.853645405522684 29.86819823734058 6.464457428265362 -65.13012601018929 
-24.08855129559369 -62.47799235479923 -81.49976520709558 39.34880539357428 -45.276974495163344 -7.4118763157065075 46.32759517152195 24.2464824939796 76.3387221417889 37.586798972448435 -12.592256110812471 -80.50503290973145 -61.725996973049526 54.59153575165348 -36.75888933136844 
73.52154755913114 90.10452324025326 -63.03411892379201 8.020845294045415 81.5945062813758 18.015172325563285 -23.16669037589334 -1.8394538894362 -11.69007306742678 26.38675632200264 16.071119250187564 -23.85205157691739 61.666499500798096 8.978247801113298 31.45629873019763 
-52.45987729642118 3.0097723677135804 -35.060681504119515 -0.3659288935794507 -51.571404900050766 7.567616853135874 -85.98378889718697 65.01729977025457 -75.80837847587651 -74.80729585402273 -70.97719904805669 -85.0308014752454 18.189062803353124 -72.22484516305512 -60.71487166005254 
-39.83122417475853 -49.835766191316864 98.31831552508703 23.530198061703956 -78.52117134086797 26.353807335829345 -38.820537792980694 40.84944894107531 43.60347256246067 35.57051214498679 -99.57249653765253 60.41702647183237 -59.325383696177084 -87.78879731853092 -50.22218854690015 
-91.59778169253147 89.39714298916266 90.40925563404511 38.43157448959798 -38.4508558457006 -48.27690909842393 -47.524672603537475 6.157527564432868 -17.718080447426246 63.41678209137956 14.354023456959638 34.897246576680146 -87.28385023102518 47.009138956241515 -65.63193425771561 
-22.93520370827376 52.90045502839439 66.29990881080678 63.36584338913073 -29.72338406135178 92.169864255959 -1.5400891159509769 -48.8459499879879 18.600693610847102 39.218291657167015 -21.95892818844976 -18.87730446259394 -11.494416604688354 -36.27494350109488 77.52454488417226 
86.31804715588666 83.705680920835 -35.09119164432029 62.386653213359295 -72.74629761817215 -5.507955285994399 39.63938068577241 84.07587832549399 70.6379529916029 -59.29565162549218 42.39000086639015 6.626783936643349 58.1177848754476 -97.29631203178286 -4.625740793100903 
-89.32965583691083 -64.55912186544685 -75.53491011429435 -72.28237209311277 11.832033661648822 87.11202843929496 76.2618854976408 37.62164416381759 -63.737216595054356 -13.291442763533908 -13.664814135201084 92.2191470085279 -50.33273564996685 -62.83532229573752 6.219706794556188 
48.430393281086225 84.94035943043772 62.78359371604401 -94.1323697586441 -5.096019908608483 -69.76937458225258 43.737768441162274 30.42026620845556 79.12944264946728 56.90013696503323 17.216390261998058 24.85390194686788 92.07069040021642 34.986612099359206 -28.68945364389191 
35.665162245810535 -69.03073939170083 -22.223784055524362 20.799077183387226 -82.83948968983701 18.617990186238174 5.762749743887326 -49.63951182428708 -83.42477849528777 79.21421881709497 -73.88245062772252 67.45563879495805 66.69150502570582 16.388433241277127 -0.8385102997001894 
-62.17520822280322 -81.44402945374007 31.43661094277107 45.94355443033115 68.21991778171608 -52.61708890864152 -9.613126403678677 -82.53687514336349 89.88673041821707 -26.871081005689334 -59.029803283280245 -19.601635765411274 -0.7419106213282021 -6.464630787012496 30.061194079434586 
70.47869378772569 -98.34829205411562 -93.41745281295557 12.341606006014445 -29.338090053724827 36.156105932999395 -20.494603422370105 -80.39201239509586 -54.4909365148025 76.73654712464199 -66.0251787912381 -61.543056086911285 -30.36599573243764 -37.78983179475415 0.720669361338679 
71.75230549968106 -81.93107597227225 -65.64396668771451 45.416157460476114 -20.267899168704815 22.803451069896852 75.52512390238252 61.26031587729315 30.785451921835516 -96.91894572329748 -76.61026455515639 -53.652390614150036 -53.16961579261197 18.539044118292153 -90.06870013045976 
-69.40311625097944 0.46038753323438186 24.35563828820078 -44.262034628280375 12.632132698837566 40.90196535672652 -16.677661293645386 -74.33659892613915 -89.14629651806598 35.841022230606995 8.22932713777189 19.430949280595627 23.27827183765632 -34.9642212411287 -59.07816768029803 
-99.2887867602548 43.34255893424054 -17.117560579400532 -93.52485059264461 -15.993876179810258 -50.16399345134302 -96.7807827414716 79.73178676464187 86.48094500418267 33.79516370134533 95.09004579922237 71.19380637836937 50.0732712571766 -2.716281008591352 -81.1390573216977 
-65.58765625062888 -0.2934822138075788 14.752557413500341 36.28460138081749 98.03239744028528 -73.50828676845522 -12.13240868997869 72.32489230671612 31.251000675895625 93.0670417675459 76.04790610506382 93.6417156447877 -75.26550503000541 22.30412810712798 -41.82706433828223 
-33.7681974372436 36.79120990227352 14.087766468266395 42.62623759427652 31.23099079586251 82.86636535084892 -10.699972395451837 52.46184549951289 50.8461739306571 49.91432755236508 -82.19791656635115 10.613227265451727 1.6601940023686694 17.111274158084484 -6.861530904151422 
-50.81032801273946 89.24805433602282 74.5733501171504 -50.94792899610463 53.17235797583436 21.80423033150987 95.48188779343607 -17.286874696847065 -21.63355879630562 38.73917157751325 65.66553259382172 54.675868554437045 -31.14570003699002 -54.68884995988637 -90.66807094368238 
-34.48501095778292 99.52641978910867 -48.63768842206635 57.64432470544946 -41.16402646896089 -64.26193600680459 7.131182086346158 -18.5226115946205 -5.911131009759416 88.95521682057665 91.58746503756109 12.12095810263942 -99.32229219356292 40.59203800222221 -44.71475278773964 
-80.19538881563011 -22.579009116411953 69.11803288305302 41.81297435521384 -95.55112691465413 -0.9408265397088229 -11.992581955339276 16.11597711291151 -63.00470809050014 69.93886899445582 93.85017490106162 35.27511587751678 -98.87551101560659 89.9192806859835 -97.31263095970326 
23.334394075419 6.8846226313217755 27.312792398597992 77.3266726640372 -77.1648710166044 74.90621081174083 42.42257831299412 48.44697030982269 -68.06627622256522 -19.72510149888265 46.43866863012093 77.36071006829445 18.07596312719329 -90.36026903221956 -12.651608420954872 
42.78491624052282 -75.60984610095953 -52.91464784531372 8.597074099172147 -70.43696770621546 55.77280028088819 -36.956666405960156 -49.54221942107946 55.801738778043585 -48.78994952725986 -57.6790055626438 -57.371054823617506 28.02744927384998 -87.37710971028568 -0.41250429443535097 
-43.90401582785053 0.3882759984174413 -78.02067144544313 -79.66570139893685 80.4488759867584 -64.52880886892132 37.787782333084806 -11.821091351582297 14.561627236820911 -72.66448233308844 -30.424124253834677 76.13485710337437 29.202426300338345 39.73977476245091 -45.44340002372136 
13.990865477012932 -28.744550848086647 11.811452635328436 21.82539961247292 -74.57178597512019 47.2780020551898 -42.72017670422643 -83.54427324179522 46.42946445874355 -53.73066300644129 86.04907805384985 -46.89477358345786 64.61691269501156 -74.05832183984683 24.143336876197225 
-90.30765720625713 -25.394780046050315 65.28979167163891 32.83793247296131 86.2651245330627 -41.06532614741065 -14.61498124391332 -7.551574999794511 73.3584745335742 -37.74142470709505 -94.04280467811674 -25.017742938951073 54.134348760221485 22.331082304512933 -98.70764607822456 
-24.242065137946085 24.766401949586097 -69.3796046260605 7.194340393725412 99.87786175619672 71.84444892187298 54.65244110774822 34.977028379163954 21.784052047387632 10.921270971100398 -7.311961237649257 -40.62686063748744 23.088421501344712 -78.29897273168518 94.23617411738059 
10.859921669639533 -50.62177191495425 71.89006571776616 -97.92932134788369 -94.20864587228628 -47.43884189930294 -58.612137066405246 11.846125388694205 57.89430020709821 14.509890598644489 -83.11471684710119 -51.13846951081547 90.16285388888778 60.45955746934126 66.24707707051297 
2.920573082318853 47.330527138154224 51.03078064996285 69.09595095970647 20.677918016131017 41.27831164746351 89.70508158567048 22.151328057956547 -1.5098957954647432 99.10904446056827 5.68539565103994 94.67614406452586 -99.1079652185499 7.34314400200924 84.49349855780355 
-90.11655908395748 27.368778129285957 -21.735113278708894 -86.6292743980874 85.1418204889246 -5.883034047225209 -88.69626159732758 63.31998395230724 7.584458892783786 -85.79135364346295 -27.855237530122864 50.27024050159062 -41.34752886816959 75.91327223562087 83.39714123569487 
63.667941383232886 -10.27929420784946 -45.90894932565532 -1.5092217623259785 -69.26380712467636 79.3028908813057 -60.0343509557671 21.108338736865775 -65.82059364521749 46.156097166953174 88.0934748532743 23.82101665321059 18.102215145980054 54.407835449669534 -70.83313745293893 
93.79864550784927 -58.82512449152868 -31.89191534231999 -4.644167147553645 -49.781322709643305 -45.050978197905486 -80.52356865202682 -10.72052350862343 -5.81596127024919 -62.65361726834726 -23.170221645287455 13.852167151258968 54.11432361410621 78.16374513660352 -47.28611096754336 
-63.30558375306665 12.91729762029965 44.888221611388445 -59.57222101465691 73.15408256121941 16.841643635745314 12.362235510135378 82.11367927835576 14.750195180661436 50.68580653540528 -65.40734957825664 -45.679157463543696 70.36165058719669 -28.061229734544526 -97.94294286911203 
-19.637517498941364 8.787477110648908 -78.54933040502294 -85.40151145482464 94.62226067163982 -93.01512377731041 -94.00364791910685 -93.12452544678197 -68.63906751559132 37.17436694296748 -61.35595598971919 -96.63912504949623 -8.61550267690609 48.27688141765162 -10.661535992932045 
35.37713100972567 -72.9590930429038 -59.97687075829796 -40.69323626194454 36.27997780983952 61.349613033762864 23.301317351747826 86.07896855711039 -46.26419866739215 17.401685386974023 9.453369563335869 -60.53621152963879 -76.74424670517922 -0.21295742279237118 -43.16657239309989 
-87.22689131861986 70.81844276623036 -49.246938529558214 30.149833418036224 -20.564264904623442 73.69801015677658 -71.6033996530455 -26.215144162497623 32.456478938533394 -64.18156693898685 -49.39820132719983 -36.60015566047321 87.04330597207985 81.05748581518955 -50.72370121223344 
46.79250674769793 -33.42998288112679 80.537858627725 -60.45789729188067 30.47585355546707 -32.243575598524416 5.516301575534243 49.75329091091828 56.091412045828406 81.98021934122642 48.963347707851256 73.86353201695789 29.889625852709145 -33.46501363464705 10.434362833492102 
-31.866109721661047 -76.35933856491812 66.71105496158069 -25.644882336286344 -9.750505817893924 -69.68161859415608 -97.73330049068032 -63.42585646726222 3.9566364300728054 -30.639659743979152 -89.0128745536945 -77.28429768283837 -12.150511176994556 -91.07569406711191 -21.977790086974224 
27.946562063221123 -48.367705382227236 41.35977213384177 -93.59786638408585 -26.15889112108094 89.22796674929438 78.09919949100941 -41.76422958755457 -50.99208056063669 31.440187619438746 -64.37959343178603 -95.1178938310561 51.32850088433838 31.977222826756247 87.60310302933982 
19.15140475468013 41.51299773165914 -93.03550291778704 25.479789180705367 36.336366633948614 -44.83496438455283 18.693407342896336 9.2669124384186 -87.9044925854555 -95.68351960977593 93.30968032373042 -8.488293345906285 79.47937617605882 35.24301386743781 -5.704138679349825 
91.5367373064573 38.02694245277155 55.01802279284061 -47.86599743295432 75.50050411621959 52.05774893173057 1.5728528844725531 -0.2170221049251353 41.43821928380564 31.541532678574555 48.402337202550086 -82.23154634774666 -22.056000425592487 -75.63439964277751 3.5492029248401593 
2.437135397447406 76.11471159406344 80.16453710325203 -91.84865585663941 57.762874262343104 -41.19155579991121 73.40458847296387 99.40468480015306 23.791395049517618 -68.80083751898174 37.01712989239675 -66.27086046674322 62.802215784836704 14.184337630159007 63.850582519651084 
45.52074841351518 23.114539813057647 47.786090737766386 -50.46291031348436 30.39601268257036 -8.823055813815017 38.914497403380125 -97.38261101404007 51.08092362790481 94.21454702340543 52.65460081366902 -28.030905281611368 7.17365157360976 94.00590078708413 67.74345571829463 
65.12663677974444 66.19385322147298 -2.8414614565647156 -4.000077710602184 73.26923937476434 95.92407969930318 -41.63822462099467 19.06355282582146 37.59048251556885 -82.46720295359734 -98.65404359692722 89.66936208858758 -90.31601746185626 71.2192728977142 -71.39669624130258 
-44.80503253507915 31.639422069983993 -54.13872319547184 -41.229659560566276 -0.25597372950321073 73.5749975432959 2.052755477003984 84.58551327287799 92.75162094484847 69.00094124027319 71.46638541894964 -55.7420624127591 17.354950552254593 -71.20208737501667 -37.92260755961703 
61.40337332537419 16.643883656794983 11.392787490585206 74.02210993511471 -6.0520608258680255 76.11345258285297 53.35035547227616 -68.72272775108026 69.58936835535144 -11.742231872240907 -87.42187768620073 -5.707986215871713 -94.40154840020223 -64.52272061179073 -28.71607718639666 
-26.04132982043798 79.69949101079868 87.71467718762023 52.41271082774492 30.117863001242995 -78.42726704207274 -34.64072373075035 35.796583143380445 54.057292205253646 -96.91323983352163 -53.454701895962465 -71.08182337469408 66.27469774473983 91.94605833735824 28.347663459944386 
1.7730925272908138 -87.9011498411036 8.26483810117655 88.5982029763218 -55.65158554639662 9.87179621883989 34.847331614314356 -19.57868269080288 98.0642479094245 -20.588743953814244 1.9534010160322026 -23.216401810612197 -47.48059189739165 49.04676921373803 -26.139359466480244 
-36.815967621830346 60.42477659292692 -64.67297945392934 3.8847843432115496 82.63253603278432 -14.838996451305036 86.47854385692514 -1.5607624807030334 -64.3210866451694 49.50913641571202 -93.78355641969311 -85.64416735978693 -68.21173117403475 11.947364236756883 -69.13423208410154 
13.103479724820332 -94.35697865130885 -90.54176341472984 84.26262456302959 -32.324883656512355 -67.35548096339244 -29.442727728803717 14.97209945272948 -88.80460828443888 -70.97646677390416 99.2917191416708 77.91679948452389 -45.79353644535982 -94.92867648872185 20.681324798982644 
-69.55711494608784 58.225747244665996 86.12484793903758 92.39082074511853 56.50934822303287 85.71811651784739 -66.07864769766613 37.19055544188578 40.26621486562854 -48.87657897026545 -28.395508271560345 38.81201043785126 -2.5369333235676805 37.58331792863049 34.457844566227294 
48.76857024014623 -85.4550455941293 73.08641600426319 -72.77311192144992 -52.538990335596125 45.88979801085182 18.971506624139778 -75.14745219223924 -36.26680119606556 98.13286554656551 84.02462145976045 3.2006480291747863 18.737339118267002 -65.41821625764001 17.400940880651447 
65.56879980315213 73.91475218613596 -76.79381133390152 39.1935133238114 -82.0307563304635 -47.39851293191035 9.662061863210042 -11.056520387315814 76.32121607004717 32.2865772626341 64.96582442893825 4.593356706373243 22.51961545232433 -4.570348094506073 -91.01827168176999 
-84.9698378916971 52.48473892805512 6.193256880346979 3.3575146483145915 50.92234787141982 50.173516198250155 -89.37462064801322 61.60104749697277 39.041178754030284 37.6674169729865 -95.77225210299471 -23.23774671892582 65.83783807116217 88.68899145628299 -41.51631968956331 
22.469613056847336 43.044593970206535 -16.334111495355927 3.5057170271877 82.10116389617343 26.540650244207285 74.32450834426365 25.16126348257845 71.24940223921797 93.66269970677465 87.32268718728545 2.1373986179083317 85.76163558400259 1.203042700626881 -53.906254159702584 
-80.00276358367734 77.53476268302134 38.88360444257816 -39.78878557306884 -29.4739493074363 41.71424737264056 -19.52555049086 -23.721318540216345 -88.04860856364063 47.334851736993016 33.39491848441955 -98.50566651844979 -44.802650839993376 34.455330498865806 -21.81337036126976 
-56.77714785472663 -57.51852376872782 -64.26321814729666 68.68024739980311 -26.34660260920056 -27.62305419109346 91.36613885390724 50.925904711689924 59.7578441635836 86.83369399480262 -42.54473753433181 88.58121880677743 57.773815990957274 16.725099752476865 36.222700217443474 
32.73268286511444 -86.68833946982843 -22.813675121556983 48.75176963417391 18.849801557885755 -32.03179932580416 -88.85285348751452 -78.19802157529696 -73.28137665305255 87.91934384965455 58.95599039579085 -5.357679396939346 0.7442460753521942 -25.068924654426112 53.04098336593549 
-13.289183208805483 21.86105617417053 22.262372799324865 -58.195890714748266 14.12351356197891 72.46577147068132 -92.2414698431125 -84.9888178704007 77.9678336575511 -48.20895243291501 -45.55128082812683 -54.51481156706486 91.15400461968349 -29.48666189344084 66.7372734218091 
96.29308997078297 7.632474165602602 -60.003079109476175 74.2097949376639 -7.906584477655713 -15.544758596413757 41.49297903520005 44.21069082405674 30.72863602028113 46.068796859141855 -32.243605934690734 42.05301812528455 69.3180324482438 -62.88197459956073 -2.772152527725609 
-22.846204814879073 89.25231289027619 -98.5601215876761 -16.42396158748565 33.375438450254364 52.65454911533595 -91.60637554378495 39.55194589220906 -59.17108878131305 -70.28402290485957 -32.49446065874528 -15.886228825774396 31.943245637351396 1.0271875926785725 -52.77810388094266 
96.9304582342109 39.50415636222746 82.09859282364334 -4.7428592990557945 39.197255327406396 -47.087370338426894 15.722064237166691 -57.21411353263266 -75.58791411253402 -36.66632499153604 -78.86753256911183 69.51629651762212 20.664123449280453 92.43611342375564 6.3397032438662535 
46.30678403994591 15.220781233932684 31.306402031938518 -59.119479264797945 -59.31508224219151 -15.065886348018992 94.98835376296185 68.43986951049243 -39.978880971677185 42.274379956745605 19.390420635331722 -99.81496252124454 67.60833937347101 12.797741872614509 -55.10609440498977 
67.61061231897344 -3.250486854064107 -71.0236484027889 -52.01621463077517 25.746541025035924 -3.2780075815401943 -8.233387544228464 10.741177034868471 -25.682777977872547 -98.07578633185008 67.5163683638072 -69.69905381052514 -43.38753282827437 50.31510232671076 -66.83656460666494 
52.622729755152136 67.48179462397457 75.9990421275574 5.868695316884697 -63.54324283410484 -50.58124564056854 46.7879376993487 -52.67071777517518 -78.25666558446018 -66.7062626447913 0.4896503082337631 -77.94601643936471 -14.32611042896788 26.493877769187307 33.92100413673461 
65.46094127620407 -41.738831705178 -39.752009413760625 -22.981497233759967 -23.860521882189545 -6.767470090726405 -1.3580498542203685 -22.927886072460083 86.4512714195952 -45.21404542639553 -58.849207996632494 68.54330612303758 -10.051711607828054 -23.47791851396721 -94.09138679115543 
2.234931092091074 25.546947040730814 -20.682090438997776 -47.24431999840988 -98.97409454462172 4.162230623926206 99.89790287212713 0.8956685959872175 21.229404964022763 -48.67750453492099 10.196371677623148 12.226666082978554 59.32683291668786 67.16044866770162 39.460750515874025 
49.191240587386744 -29.507358260035204 20.0812053088641 12.719700156152498 58.47352386069417 88.40199380632708 4.110994007647278 29.156589406487967 -38.96196109490035 94.46802513011369 63.807994481178184 54.713287415645084 -48.73347561058321 -53.748436951788236 31.160261531768725 
-3.261707971011745 62.92514985075698 27.70490804637727 -40.091672176593505 -23.99185199400793 -69.00198304351753 72.06740343795391 44.51981977700143 10.222290567510314 -27.133018762135762 24.53687071803205 15.286991865395379 26.68630211032928 -63.80408066016368 74.44994174596263 
12.462246237575684 -21.278878818061784 -57.927636370349035 21.12112593740541 -1.6288462130831647 59.723577680204045 85.32995764899141 -12.670664005068573 86.36995947366458 -10.224257983441646 -11.29580021672298 -40.95285848050072 17.169394619749824 52.93705995509171 -41.33117023875226 
-35.63768922406396 -92.38139160211392 -37.117969156466835 -96.19650665942645 72.47968899100786 72.9444086365805 15.587146810099966 -36.564233024519964 -95.75382908791723 27.907626928486522 23.79900349185553 19.117734217884845 -73.16208215953534 -21.591999119310984 39.47199971240269 
19.41573900561309 -22.302549585103606 32.45861023107432 -90.92522160780271 -92.91141430106128 -60.61835043796533 -8.36289876991097 -52.669416353061926 -51.46245722889042 46.32430605384917 96.77381911308055 -71.14620269788423 13.514638586174058 87.94930013754461 -99.72605478162022 
31.61624120981628 -67.16560423144637 -40.36127601713346 -90.78087703869866 76.18223989348562 63.637663931503994 17.831870115242012 47.72549967968848 -31.441197784399748 -2.4502483121595446 -96.80174684857614 9.515107799168064 -29.51286612122186 40.91246591870507 61.368828481014134 
17.49986626284175 12.557980862390124 -81.56169696696666 -47.887545129827245 38.19576941867834 -52.373941563167456 -88.40292442734837 -35.29928501470607 15.45710517219851 -23.248611413796127 74.31752324874088 82.64472558651491 -19.765319150467263 -70.49132361951449 -8.8817974913363 
16.732457005915478 -20.788451549030512 -79.55074265474593 -80.48814782316813 -79.00065494255514 -34.7534663338148 -8.776681718393192 66.40696568642736 -10.70300693567225 99.21110846911964 -70.94125233043226 8.871339713426948 -84.56418329575135 71.02672232720184 23.9014367702366 
14.148067805317694 -32.85123299631505 71.0424142078835 41.354376231682636 84.01469939557515 -78.10787954401815 -42.8351055035989 -3.57006475158461 37.873207768798835 -43.152749096602896 -14.418096977734635 14.40049262549114 95.45168565408136 -19.474059232275565 -78.98221881122183 
-10.630289416210687 -22.12222167798994 -23.007591474232385 -90.31149627769508 -83.49776694176494 38.93630354147666 -25.057977199417024 18.624352381233038 -79.0789164221033 63.59272434280837 -38.29519832869372 -51.88992835195953 -93.47456838119778 59.82290606490051 -10.299856996765016 
-72.94939301928028 -54.66738386565091 43.466026721530426 -17.336450311181608 57.380044318669405 2.868153350899405 -15.762078198369252 33.228299523076856 -62.749246765807534 2.6049227171662324 -91.66693541099036 52.077431767469164 9.300381106670216 -82.13689282068506 -40.530452704491516 
-28.900499085164654 78.4276706658253 -53.190333001658274 -32.721715472199975 66.78763182082511 -5.611805359879526 61.46053139730492 -25.86873553156562 -10.06062613027197 16.346795080995435 15.999120573089257 -56.369299319606036 44.174846372886236 -25.47482513671197 46.24261365233912 
-98.75538950828442 3.527056989695481 -57.15061148613418 19.4912346138167 -99.00854520659675 -41.0970940164505 -29.857107771020836 21.062435297759123 -58.859274800028906 -0.8136736367463868 -94.35747338142777 -68.80455667883858 67.11576615473209 83.50556534250845 59.24027778205544 
-75.48899500483859 1.1187617412260948 23.442692241274642 71.88858091734002 -16.504008074889384 39.436488986961535 11.89195735426614 10.612110229868165 21.89156677608763 -48.286882194354355 -84.20042249666302 -28.316245664486914 93.24298496142575 23.469546871467898 0.23494655183769453 
-60.39363656586563 -26.250646528950014 13.663536480794434 67.57909586278808 -18.954961413091453 2.7266562551980797 29.98361477376173 -43.920360757449295 -97.09003512876366 93.76328533290604 -49.0552384723985 -50.383553267219504 -41.817217395608644 47.49806743560413 2.068125096112027 
79.79360841559242 65.22038011579548 -81.85045234084065 -71.78266000590408 90.82771008359268 -78.70870088965648 -29.29846119018586 47.12309410560957 -76.99496606782112 -94.21267287177876 -8.648216224861713 25.86988163186021 -45.68243001084178 -6.430791624958786 60.35580451911494 
95.62973383912282 38.58794783655307 -77.9847159117084 5.520338736569812 -82.8865814566522 -59.710330515646646 -55.47333010600446 1.205260806283846 47.00273969420374 45.18082473466728 3.384744657687719 94.30741810153421 56.603212157746725 30.958736303804272 33.13818369309695 
91.82713497320131 -44.47661134607359 -35.77855489061716 1.0057448938880782 -16.68339492621675 -37.67887113742656 -61.028462208154764 -71.26222819935202 -58.36123748496791 -37.87201453323827 59.54312522359825 -59.41393337742451 9.170741526492492 11.955666588010445 -54.353056323922466 
15.66727803673021 -86.26109386101606 -72.54289251496 62.85501627251102 23.013766779732308 16.949977916060504 53.5046877033281 31.659902388519356 -50.77162218593754 83.88040824539985 67.83732044506971 -96.33550561148314 -5.142734965949032 -89.29442757580178 -56.94626941496719 
47.8208562724804 56.588112457182035 45.40549219902206 -50.28463958986586 -79.53727416201426 90.07512122790882 21.48986289714398 -10.643824040835653 5.571578254891207 17.099051308667 -14.899923734007572 46.300500335071746 -31.148972645342027 -14.048947180557931 -81.82993475321399 
-15.13774679860606 76.05038918797601 15.999849574451929 17.76704802717613 -24.61547192718794 -69.53956963516134 38.95550229079353 98.85062873743084 -12.32314690224365 86.25952606908783 22.007709286681788 -49.49049988218821 86.42167076136843 24.92102271078336 14.067625986544385 
8.272034253493587 -9.600361375340484 3.4317103346858175 -5.419246527962045 71.265570700896 -95.45428836482735 -73.92613495012759 97.27056645481264 -6.3288000886822005 -2.4952167316042733 -77.15288831041693 49.20552696309869 -28.338741766460558 74.13988636341108 -99.67277931771297 
38.23714434426125 83.41602265335041 50.35229254085351 18.557628335000302 60.113369439260424 70.19650832587888 -59.157916320098195 49.658613165852245 -41.61957052909126 13.90691350061131 41.011223249303725 -66.83749022125068 -25.882974149445744 51.92508083749249 -80.73337128619322 
62.99032436068026 -9.311028098883085 -74.07471572860622 -27.612758203418906 -15.299762862490127 27.617848172479412 66.4552807319495 45.01096022148124 47.995865188087635 89.91855607135571 -20.73232028063599 66.7452515665571 77.90658147744603 76.64021495231964 19.84515839178991 
27.706514712866365 97.48474216226873 40.892274896287205 94.573127229551 -30.827528933048924 -53.07618536968155 52.53052827159604 40.67688268192191 73.71091188100567 0.09187713255246877 26.80445281486317 -11.749070676376803 -53.95169943728406 -18.722045932961763 -84.6182683215284 
46.51404328630747 36.976021024710036 15.51534402556669 60.961694313406355 -17.156324604231017 -80.02910333284473 34.57875837011423 -47.36510953898174 -12.054826056118301 -73.86624578721981 46.019965211761274 -50.40483058305032 82.17982916248027 45.02080120372389 26.524963733482295 
60.10358121164657 -82.9608800674695 -40.2390546605909 80.53118546612222 -23.46275122585064 30.1656123037925 -85.63848516304779 38.99231306645436 -2.0060529634273507 -13.63574649725004 43.243913341587955 74.51306260002784 -77.20718497877981 -57.13836782134572 78.515415169302 
-13.889192004337133 94.1809713508612 -16.3127491486419 79.79095934409648 -10.853085433441834 66.4130020479075 45.23396801431295 6.765409883049983 69.35461854642219 -7.398891892046052 13.022228223633476 91.25538735768419 -92.56594834515334 69.21263178633399 -87.70235850709254 
54.36195566253326 -14.922396273610033 -80.04340483466363 -31.627888814906342 88.99199035068469 -29.642794289058543 -11.169264415813004 38.07878039246364 -31.834056173042086 -13.959057273303912 31.507298781996866 0.06199205396792706 63.96849641604467 60.63861192309105 -58.807928992473954 
71.96263073240564 65.07476550944705 72.31459670475883 39.553579754759596 -67.64622261745052 86.34426369623475 54.54158512414088 9.524651537949552 -21.651945495867423 -38.75099699111468 -80.38700609653135 -12.88615123336821 50.0915688337011 -89.77008462385967 -53.68384399194399 
-5.5942241644626876 -48.987462438114825 36.766711608839614 96.55948547729699 23.160481744177844 -68.03633096448003 -74.94625844220283 -35.6378740729248 -80.84035210546242 34.86513822661871 -27.624235937403796 51.39169273548541 12.292234520929355 90.49308453356659 -14.736404405560805 
-84.16516926040043 41.21070575889888 64.47165584442308 62.37670799566476 -45.27615583515925 27.712051604825632 -77.7612990914379 -16.934587243233196 21.431453246100247 75.52585373202342 -66.6315189681026 71.68251820448091 -15.983288929848484 95.21134493832511 11.37774385426495 
47.41542548847616 3.719281441803531 93.33699698018992 -88.53741900338363 -3.0685401625296436 18.56590899901809 4.957930129208293 -90.90460358947124 53.987335705985316 87.17113165014496 -39.56796417826083 -8.473803471163066 -89.7719507377977 -50.3742905512049 97.25115344979037 
98.4383425609278 -8.159318888035543 7.204844836101245 -88.96448847177443 85.85248979694137 82.41379509091263 72.9180864372247 44.77291470940733 -47.452422388980175 59.799438308617624 60.996289425582916 15.241654713344218 53.12863163280548 94.61664808742137 -57.091242929191274 
-77.78338113204546 98.50387289191445 97.97399337493519 -67.83761939418586 -50.18418031081484 28.883635511604155 62.01696021678029 -11.942711021449767 82.7084786233477 40.50453977718297 16.221646930509777 -81.01063847779697 -59.361757759486665 -98.17071250978367 74.71217016765357 
94.68012787181408 -31.211769096659722 -86.26745971735497 66.87229380134073 -28.260869741461093 -72.36086033758579 40.38499411496235 3.8376828514570747 1.6965520037403081 -83.94135696438403 -55.12179162072635 76.6979512910811 22.549112114408615 -50.98739763988274 -10.312121118760075 
-18.172643322234933 33.66229261624841 95.8787377590524 61.43013139276499 15.947230762642889 -20.29125222933837 -51.36580753792603 -64.14009969961594 64.78391364345703 -42.43900077878082 59.1211230892273 7.014482227794375 68.33822496257903 25.26979837132943 -65.97196665588197 
-25.18594340910967 -18.111292394130118 5.678040394294982 97.76600962223557 42.372958771248875 85.51648323979293 63.694317403727325 -83.33014481175177 -68.3952056154935 85.27913765052978 -90.49398593967732 76.24055117302746 -32.80539071725248 81.23671304393596 -39.50971471517519 
-45.04900546985344 -68.3470909933789 87.0644473688989 -16.55650370852007 -84.00882814003754 93.52504454179262 -93.8773709100291 90.08399502590069 -16.26995834474741 -42.88833453431975 32.960535475185594 -55.91976332903528 1.6872085898314282 -72.65758367087378 33.47059213222499 
77.95365573004028 15.191603611347233 40.2594115055812 -54.356424510530175 -91.3768921435422 0.5213094353479875 71.24769764498154 42.39121902739353 21.79069995901706 -18.712875974640824 22.13695693219941 -69.00267539828049 -15.915825520848841 9.24885485788674 -92.36928488749705 
-46.477191735871834 71.18202180139116 50.66755178310737 92.18297625677258 -5.157592229840688 -66.62516821990192 -68.29661314991999 -7.318545519930538 -80.1384656723986 90.08716872924333 83.74875742874426 93.64548909761413 -20.34238929622036 -29.50443342397797 63.92763436898554 
-94.8478143046028 -17.84637251225294 27.03834971224171 -71.46948932045136 89.68136307146554 -39.62540839818172 -39.43441577273013 41.25270737942165 -8.823392920121734 55.206472871234865 8.04327265271543 15.716684027810118 -12.581748539315512 -75.00015004408019 -65.80456852520086 
22.21791340723999 -5.531602099853387 -32.33312121127574 -74.44565469306654 -65.53583741541837 97.9023793024171 -81.15290395452008 -65.31605121620431 -67.01054039446657 56.589263905020715 17.817899390750426 5.372621221282813 27.70020525728833 63.819898981242574 -59.032485354993995 
-78.02531256565442 -43.36760581867334 -50.55482794029451 70.03941698085023 -76.24467610583297 -57.656568961685274 -25.182609987234855 84.18114638673794 64.31448953225731 1.3019770761624585 -14.619891930436665 12.946185011258905 71.5831355965907 96.00939077386684 86.56392261513426 
-65.80068886786385 -77.27216436269097 -11.44354692798943 10.365531616841352 13.111862817742079 35.22149454736763 9.961920713472864 76.63775497644176 -67.6654978464405 80.31719590772747 15.769677778848617 24.74487556741309 -90.76525677179461 -56.21269961351136 -37.85457984745919 
-35.22535756292329 59.02871029350493 -12.84523296153732 50.52610449029589 -74.51462292296303 60.692188864463446 89.36624885093462 64.67714578883874 54.96111020392124 -86.56582912994071 -99.19926924898796 77.7050108454412 -33.336964405358145 -27.91437196199115 -12.111018505208989 
-59.34158453026572 83.7834150669402 -8.694493802514131 43.576081931361216 54.182180498794025 -69.00732808719229 56.37763840537329 80.05448023783015 12.8662643231157 -1.244282011634084 -46.81752566321875 56.10120977862718 9.88574589431525 63.371482695878086 36.245397720413024 
-71.10496360454604 38.11275422636541 59.80922413230715 3.452835828207725 21.786663437637046 -29.959778609575466 -15.91335393289144 14.780045964288917 -2.9847764554499463 -4.667319295231081 35.39565823045669 -27.37880031357767 31.205809807046933 1.555431053192052 72.84843156316498 
17.764022996917788 4.310422627524616 -90.07457849863661 -6.179533443633417 -12.111602522948544 92.01953979825015 72.63473372195767 81.38318061665254 -83.56983888098168 -23.21147990540379 -5.400272907453598 14.61685656587916 -88.58754249644522 85.50361023642577 19.064242570185044 
-31.084995878094304 -67.37770286709903 -59.92584260123082 59.28423910522844 65.701705702635 -5.661204250803024 -9.486623865435106 88.9214773142597 -1.6424936963441752 47.2898402482175 92.89140838748378 1.4039908375098094 76.3190875735298 -79.58733143152949 -28.93530965263251 
-6.885764165432491 -91.21600567488308 -35.61992409425312 76.56910464231993 -40.131136205895615 12.464351585852754 58.1099821695623 25.397284392026023 -17.717595560380346 31.75653813228911 -26.90996294187218 93.38407348834852 64.26419869452101 72.21088031173818 -77.08267434981599 
-62.546462505871034 -69.67947125127495 86.49383570626429 -97.73070815505072 -39.798385043575315 58.53802283208606 -3.7479700042993898 84.86850620313453 -56.917277468243576 61.305512552756284 16.395064060086042 -50.984641757465646 70.84759562012891 -45.40695389172693 -91.64964333168831 
8.20082789700804 -9.13593417173142 -0.5669422215714377 4.904334160836996 -27.177280256117854 64.73327860118502 -91.06827615649956 43.28213209487424 95.57331378191785 60.64387673984922 -90.22330389578988 87.7730872011513 -98.9500756145453 -19.405502445086015 19.693510069306328 
73.83030735350857 94.59465749949516 89.51589775588931 4.670095962862675 9.093298208289767 79.89563353254223 79.5518316510254 -23.790693738053093 33.807583895750724 -88.42552326084814 -0.8857446027185318 -12.793109890126303 22.553665309830052 89.71112889157124 10.608710758578809 
10.089324354544502 89.13589997988694 -96.10545825594814 17.727913251967834 16.5685462864857 -86.85175918981867 35.619343922278944 94.879018893385 21.078711808204204 72.35528021336756 -10.284681321156071 48.674925006240045 61.52788314961697 -72.40275656041383 25.385068990224923 
62.83790181991799 47.48798267003693 -6.499387297424434 -71.75056232766006 -7.336855829763337 -87.90282773787972 -81.35445457200963 99.3690806952074 65.50973002342161 -57.96199084023386 -24.721020793449114 3.3456227745911207 20.70590224954192 -56.116782573620426 26.301823640775936 
-74.38894119993502 -4.976420133698838 -22.230307216425956 61.08335029280349 -63.32684973654432 9.469169316525878 1.929786426037026 -65.58700517580371 -93.37817564467095 -72.24264856800477 -9.022990222522594 69.82883556122792 30.705552972349864 -50.06393523463577 -64.33580564606652 
89.40670390112103 42.75012845551038 -56.413335548267064 2.0785345433141913 -13.870158554570253 20.6425944121287 20.608183479497484 16.64628338447531 33.53070171876914 -37.70143973319464 -33.05731674149163 -75.28247884482822 -18.594174967863225 -59.09910167594392 -61.79692170796189 
-68.78579591808472 -55.6852746428377 -76.59056298999471 99.87935956630062 -0.11206877606717569 85.07433721071007 49.51064376127616 35.23026438356243 -15.370605639743616 -25.644724309936535 22.693194729086528 21.660147050276805 -75.90235559280072 -34.883589193350645 -15.441401492689465 
28.42315343757076 65.43538422564288 -70.71326762269858 -43.36346057239766 58.65266920332044 39.52369032506559 35.15128167308305 -94.26597544061383 4.639316453171077 39.128352116502896 -70.30457735515418 -91.93533704790784 -28.716855811548143 82.03958993628794 39.37272525287139 
-92.9827846841945 76.19462974007845 -59.872560452162205 28.8862566738772 -55.72011892931419 -30.84337932601113 -7.465081792785085 -55.70525419421364 29.25336512950571 8.452850499852119 -61.22798932461426 -58.8549193060349 -84.06083205163553 54.915065101755715 -46.78100235952092 
13.483102818483644 1.0282456793825077 5.023213503907712 -15.882274681760293 -96.75205649437456 -59.84585411422258 -87.63931711596436 0.5339169831352706 -30.119755701470027 -99.98937469418281 92.55440606382015 -26.17136109253279 -3.2550850124916053 6.58949259548325 38.521424209931865 
-98.51394982704593 73.12118446495671 80.02652743521881 52.96482684290902 70.44974262364158 -11.467842037271339 -62.9471674134217 52.611718557616854 -33.022527859781974 -51.26626964063432 1.8522679010125103 61.89694287265789 -74.71746922753377 -0.6319980438689328 -8.560821876079444 
-27.06862490942403 -81.01037584444803 -4.440885326842022 9.828288309457406 -4.754730923433414 73.511742946542 97.50345060881804 92.68102042427145 23.938890647493665 77.93919214228418 36.022005986250804 -50.021485804992906 -72.73860539578669 -60.35721598750607 -25.850220890079555 
81.36541294833643 73.67677030449249 4.621670199494602 -52.949279810321556 -26.818760767622734 -77.14663719620421 -80.61709521335007 -17.837726778668724 -34.98044838706582 13.81147613679093 -41.737787756908354 -94.26742788841133 -7.567630403315491 41.564770074761014 -41.10941598736506 
-92.81427783806542 96.20626591147109 -1.3638642873574014 -99.81746511010721 80.71276383819153 -31.020917660300512 -41.905596434488324 70.08813135259487 18.900522071416574 63.555939932777704 -47.410838453807244 41.629157005806434 -41.48591930219023 84.30599117622725 93.68068700688426 
55.027012472232116 47.61291583321159 97.16185835159979 8.137098116944358 50.574845268369984 -8.139537828035031 23.506914091180462 75.36741028934918 38.95744783648783 46.5750531402152 -38.88744311771517 -92.22859484684204 68.17336369120821 -58.45237189650512 72.35850508774388 
-71.8669982858576 -31.261173450800058 53.01924883369449 -50.38230831037511 -73.20639143320918 6.486201535143209 -36.76432881630165 -53.13560786734439 -80.27159792897027 43.46604221159035 -1.685008924981247 -45.833798485643285 -19.62716262782351 83.87178392898045 96.23498736170964 
-57.75469658957078 88.44093289941947 -62.52234724017216 -44.95878037895638 -22.187316695723396 28.210149167273983 86.7778455748421 -86.36738783994473 33.189304580125 37.04501466153306 99.85641390441228 7.558868171749225 31.565898608803224 -38.61878526587959 -64.04709283216133 
-6.559590420469121 -7.611220356682026 14.005866017166625 45.62246576816469 92.59702587915365 -50.38348652354032 23.57045832852222 28.607767369190185 12.839178426218979 -19.64793524105157 -74.08324587719004 74.09278619129424 42.42301031954929 66.88375809144262 -71.85265970500727 
86.10562629166742 -42.55547131131392 -14.907379663015035 -28.36329599165373 36.01344850904982 -59.838620397710706 -89.13156669252973 99.81314944671604 -86.08269798834326 -32.67035966610294 77.62598620369903 -2.4956371983349896 38.38416127928471 8.445240259482873 93.76884831949803 
-13.840694228933614 7.8133685114006255 -58.571770062930774 68.79743424479528 74.80833301867952 67.96202925939957 -41.923461589239785 73.57231018808304 81.39784519929921 -98.25740460295273 -74.55694994550586 25.38177091545836 -93.54526290881175 -59.72799043365615 -27.60619428815548 
16.295319637185074 -2.022558652967433 88.7862905286737 91.9710843387121 96.97211032366059 13.226245552929157 -58.79527158456772 26.87530333360874 -41.852133037931296 -19.64431860280844 -53.08705166666825 -40.14634180098309 28.231111595150054 84.26788202395673 4.019636220396379 
75.20585831429315 -59.36644904642194 -39.94276894006843 -47.58657517710905 -50.12155207521718 -70.31973674131893 -82.95163164509938 -50.956596153036585 -64.13240039228778 42.980758546624514 75.56091148765546 27.002108750052372 96.06381028625808 76.11830430782948 6.540970121519933 
-52.03394909954196 -55.00764003694718 -47.10656937662612 65.34591522131291 -83.6603454252303 73.72400848781388 59.68354945980772 -14.267796936679304 -47.29266814961155 -18.081811823271863 -88.17155386751692 88.1714001082326 44.94392479327905 -51.04078172101503 72.43964668039834 
-63.21310648808236 -32.29169670550496 -71.28312374979704 -61.285328230865744 93.7785190919549 64.7449562097033 -32.39814047148819 1.1841508656769122 31.945124652538823 16.866431740796628 20.204712552091664 -36.64897582409128 -7.434981704879277 33.21981550140984 -96.48359881960783 
41.68613635292846 -13.807965384486437 -16.891736815820252 -47.87097903024951 -55.017959881484124 -21.093175266786602 0.5093403377517802 89.48495667559689 -38.733887441394344 -39.08790652411478 60.11754181476499 86.79161502439169 -39.73130152321769 -31.694465101724106 3.680887395259731 
16.760378250570398 -18.82562596278339 -42.57921353812533 70.80499543750523 -17.857484925900067 -31.69693174080828 -40.95835814490603 -96.14538037105902 -70.27001542586868 70.77489594038616 11.713321281260946 39.932828752674595 -52.716357549965 73.74807061675389 -30.688920004285464 
-7.174675367133261 -94.80871346735114 -4.820700345015027 68.23514218997195 21.93845185697502 10.510510645667054 -95.76375379297724 -14.126061768442668 17.733570809383565 54.08393140899105 10.54829779554538 39.94052160720955 44.4613064187096 42.96572512722841 -13.589251868559927 
21.389320851086183 78.84386218628765 -91.14772485047908 96.91027716752268 60.591956924162446 -41.94089282150013 -76.76955313599478 73.84260911954044 -69.47405756830412 32.37478364450598 -87.18461919805486 -40.19030189352997 7.4059832581344125 29.02838613748102 21.50148657042179 
35.33647070966816 -96.15181327812596 79.537091064755 86.5110849283218 76.70729463560085 -42.4540644877706 68.74793714803303 -97.93958077646853 -49.337177525692134 -63.96499315133046 31.679065744130583 9.737489160381003 -13.751009783378535 77.08192934320522 6.683466217293017 
-7.410721692986016 -46.63402132939527 -97.97608883227295 51.76736849381612 -51.8203684020937 28.224155212660207 -46.02397807080727 43.8840048095534 72.2593678756603 75.2610564162222 14.021067236001073 -7.916528462502143 33.903611400298956 -96.0357636362429 -82.6611424744174 
35.78147625609407 -31.432335675857345 -72.88002027746188 78.8118502492226 95.47116223025725 -0.9026654834494536 -76.78573418296565 54.381903141850756 -43.408754814429585 -77.79133519514119 -41.33559098677062 -95.03329819016557 -48.365021357897064 -51.629624555560326 54.52716497288037 
52.892058718013345 -41.826526383323205 -93.78229705080268 -91.27165755632109 93.46473863103111 -52.56988999426939 -30.13891067308434 -14.96572424927136 -62.47291121792471 -61.12097194932953 21.177583434403218 2.5706913615599234 56.47351111430524 66.8245375595647 68.54245776467559 
63.07397815745503 49.181626434263165 -34.309385883014244 -74.40181249707342 98.90763831378618 -27.05895441794854 -83.1698655072831 9.944039363139368 94.66851009642133 20.523790093571506 42.92870153225837 58.91059669952992 -52.489033870354994 59.866743187800495 -95.20081505351116 
78.42009490538732 2.2881969216686144 57.11423701341914 -52.46594889281542 35.00831188618179 -5.099850268720047 11.755816767266737 -39.31103913659582 -82.20287895808113 74.33646195686887 76.48944703276155 24.496465691395656 15.582848789865949 -11.813623528813494 70.50703069418984 
-50.21341138299622 -89.948922074599 -99.89050970887878 -0.16584633439526897 59.75820169537201 -65.30774821910435 52.83268529335149 76.51738843724218 93.83754024570106 -66.38734067740839 -81.66384516707133 -88.05285532526904 -75.88230166021734 -50.39046069394144 74.21830134234048 
-68.37983738243807 38.372232997505876 38.8625920562057 -78.01440128297048 -4.77031999507777 39.697362283348696 20.980982866538042 30.646376048204388 43.378899823820745 -31.494050571222914 -54.12722108861357 -45.176089905239 -54.584573434139095 24.432581066931135 60.635876599323524 
42.758107595518936 15.740939619526557 15.695779782696789 85.42669191049237 88.18400417927151 -0.3752363550964901 10.249132939111561 34.16264604095818 -69.2889193700858 -2.560632943115678 66.30226260750919 -5.0015342545495685 61.44129256251426 6.252133845012153 52.4034286106741 
-66.05962780145367 99.94018175035521 40.15963021168213 3.974805426509562 81.47587870147035 -69.76070761115483 62.45311887111319 24.01308164983986 -7.646114324771318 82.58453861912673 -58.69476901970272 -23.760395221900836 -34.937319663541516 66.14114135970416 70.3509914742051 
-65.56226162637775 96.4529579587317 -66.16887559072089 88.76597681230186 -31.198574716335543 -34.72985857933118 79.12031732328418 -53.61285338799242 -49.88680037994826 -84.08853646137699 -69.23315464833324 -42.85061929402401 6.444967611947618 -79.33225180302419 -97.53300322806797 
44.11041515460343 -73.97260003663453 51.27512463768241 -29.880199721056044 -19.07968440164383 -98.31343762804079 -66.9272783495604 3.459363146287515 38.167144187335396 -14.674910680505576 29.156821525612486 -47.98310478972352 86.70409260275568 -85.79327224775062 84.48538878429929 
69.28471780149806 13.316883634311338 -61.29071287143564 -2.5811907037987254 50.58161791650727 56.6672406778558 29.09811533611264 64.49231892342215 -82.16887733733745 -10.86951634626341 98.57057172586212 29.705478934957995 -57.78909281702851 -41.475729841799435 64.16589670791998 
65.95762552183223 28.690952638371016 -82.06048734215264 91.64416059573867 29.752986945440654 7.24827650443784 14.195539783367892 -77.6672748165671 88.90459198174688 40.34813393771066 -90.3698517326017 -4.585067757169156 -30.43214969346006 -32.72888953328636 -3.762616949901215 
3.3309922375067202 54.664581981496895 38.940057671273536 78.9335654069111 -28.117649350700518 -60.59370522384122 35.92772556460409 25.806820705991697 80.86312433096444 -55.11646526027047 64.17585692134159 81.18317428647865 84.27658267208557 -69.99999717042762 78.7779062081081 
-16.952714477242267 43.59762918249797 -57.5826274751472 7.369860110374347 4.455067542896501 59.07881475067407 -83.52316435820693 79.95071826727511 46.51283162147047 48.75267259822223 -57.3616286206811 -40.84725921725321 -48.58259804964842 -32.695924072354615 18.902199935306797 
62.03107611326598 36.54508797961671 -84.37151437821606 -0.8495802586048882 -0.6206999978816725 -68.94067986358941 -21.46750148647496 46.68875014876039 -69.45139494833265 -27.25485438083446 -33.31290502252931 21.14460812706882 -87.09887139856009 74.347942666244 -95.6526598840092 
89.77335967385605 -58.50428886246686 -16.931998849073565 -54.65305066793682 39.019093387067585 76.77120221046579 -62.22995926389672 95.31288436128156 72.3113862289953 -59.65439960662597 83.3566662977546 10.97056827069099 38.52565519687283 -43.34707290291695 -50.580102226950885 
-6.8257403933468055 15.632791721131056 -39.69222677165269 -46.60032384612449 27.341374836879623 19.229500249482996 83.01417033526377 -52.21953065433309 -38.480476753739445 43.96046679617038 20.2409507297439 14.18695510467154 92.77112184242654 -28.540364651223825 -22.174869249700762 
57.00815559054004 -72.81556918110898 22.768844453551168 -33.861379542370855 73.24957870681155 -53.68700626674201 89.83233269795349 31.479447465189992 -13.946009891824772 -72.55912322517794 94.56189472451464 -1.2029131272022653 20.094125508740106 -61.67550702614657 18.323428718259365 
-95.10615474528758 -55.93622964357239 64.27333614432166 79.01263271908687 9.76358978160792 -58.95879496558143 -3.194763126937346 -24.135771299459165 30.17674803437606 -26.357556652068496 98.5698604600891 -77.31828239445709 -59.13725438094548 45.033323991305735 97.42807634087089 
98.8882390908052 -92.0913691960733 6.945143721902511 78.60199339741129 72.51404479867165 78.48454818163094 28.39354663774523 56.83344479076044 -82.08970150170487 3.653712953237516 -26.159270137454428 73.92145517922117 3.727438386166668 11.527861787166842 93.86341574433982 
-70.76342605493629 27.39386885007613 -9.818372124740975 -54.147952794680606 73.50360905368018 -11.962108128224955 92.0465164964202 13.929652701171634 -28.35951014756995 40.314768477517646 48.802832420438904 23.72913766328925 73.98908996441565 81.12391330438047 40.79515376314083 
-46.029288438176906 35.15130249090802 29.932308856023127 54.48348084098075 99.52361082856459 29.76172481012486 -10.597645207255326 -1.48096566746338 92.49758317355065 -48.010879500698486 -82.23896190967908 59.34182655698845 -18.42272304455554 -60.05982942639674 2.738453154949852 
45.028200948695314 34.670282557989225 82.33023911359604 27.727607366441603 6.174025211480696 67.4027332923996 -94.90110935146797 26.004204951487324 -17.713829598368918 62.7331862747661 -27.75889550357722 -61.287568509794575 77.47101140107907 -85.98119853170807 41.46245758948163 
-0.5786325700076134 67.93387766322556 -91.06644323867991 -60.09070104489742 -59.07091507729749 8.193584245470191 15.607387298240582 48.896264767646244 -68.63284733653802 64.7026082464296 -65.95674211208353 -44.32306073406582 76.09863654357912 18.51621881844376 -16.525223114426765 
0.7375157229896843 -97.55759202609036 11.10504465862509 70.83599909852265 47.35596510971348 -94.29694804330151 -92.13379883175361 36.883060985101736 -96.24866068789768 90.91788489504108 18.69677703746406 -53.46541548100312 -81.51604438798341 -86.5426636459927 98.01533570995952 
-24.005566678461875 -45.52305108272519 -40.676545018230655 -13.493829470141833 57.17143257568057 -44.70641630433081 46.65002813773421 42.40165310099141 -74.94283665914557 92.14156513278331 -14.980985911786632 -24.256544700942428 -45.80930847256766 18.42212654986743 31.43993830192565 
-36.12535557519103 93.02922794139943 -72.68465299419613 46.301770380615324 -10.475719997855819 36.19376021563119 -23.30999262018743 -82.4227317931679 -39.05695154531872 -52.55152364544875 -74.4640186379753 -55.560096517007615 68.85380571215231 87.96351125782735 -21.397694703684223 
-49.28104679393333 46.32122894061439 -15.516838128588546 -61.49011002046802 54.2869168904962 -81.65622118100688 -65.92279356716674 -94.97155646791899 -3.1018814298585653 58.700185246494954 -35.978198431449144 -16.9338517334364 -60.67202553326445 71.61084274786751 78.66305362040862 
-14.172375570489137 1.467123837839381 13.597030826754633 58.44314900739164 56.42706229472992 83.18715301994771 -81.29586627949573 -30.432637725395082 -63.96843038854691 42.977707043633586 18.32595237434778 -22.325023883650317 -75.89590385907623 49.36016294207985 51.13811098230471 
65.57951902718077 -91.42542557681958 -30.677739311614147 83.86404407654794 96.4665586610891 97.84213148924036 -93.70102251146399 24.035599582527254 62.6881058590358 43.97397630466452 42.03676620043228 -96.36588672598319 25.300040971123366 20.313823641800013 -73.61250519129507 
84.65087570701792 44.6371221334322 -6.812404167472309 92.72139754590549 16.289677409012725 -91.70923082137863 -80.7376028733793 35.17436952994751 11.32046417088965 -30.917991997598023 -2.3480048228569927 -53.82133057119647 -29.244460259659434 10.568076417097274 -45.3336849722201 
32.91163049003754 -72.24353086676174 -65.04637551631356 -35.19529780804895 45.53924548108165 4.7750223539022585 30.515909253489383 -80.11333554275808 -65.7965501256165 12.50843275669149 98.57276814192676 -48.53267709101357 71.5482044015117 -98.2044784002457 -23.222629070791868 
37.55451263631758 39.89936279253928 -67.62731357387632 68.63472761710571 -37.652805131685426 -17.87041697562728 25.043102788602468 89.84114569226259 -8.955706016286655 -34.34559811793487 75.75522145144723 -74.22187655515187 73.90832812825195 23.58104632411242 96.6611941889187 
-4.944328134671366 -91.51289018040161 -6.851379243738791 -62.45228797139819 -83.91133735159539 -18.223104414827063 -27.808525853183227 -97.63874752990706 -96.65949115041317 -88.2248576206957 -26.11930443782775 -58.63333759827767 -86.66693352083908 -60.47379171180622 -12.457430357870862 
-63.32592055203141 53.5620341431154 56.283760763209614 31.083231581967254 96.65252525308031 27.763400343361894 -53.014567621036335 -60.56749503137391 -12.51280222474442 -54.4122368652439 -5.060077730150226 -72.68189101901443 50.728981179038215 50.14016965271381 -50.622101807945974 
-3.0096736221372424 63.9009048669553 -20.38878172711223 -15.67538428295758 -53.43930294421917 31.679064258776748 9.683816780962019 -50.27828289519747 0.3417288988430016 -23.891177553726607 -13.264140234359559 19.081732957884128 29.84247131887389 68.02007735479768 -10.722671765329324 
-69.58760302565621 43.77254606251046 28.378501230510665 -69.90341208436527 -32.113921529290224 -49.846712417380324 -79.76729980359852 -37.029402937203585 93.27232859133875 -22.31223968492479 9.559309673788732 61.49950105634966 63.67578496384263 -67.88348843450314 -89.7389893565324 
43.730152675805186 46.806759404346025 84.90197197996198 24.52732660689476 -86.60873597799437 10.32557392889646 22.64749859221007 -57.87045564143618 -13.665411897527946 -50.335267692673426 15.292874037001496 75.79936684134958 -58.879702915476614 37.9361143131714 96.5614169170486 
98.01814582430654 10.382380185498818 86.84030769149703 78.29534760129343 21.09161956324921 -89.49925311768266 50.27472838656024 -57.66477470393458 -48.85881852160414 -92.85956981154173 -41.1056300972422 -29.718602272149994 12.64525730607069 -63.611325435198566 90.85022267644032 
-85.75463466370859 -11.069761912696734 -56.92931439998523 -63.98837147237535 10.532845785592173 66.38230738554694 44.337683845625435 -43.94239839439105 82.64308154703141 22.537050825350022 43.123610136983814 59.62457427902456 -68.89056025958979 -28.91672853429614 84.53116817899732 
-56.45021220277595 -33.96950930883931 38.95734331343402 -80.99540342012 -48.66197226674252 94.75375666645559 53.45828476592928 -34.81720826122077 5.465401554030876 -55.865855694826585 72.97553352064497 72.47817831390566 -84.48216650188014 96.83067943452838 -24.34079470830926 
2.052174636621217 -96.86464055435326 -50.663667507791345 67.65677503488931 88.48381495418317 -83.06445359156909 21.222381252520336 -6.692063590396202 10.29766966731762 33.72653794768689 -95.70024779762298 72.30457556056083 52.112536375277045 17.591834709018286 61.91680317909348 
51.24083234668757 -43.44997310928911 -72.71497502053748 -84.8016052538124 82.82257135561775 -55.78436279298848 -65.18459189617549 -83.04676533016735 -45.385466398811445 -23.906320855822244 10.486990736293706 95.91185668449776 77.45206243193397 39.25652420342078 -75.38336370443999 
-84.2504184238123 -44.10453683751141 -19.47236508853723 17.62154629904893 53.42914309722491 -4.49108941211918 -16.922919879695854 -45.5939654982801 27.928363749538377 55.28746183898113 96.93452060193636 96.13264270586552 23.32703172089674 36.69484071988535 63.796718668561596 
-49.93684849018143 -87.91144802285689 -32.841789655316106 58.02149290667535 61.19004067816937 19.936380015329448 14.869325028169328 72.71048606002921 2.4162417497030333 52.9177032705519 -37.76603847505653 -30.383649622862777 52.80826778337274 -2.590423101710087 -12.260696063756058 
40.48327029776661 27.05349883635226 89.40062382278376 -46.83122216920468 -45.206696201594234 -53.333157983296765 15.841501657207985 -55.50685170690679 29.522121771031493 -35.39278378317516 17.70891753061163 -11.213745156725324 11.685189005428185 -10.491335548311369 -74.6086201030511 
56.53208105081711 -2.6827946046466167 -59.76452332278228 -86.10702415783082 71.74848004553812 15.00517004923168 -50.62264959070679 52.906892629893065 -32.0785193417577 -80.34509485791938 55.687456532832016 45.39953873809631 -48.63262994915025 -54.18316335090374 -38.777833317991096 
59.32381248597653 71.80429636659701 -85.38986471758162 -60.99801445948447 -46.91738910612453 -78.64101017715655 68.50978124623674 79.3930955800621 85.09663169836367 13.145798434112095 10.350165985086761 51.546280569810364 99.56577320440408 20.578960846577928 -39.10296472888937 
58.191160671818835 19.086128382338146 -52.545228601653406 67.29841751257976 -18.014126758648402 -99.40584222744488 8.826233777002358 -23.274756805630233 6.703584691641012 97.4092040444051 -48.771213261749644 -87.08209489738148 -60.17340533089066 4.595452027152518 -96.82232053331194 
-50.085070338161316 -40.193791889606565 32.140904442659235 90.78546038623873 -45.39499846982196 14.275352084525622 50.619878191003494 20.850856776155297 69.71262016451766 90.28070733170321 58.92517607160474 -18.958077743930062 3.489379881014628 49.8445473364591 -63.536196023947426 
89.4277726227138 -32.19405211040731 92.85360532286316 -98.28609235783377 -54.41288653110061 11.17914363199148 45.76562095178872 -89.1366539754016 83.96810091670861 50.89446851592717 48.52705983920464 88.23040317193835 -43.09097236690438 -8.916840142569654 94.29414590073702 
21.814586956947807 -40.68050380371453 -79.05473792630728 -54.49880724621605 91.36569296852204 -75.6439098218028 -17.33283851086422 16.552063740130023 -88.43728998467915 -40.88325812812998 59.00315706183679 24.96584641787811 54.73412326964103 -62.09882236979296 31.869243843612082 
56.91054983906528 -93.53896596349556 85.90238357633632 -76.0232114068415 82.78540070307997 48.41599390429084 12.830068996709088 97.71817197273157 -92.61419086047236 -18.991822592452777 97.30677539204785 25.383413014757238 -37.821126557236525 17.2886616397047 -60.22283193158864 
-65.37660483342036 -55.05670116715742 71.71259631322923 -62.341876151317166 21.362294162158022 98.3684900745937 -10.818040495737336 35.49124332314116 4.5596570260047855 -52.10120939699965 -41.818201814210276 -71.35164255705375 73.93483956750316 71.81964464125682 -49.33607525151742 
-34.76608569637894 -14.700573017233467 -37.37192856921128 -55.16463839541572 -58.40919248816427 -84.77972306103729 52.430631713468614 -63.09306028779007 97.83830863124493 9.117346487229966 -24.983023989897475 8.57955471772523 4.059839776605074 66.89667320939378 -45.74849159415366 
-8.613206288222926 41.580723318208584 -98.98404055480654 -28.280046482108958 99.93441632546285 9.460028607911823 5.953305283058256 47.88062905056486 -78.54735747560346 -6.232835868469365 -42.72746799793741 -65.30672138450967 83.7719524634048 -93.17032073754076 -62.30134777804002 
-41.1096806636801 99.40239228671498 64.57508448091477 94.61158709277169 -55.62998340292194 -82.5304022831707 -36.32041718578645 -6.503844453579106 64.49006800441305 -75.64775727675675 -67.40628008420344 61.97060735110455 -88.04082329652145 -41.02585184651222 82.09667765503823 
-75.0844309973248 3.8936340781154115 -13.09517777034577 12.159575880235309 12.991569008659269 -88.81469224305323 38.63149387494013 73.2699405387894 -41.28094658491681 -81.83744382034612 5.861729081894012 7.208347347660421 20.79461350241732 71.31187308178681 -6.941146036526675 
22.342558797422086 -66.67475266135241 81.4660981481124 64.94685648878189 28.76079226296227 2.816515301200596 -64.86065285055142 80.51334071593027 42.13339257988679 80.17057817003698 58.49664743739294 -91.22776829946906 -3.0681552404915067 91.63067777177142 -14.716400364535517 
2.9059192800347233 -36.74753062009752 59.2373791439245 -52.709317177377855 -17.58927198294377 -35.95802591872585 68.50829176266183 27.896237841542714 -68.8242749648964 -72.27377346134347 -92.8367806280362 25.206450533048425 30.56249079047845 -43.323837006005995 12.465662991411094 
-88.81459131267151 24.64907190569683 -92.66454814361266 61.368461137649916 78.94775663940561 30.04241138685248 -27.805243638639524 -17.5718262396024 76.65559153704257 -45.85268265917948 -94.50268560547394 95.30582478133965 -56.087745165984025 14.222346124611178 93.98626881652174 
54.57170361634036 -52.17181881675603 -8.838308478745432 67.59904875217924 38.807716170347874 -94.10272688032988 18.262508266740312 64.09730900224707 -17.96055444087233 0.14119414689413645 9.050325957805967 39.0084219843705 77.17244005284576 39.698854846010505 56.377762990594846 
-5.535808839712587 75.98932411837168 -76.08757977817326 -31.82208222387972 -60.875547159584585 86.52090192455915 97.54285023587241 56.78452444146214 45.50940386449133 35.50450377869598 32.412509400624515 -4.36563368224239 12.23877907092647 -85.2520278971479 -32.76035048071084 
-43.72222818446823 -64.42166275509948 85.99446586761644 48.464364449452916 85.59886339072085 26.82572742252492 46.235414899514296 5.20325963990193 -8.068189857948909 -21.3403366182187 95.72845712452633 27.462676812516108 10.684499373478616 -38.48183449264888 -10.062365009823765 
-40.09487251634685 75.3269039386391 90.28620190608632 -99.4311637219146 -11.39285652496585 -45.756223112831826 -66.34943001459061 -2.8227021905700553 44.83046246456789 36.20991633771001 -87.61190466648864 77.22084383493106 83.85586266221108 -17.07850861489449 99.33822110914721 
-69.19721749409666 -82.96848266628936 20.455208090611038 -35.57598153519781 -67.75449763575989 -85.92511159197454 73.81167034507558 73.52871910126129 25.129317440407007 21.422093811876636 91.40867304479335 -73.5348443385859 -48.29091361369757 73.00631944394954 -19.123639997492248 
-96.56905879212177 24.975738165983714 75.58977961926385 -8.234468458493339 -43.00822598325566 -62.52551061375857 65.10938682597919 -90.66958815653885 27.335139748837094 3.736249471954693 -93.1354827868459 -94.77759591788757 19.578614904929495 19.680438135642106 36.830495602513395 
15.094950572469216 -56.073137401635286 -80.74423398082135 0.3001213224521422 -93.94841127644607 -94.03097960602994 36.13047814098658 -20.940103241186307 -26.37759954251689 -73.5785251506605 -60.483289745576215 81.50553047522158 32.67949523037586 23.61086864823156 -11.447288320768138 
-61.10923926408363 -55.962770456939715 27.820430581595716 74.56669450528867 23.105225652160172 -54.160221676527854 -3.3007876409826338 -15.145722272686555 33.08690245841322 -35.44443229341465 -25.032162799487438 92.03771174220617 -77.16849202955171 71.3718648172968 76.39826365248433 
99.91750908149169 90.91900998591183 68.76399324629926 87.02894787742127 88.37514018092975 -48.69831320038016 -93.51833414564233 -23.23011372899049 -65.66934083942078 -34.82414848645739 -42.234572108967924 -91.30750915550033 50.58647627516345 31.113328288937737 -89.5366897573943 
94.04075856797633 13.907558674325642 26.1149656513943 -69.18251358044489 44.26232312673844 50.63963009108147 49.59263384411841 1.1807271442423968 64.69820120376144 82.42616377669734 69.42216139292964 -6.419451026987019 -25.601899186464266 -5.206541318991725 68.90866228499519 
74.11331278003422 27.75223291714812 43.503752079932354 -85.5731707201901 71.5782221838603 64.79512193111128 6.22888073053889 -66.33197540878943 -83.02074965815318 27.437859654056368 -40.79181533684557 -7.2888415221927545 -26.868725649094458 -68.90094221741296 53.28780878138869 
-72.69132169402619 18.48657256334394 55.45809731061823 -11.611637817337424 47.98028933516258 -91.40999211806184 16.114625562703694 19.00188942767778 -11.712770592654948 -79.78596085738891 -4.128268061140616 13.556489842826295 -3.8072650474369567 -78.71994221369843 -12.583823205053662 
34.51222207557967 31.597165136458614 -80.60392546977522 -46.93278775484029 -92.7268715156024 -61.52320179148922 -92.07078005401436 -39.58261351001868 24.048310942198142 -34.30958035458056 79.3537912914068 88.94744565128258 -61.637988344955666 97.38095217401158 90.40633527276404 
-94.93193885250042 29.903437309888346 -39.808191404110005 -78.42091816247677 61.249017789107626 93.7561148372902 42.001177891929444 82.40541970963827 -41.44488961933157 60.555626376839456 -77.58936670938108 50.90115978409494 68.12487606335361 -9.210375851906605 -98.55902409883464 
-86.7466316465592 31.160849950635964 53.2334283660214 -76.52538029336938 -45.691853807189254 -9.004993080440741 -62.32188059938839 25.000714201155816 -70.17361070877874 -84.38949056138898 -34.18917507977174 -59.79032503925718 -32.740457101925074 37.569273062816904 73.53546013732122 
55.122912302136456 41.15390629657037 45.98552974627711 -54.68243730146845 -11.071985891658656 73.80211446980275 -41.514253082862496 18.711166380650752 32.65497782540581 -98.72108094705571 -43.47342005367292 -0.6630793959210024 -28.968215630862915 -85.86806204076423 -64.5761136093033 
-71.92835393731174 -84.29684512834402 24.675687174987075 -44.144772198182935 44.97309118935394 9.67674140580803 61.156054221633525 -97.9971045200504 18.14491161574871 -85.42782249329063 48.30573010938559 -96.22441124728485 52.08289828014668 54.16267729573201 77.91145362895244 
-5.010827281712821 -24.0154270932383 -71.04983276701986 67.86866339068007 -32.00451124047538 -69.14991082278684 -16.9621363893214 60.66692082508834 -74.0734748093552 63.44886307379264 95.13978924196664 -30.010528933140648 -84.7742127853742 91.6326241238992 72.79374941214485 
-62.029077992116235 3.5362132999046736 61.29248496850772 37.10885477586447 -5.10138894150181 -0.79272994594848 -78.66692534406401 -57.723097533707346 74.80950132477341 -90.62324026610911 19.803509040023897 -35.46132580754748 -36.795633202929004 42.16156040893503 43.386713256750795 
45.297273277866566 20.312634230991918 -69.88961000717168 90.8529304056963 -8.027344886956286 -67.4581456745029 35.72303105890256 -82.12918098191919 -51.894338378967106 19.353793030958343 -19.26583908623097 59.17674055756896 -22.51918719167847 51.768201090974316 25.21933380714077 
72.15294926628582 71.48938075601353 -8.257560843683251 -15.675787896894718 -3.747406569601992 -30.675481557942106 37.1623958257708 5.757345708493929 -43.90446886807522 -53.83035980887219 82.40916689136753 -69.33309737224616 -7.453890169192562 9.185122598354823 40.02104561667579 
20.40393677935961 -43.74822931662603 51.595738462188024 40.04103349711113 -93.05241948442261 -52.00118468812893 62.63597633744814 1.07206786105003 53.46220982527299 23.5502542858043 23.74596454576819 -6.253114874765259 4.884897126558599 49.70549767242713 20.206303869040255 
-72.5793907240086 -34.49586062008257 43.05632921844372 68.81181364546657 63.16388627805759 11.094216286973136 90.7685699206198 36.7518671263135 -70.44523203122313 -68.29880094769003 29.066725027800373 -92.8824296806714 -46.408299729134164 80.16289762082363 -36.26877396089192 
-5.697555616122102 17.683874401490456 -40.93986882272424 77.93811918749651 83.49017720994249 -1.888690719913484 76.2038662658706 -78.82609064767789 24.06071924057038 -78.55831670246134 83.53367019418641 0.3393750885165332 74.29971251604795 -38.40231067827342 -24.924671614707705 
11.36877468044149 72.3390086861827 -47.53400658724451 49.35627335562336 -34.12158683719453 37.22569407016044 37.37995602410143 -69.17265045543684 -51.478219976677295 -95.77085685369491 20.256043083034726 45.25896107197261 46.77706080564295 72.84597564978631 -44.02375542804371 
-40.83236690254171 -67.3264713791192 -19.62584718183409 -44.21075067589499 -74.58112659234423 11.932607317352705 30.529845603343944 69.90004615681312 76.2760677524123 -59.60240873309574 -95.99415227987672 27.128665431571505 -47.07068273096397 -39.353189560560374 -23.801042550391998 
-96.81111303732773 99.7634345097139 -64.43982681220726 -65.44739266721072 47.15206353982805 -76.58518393971087 39.56830411343009 80.54555049416891 -73.89667422188921 -1.6209869308044063 96.50133517423114 -86.69163858104396 -77.857623250672 2.2331968190044904 -0.24164225688959107 
-94.211731182896 45.43090658952269 59.57644133866384 69.40655106154134 -23.35341681307031 95.49401740970077 -64.94810416102779 -7.202595006295169 18.451950131934126 68.49307658774103 -9.904215769623107 45.26757738920412 46.898610682682715 -80.62792115866966 46.8819430750664 
-62.598312697596924 -35.01676166709797 -22.68056581723104 -87.4875596339066 -23.254191784967148 -94.26746481883353 -91.954115301253 -14.22015723758787 1.1045391520730021 19.48948193884607 -70.41964037452848 -21.701252401057246 -3.2271695233537514 -83.68891643914478 -12.66621999183495 
98.62900700650636 -62.11514810677898 -59.3488724677089 -13.217122374130398 -50.11421438581334 -81.99770355806808 54.830089114404444 40.201650853894364 -22.823152024663656 -15.556138300622251 47.86862353390515 -14.55547061461337 -98.6753451267733 59.413904856906754 -37.660836236692276 
25.657622113590506 89.02142216303801 84.21899991825333 18.10816665633834 -67.47198135843419 20.429596547768497 -97.05971270234137 75.27514951112519 -58.821963667593714 -52.88824496089654 -46.54680828822146 -35.71583801821558 64.05861337584574 21.48453244007125 29.815697744724815 
-8.510719975767486 60.38264949268526 19.097799139582378 43.076009513750904 40.500392289771014 -57.92134258189954 -56.35910983287569 -26.105855591904927 44.07660404118144 -62.755650845478584 -22.013800499843157 92.13947330827315 22.39280060817552 15.322998672831886 52.78657565528923 
-69.56077210302543 90.97581890623673 83.9759172743995 57.51081451416863 23.001605466693945 85.95271439958324 45.330022292292426 26.705776236473582 62.76068634221477 11.752494189411891 -84.18494902714937 -23.642182314861884 -62.10824741405065 -41.37464211535009 49.51486032565754 
-44.87132382711514 5.422269712322674 18.495275393706237 96.88767653052915 64.93597381363179 23.625818545938245 -74.6659288045195 -40.985177916920264 55.10408517001966 73.00779516149007 96.78249402156425 43.65932084177459 -45.01197646520543 -32.997528124569115 -68.31322081561737 
-54.9283145500211 25.711037133292407 35.785822111851246 72.69230061730437 -13.934726550394089 70.29455932030092 -27.120534095563855 -34.809389951683784 -50.98746411735302 -98.81962955285523 81.39672339039964 19.602932705724015 -25.710331739929387 -48.10212182698059 27.06563081171693 
-44.44828648169865 72.89244659465757 -18.662257968123726 -57.27547909507338 65.65127480612455 -47.00590841899104 -54.7922774645045 15.171778265888932 -36.34993494337964 78.55168086593102 10.34209746053925 29.41036767918709 -30.724303786031925 13.898983093108967 2.241714903409587 
-42.61160191016342 -80.34942580333868 -32.44962092517652 -93.31502305109949 -0.5834698442815238 91.58992619419021 -19.067710588731487 95.03684936632337 -1.5765489662409493 -91.15225359549632 33.67418046045387 56.61375483133472 75.2360885070662 -29.657066304948202 -20.699355793219638 
-53.11545029689522 96.55291729384436 68.23705830678492 -96.08854338187172 60.78519122798863 -48.89067967077105 -62.32674046115294 10.479064809232156 4.929360214960909 -32.64972152594345 71.94708327251539 33.58224079354068 84.6016894942928 54.143297315067514 75.88177057838018 
-54.77605908792076 -3.9569168548116096 -9.06777602346132 -49.95503376602741 16.93613958526923 -55.59895177563612 -9.529334421084698 8.708545236187177 -76.57208711952812 67.35501174760316 -53.94373738963716 -46.93704170305561 -9.718654602022355 -8.951007423347505 24.351730353320917 
-67.3693568549484 90.65031715880966 -53.7454088046561 -74.10919691728857 -91.11828841327288 -23.32666893821242 -24.289848560835537 -2.865292055255736 -88.59469014073619 -71.4127199889063 35.5171543440639 -9.21392043073206 -25.33439792012966 57.52153680189551 -38.90258363504879 
59.18426173998051 -36.74713269040066 73.93551009275174 -61.393995180696436 68.23516362918537 -51.71003708981425 -44.58630087523097 94.16700403604096 -85.78339443926527 -10.800509351429312 74.09976174050871 -33.01658565328667 48.540228805938625 -2.370627745618009 -42.6389053196468 
-1.6619947487259452 39.8952100615239 -2.897439734654526 -97.81404063196672 -23.212758974645382 18.53289244459664 -75.97835488609148 -59.47391905696753 -42.688512307099955 -42.987791885850136 -73.73816006803528 -51.55359748241681 23.429694963271714 -40.049940314890044 64.9845392990926 
-48.0774509489198 -3.2885369111234724 68.82803916548116 -43.054057482054375 -24.6989008100291 16.850513814940783 -52.283622093053374 -74.0891699171956 -76.84151973317377 38.346786387777996 -0.6803263834412832 -19.521257051159395 -72.06031862993413 44.46795946217085 34.917470648542036 
-41.40209298346444 -17.41390704990522 -98.3800981108226 5.449514473321713 94.88654951565735 83.78826784377901 -28.17388597884812 -28.871352246915578 51.35139733452718 -10.331418522813209 68.87213850724544 -18.758887456735906 -64.58995622256774 -76.39785897882439 -0.35293486478576597 
81.33006252810694 -3.050868134643565 41.455992434256984 -20.11401377445526 25.190049332080918 23.809498575763328 95.59915357544693 34.49445044128325 50.80511244121578 -63.3844942163202 7.046580393029188 16.541958878901326 1.315074343895077 -31.610711024300485 -8.35511694240276 
27.655720437922866 -90.86379831090628 29.515062031739262 93.8492356525947 -18.47006565305938 27.018164832000792 -19.203488330696473 -0.630406429219164 -57.348129969428705 -39.5332836696811 -46.133210569694796 16.30385723416545 -11.666775078115393 61.22931834942463 -52.783471223351164 
22.686554468493014 -10.690560491550087 56.64406205648518 -24.408814594381226 -84.98804019241777 71.27663995664872 89.60344908482128 72.1514265715364 -91.3674036685834 -84.56427355172778 72.82944124683002 -16.14212694104131 -80.45711769535467 56.822198287903234 -3.589338429356985 
48.654206015304936 24.391471030507716 0.6834843234581882 45.64105597434383 -82.49104850041202 8.388604149403903 45.464372715028844 -67.02596822833624 -77.31311235662224 -78.51293988729321 46.2326739265049 -20.231904001913307 39.058743680470286 74.45513032280041 -1.1386926280910927 
-7.320963169267785 66.68675015523186 80.80177120083673 -54.829316572531205 26.810454531389965 -24.466497793779183 -38.42805540868268 45.842113933118526 13.858558481093326 47.62206562275966 93.8660704679452 71.36902255745491 68.26007775869371 -71.81162740612348 91.18132309001425 
28.18603299931911 22.912134628402583 -69.12645675600604 43.18750896057304 -25.21425805306336 -91.99081824166335 -97.5826977830426 -83.83042517199699 85.51397157487338 -76.58320919164343 54.52873176209087 -90.68624187457263 -73.27698823689921 26.863408639403843 93.80621968968978 
76.71335158847594 -79.66777154705835 -36.44544966018542 61.36043507452874 -62.50118818979311 -11.592943766495381 -9.11210991386045 -18.70594149855731 -50.73555035595536 2.654249748900469 -37.79883221577096 -25.17789269115167 -16.48732114580899 -54.23538200481608 -17.332492845120484 
30.808285347998748 99.06727840789446 21.783408556562023 2.517498807546346 -29.009430987111642 -78.41200525654797 47.93575685645783 68.23453952074996 30.937275135766896 -69.3887248916104 -59.613118096927224 42.22720543672273 17.190396405652535 79.69038912859904 -72.22451169886224 
-9.524826513415547 96.07365281896853 87.0924071278746 -38.61352669306386 88.88042027514115 44.724035892171344 -63.317062686647475 -35.42396395696423 23.391263527795232 -11.76676772719685 99.19049707888959 -24.39929555517608 -16.07680929763167 -63.09832326815401 53.70423445290612 
-72.03622929119804 33.72665618102957 -29.784230487420075 -77.87284359196158 -84.85654402869176 30.7548912751609 58.37700015231135 -82.06290810754497 32.03945011175418 -98.59675945643882 31.067138892566675 -6.645099960278841 58.473386524724816 51.46132201910336 -60.538607458139346 
-66.90570655528971 38.4662134303272 67.9513190641724 -76.03516244584618 36.055023998501525 94.27445492491063 -24.053976725269038 -36.82826685117615 -49.097403389873676 37.95637792298518 38.99252357484312 -37.58948749655866 16.940433117063634 44.20919820894565 -16.500664328882777 
11.379335007046905 -97.24656011679271 57.75336632559683 97.47675137312632 19.926180117721387 18.085570297136428 66.23667940588189 -99.55303711881733 -27.16590943269688 -5.672455719953604 70.4116239607591 58.270376955061806 61.202785121525494 -15.432884855215207 85.61070235842897 
-89.3495313701065 46.18308070099215 82.96826907775937 74.3566245562939 -69.33550804614245 -32.31455802965333 60.86630464994565 9.495817473757185 -54.79104490543596 -22.53722587846292 19.16593944824558 -81.2968467156622 -74.40852585077711 3.4050031857879617 -40.43048048767386 
-36.318523506015474 76.56064257342169 16.87123090440248 -27.81491443708643 27.88206707057965 4.950924226932003 -14.943436268375464 -95.19398579099129 -13.944012581785373 -52.57337446570156 -81.57996420856242 -73.37139939127155 -10.508203979409032 -37.06295870581155 31.328092572758237 
-43.63334948310542 53.83665683992214 -1.135034913816753 43.75110251057822 -19.647850146264773 -74.23635868834835 -3.1414607132190753 -56.95323136170918 -94.97933905063518 -46.935156765289854 93.89990123218999 -70.70287796707355 87.65784685959318 -5.409370893728365 11.64307134686213 
9.835981981505043 87.90685494494781 -59.240144333225906 -70.04981423606921 59.28585927841604 30.781534101070122 -72.90890572641217 -69.11000004556603 -54.87426510855005 -56.467700151189824 -1.4971426882681556 94.37091606002502 97.51367540851444 28.956295959997476 -2.3525365897235133 
-18.86102850476692 -90.86269444652598 -94.13611499900256 42.0333844605249 -63.98390816432216 65.61878419203865 54.271493076280365 55.49003367844358 24.41647537667768 -24.282897273810832 -91.04124970246912 48.04305163212763 60.83105874813316 -76.77448089582836 -5.873191916772043 
66.62895944703894 -3.9429143744544035 -63.15310805014738 59.44490320611516 -34.588543121707914 -77.89913944208615 40.00971936843328 0.8729345812160716 25.7660895086168 21.372914848511044 65.24051059016563 -48.54308772367815 -74.05249056707638 33.46848031465868 -53.44986730609755 
-0.4020854576955628 -61.260981641876675 -38.58324722089552 93.79183627911925 -7.114720949068072 24.49354365007521 -17.98808181109071 -28.7638645248731 68.91827660390985 4.52650735364908 38.24100190292032 68.36062316971382 -99.15590921782868 6.714797047888311 -72.66129531135464 
-6.359664230743306 80.54174777608662 -11.281912041069361 -98.95290448850686 74.35302077756108 -37.642009904632445 15.172570309909943 -53.133996966265244 -95.17379447805735 -57.242952954673676 4.512328745822657 -5.973416351877091 67.13937633349713 -20.006245673472463 30.58135263424367 
-27.87732173896258 -51.49659624433993 2.64764428596456 -38.95994334216941 85.34490549104044 -90.44648244268765 -17.43245633461845 98.94899003224006 67.03334753764304 -50.832185373306515 -94.59397002043089 -58.24963869571249 -38.156558609419314 52.4471170844439 82.61010461286372 
-66.51552395657774 42.03251319117908 58.2084243393889 58.0072069952424 88.54058887086279 -90.81485261200515 82.01343071876832 -14.027960048270899 -51.64289899645234 75.58062052075942 13.343822880752924 11.560053933661308 1.7774200786388406 79.51369958429527 12.20159199787794 
10.552804842234735 -59.30605851481143 -89.00754441386316 -90.90644406393264 -21.642796678309153 15.931084200873414 -87.52752367688208 3.3005784463159955 30.215473821640188 -80.08307502949154 -35.81240743169704 -64.17195698306116 -14.790610650749542 30.10364667370206 -38.07646251678034 
-19.306426463926016 -66.48483593311309 22.789785976075663 -89.95007071341006 -52.49274675038369 54.71216320471714 29.922295801218667 72.17186241925273 3.0663416305518894 -32.07001340838677 -66.85647545272204 75.41479606669083 -19.17224942333131 64.77215135739343 -7.206508221449255 
-89.11133508476563 -6.811336148280219 55.85470083017864 86.61038964766814 -32.55775852519773 21.091271029128905 -38.19857770942852 51.412662876303926 70.39808011133027 -35.70551281446245 47.79110997522659 -19.034278577868065 -84.02016038352036 83.45562212583806 -3.2850761412635165 
-21.553039417422994 -28.421791890085984 79.32071179673918 29.212677900051858 -3.2349255235377257 -97.64362106865158 -23.148900203960054 44.38636612283074 91.91952031087908 -18.345710003771003 65.90258471248976 15.48625663181842 93.3574188252199 -51.063541819825375 -83.75125787028941 
-27.143774641016023 -30.752885560873963 -31.41946852274438 -86.53685489586498 47.832971655995806 -12.397925408127591 15.125389817182239 -4.7484984943505 40.205731085264176 -49.46379325416981 14.416519370979259 67.76157352423249 10.72164175707573 -47.450866906061776 30.115791792368924 
37.75342747612089 36.95872961383321 -22.250018916473294 15.093016878975703 -55.64362546469626 82.06067388632249 -64.19364702707686 -46.65990993769689 -86.88545433663293 -4.426493416317683 21.621949093448237 25.73127320148292 -41.251863743791574 63.93910948385414 -46.18198574347683 
78.04754777224113 -22.270557774700023 59.81427129613709 -91.37736777405303 -58.12652372240843 21.814088652938707 6.455976174826091 -43.700715003494885 -89.15305713064856 13.315375775143323 -88.66605835014943 -83.91711052451605 5.471143688456493 -55.68700592599507 -67.94003929140027 
52.740296102871554 57.7500681144119 33.154469742128015 -10.18714543705292 22.714017751007006 86.55683919817133 -29.876545409104963 44.458044827609115 40.3309926602428 35.54084805658272 64.14603762832084 88.28406409288553 14.775277659326107 14.724165167282337 -50.92096821511001 
98.67083010898972 -60.16274666713286 -79.3442607592018 -9.272100786384712 -9.113964116298405 -90.46523635710435 28.30152606190842 1.1372492433382462 74.00815124639144 71.95451874036675 53.27301943657062 89.36629204217544 21.17318792079361 78.46784082596113 -1.43980939554163 
74.83218555281374 -14.389136573089488 -42.452976542117014 86.03839939487784 -3.6094867177688457 -84.5219242766913 -71.35763223370066 13.407847044935764 64.16743951584172 52.994027686193334 94.78464229515285 15.460660724214279 -55.911553399842106 50.816963470443056 13.707955664857636 
18.56314308243101 -98.67353736721931 -80.80175266079507 72.86091505126478 50.84187609988285 34.32732762920821 15.914985336303616 99.57439311892983 34.96449888912096 81.57293475090134 93.30668611069606 -51.95272588869477 51.95757475205153 -13.751362708887683 -35.10967500003714 
-96.4718454483539 41.6316641977312 21.226955541121797 39.04747046771078 5.144942810815678 -92.55654093360673 -73.8931109836824 36.128192795934126 -6.3385170091899 -74.32351150684212 80.00123530586097 -91.64431626591814 1.0830358024006301 48.6721402144083 87.71696991557977 
95.94562119347597 55.9913527094422 46.336988583588806 -12.801106625682962 83.78846957290318 27.05528986632497 77.24263631799201 -35.002968394078835 20.147579061090198 30.65558110059382 -46.56888602145941 96.21961289153816 33.748913076996246 -73.1185023894384 58.09350703939393 
11.897523101899083 74.7921169038238 98.59478894355593 -31.196620080307554 90.30853022463901 89.1880917834217 55.38455838648139 -74.90272807275345 -79.61958907921714 -64.07954408092549 -54.8457099013008 28.21748460248199 82.40094221884746 72.63703678482548 10.705502281065932 
0.9787644694008151 -89.38787148369455 -43.373780049755716 -60.384581986654375 30.948875289214584 -66.65292781113567 17.395998902395988 66.8595591021332 -82.03172845034399 96.34983107032593 -82.01505843637892 -50.30209103412393 82.42894794731944 8.689776820511412 -86.92495549899644 
1.7425729677926967 62.09630827819069 -88.79063678022526 -15.379325622831146 -37.845854054012484 24.64418401991189 82.29709590184021 83.64367344972038 63.02725529314503 -91.56768271085718 -21.9475072698972 23.387447462038494 -36.78320177026211 22.280694044899917 87.49541906833451 
58.808704683217854 -9.096334055868766 -49.949417068251776 90.39874394170158 37.96256445379581 42.382478766594375 22.51983537423115 34.92601802664484 41.94687565545385 4.891833804272338 -79.24939175909091 95.34812511584698 89.01269711768168 30.29136000457288 -18.723394632550125 
-30.653893198296856 73.89087928419488 52.686854237211946 3.577194753583541 -31.423987492764667 -39.98006080862058 -71.11609558936374 -48.30928292793357 -44.335239075603724 64.64735441521202 -70.67314834779977 0.5117213218546226 69.38972220395758 6.917088115142008 -29.24597541647674 
51.1626980028401 -65.31634693797636 -32.561491760898846 21.98281332758816 23.469768434977297 72.87211719818157 73.55811843473259 94.67059147670295 -34.03226576051644 27.406256262284728 -23.88482786121058 -24.542782089046057 -60.60230974506548 19.68812588602647 9.106278686696243 
7.929524238722706 -56.794542330540246 -93.84616071169991 42.62871443389281 -59.6927208249346 -4.819346166973929 75.13383504990358 -71.68130059544733 87.50084219936875 -5.014559255631241 -23.62228859235465 -18.3200785462095 -27.262271666022713 33.10747775304341 -48.53589100943536 
22.086250050749484 46.85425048196106 39.07791658778629 -40.60810806815907 -85.25059206671817 -43.1437809031521 46.79765807184074 16.72262578652486 -27.40595677741213 10.442290512585004 80.66371188737119 -92.16651739471915 -18.165398132254126 62.246792367924286 66.74873556510846 
90.3391127449249 -73.0491131095552 54.42093087229003 70.94651315434459 86.53621409536868 -60.814834034450804 -37.12792777802185 -70.67377242886765 -13.355450390463332 34.193814823996405 -33.03120938731581 -21.213615057626583 1.0615523261972726 -21.12969546181378 -3.764665174044552 
73.5343617642281 78.19331038462073 32.86770902134339 44.06265841891346 94.75232886694002 2.4939663929060174 -31.714340980184545 78.36030946573223 89.00034956314386 -19.754530372017015 83.5098816063747 69.66380908898745 -84.5848570463793 -85.50648693514054 22.6707341852576 
