-15.950547860570325 68.27686155160094 -16.122481640676185 86.94457457264267 -33.8628359241651 -80.16710220839903 3.97488254111326 -62.07020040117413 46.50379157089071 -59.25445011253889 -7.970178085051998 -35.923639875175326 -98.92044617405253 32.14236819021235 68.43101633141572 
85.91529672216379 36.26549041801536 13.534624662607882 -18.445597522504585 17.366941092173136 22.363125001919414 -61.84265270944203 -49.504650274918596 -66.3390860689008 -69.32600000795901 41.26498814775121 -57.95501057737775 -9.89642792020129 -21.125167006931463 -50.75190555285685 
81.48738256091855 63.9744544772652 -12.023886220458138 -23.916490085833047 -3.317205135171804 30.920630216708247 -77.75123908411325 -15.059916960673547 66.1211216426046 -28.27722019323693 75.04771783801235 66.87710053292031 -80.93484761053654 -60.998161286020114 39.00957032475637 
-89.64408245051112 -35.01167647890372 78.62238881849265 68.23538392313492 -62.22694066344234 89.7398338633009 62.56914250339517 48.22134291649246 -31.89800633138742 58.314838337639685 -79.9006114158328 97.83305860495128 -16.645559136583273 -32.915497130081945 97.57548503891041 
13.761500019357314 -23.700952645560378 99.11423847013705 98.26893787081318 95.60484359133747 77.59358860936129 -32.98773477943864 -72.00935164046993 -46.54044118457858 -36.96223889000456 1.4524509910215642 87.81377100032896 25.483370894388685 -55.79318866420402 -84.93266039573145 
23.514016837523144 -9.069834997613398 -2.170058300805991 40.773968599588926 -73.3296668577802 49.15162655288444 -68.18575095856845 6.669892829194879 92.80867917448222 45.96315874470804 15.505412836233518 23.28356562121654 4.222445849654562 68.5917059675345 -44.010679269251376 
59.1589768126627 21.651070797129705 80.0936861505102 -53.78919508630964 -81.27781732215993 -91.9131020915173 45.79609394659593 -92.51054034215007 63.41657750455937 -89.29511788921785 -76.72613193655906 82.07892356851468 59.97001235603696 -57.969367930677905 -89.43357996229857 
49.49542391549909 15.27217173953926 49.58201253542774 19.28359477105954 -57.31002910638878 -21.01966589576692 -96.2442356202175 47.41179839908099 -96.15958982735613 -4.050925196091043 5.790222951931099 80.25407500046853 18.295544333524603 61.2778010382068 -28.349145380301067 
81.77801994739715 -38.41492900806929 -29.887775842083002 -85.69022982110337 59.754825601748564 -1.707075956968552 89.21799881948698 8.855111016013794 -39.76318324386789 -43.90647037433604 91.38705392492002 -57.58883969432522 -44.81742410056451 -71.72579622805233 -44.609317852145125 
-22.971777567543114 47.28993243128349 87.39610656437503 -48.97315779024456 35.924339916599536 -10.660799709080806 -75.47536420789686 90.17646117591059 70.3536573913361 -49.519197520241384 22.748827454884264 28.579637346870555 70.54112384431087 91.04151516771918 -60.78434745337058 
1.2222643021563755 -68.58435860479639 -57.66286559616738 93.84385017580618 84.01473324748284 43.497217102874316 92.67057400568646 -81.15645185223963 -8.174955493119967 -22.972483014041927 -68.42526149166193 50.94109761266736 -33.570097528367654 19.320790683849182 46.73165561431918 
-89.75850939739551 5.145486673302841 74.50892893046105 84.16348391738356 34.42680746393515 -66.09954227874886 55.45521813625632 41.9161725052337 -15.14782746258409 -23.078746072092287 10.792558979481342 74.84256622195164 31.631029911709504 2.9827798217593653 82.34721214542577 
-85.52689151389687 10.0713368202684 96.80171963366456 -58.562326781995196 0.8348056165277171 -86.84794728787277 9.75091159849191 -85.68499530561917 49.54843903948725 -72.32175804210353 10.646917795574964 -54.944783437679455 -68.87339723971473 90.71094514446452 73.43815053820768 
-81.64244725987095 -9.000747902627836 32.92807515874233 66.59844609587924 -49.01332117627244 74.00712881515588 -40.0851805171595 -53.970973818843994 37.596875382969216 -21.286882713124513 7.088068556777927 16.86846560398368 85.14356673322445 66.63311803232426 59.770721036928876 
-19.69616826430625 -62.38256900294723 57.189854187404904 -38.46982736682596 -21.72589977708151 -20.03998490906072 56.726517647153344 41.1116994593537 11.565916569045754 -4.077188161198222 60.237026931363005 39.66386005364117 -74.25021080184733 28.09532329431798 -90.42361803621847 
88.01097454616766 24.945688328208334 98.16241732102444 87.60145695610856 56.317386523379696 -21.293962813418304 10.869243009504387 -17.554968693541426 30.136166272524036 -67.93130869357563 36.646662619578905 -33.08569326092376 -63.255456740344094 78.71906131886888 -84.66513611084599 
-92.20883938196548 -87.74987903563307 50.794031510491635 -15.048783141998399 -67.84650575097993 42.29521631003911 5.798391573510386 58.60443079710245 -42.44631735594693 56.605803880882604 76.75908101204789 23.532129322741852 26.329292987202678 -59.687260176221145 -94.25009148177877 
-45.73823549885751 -48.10195238305779 -57.75201759217252 27.810489786971118 -18.592176113125447 -64.18991897009548 56.17070152513165 -24.608414764937663 -49.71550291511511 23.968846585182433 4.700382794215827 39.37971848770161 14.728543482643715 34.45303478599422 47.601495710525825 
-41.56992273641722 9.623708859254293 -58.88598431318459 74.38085927129686 43.27662245402101 39.51437425979566 -10.941353827440508 -83.6909882389769 -70.0016841702851 -63.653542765349094 94.4378613879748 85.97166056523952 74.41407784029096 39.192621634925445 97.66395603463081 
19.259266844311313 -7.4683412087565415 72.77560887869839 27.50961948374804 -38.83138739348995 30.786088107051114 -9.746970194557747 29.72429972400454 -36.49451043294343 24.49621169854892 -16.92272676767672 -97.40540986042147 62.017846176396574 -27.305985139655988 17.098851546114474 
76.62046478579853 -30.34436737207382 -63.28501180693928 -88.14028881532423 45.33542701180306 85.95167540909188 50.41280078961927 -63.44970219629546 72.90919886721812 -88.28296806819125 99.34942167982962 2.0650911221518697 19.30477225506222 45.11539380517314 51.34000844664635 
-59.58971077759065 63.706173323541435 6.134887860445133 93.04214011926655 62.31163354849639 -80.15465490842604 -73.09176042494062 34.020926606674834 77.44919619721534 -88.47081721975844 78.88279632874259 43.46159981831738 6.70899228013144 -6.777343258526997 -1.4569010943356204 
-77.30910521398506 73.69766410182527 75.49123934275664 51.141388562843105 -33.83001796182863 85.99612679112852 -92.65062964281809 -97.51690341284439 39.11191508749934 13.177057327002075 -97.72763986521097 77.705063201815 45.60276268299833 80.21567171767794 83.2767020390684 
35.34097494059856 84.33756375262863 79.52218746436941 17.82148500691558 63.589503840150485 53.358099344163236 -15.195304586889222 87.42439179068165 96.06923662457925 87.24661601621065 -74.2779687150634 99.34213923701367 90.96675143077917 -20.07473327168536 -66.70542062013038 
57.68467396273016 98.66876004950737 -12.880334789181134 -85.39951481584478 76.53177627421292 -41.99053491780693 74.88103602644838 28.41772470748711 96.14177317998573 -56.996718972051895 -62.749513490448614 -21.364463921953387 24.876045244533145 -72.53199249231865 -73.74677642458795 
57.06336395106072 -70.0843410329413 2.0956709122122845 53.737112162420146 -20.407224740243237 -27.47280098187892 5.479082700105238 29.33189694844762 -90.05808131331364 -31.35074878285964 -12.518356952059577 34.417246628276075 16.7344235098479 -79.76751855348758 -33.67330559405322 
-95.69396307199507 -85.3128984702635 -82.80672772324486 -87.7485738468282 23.73280891178402 4.206508943982783 16.44284110080021 19.218675945319546 -89.46143849899704 -15.524551801328329 -51.38588460788212 -20.22823833449587 -89.55115303964338 -63.400278944633115 -80.20619572401773 
-43.383585348216094 20.162445751850626 77.59038303240686 52.02346590572836 -31.786382979426975 -10.749289549500844 -30.625386573807845 24.728820467196584 -70.38983338826883 -57.122098862029766 -49.062915047327714 76.13071331942251 33.27438892948834 80.48189918707465 -40.85447183484543 
-85.80130787290439 -16.13430418375752 -85.24199238209627 13.739593564132718 9.299667478876074 -72.42188361144977 86.35788198246459 -40.01558721005991 -52.43999502565841 32.88739253786369 -88.52807342274454 29.92191318613095 -76.97296629003505 -0.6079135196100651 -0.18794800250994115 
51.40640819559533 -56.1522287496536 -17.41528404328332 -31.54501725435975 61.45148377800206 -92.03826333700025 94.49201367047263 -15.519111743059938 -28.459481559992767 92.84614183519744 99.97048433371981 -30.495820060171084 59.924945033514234 -89.21879832324471 18.280701098944533 
-7.424071160603177 -34.095313895403805 -1.795411536769322 -2.1560788570570395 -86.20350495196207 -24.619458561759203 -73.92352878755896 -83.13099961959271 76.139364992835 -57.75536314439602 72.75694677344404 -64.43338848446214 -49.36725339967949 -71.29873382962823 -12.894267026824835 
0.9566191208058967 53.07041112425054 -20.17899393201597 77.96055161178967 24.15842597497719 -54.48398178402911 -18.06005777618111 49.0911054640749 -96.43182512423411 -87.07720254432766 72.6006122583936 93.15659584808085 76.48489483107261 86.49004550520283 -82.46095458909373 
92.34257046801451 13.207558589601874 60.40518304096105 -43.157602107963086 -66.17121524786313 63.453353417244074 -99.26699290095084 -49.80448575487566 5.849763315120697 39.18813100852344 -14.938319848411027 -11.912930142192081 8.711170486563162 84.70395372879938 13.48610952665345 
-6.690386391241603 -71.50509862719454 -76.7279861901105 -99.73691717611366 -97.3689316159255 -84.27775252202537 68.85054087370014 47.47668732383198 -37.07074275290068 -89.06100247616891 -51.373679368173676 -16.87578920991342 -7.984737216159928 -9.729693123473822 18.098375101362834 
-52.2568600100136 -57.64834309075353 -51.7592286807095 99.54897964570299 -52.35603981015397 -35.367222289115844 22.473928547049454 14.455277852848354 -14.397235851044044 -23.647566937508742 7.990187094632219 79.82169760955034 -42.26548626913731 -45.00718209352461 -41.74056343943286 
-17.742240144924494 -26.600463524469404 -46.11974759355639 -39.48651965805989 46.48687130543905 82.5105017276492 -92.35375415705597 -83.06145247759314 38.03726469992833 90.91940331527502 -85.32280191284714 35.442511300474166 52.38272985243884 -23.446632328559105 -23.265617643835967 
-94.21947375429394 -51.047883285601216 -65.7345517315415 16.195387028349657 69.49994811622636 -16.335578544628788 25.234338682541107 4.009871183327633 -25.63131074967282 -35.352249191816966 -42.416308709509586 -59.38121722241358 -50.40706301997413 -80.89325965995893 68.55406622273449 
-18.39062705191057 70.33368023894374 -11.89718975009275 4.07558690320306 56.69607505420967 12.144391339475376 -8.989757068006 -95.02602645803154 40.851265936046815 -0.2367292589245551 57.52828596406653 86.1111731689333 62.51123724190765 68.11943785640605 64.65283609587104 
95.40883965062088 23.368736257891243 30.438575438153208 79.0085912945234 2.8734408750416662 99.04348717975083 -73.3678016773285 56.258753856533986 -69.56134730667272 84.22983106771272 -69.55483051462612 -52.64406776477759 -16.5637982581693 -13.976904726670142 -83.9634323177057 
5.5100383685786625 -49.987657021634966 17.89945970754401 97.6151180206443 92.1778527060435 35.90213212856736 47.0543424597941 -21.29833792481665 -33.93225903616357 -17.250678745657623 -83.50947856589079 -72.78565594662041 46.36267849495903 16.632754776867657 37.08771552697257 
34.2046088475349 41.100556157779494 73.59881074740338 -13.520676085900263 -65.10991409113669 -60.62436342700044 9.123941781225227 21.663653003438796 19.536532540955704 -89.54924077506772 -83.62013837330291 19.88586151304756 78.64439963054727 92.43245829099476 69.39000714758839 
-77.36603071772419 12.766732351659059 53.94490802343557 40.799239300108354 -65.48902683103253 -77.75783544388892 51.40400361384124 -27.120864851261814 75.64670720614328 7.202624127075083 50.67929639906566 86.18689192826457 -87.91386669948314 -94.65514878327188 -58.87998288871741 
-47.46301296892979 -28.117228835931556 -28.51111747705704 -31.07919794040386 68.8536514629094 -96.90464929934765 -57.11551873463105 -8.691723046986482 40.17910080504615 -47.510340667307105 44.780946937277974 79.56082220907675 -55.5474051651978 -27.53114445232454 -73.34299149778197 
-61.19384890297337 -88.44061898754376 -84.77504235520199 -44.666322837183614 -45.44301850147281 -1.2938675052218969 28.45583864705094 -53.09534621358429 80.69431736417556 49.64942300745244 4.734897604698119 13.648412181343133 -85.24234010576508 -3.982850407772176 -16.4439114012265 
38.176422902560034 72.5616021500644 -16.050878913376906 72.058293369545 -19.10168240307499 -11.181485333653711 13.803594282910865 -65.33172180797193 -18.010466972842522 17.847672523542272 -12.336604441616458 -52.44101894866575 -78.9889520447293 -58.41942289417075 -33.29045000258401 
-83.75759151882099 50.0269878397084 -47.37874918931211 -85.39073383872066 -95.04372772366607 48.262562905560486 -84.93083993205926 -61.966640076308856 -40.47108581446865 8.075426964944782 -0.6345976618304974 -89.98771309463021 84.44391383881884 23.628923811741686 60.349433580330185 
57.58548993131686 98.90783582455919 -62.559354884215914 60.90978936849231 -35.17358435301068 47.07340054072935 -14.390858523654842 28.60806319099254 98.17425702696454 50.37722805269834 -51.97741968502774 -71.60961588616684 -98.48661519013223 34.63537609436773 -45.42922080317786 
28.067773362382866 -96.25912597691506 -71.76687078146054 93.50171540265592 -52.34822094199914 -28.283284152260208 87.33115105233344 -83.99901332629065 24.555226541512923 80.69839589992176 -97.71822897460358 71.0110705219648 92.27378857905012 -51.36982085472353 85.92066637047839 
-35.875303731376306 4.119860768436183 17.018688148030606 -10.3931030670321 2.0952621334112393 95.72336792282343 46.840567636554 40.70095032803681 -49.87424199766319 57.7381955352985 -21.41056839332049 -51.821657339985514 62.94862867646438 -93.38397328794682 35.13350796807177 
-11.442671506837726 92.32552919273257 -69.24961421464695 -84.77623022453267 97.49701370872111 -51.258647358982444 5.203926076380782 -96.30746374537038 9.25312287550264 2.664581513938586 83.1716212247888 17.041048405706377 77.26641752859612 -72.30634924940375 65.93610078924917 
71.07415988101249 -58.86183551184778 39.15310312705634 19.536051953699 96.3800628088575 7.515618038988947 -16.713479063494134 15.340778887664186 -22.234358790850067 -70.31783768045933 -32.96806176862779 40.06254403043644 -97.10066233587736 85.65641364407892 43.27193939130896 
-4.221249127060474 -91.77076437559471 30.02529868350669 -17.748584815675386 6.870641932624295 32.05280890267551 -68.95868882809854 -5.0430551153051795 82.8763253848112 77.1368070212246 -34.60781587456651 -64.3633654502291 -56.36230320256106 -2.0731469098101485 -72.08318447239162 
77.37318679767654 -73.58569547611344 -11.264652531478347 -39.750405417725034 16.144275426447365 88.82930769167507 39.3750606862946 -55.763811729487344 45.254392253032506 26.44951465822747 -68.50335730145301 -1.7498634150784795 -80.59683485721112 -22.20184006824242 28.42574805698993 
33.563808958102214 85.96779202048 -83.0305363462328 62.77100419640874 79.09548737292681 4.350809312246298 18.004819726924026 13.998848337737883 -86.0810291261741 -12.050187873400048 42.01333393396368 -62.57680528567944 -29.834137924306404 35.61189192416114 -33.81646026213147 
-45.66894530847571 -8.82384300711449 61.341702974177394 10.312071888193941 -29.197372401460626 62.114502272215674 -48.1170743610738 36.504953686583264 49.876738945411745 -24.802251846773117 -68.1048772661907 -42.66288952289747 -49.65331136488533 -56.37014849070889 -13.901256318837412 
-32.54046810389406 -61.83882468767041 -69.98831038189826 -29.28900166141007 -85.01614723132893 -86.4655353854912 37.65015750031074 21.868930272226365 54.20767487761918 -95.74411475637687 87.3332105493784 7.740780639941235 73.62932341917875 84.96388768640145 -63.42457863121245 
-14.661620926406258 3.729319418257532 36.17476388958153 -8.803368487531188 -98.76238882592459 -1.0921936706470063 50.02970143705991 -44.62208645274246 -34.1179462881982 74.05677905173337 16.919235909955944 80.74389323611894 52.436943369922034 72.65981716767826 38.134537549552505 
98.39440172602727 25.575518462564716 96.8474531956229 49.1123625633945 -93.87372814804513 81.36542518116775 34.56368455475064 18.31540526627184 14.65619720591343 -6.959116787241797 -2.5542273976435013 20.162261469736436 96.8211587235003 -89.27042566306467 -85.26557356947538 
-95.3343925837663 93.45585465584264 -16.747098855735004 15.235803654303993 -12.350668324463271 27.932417149643 0.8841322201427886 2.9331866363299497 -52.763812616307604 -28.976878293848117 2.4957723887813756 83.87052897561506 -3.607082219539265 23.5102354615166 45.67403150596249 
-0.6029156563706266 -51.087255399999606 -9.98838377645967 67.45661251975446 89.60791234591406 -35.49972200958035 -83.40989410241227 -24.985342193802907 57.78542643199114 23.76077162143953 -48.07170938668046 -6.778319270516818 -5.314972045274118 -57.50067576979689 -74.47556146028589 
-31.74027322994644 -65.48595336143732 83.80178803859329 26.32463109217342 71.92406496835295 96.51510021870959 94.70244890333416 -69.81232740517385 -87.07438171151678 15.805304097183196 55.39860858455569 -89.41315988553838 -98.21112030793707 79.67610851879289 -54.15662493853346 
48.28468242289807 -78.03153163656347 47.33099358542765 23.769870786925097 61.368365277948044 87.06727512216159 10.484948435365737 -69.53726691153427 -35.983021709975674 -49.52913432934649 -96.55933085918687 17.538830036047173 -28.70673863932302 -22.333232521017393 -48.532355910088995 
-94.28002510082445 61.57181994389492 -53.73000706037621 13.243477979756449 39.40166934788746 -33.16532031598962 69.45640998989654 -44.82735371463144 46.2504562922652 28.468366883938444 71.00225568074296 -46.70289113097452 -73.20048675192912 28.67065967408311 86.12524902416072 
47.19913711867204 -2.39972917891356 72.3697856371173 99.12608349890587 3.497769533848569 -67.25708723355788 97.96637179884294 -64.47078344210377 -43.55891817990787 -66.1779845423506 6.020286374715411 -49.726025403718175 94.26545586021368 -74.80296474130704 98.35991168003221 
25.7063005382482 -0.9620824599200262 30.830352812298543 -94.2271812411543 -90.5538787288365 -32.12432560985357 -64.95143827687701 70.47874104187869 6.575860978453733 -53.361209765152836 -79.8553419593928 20.38117387169727 -93.49808471098096 74.64926667600972 44.15600201065851 
-71.67817968824238 62.770883011827834 -86.74595453139071 63.35517182301044 44.21765172035143 89.09430746949263 -92.7333877909138 38.13891787669331 56.81530289892871 -5.553415096660672 28.375603925213824 8.411053193176457 61.82648246720345 97.63450531430277 -78.70475288771617 
-14.366504828860286 65.7139066934804 73.24271337677001 19.614398332711147 90.13654088074341 58.923571229853934 15.446383716527222 48.02753003652617 72.5702896724595 95.77554460963569 -99.79056673385888 -39.83871537367545 66.30900785948884 75.80385276408751 26.829612180550527 
82.621311220205 -48.92895214230717 14.561640010693154 89.91683326538029 -95.09517599185537 15.634379875756863 -2.085177496716682 -54.835979420929725 3.3338659832010222 -81.41432800930816 33.020075493149534 -74.42182055242279 38.97203454710086 -28.089868669482428 -35.52956216453626 
-85.28427492394562 88.77193476283534 -90.89229374841743 82.12304496999212 -79.69445140204536 12.941439485297849 10.307306889155939 96.5260033467899 46.851675803955544 59.95026735592967 16.041212383758236 -42.375340408096385 50.7856968353214 15.377361296516142 -47.75466273093188 
3.544044980051723 82.69075456709268 79.76565340942517 -98.18259635631048 96.9445424673952 -26.812274347128337 40.66070737394398 20.919308065893816 -84.65270745518092 -92.55125200164028 32.878045540970504 -0.6300383187811747 39.750745263861035 16.438001489119685 -52.24706257422167 
14.700943378767334 -43.44172640991244 -19.904237536269335 43.546304756310434 41.5814988107673 -21.01887353165695 8.340880682857147 92.72114558923963 -31.94159258490818 -9.402602807866842 -18.059579205896398 71.70243816441834 -12.562157353593491 -52.92911466854442 67.57621477089614 
-29.004153525593267 -4.118804175244634 62.78362103218714 20.135039001154766 -7.266164972093648 56.58533605927286 10.558484352516956 83.85057286579757 -81.68914612605053 -71.77254718494402 -74.11476171298186 -54.6003512904095 64.49111078400233 -24.00393813733544 -75.23484910731673 
13.152659387704759 57.84896138035026 35.572989775681094 30.8247473961448 42.95950855013763 -75.39977376751885 -62.086316742368155 7.872488471670607 -21.451575768721213 50.258995011321815 -84.71264870177444 -36.867664130084 45.20307648568544 52.771723449341806 -33.948693477283 
-70.84869238095759 65.80984103993234 -9.692454479277288 -16.496054254214187 -45.54775531353379 -28.103254480065146 31.706519692969977 -84.46327896697593 -81.3898722108634 -91.42108492259764 -70.45998149005936 89.41087680888867 -34.729154372732054 35.41924866234771 87.95695734046808 
34.27156418012868 46.470218123370984 43.052260364712055 50.87159910053822 -24.68535528810851 25.973975383484515 40.26519332919213 35.32212849529114 41.70960465590224 86.76138538457948 9.656771409844652 80.46698222646185 0.09075766253752704 93.13012554030081 -26.880472991202538 
3.6029150396915384 -23.227074169948196 38.37887943764193 45.08849039029553 -87.8233717329504 -68.91550129435294 90.6185271630138 -96.29453378006554 56.57064267893358 -95.3457162945021 53.09657624144549 95.09688259665216 -98.07038858713528 -85.78434218959545 -63.499691711398796 
23.75775672957137 93.82202449286046 81.62531581760723 -24.185516308937196 -26.724302578914006 -82.82459535466977 -7.35392461206456 96.34153729486215 83.47901301801414 78.17572926759124 -25.05094628185354 99.32078397476369 18.512454220080926 90.14445535210845 -56.958493206680046 
-6.167488747472746 -38.9613823817047 -72.04264574330968 64.13049302666249 65.68859113796458 -78.59250003990859 64.72292737050503 -87.6864615309143 -62.34421904146059 -24.75890194794694 -97.00179826233935 -8.22130545381674 44.08468018058147 -12.79538071875379 37.4441388820388 
73.94009625602143 23.893239072896264 29.86609392426982 69.85177131245518 92.80792922973023 76.99847109377126 74.64103080373414 71.78557740234498 -55.20675204141718 -61.897088941570914 -82.44970027100578 -89.11416750939769 -14.99165159059335 0.6491471808800497 82.11821026410402 
90.33913510114368 75.6037518782814 -39.355280786814276 18.140133241080306 -23.587247224170966 36.404954302438995 -7.862749990446673 73.91485817624584 -16.167900167897642 -82.69643600743044 -88.80327894574339 -68.21675227287538 59.59094184484826 -17.653387092488785 82.55248612208484 
-27.045236851494934 -45.087729999805504 67.57586630823371 55.11872993536869 -91.24030575013799 -44.32739053670047 -22.688753687409275 -83.66873906522957 72.49329955595499 33.827433472164415 63.78519246489418 -24.675898107748992 -41.34407965999367 -53.82072620222209 -72.14634005771472 
-10.96103164740913 41.37406843902457 83.73278280574809 -72.08260495544178 78.3555988727106 -76.43427787939845 27.110709429621792 -68.46823460997851 78.22035013435308 58.790693645054034 -23.347303643485446 62.56411128699369 14.436900856865222 -14.202662934037917 94.43162179619401 
25.598973474910736 -49.51219276132996 -82.74526925208767 57.94757727126952 -14.286394824294717 -61.79337250593993 28.391581629892954 -12.821163560841285 -9.625685945072206 -97.89241159844732 27.642959638486303 -14.740203387982604 78.72443869576645 51.34391155190326 -55.48731653442074 
-95.81824828755978 -45.065861553622334 16.69733922879442 6.396977128859405 -96.15669655121269 -44.294248008963734 -7.387591413183017 14.173119908455917 -37.717826663762175 -91.76584184344931 9.034739190930054 -83.28764716647345 -74.47229416421281 82.54353541424823 46.991548300248155 
98.96292194741218 16.25618409174818 -62.99482279432797 77.49237632215264 45.6788491809379 -40.379039094331915 -81.98298558487909 -57.80639164302359 -4.088012700688637 -69.85512023521974 -1.2697305581534692 74.15247283263915 -4.321917773567691 -21.509545076899713 38.63861796393351 
-19.934207564781786 2.4314350629461217 25.007513139504354 44.7550668958213 84.07880720564879 85.16436082710499 15.651869092229333 -84.24793318553935 -85.7042797382718 47.36298292099528 -19.89224557865697 -66.66816484056888 1.3791181063286473 -99.21179377834292 13.948172188880164 
-57.08259579461643 -75.62592294766426 -10.64020901072817 -97.98671646381678 42.91657723020032 -24.83890788716772 -67.13255616839584 67.93421527432776 -95.04488535987888 -81.62238741077365 36.53344672987316 -45.87536840573048 -82.48363930733666 22.506300014736013 -90.76412940996896 
44.3455306996419 36.18737330983649 85.47517149635547 -84.34887221308007 9.41746426529879 57.616733785447394 21.987194401143057 36.992468510617016 66.44904676746316 65.48221158359229 -85.26992735896015 55.46797470750482 -82.36431453130612 42.920740378876445 88.04981228223977 
92.74793894850356 81.0398662092141 -87.25007479825575 73.50621460879401 -16.93557746256309 -73.64056002828154 9.556931178330657 98.636329603115 99.06934840557929 -3.8524395008451506 80.38967710011383 63.83254996323808 -80.16404698267642 -61.853475282594886 -3.9916003143916896 
10.912027688079945 46.21637762513083 73.24847806583008 32.09905997812851 -73.67230102069549 51.70521963392849 24.162689368300235 -56.53040481358027 52.93069967652809 34.724204826793255 -52.06025063194348 48.303840630630305 84.0682012773193 11.708379564684535 15.932546195319205 
65.27124882142141 -77.19478856452476 14.633596592547107 -60.58812051524774 25.88092577128708 43.93648026529823 71.36488873666553 -59.90396166126324 -8.296934763313303 67.59813801276852 -54.723627453081924 64.83626266883059 20.39975827023291 -55.84151506394257 19.37862720430641 
-79.07022451376741 50.510602730309415 58.62425469729459 99.16668080886629 11.395087863549904 -83.01512242097975 49.801365026445865 -68.97817257169368 -10.958434142439287 30.325948357601845 73.37969314818577 -73.95538423864019 12.535975938674 69.15680296018544 -58.079155228204435 
97.65590580358761 -78.94945532261069 25.97389344077324 98.47651345161563 -53.00369410484927 -85.86663564143487 -85.62142751792534 56.61518733599016 -79.03921860830022 99.7342601348962 33.74261635413342 76.55984961504302 -82.14141183048139 -75.33149859658383 -39.38218438280834 
52.92761497830094 62.82443686303907 -69.99891573214362 29.894993018076548 -68.10855624320845 94.28888435121948 -49.23398163635948 -76.34887076462564 -16.636472069491504 87.70724278616746 -27.798807891449925 -49.788183904664066 -42.14415173642647 -89.28013874236547 -34.33820002953097 
-4.800824916789281 -6.288248694369528 37.670676784879106 -60.06514090476589 47.912169611048824 -99.06128543336577 4.662295141739264 -69.62895029173886 90.00818876564867 -5.9365566787841715 49.448425890584076 34.52531263221957 -3.216649652527707 53.394163939955774 -55.427241131298246 
-97.48048218909602 75.35826852338977 45.58311965810239 -37.43785333359615 -5.179979910550429 -90.14630191885877 -54.96679402736015 -64.87871592381313 -97.17006104163066 -49.553416574001254 92.8675997461956 88.81940989610132 18.83781921959948 -66.01907219646688 46.65251787593584 
49.852988422598145 78.87506447927339 -38.19203301393721 81.32209804162355 -45.437830281629886 81.4610919882542 -66.29169275972296 40.75798320847247 97.69813406057557 -0.08409273763265901 16.15958534559718 -87.11054814551846 35.067974884971875 -0.24540839301346296 80.22070567182152 
-37.7303282151068 -36.496581739872845 32.570438164770025 82.5154070419735 34.0153795131462 72.86817298706868 -28.673172490481875 15.714739494532097 44.22744589788215 26.106823587578745 -59.39977959369374 -46.55423801262797 -95.38038269780846 68.81899013305156 30.500146815088783 
-87.6513334869899 -69.41404386444326 -91.86350069213769 -18.968030393531436 81.73738488870728 0.39159372726903996 64.68790880183695 -41.56616402586653 -50.93300460835226 -49.8530800616176 -52.52613121138747 46.83795755613272 -96.66777203597587 -68.06118421015981 -85.19041511974166 
-84.68612799511904 61.563345698304005 -99.29360186219529 -12.056939067127658 16.542302359976645 97.41572347812283 39.471874852166195 -36.60322134430678 -12.16509548591813 51.16669497468689 -56.15728968113856 -97.29049577398526 51.62249252021576 -79.24104610610601 -86.49937703801798 
7.469850852595286 -60.89940275074732 0.9315128061476656 -36.82660248180041 -91.96487792551468 4.79745466549069 35.23887658196131 11.130352814062334 -89.15731554551682 -46.58706861430717 -78.01142006180066 -14.659880105573308 -47.96044903250352 56.95191880391479 49.580127693960236 
33.339112731665864 33.341366549856076 89.20403606655466 -90.72637918417425 27.71363854777593 44.40395834698154 -35.54815773519371 4.7121166620299135 76.10922166460185 77.76729017943464 -7.477616065497344 9.781807248580378 -31.58053228273363 -39.79697709267926 0.6492131146457467 
-36.327884850529024 15.731866369621343 -78.27346638990147 -29.6141355022485 80.16209701787668 -84.17275732409732 3.930323382272789 -98.53896743702317 -48.323449586777365 19.619309685772805 51.25218798095585 21.72394726078973 82.82679660456597 86.78197002057374 68.02909219728016 
-42.32947947110155 38.56104431971542 78.17973636251128 -24.122334963156717 78.88260804369335 -31.801733210951838 -41.752087041995246 8.308193131720756 -25.597696714739484 12.96268959073413 -38.00488306071297 79.10901774778551 10.37826889845212 58.918617256132364 -57.84897617186555 
91.19422494352543 -91.8196482881001 -31.665134398351412 -41.47241614549979 -29.87396734695777 -16.299567254818115 -33.003267738787684 -66.35798481202838 54.2409078761994 -37.58123483390732 -68.3855698293155 -61.07796344702496 -19.118021023070725 -93.87336578286845 -37.779317016831236 
-81.75599304968387 25.8802857190513 -56.7602875229563 -81.15876998318777 -15.706165048509547 36.96864536825561 -2.2103254336502687 -16.678256548650694 -73.28363277343155 -86.12811921045547 95.52512767726415 -97.90324684826088 -85.31878847025725 7.623827492499174 11.855745816088543 
91.68512191198792 84.80173225912642 13.090023481310737 -78.23718938177906 -0.8594291819541127 -79.84192603290845 11.317235162927929 60.90975445360678 -15.78288414513625 77.40062385549462 18.13820457997761 -95.43298990347522 -13.201284773596072 61.51252693235921 -55.2140871380941 
-33.28708570762868 -0.7880929900526894 55.55459089245841 -9.905749826109115 68.40893769576454 -74.93827021415373 79.51794527547904 -55.82368360599577 92.08060515577438 61.29355880600315 79.60678382258362 59.505179571493244 -37.214462526788886 -22.36698366201537 -36.85086669689901 
-41.28217210198966 -6.993724010216923 -74.17976710942322 1.4783975191634084 91.1609140731756 89.9817073966191 -33.90690189982189 58.91237574617543 79.01226626888052 41.28668964426646 -37.917538686456176 29.680160955942966 -89.13656023814636 -80.3110813906898 -14.2761051496431 
-82.6591559751857 -0.6232501780915527 57.506226920935944 -34.24084080811657 -0.4966280622939081 -65.16466629166675 -95.98463356964638 -55.34982447497874 81.67404811690284 -79.82224713686847 16.206015144604507 54.41763773480989 -50.2927068894999 -52.38560433611568 6.450000677754986 
17.59644829582689 86.19506219496961 84.11805163746493 71.20722477865692 -95.20246540526989 -41.075072148086036 -5.801441689664301 -32.582871672178854 -69.84571409792615 -77.5021614469467 18.089431720276565 -50.74325016762111 -68.47525227399768 35.78440259582564 0.6538107386500087 
-24.47762784518737 -30.960289865381952 28.017168062814505 -0.0023406151135532127 -81.25813992954471 53.766651815072265 7.235887528828172 93.26870043392822 -63.54643348857676 10.339534653885636 50.69914386769142 12.368797196888508 97.85436266266387 -23.53304981650072 13.076987636497023 
58.88064557709188 97.24646735792061 94.25444240264918 78.89785005713179 -34.34583863977636 -53.274546843462865 2.0621426316588867 -5.8309662743738215 4.192682349040538 -34.42678121997406 -13.29059289895578 -25.336665061668 -98.30628302738569 -8.654976325548944 32.89729391312039 
70.22283545493445 81.69437924737173 -29.81705612975381 -1.4345585510382222 -82.18586547107873 -59.28004384886025 45.54503242686346 94.48879519616432 93.09558219583812 -32.3398236720939 59.44617992921687 -0.7085785576776544 -66.52813862226125 -44.19516945260655 67.92983051683902 
57.85208121126033 88.47973566909832 5.146839271747794 -34.988529496828846 -57.316862693286666 -18.261862624851744 82.3899461817652 39.56227285480247 81.7470697906929 -0.808038889400791 3.6932491728954915 -67.8832988313628 -11.807699796338682 -99.74730611162906 64.2985598283608 
-2.977432661145812 75.61266102562308 71.20800089648313 23.2512220609799 97.62090291475246 5.646356978868013 -80.69313302884879 -72.17177914985895 24.344245195377795 -1.8276400604616612 8.880829746571251 32.717972113013104 -18.294008359213777 -41.65171861322754 -70.01843014516118 
-48.198216525961925 23.638728904198274 8.552180378196866 21.397469657467298 -13.763379525199156 -81.8911145968629 -26.17748121568961 68.84535067652035 -74.6402250637082 -82.06617746095013 -30.236249956783624 20.055942641716243 -55.38186858188266 -69.58079448275217 27.754858064010207 
-70.55106247226402 61.35369055016125 -2.5571116413568404 24.88854383301795 -25.69484596745812 74.18649091269381 -12.745714368214479 -84.8943697000067 -40.156735279791135 -34.06708070555575 46.42804599338791 -93.25557439531336 98.55619445339667 46.01020568438253 -27.955455720589057 
16.748506906378097 -9.243144773374084 -97.76913250552104 -27.50303196444787 -9.431094060643304 -54.34642951390472 -75.79643510164999 78.76575927619783 8.660455826981178 74.53041944470297 34.28762788570074 59.867139810605835 52.37306450977917 30.478805204737057 77.04877190187858 
72.01860492044358 73.03355354800854 81.61354053626789 -10.507118786234543 98.29736073552147 -35.42744332957675 11.312368363565014 83.56397814602744 -92.5197991427958 -2.31600283339975 29.54814043771458 -71.0938783033712 -98.85714116558131 -48.23594774329052 9.91756638700403 
6.227960000199673 55.88978605546001 37.258887273263355 74.76529148286076 74.44955223450413 33.62632538047032 -49.26657849338041 -0.1738726970111628 -99.3746861473781 -71.5396509171753 42.271031668331176 -71.95046746964712 8.669551814593149 -41.9441031555049 99.53120109072827 
-93.3242484798803 -15.72551015011851 81.4468089317111 -94.43885119688218 -53.803792854392455 93.45834109772659 -46.064767754628974 79.89193663330136 24.173228571424517 90.57393233044306 96.7191345170686 -26.53872288130532 -99.65385311568681 -94.85321611980397 -34.227200945344904 
89.77885019477142 23.907292232634177 44.471739813575766 -1.9964834445210755 33.080035590240584 -70.63410042646319 32.21566106630027 -87.1668670193489 -5.039792836164111 3.653300995631369 98.72147114246246 53.47695243283738 -16.07871496659004 -39.62519750054712 51.762559518225146 
-94.23563317535488 -7.775135879274856 25.738502572284645 -57.910453592931546 -17.621447257491525 -23.225678737347067 -1.3505244206258453 -24.949565249286152 19.813654122358486 47.18100648962414 -2.466318343033876 74.94763284038527 -69.36845513488976 -95.56788854858593 -50.982149498752285 
-66.56077935430324 -86.6646893561048 6.4663809324327985 -83.59574809981989 31.955854645530394 35.001464001242965 93.17682275299305 -96.29214455366287 10.151652696117083 82.6498475738191 -89.33154811772323 6.621515823290707 -29.18756878754556 24.854250241224094 18.47369010570148 
-70.69765630453664 37.4411554646812 -77.05178709812968 40.7281711845734 83.34693641060869 -54.98692932245124 96.6004184823586 -22.15644811974495 67.38232857169541 -39.98552479981514 54.41490912282666 51.70672191667532 -76.84576729027518 -11.523953277076714 81.71082723497759 
-1.6907581529226263 98.3153317765221 -62.24892257267953 37.683624536295525 -12.0414674397542 -27.239773274665595 93.39319462065447 52.65062976355091 -47.84433725255936 86.03513561014918 77.46349650954508 53.177030091854675 90.42035390662664 -62.7628877066011 -1.320978402087647 
-41.92115651487409 -40.60824104051497 20.99959329517165 -67.92146747919712 -44.50245127503412 -28.288494722646874 -6.722242944045803 24.95099029042342 1.650086810174244 14.152090839945487 91.52253885946473 68.81061710147927 -68.75142613982152 -51.25249599512356 -89.9117996772284 
77.95006795841229 -48.39075033660085 28.02030195128924 -75.58446102106569 61.18930439925154 -31.36273775066512 -70.10829608322999 -6.253798998416158 48.70498125058717 47.21440400308026 34.02624504443878 41.499112877346334 88.57845914008934 35.920083915764025 90.94957473775025 
-73.74943380807157 10.090386747940741 6.46945724196182 -89.6657784191768 85.78307491226121 53.673254848525914 -16.75135165977815 3.8955711087762097 -46.6246546480221 -82.62135772834364 -22.09861773879436 -23.410592019630542 1.4765236826254693 -92.96870501361647 23.586282879708804 
3.357373815870517 -46.90858173387391 96.0940656516396 -36.251363839516856 67.53721558622132 55.61702247981671 73.4727742982243 -43.09837177138005 15.639896859282487 -32.39199792303373 -4.76929965987749 -62.84098752371459 53.198530021634696 24.429264831522858 -13.194906459689037 
17.291933066504754 7.865708046291587 -56.224227504721426 -44.71893324404954 39.83443078779706 69.52755222044829 54.389347191515554 40.56129930682269 -29.805188417826685 -3.7585034353410265 11.257439981283184 -5.592138226922145 -7.960174806837898 -48.51583090644518 -88.20768127531468 
-43.34430014031867 40.88269835463842 75.46563822624736 -58.950761754572476 -7.301706357008328 71.06099635520957 91.35920009074377 -74.89323288552667 67.04870189516424 65.09084718463447 -59.27112400938084 -99.4603324981638 64.53931261358531 -93.61140491533287 1.1897915365273661 
65.36975326786725 -44.162408596479885 -93.70017279829572 -54.72748995413199 84.44034096682373 -12.041496781210071 73.91888565823527 -81.92762094814981 -90.70066861012927 44.183510430725846 26.159131991333197 -98.5979929687206 55.3001126841952 62.85713005145075 60.73047341415847 
-9.071922683370133 8.146837446858427 -70.87773710043162 -42.055670652304535 40.51757175064094 -67.6881642313478 60.4363958233246 -12.63686952289163 74.77203015309357 8.676089692855697 -87.40414537899727 -93.19076757503804 86.29339436852129 -63.30546607615175 -83.02258037505257 
68.83762806419477 -79.36137406295553 40.770535553537655 83.45275721853147 -57.09802568495053 79.23831964338615 0.2893494587208778 95.41825902839099 39.08637845961297 -36.80478195989802 32.94187844746341 75.75276127418326 59.42739249079594 -0.5992732319445935 -32.518631565258715 
-8.36892269763922 -78.05349552065859 93.49848892130436 -52.32510082407244 28.155325940972034 25.43810033668204 -50.476773199537384 -42.37929057510102 99.0735554777745 90.42932791257238 82.06022028661494 -84.24389977570456 77.15169098315016 32.94634379134362 -62.00055087091199 
-45.78242811169753 62.32613776534842 -38.08656126605745 -98.0632746139938 -59.764789012483654 70.86120234350281 -71.11604730722749 -55.69975188547649 90.99598633078989 -13.65790611923667 91.77547127677232 -60.65593515067596 97.90632910835942 -91.91134217627332 54.62218356591205 
-13.714042612109196 -9.509857073652412 95.7288563326212 -68.4802510949359 -69.54963478545662 -96.36553153536993 84.76871900227758 -36.85051874310983 -24.6121219032118 -99.72638096591591 41.785857460813105 54.213417922781844 -97.57820928718519 -24.518090551883006 -59.86754673787844 
-33.07538633939322 -68.3511237919621 13.029552744243418 16.445543231854856 41.07799724002004 -13.835234787642975 80.73392709845524 75.33444636193647 -53.930427727155305 -64.37544425476071 70.76683760230202 11.013216167363254 -27.8679429608885 -89.85441358984947 49.82304689404211 
1.9717043338616662 -45.91969817990618 -74.89537883995658 -74.98702904522503 -94.35313775458248 -95.85767658337083 -9.939286808380658 75.50794539019822 -35.87197672511296 39.06926730118002 -47.09798051447833 88.74433697798611 14.398483203002272 37.55365876708174 26.26981979501919 
45.91173201103632 -87.21437874452005 9.454599969429239 74.94870296411904 78.5906168195755 40.01569358678273 -18.967911190575478 -4.1925789049676325 51.99405385424228 78.1884872234061 35.21871690621575 -19.508402594323428 -80.00061087101791 29.0619554599906 54.60049135309782 
-91.55474115543296 76.2244458729696 -59.139906279654596 5.74525334081595 -90.35566336243292 25.053729110817898 -27.743551231965085 36.69052356468734 -25.36564425040011 25.70158918206087 -28.730667627173617 -88.27573904495331 90.29423890578511 -10.365365070273924 29.083455267495708 
-41.78077657151367 5.906190812783734 18.854529921541754 46.016266056459926 38.74335862197432 -53.10971100503261 -62.354476059252015 -21.096050174928877 31.09535474015192 -12.347821585837735 83.88264052492852 49.73801076776289 89.08706691364245 -72.50185227547487 79.52219300627269 
55.019319140245386 45.307467420776106 -1.6365892687109493 -53.48428894005415 -43.96685105878553 -96.31965248990917 18.180253049392874 69.65274853193884 98.66502171794102 -49.30233809251601 -73.10134770227444 24.4824895387805 52.662952461209585 -15.14104390376039 61.881059805849105 
-67.06464135198691 36.608454562523605 -93.17249064854846 -51.84229442664845 11.325226953789524 3.2852170913684375 -30.651335947529873 25.925613615252047 -41.53571585939764 -78.74480507036841 -30.867297121285887 15.333240357045 99.05305895314032 26.915134936533548 -35.85984760849523 
-3.4600097507968997 79.98675416056872 55.32149543561471 27.30021965216025 -88.99964331270944 57.07948030223099 -86.25213502681113 9.761926677154676 -82.24576604405509 52.986651820955984 -10.961602186604807 -2.380012961515064 -41.126444706530954 -69.36500824886384 -38.95678736058166 
-39.42811038628611 -47.6683791717815 30.556948861440503 65.25220663057416 81.2160476680898 -20.361668661634184 -73.12121543196545 63.71830008834459 51.95786604810934 31.021100919909316 46.68073315339481 82.91285149255407 92.4740517823681 94.95208782702008 97.18078749491349 
-84.8759683174449 -35.878774075488224 22.85519373254961 -4.477027532053853 73.72519007541854 -20.446365330647453 -52.36338108501164 -21.936183471528565 95.78615569119083 80.62436104613454 60.57437320669379 -43.469255687064965 -19.253115051689946 -82.8531645406187 -99.0476300573484 
-99.9746261878071 -46.00776342034018 21.46186151568766 71.27980250486223 17.4182368779729 -60.08115319325788 9.721252909774662 1.8940968066395243 -1.701037663964783 -6.262400663968506 72.49661083041724 -20.488450414764614 75.99178583382647 -13.658319339173545 66.32031471949517 
-27.075943651028382 98.10154400680605 -68.98596060294643 96.5231364357642 23.16774119636503 -0.3263030009847938 77.09152230535571 -21.317505021854927 -12.659011720115515 -67.30592653828276 -25.79711138531424 -48.6025537076588 24.10961597099397 -70.86203783892432 -27.74890657497913 
-28.49777402282237 -41.008175838575234 59.05502440232888 59.276801644194876 32.11666947005557 -76.76614850351197 -87.59534499524521 -66.82398153049903 -52.89504796407842 -76.95543747536433 83.22020138779556 -75.6414263850222 9.317626675195783 80.48838745359359 -72.21188551776685 
27.907026675613338 -16.270430594765386 -3.658936490333133 -25.25544349929507 -45.718895237937 -53.128913745581976 -61.640238741470554 47.74408483195333 63.67189944855693 48.0402266267281 -78.75498328046544 58.74989341805622 23.16099241608869 -33.41437937401821 -14.585677645267367 
-25.734845512090843 88.42961982611388 91.63301998008723 -50.65290091094483 -2.4390080415376474 -14.137774995747222 -23.60586723920042 -22.642053568505887 -91.28349088270285 81.8062585064676 -43.375357553048175 -77.27438842246706 -28.496741903191534 -54.660815572576006 -28.2092706787827 
49.10606678983234 75.93558111085298 36.57965907876496 74.85931475795877 -72.73165614775576 77.17759230194758 -65.0438154788207 -87.47851262015098 -55.0571232973063 17.259876725953987 28.048146097514035 93.33465056446022 -5.515065930282702 -54.580106725027264 -64.93934138420809 
-73.64697482324982 -50.29503895422736 -99.21250692197508 -34.03152111485541 -58.62964959414809 -6.873008839580066 77.90436303857129 52.74327392133131 69.78837306000887 11.525582240905138 57.36597953239905 -17.77732215535417 67.87428269296237 -63.00354238075212 86.23632977663223 
42.91681225805462 7.947244220686272 87.46956004905417 81.3892773332096 -53.77743689256227 8.657329636168825 37.68350988568645 -5.553611935816875 -22.633228290460835 -56.34226856716249 -6.174282111361023 27.799799392412055 -11.740841180889532 11.478691611871866 -69.71626125312291 
29.98101395050361 34.03677386722245 66.70190171770992 -47.97569178077741 -69.15629966646986 -51.50924909403971 54.32440230128478 98.2043390046461 4.512948942819435 -64.37590408474082 -27.200557903126096 -91.72059098037542 -63.671039091758615 -35.187117766256776 88.72153665615517 
61.84708729325709 57.02896078491696 94.73810638251828 73.60334757372777 -99.03179753751563 -90.37284232371266 63.124939567665024 -2.5758135954539085 -42.93582408807799 -39.63646651828081 -5.323968087602935 66.28076732446453 -29.706540552760316 82.74291261125865 -30.732278398773147 
-11.82875522417855 23.406432091271597 29.039223578354097 -82.94049916992097 26.05060367718113 54.21924510911228 -41.440471143741235 -87.02543653307512 -50.39917702916601 80.78846510812207 96.22042800263918 -41.234773968874805 79.17625327998533 9.286021815379343 -80.21401095801622 
-2.730782228975869 -12.702252480002457 49.54507442678502 -28.082344160767065 -47.12083142070049 -25.083279144440638 16.28804849902579 -85.0422493591155 -76.25295482273876 34.051982578215984 46.892380796048684 -15.301766909331576 18.547190167078682 18.273661862855505 -25.358663281059407 
77.8634040398081 -13.659757696640412 82.17350004359062 -30.076614538819086 -49.65521053680233 38.5441405266306 86.96971683733713 0.8755616488701463 -65.29459886919125 16.540515516160383 -20.966887802830115 -13.085034509556309 90.20620517314356 -72.18796520732158 94.79317300791323 
86.97388554637675 -31.64331380775012 -73.21358221642484 -4.423494405999762 58.584363028713796 69.97372025895305 22.38300901192956 90.97859585868483 -42.51093968093678 -67.17724392224602 40.606192012949094 -86.24875837502606 -24.602167360131077 70.01016993338663 -80.1549723387164 
40.74666411636841 32.72145450605336 24.986115149242465 -72.06877969709873 -11.245220870989314 55.83293130913893 -85.81697008348756 51.61987960262638 30.14787147568893 -11.57888212027025 -36.832286398751066 70.59591408237594 55.193985981843184 -39.20956262011188 15.262122305814515 
35.7866317641417 47.52987779480614 83.64545285489217 -23.21657003634965 -56.411031767265825 72.30071151853892 -91.42217122621923 -84.51798053422613 -82.41897956249761 -47.87202494067311 3.283307169890932 33.685838651926304 -75.89224164738164 -8.515620499723838 67.76173636776593 
-60.93496103305931 -9.361007787193842 81.29771587577025 20.139615813991725 -86.66656443361786 85.23903392972585 31.220512855380747 36.56604472951014 -15.316891661620375 26.04795317919202 46.02803375908954 -44.01856130568251 -94.26855760686198 -50.355758688377136 59.50235400418626 
-19.972199147488624 16.411612536377973 12.45121614632474 -58.63234472401253 -97.31545781966587 -76.37481172659474 63.49487137404037 -3.432373616348144 -24.891969485304017 -56.65756554753172 -6.29132502685124 -77.13817272598462 -87.93718677992366 14.859207853731363 90.06795187934145 
-56.549300956671075 85.66841974375737 49.42141759085328 -79.27480908954696 5.6141941047423245 -51.14339902743617 -69.87918900249002 0.8654975751645821 2.256707655042959 24.755051649563924 -58.706204744129245 -87.85555074995388 -64.01637747149721 -17.422945369563365 -74.4755603438258 
70.12581628337477 -39.49420209754098 -67.02498873609346 86.02550280942921 -70.3713053918896 -56.00158241526121 -24.37147248091283 73.42187139636019 -2.2846279596614636 80.2102253141394 -26.332912286638788 72.20720052602653 44.994741690191574 66.84421126146299 -80.96625353344268 
21.600243371311365 -62.051774952098526 -53.44168447366457 -43.99827341153553 -19.904358915107593 -71.19941688375853 -5.644304727645007 25.713095480092434 67.74368205196421 -14.008128935283466 -44.309211149894104 -27.327398586686954 21.67102891039758 -14.60181921338129 92.55484840906541 
-95.76396025376626 -2.4601847096345324 19.794900279518828 -48.15445025129321 31.10486269950451 76.95994352012875 4.592337174392227 98.10924156196117 -52.85350057161104 70.76237378062004 -93.27677634045233 33.793438248142024 -27.348225864925297 52.06811257889149 93.02494187924381 
-38.323171723061435 -4.575259104549517 -47.84478280976276 70.95287883935273 -76.0602653193422 80.06383784606876 29.466373519322644 65.65923656373863 -45.65395176729463 47.17472140690248 17.168882699698756 3.2309656150146395 92.00375186087192 0.8470964167622412 21.12147835989704 
-49.60158715688332 46.051572562601876 61.69848110978788 57.07007882286845 32.17381225303265 -4.482727693322559 63.95965157642857 -63.469301004079924 -47.519806599256874 74.78971072265944 92.34101307467563 98.6166823859941 -17.891644205678816 -83.67754354370243 -18.33930670740361 
62.72140402048382 -3.192360351406336 -97.42619506156633 -19.32628873868174 22.32713858611784 -71.62608011228029 -18.88572084644919 -53.161920624231215 86.70559703049418 -0.5600662231903613 3.7189104906272235 55.19945618556517 -42.81548743556105 83.73333343326806 61.463412816178334 
37.81846761271177 -53.86874700616522 6.668619404963707 70.0600124359186 -61.90541879884579 52.026296530275914 70.14021292462033 -82.320166858073 44.77836795249246 61.172085030859535 94.12718544900568 9.710573012382625 47.0643323834141 99.16490338818889 -87.42171042148465 
7.032741526356517 87.08975211900332 59.4539263822239 89.43242026590377 -15.788722771555626 -78.4903846388467 -77.24790395529666 -70.74088438580021 -85.22367506286011 3.1618936700391345 -3.3222286380167247 76.59514754632056 -84.62405409942811 -10.433113911809855 -63.56169562574574 
-54.949156099099405 -62.1561956761993 66.82788204379608 20.319592191856202 71.00775066536644 67.69601422877872 -45.69352301136662 -1.81710395766585 5.703813322740061 -30.055498834678332 71.17942751672294 0.19155637194019448 -84.88533360968789 25.99503860946804 43.053869298751124 
69.22436860870803 31.204872599639884 -72.23120472361377 74.89924286768678 -38.864354179254 8.259232368229902 38.25935302955847 -34.91937603792179 8.349815194414163 25.666908710175406 -16.57805102726526 86.42319699837051 -52.5526808669907 -8.255271578074243 -21.232204439928793 
19.815819037648637 -24.29014308592366 70.84170578216134 18.587352257961314 -61.62047832040418 -69.18465563189586 -99.5945232426943 19.411919463040903 77.46741995997118 -46.228363145341135 -52.12927395535627 97.34821539520598 1.2838130144095175 77.63963053702611 -40.425960604351 
63.08789232210842 -68.64305834799671 -90.26395929650116 -30.249564292695965 -12.215817716467356 -43.41026911791861 -16.31266371253723 26.743366475590975 -86.2744506611458 77.75537446085403 -79.97467316525027 -51.611024545346474 -97.52040843674476 33.96476486833686 81.2266901837996 
-83.11923877199575 -45.27432073325952 21.361865496760885 73.54878273253703 -25.675495101210103 -63.4497286323958 3.248870245064822 -65.39951850892108 93.41785980972674 75.04676554810538 -42.558894191475694 73.66952543817155 12.084103203478819 40.23310167627642 11.803626565669248 
-87.46762705513207 85.4406232150846 63.04090463998915 -73.82582855076225 -24.584009679913137 99.24372522967971 90.83903457430608 -41.863143495944556 46.348241480325015 9.07644769212341 15.582632115685158 -23.505780292929686 48.37288612956419 91.36563477373551 35.45183198970253 
-29.78442964007921 -42.693018758492805 -67.10597868965107 81.01252982622546 14.87988453767845 -50.95601055477419 -6.2929185055906345 -2.0789285367388572 -35.863771628401196 -43.868072070673826 1.5897415850394196 76.3411586380096 42.58021093019772 -11.006947133062411 59.92925327268003 
-30.74542023850732 -47.34544490177528 -21.64281734778197 90.6797492194219 -5.564549135235026 78.43629374749565 55.16825773248377 -41.548178110530955 16.639174569522268 -41.97609101988689 22.00974204724291 -15.562355142867162 28.662440165523293 31.805399857471315 50.72942495638409 
-92.3696993818099 -70.367628553017 -30.21048192704778 41.009060149958145 90.83702619696257 31.95166635739301 21.13969182507647 -12.178164058939188 43.74472421961198 -96.92446287422266 -23.15283038597819 -24.248506052454502 -69.73792247421649 8.46228795908894 -14.431935948868386 
-59.165036086328946 63.77749778760764 -7.051093147656303 60.57599616455204 7.368236664705606 -70.48191609629615 56.68973779820138 -32.16114049079029 96.86121257914456 67.07601877823686 -17.94731386014496 -50.64592747134677 39.58365259162335 46.51492086810978 -14.27727914567258 
25.815006621430896 -36.47556757063273 -81.59575452842837 89.74665201943091 -39.76855262676655 60.30414990673273 -47.60847459593573 -68.34121625092982 19.91124001549116 36.07973796595013 2.296222269468288 -31.004923398124788 -84.38611804142053 -58.97431242606959 55.781760627920676 
-18.11014835463756 43.72173900514855 91.12549531388001 93.67485999902826 -54.79668772669446 -15.761845130755432 97.246141447766 27.436469329652 21.738462615384464 85.14960475733844 43.36148252198214 -33.44325866009845 -15.098544383397993 -79.62420496083564 -5.114974875565508 
-49.07412494706773 77.90991529813851 -33.35945682497028 19.32925906705701 7.0322856017195505 53.44048035162271 -1.3631991869884814 -51.82582115839618 -65.69268503271809 33.54808885912533 0.9506390361442101 -45.636727589998884 81.9363739159464 -92.86925956717616 -67.94716591364818 
66.66411789735264 11.445468377750686 64.05986607239547 -22.655237387173926 38.80494522788371 1.3021145890496513 41.48660983892597 63.18786471394614 68.42343764970252 7.811406790774527 61.97552361700437 -97.41408948979566 84.54363549881566 -64.86658620825591 -52.90043308696766 
-24.473442314232344 49.28360928120418 -22.12317681728466 12.182841625601142 64.5666744427372 -79.50500062913808 2.710807945790151 -62.8720211689378 -88.21510153862486 6.665137701174302 93.09285884003233 -2.3648182405238174 -27.450033217364478 -65.4933217351091 -39.389899848278475 
94.28886361425356 -22.147646620307214 -34.073052606983254 50.65654377171535 1.5173878552819673 -8.277726124658116 98.00981663765063 83.8601859995589 57.37744456118239 84.53143397509032 86.8186447303869 -9.62263090518212 53.56335025345322 56.99644062721936 -88.02259497433668 
83.1281088728779 84.64217217165563 59.02773641427393 14.835613466814152 -50.39932697542815 -8.166962863428637 -78.94589098856717 35.03854562954359 28.68472700514181 13.284095204317524 33.448082341558774 -98.1520115967318 -32.89945397686529 -93.82307873229101 17.388361716736966 
-19.261964312472116 66.89696505073397 46.26987247706242 -92.24702626161177 -24.51266164065713 -63.87013959916557 21.026141426632464 -2.7825039266941474 34.68348412587298 -38.13871412306433 -96.82028745889322 52.52023962679502 -59.806264477601445 10.659705736866528 -25.457990503633397 
41.94973296885968 -34.908324652541594 -34.02281636724318 71.41958153223419 34.257409931251914 -31.55637890337863 61.32926168023599 87.54611544435699 -43.07886717318308 89.49723353962719 -77.1658626970895 56.12533432135325 -36.9841056697755 -95.54268508335137 -14.51675668321242 
-5.031532279090982 83.62966965544922 -56.19980823767909 76.47028550709643 78.14071290248515 -87.21222769314387 6.722705924553281 95.43217069760962 94.54610832314842 -54.897265510919844 -0.6187200099094952 51.287637823799514 12.822534370175774 78.64513657782595 -84.86476300847039 
39.23126469612845 -69.566906242981 88.31877646582109 -32.818898267483746 82.11386715139028 -72.760808662686 -7.951977944850583 -55.99080638358509 -17.348864879182486 -41.932337457822385 -76.9947594064773 28.62967856921523 -2.0982630905615594 67.74593868457202 56.712283690507036 
-57.52064342543648 -20.451475451145768 82.75063392918634 6.92475302903965 51.842934213202994 59.18180668952607 22.859177824672656 19.58761361774542 -49.01120768738243 5.106766523728751 80.77719304962841 -22.92652404056443 43.96578797579954 -67.64394391165855 70.61657820088655 
2.5101687488983373 5.162489203524316 77.48525180079378 92.43701861997457 -93.32106420161972 -13.811582473531018 -84.30138065714574 -64.90036708907634 51.89537100480612 55.84067248906257 -44.90499855447989 66.58308879534638 -27.660603431464367 82.36761686268386 -50.273463733743796 
-66.87507332856404 78.26591059301438 -81.19705991299493 -33.74097847403689 78.42688475898987 -40.552584162325985 41.50726153389505 -98.79656189575799 -14.819374523316142 -46.8391918257512 16.434304755583625 63.02692283094305 10.297949162500089 74.94112642852005 55.351569397879985 
43.51501519874844 -90.68671455514057 -83.6884925440158 99.24112326361652 -75.93758041549077 71.91229588651632 -47.06263410882619 86.10727096033315 -24.13081174883733 82.27359000282019 24.91090920377313 -14.519950847816162 -78.14558428675909 74.16154528042443 -68.57832292862325 
40.61342845488028 97.47520413302107 -48.83093872061761 -25.85447669181727 63.71412654018678 -92.66432451511781 -32.78469207776544 -87.27638845960539 -68.41687987761422 -58.35918512522262 -93.45212645529173 -77.60678436927664 -33.630116618485346 21.77608059336829 -12.324486767262215 
64.55744495166101 -80.89602301334119 -40.297017888202305 19.011033248293472 62.56708271119743 -77.4447269650475 -46.17664822265031 21.078803446944676 24.72015431651495 -25.139121373970312 -27.020996680703618 45.00746317469191 65.55108173329751 73.52193862118435 64.08913538205013 
-72.03353966773172 -36.07060378435687 88.32088407292059 -22.752013522916286 44.94701223720955 -26.324919085937154 -64.16715349105893 22.96084735833115 47.42996434286809 99.04973357832162 -76.49133878647096 48.28154935955851 31.249080471573563 79.37730703902432 68.89236111639752 
69.00179376527555 88.82437011918208 42.204761583300865 20.78252344019687 -54.68747158444094 -72.6994689925946 -82.11962153849657 80.9725869077547 -46.17132616330348 -63.55209188497084 94.74550709947124 -40.60452957119358 9.966252539202515 -70.27658137186452 15.264382181851289 
-9.642145823489386 44.89449350146512 53.859045905812195 -44.03145626165757 51.58964149979158 15.45685867769376 17.888706458864178 -53.61696882951286 -66.13144439442264 58.276630090404836 29.663479243867954 30.189708757767107 72.08062287907043 74.66043907930978 55.80728641947198 
30.847424363551795 2.8426103530056395 -22.909599035808142 48.04223044336163 -52.05028071705324 46.606744326255864 -97.71137656661514 -36.813106414152166 95.94234290688064 -11.259871150168351 33.703131081088316 -94.90691638553047 -66.65999204995931 -49.245389477539845 64.04482634124943 
-93.23236757259905 -45.036637568078184 -53.924554207305064 97.68611570405622 40.1255003485565 -73.75109435472693 62.30874944992232 -82.49699178396126 -58.41832339957651 -58.16220400763552 44.47093820516605 64.8954395071184 -77.95850639130475 88.63254843560222 48.99711069375837 
50.74582726769498 -12.339355033113236 41.615448006730475 4.347484229226353 -11.9023874626766 35.6571448360412 71.29626960853577 72.99786883218931 25.14330993635734 11.447896207043271 -29.440367822643694 -29.456595604247937 46.23619004727533 -40.158461460653825 91.14894646086935 
33.107339386797605 -62.8898678196496 8.91156407981326 69.88018948203324 -20.84539930642393 -52.87253930514153 94.47360405275069 36.18178241971478 15.20919578466004 6.792152923139639 40.41997867222909 71.88352691742878 80.04023600342313 67.03173337710189 85.27940712902267 
-29.566502811604607 -2.3722339129221837 -55.779156347278814 93.89586446378595 -86.61318828689097 -46.03640883767375 -89.67683822187422 15.5818630808092 96.38621868427427 81.52960758633182 -20.5621206754212 4.119917315189085 91.27278793928824 -2.209221476392642 -31.14452810943635 
-7.636626062750196 86.76434187158338 -34.3695527911956 -62.23698873300761 87.93130132243289 12.109464231924477 2.912966124354625 29.705276320796884 95.64353749123242 88.16442050650986 -67.86108091907471 66.23393512270434 -81.0536210209508 44.77467500341149 58.25783872856948 
39.95485944983102 -2.4140846018150484 49.61650274323256 55.85199939836241 -59.44179664898006 14.942834254142198 51.81535680309517 34.036774556650386 26.64005369170745 33.89744725197508 81.4289420011194 -96.08177911611158 97.82088728426456 13.04649820168305 59.03503252016006 
8.722796701708702 0.7368705927784021 -91.02892899862363 51.74124789816878 7.401143501326629 -42.61620878671957 96.87663354515357 -24.368499703069574 37.12312498606016 -68.40377621662242 92.03120865233967 -11.470599126605265 -33.69173909552474 93.55815385576506 7.705028628111336 
31.630685603753022 -66.57625275282618 -58.71543767226646 96.71914913882091 -26.26576107091995 67.2530418093659 12.635316621127274 -77.41546157209622 38.12767051235289 88.08365183669042 -34.49356178774872 52.20672907388874 15.92382298330348 50.94640298151873 37.93662134164515 
3.840814304437032 72.93839005797648 -73.42176129060512 29.658002426339124 70.38484040033362 -80.07370739877987 64.46535059748257 13.163425765390784 63.245999665806465 86.74287469410876 -92.7616454094798 -40.03503013455463 -62.163490962090506 -84.50871840239016 -73.336994855516 
58.90905513071982 -50.07400688854842 -25.374957489434607 -7.968938892999461 -82.13745690750272 95.08414575303436 -28.49129195719901 8.412407822908975 74.47174235646114 -58.44298387913991 -67.1558756427072 1.1672965184643402 -4.4248608902301925 7.716152922650224 -75.06627827706045 
86.16242978056698 -32.56636644576683 88.88396816590742 43.525046564747385 -21.25844507049672 79.81877114346628 -30.21225125175897 68.51281141877726 39.82890339525366 -67.27564570071291 49.7363115549814 -5.277576111727811 -60.55609587236626 -53.17276172383756 -68.58479996374058 
-41.569588265159 -32.99171799426388 79.40821434026299 54.93470845637964 12.903721272970444 -11.104005590929404 -50.425706335518484 76.6701968528316 -78.64918181083812 42.70205023833583 -20.225038796989693 -2.7989363657839874 -84.04018002522207 65.22972661270711 88.89924713881973 
71.01937782031266 61.36592613750199 -75.37456776377851 -65.82445948625433 -39.604130554504735 -45.42152425028012 -14.859336760584483 27.840677903228723 13.308380961775669 -94.92641220549056 -44.13726513887366 76.36111720188538 31.52453143985602 81.10266948070208 -36.72518167004664 
-60.0161150088681 56.943164055955464 3.848163081896388 -89.41966704408178 80.41769098835124 44.1164906263553 -34.22013759997384 -62.38291703656178 -10.52550878332417 51.736100510285354 -6.712984653946833 -82.70257325742492 70.407064934365 -91.51688573382928 83.78772403120024 
55.07107392145346 57.112321185967176 -87.71884630826166 -49.97361467367683 59.604678264165216 -38.39359276981868 -34.96006445482193 -92.38910709990161 82.69056167856655 20.501866672383713 -45.817876756960516 -12.13073243815144 24.639810935193623 -83.42729183731612 77.42772331045151 
-86.81338678125621 80.88834526054632 -94.4327116325284 42.08847413733963 71.24977847677988 -55.5304628577951 27.09645441019765 86.8168241095398 -97.99542680840526 79.18194024340448 -68.3107301932138 41.67826769243129 -35.43615666431012 -99.38734776144567 37.65556125728716 
33.721495076173966 92.5728665819147 3.593244166077554 -95.70875547752493 -70.44668273092555 -88.67557592419743 -53.68762130439579 -99.40575445058843 19.860154571459915 -50.468256292596166 19.455965880989083 49.86843656916895 -60.73192164929435 -45.68401901980535 -85.69575801344705 
-84.01637741825334 -5.585296360145932 -84.6705370250517 72.4990694391995 -35.30792201073845 -54.00129135782017 -48.91975774035162 -55.08170412308151 -32.93246000057597 -91.91961056314422 96.25622457959332 29.467909828544833 22.827080619232532 14.364162548296918 79.39218466317234 
58.860750730757786 0.6539015489082516 -34.58102659437819 30.782376374954026 34.00457521778441 15.960168077614583 76.81753002897926 78.77860664217968 17.89434253838536 68.28983985493886 -43.83137478005234 29.164085951218624 -28.49228795972425 -51.7493071654666 -23.069156334564894 
-38.480890762954864 -55.31156863007433 74.02839673660606 -64.17818188149597 -41.754822168265626 -19.713745778389267 -34.17483139264246 33.47998993134155 -56.9923100022214 35.899123281363586 59.35280181396121 49.0488244761674 -47.17152067522434 33.53810713853596 -96.61761310382334 
17.334919886548406 -40.42567090378684 64.76725553634802 20.093561126905144 -88.96946958160581 -10.509186583379673 24.055237656280482 41.19580261476216 60.345825093365164 78.43275291304874 46.42137829956525 17.105930619681217 47.45255129624587 -60.7913379104021 17.878194974230823 
87.61283474797361 11.674920272500017 63.71279209485809 44.438901440691524 75.31844932978814 0.7715823339851369 -53.374403576218164 35.13207481552928 78.84363924298589 34.01756513308979 49.001545914479664 30.623761496546365 84.50471837000913 87.74108435846239 -23.02991471005518 
31.27818834567782 -68.89668393784405 -78.50344470609834 17.31902005736727 93.16131402695709 -58.7555418816831 -20.411562141562058 -28.83989559147666 -0.594348116454043 74.00063720245458 -33.76345655298442 -31.288571567888354 -23.162455782901617 -16.17690555622366 81.78622845626563 
63.57920668423665 48.47001789565476 45.6299309282671 54.11769795573946 27.276456290889996 30.01445039183085 13.01575909588368 -50.98343595835701 -29.537205008404683 61.64899674749603 -86.63692196215271 59.74563143555548 -89.58909816869883 52.714112564748774 -3.977060482129758 
-73.74836674740845 -83.78043849647558 -23.254104965640778 19.341644510881054 28.119895858616502 4.953898513124841 44.19074899662846 -24.346521231293593 86.97862968124292 -82.0824888079388 -54.07275268301426 12.750565206982074 56.74419904206317 9.965010023318314 -31.928895209029577 
27.353578609370217 51.025723341186364 52.68597311663001 67.87864364152921 -40.386844658186874 -65.6891390865081 -52.90876122116555 -75.82609368937285 -88.73980515693383 36.28977070577761 -1.2255251313285669 -16.77605569634457 68.97133812831194 40.104641665698665 -17.298115732038184 
19.343516780573026 68.92267005994034 36.381904487326466 -23.55808876944623 70.51938060181467 31.55805846381523 -12.533334850543525 -67.59475258973471 59.32460078431308 32.433245411163966 46.278681941395746 -13.769846100000166 21.773885818765848 -0.5046310264190481 -32.10616759256703 
60.34054060921409 7.922643261835205 4.935794523515938 74.1912414259842 -28.90094102549942 -51.30657375011347 -61.1340219436064 22.41149023393909 85.00218156953181 94.31125671779915 48.774257699999 -87.98578179725918 12.855872775689889 -63.11750496884181 -76.79853244547027 
-38.06533103829368 -28.81421932488155 4.604206879784115 10.281420210579498 29.503736989073786 -29.004563634933618 97.71857289280558 55.894273892060255 -84.84609274353667 -18.56054466654183 -10.444513247858467 93.02861451618446 -89.53762861257609 -10.912497336756658 -13.116079189477276 
-39.51585793408417 -78.44289144052684 -21.925162401423975 -97.83175433932317 27.75936711066666 45.36449466421408 -65.39296674546364 40.23223718631172 -52.41815222443626 23.757075576057687 76.5542974822321 -41.967429333584526 -82.30216010853812 -0.5583466951725597 16.565785630756253 
-8.946900551871394 -59.656470685846365 40.71281042843319 -20.130719086735937 -48.89913190858542 92.4452579437608 51.734788867860004 -90.1199506457456 -66.26249314952489 35.54047152318262 19.019080764868974 -50.47674795842274 87.81678188448618 10.348674881443529 -43.77180613580669 
22.766940741056857 -66.940706322507 -2.3090439694948657 28.584430351927097 37.89822717101475 57.48992410007449 -96.78287344190512 -20.679207302523594 79.8955221787435 12.21847720927309 -63.293358278577 68.89322157994272 -39.93883114258916 -9.08152490475193 71.6427357927858 
-4.318756095178955 39.966117019767665 13.458754163535332 -41.88987582642347 15.65813000817829 15.370293155829273 -21.916696944830363 70.9328967408149 45.37648555077385 61.2963623563019 -50.61874759123513 -0.5816651841565914 74.46625393543823 57.31461842351621 92.21496578546868 
31.126012779790273 74.1438333789776 14.498493428923041 -87.1364671373766 -24.515223867664602 32.49138866458395 80.02323928255464 85.10057220682924 32.68922659379288 -14.082963247876123 -98.87958913581146 -3.0383518528652473 -63.92600491515916 -19.955684016383188 7.493826064024248 
41.467279538356195 66.04838796974454 -30.69624595358944 77.26590930297107 50.263471478969734 7.765147350132068 -20.03131283979178 54.44011870619164 -14.440538273632825 -22.712144459082722 86.68003502206804 -54.875590956715456 -29.912017933152242 83.70688324086476 -32.7631291650831 
-41.64428556600463 -52.16402019103925 -64.87297130421159 -35.19069241622452 -36.24706724023101 94.02553498868764 -84.9534476686888 36.362906917997606 12.501316952812672 -53.823593306503724 88.6722313531094 6.173285620247299 84.21226363993895 -70.9875471116457 -76.98695055002456 
97.51219397639736 62.044572558824484 77.02292028632607 24.18848702235661 34.665111162431714 60.27198962106121 -1.1954353496145416 -76.21817175047465 1.1326202492719801 -17.694074699979282 -99.57868904717874 43.7716525995632 14.182258008269528 12.218095850159159 -2.732568721531777 
-70.7622637507872 -21.471895611166715 53.87032217779554 37.463280385941516 -28.367646303513666 -10.319931660243412 46.7252662962799 77.36124957955616 -8.566774586180983 -39.00554959931342 48.73729002809861 -67.05777613550495 68.85930422670324 -2.2155929251738087 5.7036245149908495 
-33.218940096744845 15.456686860780124 -68.8599897216035 -89.52393761600842 -36.69953013040048 -6.551072959928632 15.605684013325586 -46.53780329583492 24.216878208225594 -4.261553929339513 -96.1048238121464 81.77615639944068 -67.59470008756003 -62.134754242056985 -96.48235027075758 
-21.741661134694468 -31.465509176112903 30.321615029323056 -18.119773498603394 53.214305993567365 -46.14179556629436 -43.29128922182426 -28.78414095929122 -52.33902082922142 38.119119520309226 -54.145813665409605 -22.627968363998946 -71.77936708239174 71.50476742283558 -43.32291363274354 
27.777005043434215 46.025692263133294 -16.229219006247718 -11.319318345247424 -42.87908398163458 -40.733260007783436 29.762634819847193 -98.73941406133788 49.48489337996838 -18.186820845396085 -98.23724617788247 51.52412090847892 63.90858922309437 -92.49491164825739 54.65309097585444 
-6.849411095684999 59.96219682452107 87.4746033732817 14.339848938011642 53.53750426138893 -16.04219791773538 29.545905784106623 -35.10488638173656 -14.946943128981815 74.00567514117833 25.215758179645206 -72.05203753532004 -19.258151280872468 -6.259990185254878 -28.82543028339488 
-6.083097423438929 61.43731329136864 67.8372567562455 11.384673785136371 -35.64971473187725 23.692478651019755 -30.18277088511651 29.974050884568697 35.74444035747675 66.63406795337548 -50.428651428333616 99.87112832811698 74.95851720860486 1.0870256006853936 37.973069717137804 
-0.8016736219565388 -69.08562647059198 41.089549963399634 -60.60004823773828 -95.77275027222174 84.63652530520079 45.99427710888841 87.66108041158907 86.62908717139743 -81.10478614381611 32.97149362313618 29.242376833279025 51.2579966696573 -62.936047250784945 61.11971406884953 
-10.203138407429051 -79.24752584783805 -54.8582439150755 53.86513738533159 75.32289998812544 26.332847781553426 74.69335295082084 96.02221268057 -95.81077577504813 0.3203550514030695 83.30067854196989 90.1589350021373 28.86926699123285 26.823040284044623 -66.13386473190776 
17.963696840939633 72.41503511662381 26.158920049206344 -36.03791137471368 -91.87184947674056 -86.22872423551149 -73.76881229671037 59.7855366010717 25.59129210490414 59.45866150169519 -14.24804372171846 -51.74171001554655 35.975453847161305 -78.87553889313644 37.93098276627447 
52.20094682668744 -31.534532184595804 -68.56759203924649 44.573726530880634 -28.972754313357484 95.90857381422884 -23.638185904964033 -42.8059152864499 -39.46407242334584 29.253509207036387 -81.22461105679237 57.4569178967553 -78.80217015736228 82.06622340213755 -99.52120044339424 
6.147010443051144 96.12180877389707 2.005929293010311 -7.637625681157061 86.73478751599765 99.68414605445724 70.50329925908895 -46.470355936028085 98.18787014426312 -37.789382680685634 65.45037617559791 29.61320802601216 96.45789637677731 97.67445701876679 63.458060024744185 
79.9541873002355 -67.16941821884035 84.66116013806891 66.45385146545664 -48.57213691648887 -4.188116711023014 8.200678265832309 32.60647921228875 14.444684280989932 -48.329989350637106 88.463699790611 64.62719869957857 30.122663051385075 -10.405933173783126 -76.44134645224199 
-94.16420386277706 95.42047908362053 21.34145779952337 18.491302633081858 -55.79315064502117 -53.16426603839519 -93.62523861319343 57.950447023690174 -35.19783504983354 -86.98401150839786 82.18220333376911 -68.75098984578344 45.11541762356296 -22.787999529659047 -43.30980959252641 
-63.04551490502652 90.88684902113806 21.51210386496622 -14.777248175054012 90.16518555698448 93.58699699357729 -36.84296799208213 79.25850855662918 -18.837022054519153 90.13923968180197 58.37392259389702 56.366879403059244 20.671974520312347 60.951431018277844 -4.571087447721098 
-3.267110795217974 75.9807937849705 67.7668754979405 21.76607621081665 33.211023649324034 -4.294857560453451 -86.41315318052874 66.20155647588729 -46.48921745536494 80.8923139772177 -72.44854978921947 7.657429836114233 34.084858050625655 -46.15273705467524 77.19188198163855 
-46.3979781048218 88.77098302962864 -12.450863303695641 -35.4746299551945 71.37868315442188 -87.68560145134325 -15.015649985656722 26.932938541746836 52.32081996206534 95.4968607712157 -61.0449112342808 69.59715440583182 -93.78944467476859 -38.31556762055213 -20.380807056329544 
92.89492868949634 -69.01614955193507 47.02489765249359 -32.36530638849422 87.90102721271558 -56.35253140199781 30.498162280842365 -35.13184404682302 65.6741816001207 -35.44409327979369 2.346427690769829 -96.72943728495925 -65.60469148909274 84.903473815447 64.40816882268504 
-74.31006109605903 -31.335132064970452 -82.12796077552862 -35.007085898306386 25.554732855331125 -67.39121202948346 55.3861213485832 -3.7874056843810564 -14.438665044116135 -81.0347068218455 -15.883684969890766 -37.07794453847511 -12.028056493830135 42.26117881387552 25.250460598347573 
8.66305886159391 64.38482446923211 99.65914246568482 -15.241656531471023 69.00751775718803 62.83077949552103 26.60516086942073 -67.96445999367178 47.66532757238136 92.334872134356 38.609169368283915 -22.80672281631857 -46.4651065978128 -17.17192110086505 -13.52082682878249 
-15.661766732921237 -12.63176337831166 37.962252024640634 99.83816561579465 -22.692033613699607 -19.65335112408104 -76.21950461315232 -65.40614259204887 -69.18019923532003 -72.15543607493768 -60.919233569047805 52.81161075267161 -15.832302617268795 13.740468629468296 17.977044741176144 
21.63795878891908 -34.75996004626549 -93.53826927670528 -84.82482523241437 23.49909786040483 -20.66575359013285 56.46617429331545 -91.60058772037357 -36.76266590229504 -28.933501179440498 -4.361696492818055 60.42403188109154 -73.9469990186949 -97.35847696308349 -69.53913653052729 
71.74262643827362 -68.95794812339369 15.62195435569545 88.34359181825008 -66.43683264461666 40.88491136281661 -79.82894997096388 49.40792881031072 -53.34946872346586 -15.766743941319291 73.0522599227981 36.858117123597594 51.984661330718126 4.358918893272957 -52.3415088504799 
72.69137139214808 -58.449613922844975 77.31834638758943 -75.15209678452615 -18.94292583165364 74.4506144930007 -26.121396927793867 12.721241791102074 31.620087500086157 87.54973436400729 24.229484274457477 79.25724402711393 79.66798181512416 -69.32891488445749 0.6204416306296707 
-62.20582118833231 78.82623941483251 -50.540407208613836 62.98947726704063 -24.008340400992864 43.52203219939662 42.32177267665463 14.716372767137528 74.35605989401597 49.89985453350073 -81.08562590828284 61.54674584837824 37.84989125775772 66.24887969656893 -30.168451109667842 
-70.09286270629113 -56.147257316220966 -86.02516972426974 -20.40261440172108 74.22378287471957 1.9404348065057206 -88.58233537529973 -36.4527223153394 -0.5382243139490299 -59.2605534708901 31.304895545232256 41.497316331350504 77.9197278282532 11.691922327459565 26.544149730289007 
-69.79962597557498 17.570078918633712 84.7372930080166 -46.357430370099564 -20.81307160625275 7.491264398400659 -42.28783485960057 -5.500299472246439 -27.999589124718767 45.89625813493444 -19.350155224263375 23.215930926238997 43.45206988868151 3.6392755964443495 28.39608368759764 
-5.664810827334051 52.77163278912974 3.4348532747841176 4.887034917041632 -54.092264440471105 -93.43016771628395 -18.901572918291308 -44.29299315373887 6.577849804022293 70.6414781844885 3.7735062120940626 68.26726815775206 69.51987855813158 79.2433566623667 70.63051007965703 
24.07683328771681 -3.165027767310818 25.949251872202893 -50.73531847941517 6.51137127607268 85.66107147947446 12.963423807651566 75.57971246130336 20.727418770131692 -34.334795005964196 -44.11508070430277 79.33262618723339 -43.71582271828014 85.73546368491355 -20.206883604722606 
95.18522646216269 -85.24115441365865 -92.07106744525753 73.34895780516143 -53.79576019949637 -14.37362721582653 76.10955999482545 -62.056518338174 22.14735467400051 31.266920818986108 13.242373185625738 -11.41493356644591 -82.35298640316672 62.74727886981722 -57.93334500434035 
87.45603829374159 -67.79136576358438 1.6930269202589727 -42.63959020242696 37.9534521285465 67.77567107670592 -6.214182716480437 -30.821024758490495 83.92130460020937 -56.28122296327671 87.22643901704424 -52.56810762224144 8.084007829475041 -74.79420273627161 22.429154451694757 
-49.30836757248607 97.6077005420565 -87.07494677341442 97.8802711818949 52.7408229780321 89.54817825367215 -74.55380598701416 -92.22388125991799 12.053281452350234 62.33000299266806 -55.86860693951428 -2.498426956096125 -43.646305499211955 -93.15619105336009 77.84551584144103 
15.990006684779658 70.26658263341858 -74.90655057748017 44.16070712909982 -73.25200004319008 8.92595314195934 39.93562755289412 15.406960166649085 -7.805596906510232 -60.79333883820554 44.079869406252755 67.72076180768792 73.32112619313321 -21.81238456390726 87.47148794167424 
-48.87019947937576 -14.492737568775453 70.63851010468903 19.434236496357187 -6.325639442847631 0.6755947306815244 -55.30067942906904 69.97894361016824 30.40331459722171 -23.077445736107123 -77.59671172016857 -13.048266263173119 67.40777363750627 -42.70325313508505 -27.073262803040677 
84.87293978132115 -40.52705060493415 75.6583223787292 88.35140902314484 -61.33318567108057 98.2253912226027 27.13436737165071 -31.780058057591276 11.326590243428129 -67.18333526550084 -23.611685522342697 -53.70563576144516 -26.514893785996634 -96.10846387789525 31.645634725687387 
-57.569582146650845 -17.16445889750358 12.271042965543714 -91.99036499306186 91.18545698138959 60.78250087654149 -35.73531478873721 30.827338200925197 -25.83779258812939 49.88011834998778 90.15436331587142 -19.741854387765272 43.83842376123931 17.392793099082567 -30.406685438925933 
49.635185650884125 98.9315802595475 -10.373371681618565 -75.81156338876602 -7.090581109434609 -66.18668732197216 60.04637094966657 58.78901784106574 67.18374978707564 -23.69631907867054 -82.8802005098358 77.01419427712398 20.571803854786054 -6.83055384018985 -93.31962224827252 
63.67068262705749 -41.93659153122351 4.539229537400132 9.367239436642592 -41.48074691223835 50.95096677239633 -61.35791495778968 57.66452653120518 16.296250586952212 10.377316371968945 -21.943046477059582 78.12901384661834 -60.085857969848156 21.628721565221724 17.449549161282405 
-32.92719334715582 19.29513235925944 87.41133166583992 19.65874147354066 -59.93486239877759 74.14792698538292 -27.874999516869863 -18.001809523180597 46.124206915279416 25.879465972014827 -52.19462995162294 65.7853878204005 68.92926867407218 30.099183858414506 15.85027624065161 
-61.35199362447865 -11.16833383881459 90.77762037487506 23.61777675791386 -23.881668293064195 -17.350923155469175 -30.036656082226358 -41.38299482848949 -29.28267224623329 57.229269120641646 -50.866347455338044 85.58777105356205 26.076938081879945 -36.427238262093866 79.80726982710016 
16.707112986921757 70.462404762591 84.01028841228367 -48.81918352457861 -75.27061939863387 46.572176762713866 65.15572512200254 11.354326051300873 4.807872919981875 92.00331022867928 43.583806085597786 -12.62135245411993 72.45344684308716 -4.9164654285008 98.1748874377046 
63.562489614437766 -45.51287849295809 -20.329099539633262 93.84693229763454 -91.45231374533634 -85.67608712495911 4.597322913832528 14.747108302237152 -62.65348832373594 -31.885162965567332 30.570289250682293 -66.74382045103573 -14.565031661416583 -52.0783884254459 95.2944373255003 
-78.32838065555012 -74.3541631522878 -48.08571527087517 14.696423026237255 91.59724896084111 8.48234154581948 54.06290089059547 -46.753837278570096 -56.39068370678875 -65.21189022655038 -90.22746782791276 -50.69091082694439 -98.05385500105545 38.453831770435755 44.677642737066236 
-6.045772920074626 -58.00656330847096 9.54011319278591 28.31507819005219 -14.371280721180284 -42.824738785394366 96.42134006495994 0.7793077407793874 -21.81242030494768 64.70054517336703 -67.1297003350657 44.40902271517854 -35.22846240398603 64.83739051054707 39.72309047721862 
28.26722264644158 87.90732773807787 45.22385789586997 56.72777592468515 -38.595790205247326 63.98697640408594 -52.48175414291032 79.20770495881462 -32.03392143284516 31.94165784429768 -13.44323013349478 8.36407270822231 61.3419984798623 -43.39873753583512 1.9454035718125198 
-3.979770518554915 56.510688769590814 67.54352637582738 25.54328427655952 -65.18652800535416 10.13307773269598 -46.88167967836463 -65.35114115457071 -4.691848909615686 -71.53429233631057 28.22828238404361 -77.561972516341 69.4629109468508 -6.5968134630293775 46.12992614718971 
-11.388661732946105 -72.76559465280306 12.59598115467351 -4.536857497653045 -14.201092317825072 86.33283809802046 -35.3319734342447 78.99354157350132 16.213092902229917 -58.87145606336186 4.419514571783694 -98.750094528793 -78.05731399764238 81.63034725487003 -28.82362974455488 
-38.4599104915091 -41.46855367366609 58.696830846814606 -27.998623163846133 5.386728189779475 -5.211063602340957 -36.69972177521588 61.33903415544242 -85.9249730611881 -93.01958515471253 -42.52278531868674 60.020421512023546 50.77155239998953 72.02561579061398 35.53907703853787 
6.314874307948969 13.064027319422706 11.170077113538653 -75.74855693030798 -97.04510471059021 89.93441169135906 76.02266619972062 97.14880835235394 9.812687269873294 -1.9391071548447343 77.80321742074301 -78.05530296162912 41.98193679397454 49.016082074687404 -31.584119792279182 
27.426826712258887 -21.420845341093212 -62.24606838279294 76.56453322547142 41.506757768546606 -6.563495506212291 8.290582422924203 66.81241395874207 -33.55040713020301 -60.261922471551685 59.18037636440644 -33.991462553854674 -65.10008872407502 74.00949666116674 98.7636404962962 
33.678269174918654 79.49167459854453 49.9559202797567 58.760320377348705 58.41041705615163 -23.705567723096138 -31.078290312866727 91.04359390052258 -11.495708513353932 -59.86376974641387 27.283975589209447 -69.19595964079488 3.067810814942007 51.928439830271344 -53.90592417511708 
-61.0127287405889 -92.83075295264007 -71.31414273558687 69.78069937597095 -80.10317119697163 -87.02820079099405 72.13811985178427 -69.62366759131038 -55.97125365069202 51.18977107942192 -44.98818872109989 -66.97681245497796 80.49160671461664 -15.332097998656863 -23.777731730800127 
23.728676940320796 97.36937279615552 42.39848978154032 38.131762983561515 -29.623158231518204 -43.66348994973039 -67.60522488175953 61.431848610902165 -3.475426412840605 -2.662718915689055 81.66499653798493 60.51601400857939 16.000477887342385 -76.43032892043311 16.697229776294037 
76.03834737371454 83.94649520850516 -5.044929387734641 -94.9128283717116 20.00122534119562 10.242007303820813 55.3452560255015 46.43233005202623 -97.36649953937979 -31.374745296243177 -79.80658107423066 26.370322162886595 78.72620040971364 -6.986868850856325 -88.60669216651091 
-29.835954119869683 -42.021262565435144 -1.4214261941033044 -56.71643981592902 -48.44600876189229 58.91621861377979 16.01036713828657 39.90463528359061 66.177192350199 -79.21739739977937 -66.56807410631686 -82.05710247588216 -5.121068915390879 16.50670081154277 12.099630935363919 
18.243277757729743 55.02682448604631 -70.99535217590191 86.35103690858602 48.19491194105578 23.949798970805404 3.5347463548033033 47.70615414825636 25.184379554467128 40.47750250561853 69.03212978638632 -48.540516266176795 81.34776429308857 -94.65086844325458 91.64048875855508 
51.939725437046945 -25.320949989894913 34.54684753476846 29.54291440560462 -49.2422201905167 -49.997538022880384 48.40386088209249 -13.774995976751072 -28.787843357413806 88.94439941267669 95.16288982442927 -42.13866041573884 57.632269878775645 60.28267686631153 -36.87275906923577 
