-28.956053089903506 29.78337112079089 -82.03267904326395 -67.95434089472838 87.07976407823045 -9.082356332685194 93.75856301400239 -15.174460425069668 -64.9762752905767 -78.8619781857536 32.76545942399994 69.85623883482765 41.89006063055609 77.91196693192819 81.73168734283948 
2.0405594521944863 -6.919598110705579 39.186767523320384 -56.88733992217357 -16.36670133614315 14.662405277214589 88.43131985225759 83.55802640473843 -81.45895550875386 -70.77640773493484 89.30668665648429 84.30710701376205 38.4668259310763 48.874500145683584 -38.13181579453229 
9.454163697691342 84.00116461107393 -81.14936971691844 -91.1797309888172 -49.80899659113509 -59.3711076792186 2.920542380444971 -11.799271861096173 21.53656615395738 -79.88041675532405 30.846602446367513 -94.9041306546943 -69.8771565579692 -20.500842902509802 21.971227695947064 
38.025893582950545 83.1027396649252 -58.47693426545648 -28.58903846570786 -73.21835691758871 39.27816065265844 -17.556812368521307 -56.54395015798932 -75.89916032906024 4.317131800389859 -35.11097668051235 55.16469701935583 -86.27803734904795 -56.32522346283568 -77.9565247403871 
7.6712264517509965 86.47867739999023 96.27075364786734 -39.186928357557946 64.90774936849323 53.981023594500556 -20.922682941407487 -1.5296771153433752 -48.531572531887605 -44.485227078944064 23.66642246585981 -63.4397991473054 54.74567714209863 -51.073184969024624 15.97307989517472 
23.080706597233956 74.84431347697179 51.57886772893599 -77.25928087632556 -45.622496035888595 4.065155684415657 -35.065830249883206 -6.960524924586139 67.17725293057231 -83.05799935759255 92.89011357724789 -59.58955791978093 -25.936636169252353 15.672733151608199 71.7680381306061 
20.40510792713745 21.298800825713826 59.95790466516823 -43.41563535442343 -55.61889534172981 -8.04345999337744 61.28784308018993 -49.715219339707126 51.96389090667682 75.4809326301822 35.497369630331605 11.394192470732662 -91.41265290805624 -70.2838268080801 -18.650723589806844 
-84.95867821106233 19.34817709725054 64.81004047622784 97.96897562563498 -28.210900464441096 44.512272355535316 -24.682596592223632 -70.9640036136626 90.3036230907957 93.12746307040481 94.53346145922268 -71.79208453565039 6.688164091310497 50.634008376081795 49.52367390248469 
36.814328290269884 -65.46469877934024 20.241089233045642 32.640759501219605 -13.710960286402482 -64.50370537223169 96.84214525967681 -48.16383923350895 56.71544492644966 -42.93794506304851 -40.64533364730192 31.53993453815076 -95.22884152427116 -4.992624040719392 -88.76535682945301 
47.958592134239325 47.03735859210363 69.22845169917434 89.09047615588631 7.004176882621337 -93.99263828285874 -62.25708007868591 -65.09556262288439 -38.59736021468774 64.73131444660015 92.6849546731552 57.48326961524714 67.32642840432734 20.817174678672217 -69.17412063478614 
-21.19568494649593 13.943697162585124 14.305346698222536 41.28092537209011 -98.0526700380105 -42.46674358676956 93.39016300911055 59.25288102687952 87.42433037141228 -98.63951348217701 73.59592342591839 -32.10557029871552 56.16225887498581 12.99318875262641 80.29708069736205 
-14.612955224234952 -41.53044908639845 -44.831289362880746 69.18674077322646 -6.7785968794868126 -94.25695822241063 31.54315554476429 86.22207040606216 -97.42941807923961 37.04509047882419 46.14703775642383 -18.78304817796672 -23.297556899932687 -27.301338889108735 16.39434779672399 
91.69046199752998 98.03593550052477 87.18063588332583 -97.69466256208699 5.564473942778747 -88.21588246959553 44.340534238773415 26.252185294238203 -25.87203867478982 -14.318157155104004 48.83513620032437 -2.646087899194555 77.21874672580589 -28.86209685438513 -65.25157338186031 
33.69877469740891 66.74197937335069 -87.6846640274035 26.560786596071978 -94.42927734546689 -69.87179330911384 -21.92063067525926 -82.36178873612185 -21.01315085090451 -12.982392337576272 8.15355775569617 83.06622971715848 23.410904902797114 59.65014920867981 -25.68832019633372 
31.348712991406813 -53.07146928546969 -55.805566631579474 55.394357252846646 -77.14136295769964 -94.9776538955143 0.7268929236887232 33.52478438689201 95.21241616570703 36.47434282346754 -8.350071885015183 37.43857034954138 68.7833882508333 -80.47774008953321 -8.420851654506123 
-51.579383128355396 18.75748753670048 16.341220732553225 17.55213637235724 -65.27374344635864 -2.5953674664647792 -6.3302537754582175 -84.26681324588282 -97.4196442827514 21.353873721670638 27.362032840333427 25.77924230771609 -35.06027279465138 -16.25282703579458 -52.684703423591685 
-13.642791284667084 -95.51717960142987 7.548588267762696 60.378258263854605 -41.174187285554794 87.26890337325887 -45.922914503133285 43.09313145216848 98.6494899330412 30.638450622005934 -78.20043621521117 49.34855362644686 -43.603881463494545 -60.74831955148332 -44.317004454813436 
69.11186614347949 47.1574092553812 -19.588881370841804 -61.9338819959657 -15.773318792479188 95.75235069822992 56.73193734080658 35.34197348965003 -44.737673724836434 35.40710154541995 49.46604708569316 -85.89567559249733 10.780292437712575 12.550830145394059 86.7803287579643 
-82.821563032818 -45.033774161571216 48.53211621399805 33.72559105171052 1.0223696909892794 -52.49545844294248 7.158287690582469 -83.29057032417468 -70.16052853627968 98.41404145451759 -54.84067252424416 71.42678070831295 -86.73264371155463 -79.4442412600678 -39.67605759855326 
15.714423233096568 64.25920438521487 -32.161167908920476 -7.978193901015885 -28.894406552767734 31.30001768053404 79.06429622855623 70.25565332994799 1.7499763394925623 -44.68474651084018 -8.411904916956644 -83.46817329425579 -7.912634275833469 66.18299192662803 62.31060502898592 
-76.22530656881787 -5.582863571566719 12.158538106979421 37.3121273503109 -82.30884480395204 35.877005860209294 -12.258550948812186 51.38957475624068 83.03563054945519 7.05426912974923 70.78281270958695 -23.665815929264383 -65.14169052901433 83.39946536247817 -47.697342392400245 
-5.68175191991007 -61.14671393361335 -67.50618110476657 26.54777702527707 -91.42994904406767 50.78632338311914 -41.20706759170052 -67.61232543957911 95.66189116841437 -64.73346577561234 56.31766474008114 75.49836522116772 66.01633967671322 46.83209437773172 42.42565232632836 
6.234419466971957 -56.27124192249018 75.2857502571596 -96.36171987457125 66.4731814109038 -52.23537611035858 97.50341746763397 20.93967530230789 -4.933348536329078 -77.68600814898399 50.339497258578064 56.65306704713248 57.75528698088979 38.92300945191201 -38.78941789428403 
-73.09300656231481 -65.50117767973205 93.66315168171039 62.88218031290097 -73.59935681429421 19.331043873803154 81.48857595799285 11.572511585380155 4.117833708685595 -36.32931031321327 21.38935191096398 24.316552402846114 -55.48891415483188 88.3488298634704 -95.98582355602964 
-37.56725256375133 79.79422655523726 18.714443622760754 21.423944825148993 0.6137455207751259 -57.49712876254909 -56.68434029178408 -16.367706716534315 -6.313857003396592 72.51377681916202 55.219428873289104 -48.77217679380106 -23.16820938893285 89.66996583744336 35.509288473715685 
-9.92651748760214 -10.856667839983075 94.84007350864547 84.97072973024385 -68.74059073238259 27.7670126059173 13.567295459782144 -73.45793821482019 -49.712499237871754 -40.70701385935374 29.4320708936568 68.58836338151349 -91.26211987488426 66.4978575670221 93.76135303731976 
44.22669364158699 26.5473012000528 11.948881873569462 53.996653606324344 69.02415711915393 35.01987277040908 34.97963015983291 75.3542791577596 42.13102056258319 -95.50423587252777 58.9853070151907 81.09516744181335 57.52302706206606 92.28006515998462 -57.193528506745906 
8.053931368500457 42.5272072883773 38.929242665804935 -18.612646398347053 60.593214178116085 -33.25620856752232 28.85522502760608 -14.467749713877183 -48.940444906694935 76.93812426869118 12.676451334047783 59.06308134307437 -48.63701114840793 -6.416056427027385 93.77530895419918 
-73.1229831064017 80.6096926292584 72.63771685151849 -43.33271294271086 6.321492206380967 81.13218413996998 -57.842087489451856 -9.670781965767588 -27.273732735429945 29.509357860581588 -41.61846574838912 70.96147334511164 -74.77011028632404 -99.74378784251297 28.242161223082633 
-39.837637749531865 -15.868992473204571 -52.53647960343739 28.876846558637197 89.32309414108224 15.01087997070934 -50.95156794910811 -26.733066255743452 -17.08244783693962 -18.705127339217057 -93.15407821508397 67.37740430008299 89.39103125704534 49.545731195195486 -47.008352664001606 
-8.994652425147478 17.35145025213147 81.55670672559631 56.08074275319237 -6.627606817199478 -36.302799129413145 -63.39456107891319 -0.3648272598274218 30.670138763851725 20.613519020109223 47.01648509068116 -77.6290143874458 -2.465893323968487 92.80496658634857 -23.972978006290774 
-8.777550924276028 -99.93226176099547 23.45180617347056 -47.799206745178594 99.68527039447423 90.00186756545975 7.206166839160659 -99.35396694971348 97.62096360696785 -64.18537707546943 51.27302172058117 39.69839710852244 -93.33812129878498 -51.49508221327051 -56.69420118131605 
-69.17978662717508 39.446641021912484 94.97740475092135 5.627004834132364 -76.77739355944362 -0.3033673468113278 -79.29344422347388 -79.12177995392014 99.55212524387301 76.16420817237889 72.95261692181677 -18.32282390597466 -81.73219902242934 -36.17818496668062 29.862803245432787 
77.46332550582545 -9.749781797534823 12.364532804474223 56.58926632178773 5.2806845915386305 -19.331185366448295 -90.58981112071875 -99.86576135447058 -34.680555776053424 -21.343761381710593 67.83673418214127 -47.97192087160824 -51.614909066391675 -58.25093806622918 4.6290181325206134 
-62.95151637141265 15.021726750124458 80.62220774028731 78.55775845707885 -74.6956526851055 85.78284113020351 6.125408134853714 -55.3105954572952 -76.38838662872536 59.42021273543335 30.127217929305687 76.48654624808367 -45.028752473293565 -57.86602983007374 -90.02731216561295 
-53.079053201854734 -87.79025518596603 -54.857049049318405 -76.03388432995419 77.11563315789164 -99.6736217372312 50.614404716232684 92.91993120054937 2.759900284347296 -30.215682498508883 -15.968824913026694 13.972615471166947 91.93655820880258 -34.103879367497484 82.87130253938471 
15.246819520592325 -73.6873866902046 -68.59006025562051 -52.61695073868871 79.31022730656241 -19.445534452552323 -96.88573804218028 40.182203359387586 2.616172303939024 -50.46518730937242 -95.05927591417864 -18.033136667311652 68.76151486875841 76.4243416665893 -79.0076355679187 
-31.087573850984967 47.043177859924526 98.27466334286723 -52.734617568878384 15.37563059055978 50.10445845601717 -11.1137888272212 98.59606328633728 -91.81714259404465 -25.033423970377356 -51.93640454401884 -42.920008698244395 -12.120897195875926 -11.44514749664387 26.024675914719865 
59.300627408677684 -76.15832329323105 -95.40802303149114 68.58495894782374 31.76730112160527 63.10179201865549 -26.85966555585017 3.259002090401026 33.51725685767258 25.006941614678908 94.98128831774815 93.8200410374599 8.551279022312585 94.76552985686894 60.26537523254504 
-7.01007428860683 3.7931151366667564 -54.39487801182774 -58.62824291898725 -1.6147990457712638 4.850296799158784 -17.8366190857774 -99.3469555276743 4.1010756535871025 33.99160420847639 85.82017266595909 -90.6532524098904 83.59294570756296 6.619069509295954 26.049259659462606 
-87.77946011952878 -48.891297729171136 -19.668817702143485 60.55411974407164 -76.34238001133771 58.005098099011775 18.782389082851907 -81.77262141600075 69.52030573911065 4.588875394477341 65.0332356320379 36.02298907519341 40.20589548648718 -59.594299546851424 -35.61682609817723 
35.199311309692575 23.64755151043431 -51.63068689686268 87.63196253347527 -55.45697815142312 -31.13347683400265 -8.71780317012336 93.4045055617172 -25.753963837142408 39.94925058871789 -52.67817506021779 -60.781577721057076 95.0997366137851 -51.91181389267967 -27.46825231969534 
-77.54957197006642 63.94682828058001 -89.6999394687406 87.15653143476234 11.76158474532653 -3.2372547002944145 48.88823639183491 -20.546947939830986 45.10326241834704 -30.07401327963433 88.3147463550061 -14.976682119132235 61.50861097404487 -43.300436174418856 93.56983125811166 
-91.77448740403354 4.001255057750043 88.4607604534095 -95.41749466593643 -33.71661577488905 73.21156687564579 33.52547879428141 11.0812933123011 -22.69674111097271 74.97135614328354 75.61930930535641 75.31940531944053 96.27891399599102 -83.00843974242673 -57.0156770952835 
-71.65293668256831 53.0514319154679 -16.988740825808406 -32.07120742516861 -59.98617088389848 -20.47339011055014 -65.75079911667964 85.1752290020703 -90.23457227606954 38.71738600081355 76.58318325672789 18.34307625707656 -0.13428978969571403 52.86594169667663 -33.89379886848974 
87.50388875606575 40.72011940274385 32.85942674834445 -52.33167412622082 56.273234332082296 59.960314987118295 70.22996219385556 89.2048460247737 39.26778809327064 45.95527563191018 -14.158473467038576 -71.97486773764028 74.81132368383149 58.61014095173667 -64.9360842379156 
-38.53755105811108 24.813619067340895 -86.5889995256345 56.048709998292736 64.17985549000102 -64.3412032561055 12.765729801417436 -2.825467492013715 -65.74565217428187 -69.47085803272807 8.286733609271167 15.629962194674434 -62.82115039166038 -70.15083637073329 38.1659681238815 
12.438139470428908 -72.62001784864194 -43.4536184467295 -71.63978348903788 -19.37948543926538 -99.92786848100468 -4.704496502562861 96.07197480010188 -29.099065083062726 -9.235669734292856 92.66333196520787 -69.53974539394923 -35.3361447638695 -11.999591609348343 -12.48839544545659 
-75.65494514540727 -41.06829413542741 -3.6950218529895835 -3.4873063862890916 -57.20353146430004 74.84389472689443 -71.92329743130648 -13.854550569407849 -0.7629893571493369 18.164278640469547 -74.51908406244858 34.676830236408506 -48.73456422817717 -2.4698510539059555 -12.271813004556662 
49.382058903917056 49.03403289610836 41.13204258821412 3.3453913648628912 56.71094175362015 -54.29968147966873 -27.57768011262489 37.286871602005874 -36.38513996327406 28.77901165174498 -43.46868817241647 71.54592839901517 -21.735450010073095 27.40276542606385 -42.894859743395045 
-15.332475586009096 70.02948997757153 32.9244688162793 12.44377621655957 42.885109179529366 -73.36745082858722 -17.105416590617907 -10.051058461647273 42.761576802655526 -60.8895567447828 19.69884935118465 -53.99732665007866 29.445401872102963 28.528854954597676 72.18982563281403 
96.82884305835401 98.89638332384214 -41.745114469210854 -34.490194560735986 -42.98968950969475 50.944255851829865 -63.3862675686826 -77.27727789618228 62.62425363633989 -18.47449302248141 -27.021568850675152 55.761914714906965 -22.771703161093427 21.2272918160064 -23.9083103478618 
-64.7133460591707 45.43603181581125 77.27732994988455 20.105705215867815 96.11701450726918 91.3096432677838 -63.39249827668736 -18.788450159227537 -30.65401246505988 88.09725499681363 90.55719144767951 -5.768339981224187 97.51267097111821 -45.3572519478753 -86.89578311191153 
67.2226316986619 98.9236894905363 9.248526231557136 -78.26998839879991 -54.97314890706253 51.734222847846354 -77.60357528634636 -46.926567745238515 -36.36154504475322 -45.41076487386788 69.28858766589323 -12.460654254079756 29.321877495849634 88.321540957602 -33.601942390668384 
65.64061865273686 98.6519331085018 -83.73726713860061 20.110304327698643 -10.365791651808038 -52.27152339102676 -25.739906203269697 -27.86497143885657 86.91095606518479 -4.759318837524546 90.01872699711717 30.903234126242126 -17.00979034808168 22.865316222967508 0.732829819074098 
-35.798849388928275 25.20630732021378 -34.761610125737946 36.48926886541665 -76.49179039302602 -40.9905919537372 30.35901470062396 96.36556879280238 -51.01412528110121 75.42103121183123 -56.348615261961776 86.93554021623163 -48.36297797055855 76.8734545969993 -86.37299832613823 
45.40974077388796 -9.415841243923808 47.842099907016376 48.82563735245725 -63.40235852950544 -46.07640982060257 51.6583561830723 0.009841378576538773 -56.722998061459684 82.87674722103549 37.88723704582176 -80.9839444626832 40.805243812397606 91.73769298274564 10.776189026338628 
-55.520370751255065 86.89786655507203 -91.94229777874898 19.521773982496526 -2.96073297144261 23.849881473114195 24.463975569322585 -48.74193842296084 96.48763737653846 17.825936140118472 33.00428474621512 -32.72179254903327 -91.624893666742 93.88448435415228 -41.413379560225906 
-63.74209869177518 89.33764396681164 91.5428808254741 11.865073181612871 -75.79773042663939 65.29561526480092 -95.58224960659125 -5.9979521078552125 -29.18572021982048 16.421194762348733 -73.39647389426354 -45.650948738645084 38.4534311371809 -63.16896849831144 89.87685279509395 
78.35564361010267 -88.11471771346683 97.21515601420452 18.54547604138996 -15.234361725151729 77.70242445185059 -47.98564130581193 26.753979767125074 19.48683886676423 -29.05696578324688 58.911896798474714 -37.42139385733856 -77.55540300133265 39.274268122642695 -74.59237033387365 
-85.61631763989908 14.97105882993506 -78.49976624776744 -23.727024975565868 91.8545855832937 -32.83996599537218 -75.25473986139474 81.88744907812494 -53.40560371253855 -87.89891343043314 -30.01136603994199 -6.544123407081813 78.99283578976832 -81.63222231103188 -4.991495629362717 
37.435255190799495 83.91046433729659 7.7333429858843346 -70.79396598374362 -21.253095000938217 90.8479229077009 17.702714485962858 -33.026733744040484 -75.66310674712008 -2.6554220279668925 -44.699438291253315 65.5469710513658 -74.29730063382925 -80.44262912970007 -50.444716400067755 
-82.34809531628167 -7.6886070959528325 -86.53278807396121 -76.95370750138602 64.67271067929957 -46.695638218139045 -39.17108369864961 73.84236679047757 62.85424416638165 5.622336286694946 -2.082247247080929 -58.89594249552308 74.54972566117195 -49.82416827019085 -57.80167244045644 
87.2394728132588 69.04972221055667 8.480082661675723 -54.17054889380459 -37.60223809130907 90.59720310170258 93.42516849253775 -53.164838899828545 51.05790026959548 -46.55785038978557 -20.18111542825443 -44.619235365772965 74.75288874108674 -81.81406573722039 43.201112303904324 
33.96591541568188 -89.84271147027891 -77.84645687904535 57.75653537607624 62.72115936142538 54.721783271984265 32.56565583100317 -79.90098014020234 -71.98592379508318 92.96670921763359 -87.76964046127327 -73.15238628422767 -7.642239443320008 24.199499961309016 -5.142313905744402 
58.32930560018929 -69.41758184071962 -33.28284437938731 -18.97025822841711 86.25609640782105 60.72556782124303 -98.36070888031576 62.30622127999044 85.40618160421926 -33.9926121067208 76.14839344656826 2.4591700388257607 -59.47080102348357 56.52040960907428 -26.880792966925853 
-60.1955455441566 -15.952175125206765 55.50296148627868 -92.9957377670415 -44.421657349988195 91.33724548522304 -98.27747120506002 -9.36997391939994 -52.01249392462206 51.75472543598784 -23.670771535128594 88.62819071464344 -72.84679037136968 48.744718224084664 60.20245741577668 
63.30339574245997 63.68953656145325 87.03773255671524 -22.723204785284466 -29.59862657353065 -75.53687929823714 -86.16587553648083 76.44322550265645 -11.66214877851948 -24.583648864634796 72.47676398968548 -53.43640098011115 -47.324156416254446 -95.31465535222516 -50.37229459539952 
95.17790632320188 -62.78626858177483 73.50561069060021 36.60839971348696 -85.97421625891917 60.6020559328866 32.61593501934368 91.03900613288812 31.66326945579783 84.48251315868595 46.453575134063016 -79.30719567512705 24.890747256425286 -44.59452354917153 -51.71948919782567 
-79.47140868114349 -81.58240746882925 -90.49167635837803 63.44202366913737 -15.10391191779243 9.438592515399051 -79.43596062860664 15.607799755157046 -92.10248477799085 -34.4905023400041 -9.757422500026422 26.911746895122974 -43.777729396859 -41.16290993634166 67.5714838917824 
-28.161097857875376 79.08329796217447 68.95742745414898 -43.4856232422901 79.03695744830216 70.03565941008912 -9.829381868973911 -14.491291220631311 -81.57139156176405 -20.357040534836443 25.155262048728062 -82.06686828046143 -14.889761253390986 56.843976100604664 -51.389442974493214 
-3.6412492574845032 55.60496876630546 37.115915416577366 -38.25733124808573 -39.28729894614911 -22.207960690949037 78.20886699023814 -70.95054032696137 -39.16429173082798 -20.89792028170183 58.71362512773587 -10.514466959199112 1.4716371592686386 30.119648818545926 49.779274665659926 
-26.839472266990796 5.189596260006496 46.62111745344373 -94.24588792457533 -81.10153664211808 75.4855325271441 -90.3218394605567 -40.753481837385785 -77.6244944866392 30.758022672082177 -14.023249965810663 57.424009904268246 77.42742024942086 -14.585016976701297 -98.72948396080643 
-69.26029933160922 56.22185770733819 -24.000270837054558 0.3669339544920547 79.76567810605931 -73.74985483815952 -98.9613791571681 6.705637500985915 67.92267431325286 97.08034790124981 6.514913113429628 86.28087976651528 -73.00235962661469 -69.71227322276339 60.06313642939989 
59.68624056898244 -49.42259186204825 -54.25513381325846 -8.165663429053495 -77.0691691569468 6.746948067853793 -64.72383219094394 60.21453702427516 98.58925457122899 -93.38585115647477 -59.56684612623526 -19.754483396872274 81.76606874410305 -1.3774747442346467 80.78959437247826 
91.51721943149752 53.33635816416543 7.747154230896555 -39.56792479530069 22.896434074928763 66.26490305664953 89.30358848897237 84.58925123259044 50.231751845727075 -98.6273696844704 -58.651614112130666 -80.16052904708164 -0.7811338704216411 -23.591290105479843 44.47821586856719 
4.737202542807523 76.87782028671845 91.36885512613586 -35.138218885684736 -4.501566116450476 -89.39708445189254 73.1620009142575 -92.30479546396973 -14.441823403977367 -89.25717425697601 -70.08237163309785 6.156028233225939 -1.4618063671810262 -77.18062226263368 -15.177711037791283 
-83.2983264248461 -9.485389105690373 -59.99603037734116 -57.37057368388374 75.4467355752567 -45.747696654443274 -54.798146615746916 -80.4715554298027 39.59531534930255 -95.58841401333834 16.43607830190483 -14.182485322670274 1.2652661515712254 57.39844452032011 30.541135207722164 
46.44202304431664 66.62816285949845 37.992215141512844 19.72909310862454 11.951256986583331 -79.27364931946784 -76.61576841023646 -76.82272671851267 89.42298233018931 -3.8752054452931617 94.81689482708444 69.156473527224 -41.706028381067185 -98.60010522578979 52.84662437247704 
81.65333832283488 91.14125768381129 -99.3963836951902 11.682649397072282 90.17875843391184 61.02107505542887 -44.183624215413644 93.04074560214892 66.76916454761326 -24.78935889209268 -64.32714482742443 43.9460691614957 -74.47272402641309 -68.32463399195605 85.97197834149199 
57.29706439890697 -4.689569497750526 -69.29966476413708 42.772148691264846 17.841964845769894 69.93557912625084 -50.42656266427885 -76.19165890812114 -93.09730554006626 -92.3474088099668 -22.894532644125533 -13.795571903747145 -58.74625167470906 47.344523365540454 -92.07965423447382 
7.028600306849725 -41.01628646996425 -50.31558636846152 84.5980120605644 72.81581276656112 -69.05807326469917 -5.476052875853711 -55.156326170858414 93.95473024751385 0.9790908736884347 57.90800682374589 6.850332851544749 -6.2032997239543874 31.841858636141495 -52.16937248677274 
-59.519442935837866 -19.283138212574585 -52.37793551673655 78.54464795278923 86.78310916316298 -86.53812151544406 33.719326253703514 -61.408833193787935 -87.49634594038756 -68.77855193313871 -44.9121373159618 75.76550975605934 -35.9368265492718 49.87657962050537 -15.400491197809856 
44.0089376170547 -7.246406128712323 31.869858600817537 -73.09673767385848 -21.512971330863678 72.21302188127109 -50.721634719046364 -39.683828363974996 80.788235888809 -10.115510931472429 -80.64633372582195 -19.232044431497613 16.918698075297115 48.27780504897916 69.15980676909578 
6.951054458673028 31.069821417081215 -88.14899347043499 72.90302340931646 -15.664749425376414 -35.77490780629631 -81.27870441380382 3.9898765041522353 -3.7164761542250346 72.66327841473063 45.93841282107226 -34.611237657502954 18.372979768913964 -92.72642445580107 53.35598412650461 
12.776236691726155 69.8882443610544 88.69014573539843 70.69758948890828 -76.28364361739439 -75.17768465060288 -30.101413876286557 93.60285098445144 68.52906992106463 -41.528162580553406 77.18061784502473 -44.164820249130884 -80.98698713883184 75.02041719826053 58.11351513394928 
-72.35611097681316 30.405270379502582 62.12321096598302 -43.73958547931858 1.0714474977223176 -36.698447748797825 -67.87150322207401 96.52216735508117 -94.72329796981059 41.29826910516505 31.033471212213044 -26.9148236440014 78.08899000418782 91.05328868226863 -75.30690484975958 
34.00570399541425 -0.08813194396483937 82.40886617220642 -41.958532543654584 78.41959873580225 -55.81502004656056 -36.027898740781986 -32.695451605534814 8.60502968976418 32.12499370619881 -7.441156124671352 83.83106324184479 -68.1349576924476 21.740106060899308 77.49837208090713 
69.16780026686939 -92.0745745285338 -74.7879869753193 -27.492057844535722 -50.211535229773354 17.907771312933534 65.8612920516986 30.507660539316674 71.42493804873357 57.15241167703374 -85.56489634187632 -1.9853700805543895 -60.68406325317006 -83.36238215558447 -80.63877716626075 
38.08516593065909 -58.62150583162933 89.10460166234225 -0.2065673486739854 74.60278126931217 96.2492839112528 66.47771653483687 -41.250551951625724 -72.60490773308948 67.7000804966303 -62.8614943617307 56.66161907698378 43.72321018785439 93.34204456806708 28.540295964434534 
16.96336223873594 -9.786403529374581 -99.29059091197058 88.83102316212026 -24.567953361446143 -25.037259057198156 1.1780412098416662 -93.2062179319581 45.25321061995945 33.654503237460375 37.23979383420172 28.64148311097719 -31.06424765800125 45.068456226390964 -69.46688262583594 
-91.86528792246767 8.009510815367918 -53.422039070991346 75.88285726658279 17.246023084305435 -66.67624814627915 -64.06036978589728 5.976046089769511 -23.878799179524734 -29.34462814811758 64.37195060673506 -52.40448155793575 -30.94235930298335 39.02672093031089 -52.977405378346745 
-31.484462576279768 46.099679654864076 -81.21497488684855 43.71130013420236 -8.186316281218936 76.88996274798006 -63.673863065180704 96.02152965169103 23.972217303725785 -11.636849289111197 -84.56615758579457 -13.304096360903998 39.20085280634271 -81.08697589969736 5.795032095405659 
57.38109839840621 -31.583450362118498 49.746154941518114 80.68876960848311 86.86861989492297 2.377691498901811 -13.444531163385747 5.318680382340062 77.26469379540302 35.893522192264754 76.47348862327314 -47.56778104170651 -71.88684193718977 -35.832164915204686 83.73285951545466 
-67.27613019158622 80.20431572855716 92.72417951196647 -63.939103540309496 37.33220268676365 -89.33270008297546 -84.34458141583072 35.50131448738097 -87.13955717063749 -11.41669428625886 81.20958016722759 -95.95612836922744 90.55923949552152 42.46665790812537 -93.10392808822586 
65.31993515744233 97.78991484578472 -37.521937250193126 -23.335926031496285 30.070965587592667 -36.476213543263846 -68.56741033731703 34.09178735069122 25.00107213830482 -60.456469522988556 -71.3786578906047 96.11232496035674 -74.10074291655167 88.1574417547998 -41.51614544524953 
-27.736087043835383 -90.63064292415265 -24.333806192370915 -52.69530045193911 -12.439474429501345 -18.093452863670166 34.25416721220566 72.18229432049412 -67.52220877248479 85.30464766894013 -47.00470279610713 32.52989908575003 -16.314124073951433 26.525820552935286 24.989763914976464 
42.779274894265086 -6.123778997429326 56.09023013698226 -46.385328259442105 -84.11373364243244 -91.41494066041236 -61.64290005193107 23.271326457376972 16.24177381375489 6.483614725247918 -97.47599999484163 -61.90657253565841 54.749347977285964 -94.6638299414274 -49.60189845813301 
54.794459858837456 37.812032781128295 77.6986693122316 26.89272261577736 -24.414377490573486 -73.57520663266595 73.88430501616145 -14.842287803577278 -66.68057412709886 -89.81076105650374 7.3988168099038205 -82.86289374725337 -19.431415454763723 -48.20919659215741 -38.477041336368664 
-44.75777534861491 27.458548610968478 90.22107071229559 15.602455403873748 -46.60360160534338 68.1648847634757 -0.2594595001959732 -4.490245094613556 -89.67856119690722 85.25063337403577 89.32012169168604 40.10736151384933 -39.41250302774648 -7.3521562227097235 -4.329105048928412 
-72.5338548603009 57.990031323878895 60.77997799345056 -28.507117993521774 -87.36090693872008 -14.727682002362712 -13.445999925805324 -17.52787360238206 37.213990360091145 43.91006033183655 -86.08661768605965 25.922399629289444 34.58410117062638 -11.308551161566967 21.732571646218688 
-82.66315004551996 95.31977309557686 -25.593733809461725 -8.941625471889907 8.928302635770251 6.4755789837468 -18.400611362338054 30.131281678613107 -79.61023507220544 -10.862268055874466 -79.68824159541475 -8.063599398098859 -69.77819239534972 -12.051574853131925 -41.47286352664488 
8.251696590287438 77.04169953195188 -85.25466166939499 15.994440018127449 -26.14545731184188 86.78783989385235 -9.139165761765284 -2.7724289529815707 26.71628937495744 -28.602004089836043 60.294928725414024 21.59415910492166 44.132988207004985 -65.84427522574777 21.705110923620268 
34.35249895986004 -75.06878015081091 73.58732898112387 48.43848150648671 -21.2527441505366 -49.094558814462054 93.92135619608726 -82.07635358725727 38.52522834521852 25.85885874248976 -41.763116440521905 36.828134619440135 -94.16448853033856 7.809262082692058 96.12272186198379 
42.58154673432742 -72.68344797324062 34.69680126217855 0.7145330926670681 67.87004506371161 -51.67221135384417 48.92544067189655 24.514930121910567 -22.928996494824645 27.095531509637794 -84.18215749258806 11.935192679045969 30.61886460061686 89.06250456982923 -24.174566742115758 
75.70618769860863 26.294415667666954 -67.92670180031364 -2.9587427115913982 3.4396190675535223 -80.44731159640075 54.8210062378015 46.77872556171167 6.867817343297574 -65.77019993630773 72.0131337564676 3.9104081439613765 42.825923266985285 9.2632486413967 -35.36365444940937 
-82.8754371408287 2.68402168684203 -48.00554345900068 27.226662982801713 3.6942352783955243 -10.676542111169766 -6.56985614657431 -44.603226397969124 57.35486790552838 97.20962044782635 -41.31282263124554 35.16022632049712 21.20120536669303 -75.96692977552505 -40.98172679639198 
48.44494403420046 41.27287341295312 59.688615187798206 14.485764446512789 4.639863859660579 55.957525492361384 -25.42200485399755 -49.488503645230786 -56.871543872957716 -94.52098816562315 -57.93826843258654 -64.55056609781937 46.734075834742754 91.96670750707693 -5.687005329852894 
56.01117804887346 -70.05712403822514 -42.60410522903091 83.00745307393231 60.042406229503996 63.065301201242505 41.078065654704716 -98.99148357994805 44.96917875755318 -38.38491900565697 -4.771315140444713 88.54329321098305 -89.67766280434537 -55.63904300064782 -33.407477227733295 
-34.493546093018466 -73.91429232846252 -29.329743147509646 50.43733058085053 58.99402292588806 -65.97436436881455 63.45238433300614 85.10974167501126 38.66169664675317 58.8374989819242 -73.47705588397938 30.254804133445504 -17.657125887350304 -18.808380790055537 34.61615756710842 
36.000352396145416 11.764896711327083 -16.617837291273247 -0.32718341994988975 45.86514959402521 -39.96409810360642 -7.363078444431565 62.2471387903843 -86.39251967502753 -76.65298666011182 -24.17050537901669 -28.02588838967182 -60.95118673404873 68.42797511904337 -81.7301571413063 
9.511218888857925 34.07345352424366 -85.4272051927841 75.24835066802854 52.94248657995152 -22.883899782641578 24.323345235529416 -82.5184031986457 -57.18521134130283 41.15126694609509 1.8944858791171413 93.81575308970332 39.16999934412951 5.914024844047546 -66.57596200770537 
-53.623839168806775 -80.59865084631551 44.2769812103669 95.01191273489192 -53.41918826791103 24.654222483466555 86.3414628605249 74.54983197921467 79.334317789762 84.68080694808566 48.951066104972114 39.937443507075386 10.667298732039882 18.138040148534856 -26.796873128907748 
-49.79570385277905 77.84235527068682 -43.50608800450135 -67.59010063817436 -4.591261119666143 -2.567843519666141 -50.92296534023437 41.92093133543992 88.79070318049921 72.87288269267839 78.3419578134172 -14.441003223341212 -52.63693275959598 62.66187573012246 -11.024791454033661 
92.31195002486993 4.807029691327628 16.35601568446461 -80.75379221419922 41.86032802996144 90.05971201469637 86.88169599206367 -41.54150782098649 -80.50675958135314 -42.367428865575675 80.54263438763323 8.394352521632143 75.51532250631743 99.60037966668784 -95.54332793581321 
-74.72654982321566 36.78128014782996 -31.022353512153032 49.120551855050934 97.06956921636592 -53.261006544823175 -95.62789517007893 47.48042821940123 -51.932086521511245 -52.867933538183046 -37.36253700518102 40.396732505275565 -95.8938183794519 -14.846502914093861 -26.98444487982985 
-46.28458223893408 13.745507223722612 -58.52237508638367 -16.53654875258313 99.75173848319236 84.98068269460072 87.38876727240427 -78.71927655787756 34.87567207998532 -90.99620901514666 -86.68321007104592 -48.38728502540075 39.27935121543746 -14.164557212513841 -85.45179221172101 
-1.2713181751528424 59.2109493975513 -32.82432261071928 47.63190790300746 -94.18052693153562 66.43933726300523 50.92382858619885 19.25212043129075 -75.521006505403 31.274906494188343 -58.07761534890277 48.48313985185163 30.009003476800444 58.59749101399839 87.51756327806058 
92.12916696147829 92.03413759129813 -18.83371623287124 -61.40227528784603 -12.618540625268992 -78.2407884474821 -37.706029047417154 -55.24502649885523 -57.2931222860209 33.675224712106655 47.29314404532076 -76.89897485994553 67.81754443314438 36.8584332946362 72.91404018583009 
69.13036861646538 -55.97392110576263 37.10705848150246 -81.11887809719933 28.731622504134464 -47.154535558125524 46.9792131612501 50.96312002895755 -47.26693121495585 -15.613215791162744 -94.86427196814869 4.833331636964417 47.856274224168004 -49.45027705498119 -21.129660285878998 
-39.285753292952094 -33.626060728306186 -90.61320546158649 52.12097229891231 70.33273698476356 -40.18217498035133 -57.87092875643096 23.732933491685486 -60.36669115188546 -59.175102699380645 -83.52054152779314 -67.72186013389474 -29.895696004731647 -96.46786480527432 -32.62640077624633 
-67.82491658555438 19.851849447710052 -80.74981599831722 41.69394349598224 -87.58074811152647 -45.50401652998295 95.98115172439105 87.48614229547266 -57.93562388973497 -30.032522354403724 42.78301826666441 17.685161837441868 67.68612594862736 68.2464837971232 67.4969904601069 
95.45185669538816 -53.193082640056424 42.460932478207184 -6.823391748860686 5.279875038910447 80.7410104205996 69.03391813860401 96.07998926821531 -26.291023422700846 -93.27927846554269 41.81247196287657 2.9110037640974724 54.57277769184489 22.05109028940764 46.5031960281911 
-81.49636338158368 86.24510873033307 76.14860423710806 -22.981629290303943 -25.196489314091025 -9.782349591724682 80.74509365964659 88.97140406727428 -33.16284386092474 -4.3580702063840135 -84.56787987702876 40.90758932529863 13.707383777351197 -10.760664296374628 -67.08149586788721 
-12.515151742178347 -68.78561943601179 -1.4661341905002416 41.62270430751053 -59.28798559163124 -47.543600508191155 98.51862806836905 35.79747586871048 -83.18369260232319 -83.1370257695272 -53.8390482629566 -51.76840457671752 19.62289119061076 -10.085675561000002 -70.48657092503221 
40.05866472307639 -58.88667529908973 -58.1360626790669 -16.207577349551897 -89.25405534654745 -46.05823067326404 7.910703064385089 -21.560559629487017 -8.010176657153153 62.09498177048715 -86.29001610542413 -67.73398416836702 51.2607550414196 -84.87882871583156 -27.10056102753225 
-16.40230750361644 -93.0246677122724 -85.48582743466156 -28.304134333267413 78.65814480299508 19.17172389751063 12.104695414891992 24.34836931325637 -73.45046399964946 39.97276994320106 70.21647224314006 -44.03221157504458 64.20676761860989 -70.30230885577247 -36.78657608684455 
-38.618473033882395 33.717796316834466 83.76580843094433 87.24423179875592 -49.427437545856456 -51.09418712266702 98.54297836236634 83.60633073321603 39.35582136792934 75.10519804481345 95.27477655553548 18.894615854209533 -93.0384459379241 -44.656456295994396 93.4876774745328 
66.3426042519389 -96.17118647237855 62.15332219172873 73.65704045358385 19.94756536528584 39.22563132052369 -43.35840240742122 55.299210579148166 -81.95045021652554 48.15037757313047 22.5732947256202 98.74166371342025 94.36156977806039 -87.15875865017281 -19.092053868361376 
-16.567610542241496 87.38603520314942 -67.65107220769058 62.02393804979212 -88.08201075687118 87.30123137405289 -86.63528571299133 30.256585289523088 -50.235916715200645 -64.59065134032289 12.970610693171508 19.95301369575313 56.06706344486824 -23.233022716012968 -59.13242867853204 
3.3100767732459957 -76.65209924158654 -96.13037980785542 -93.57212299432693 -31.42534380607367 18.05285597617558 -94.30761920542521 13.317376994825139 28.340584999688502 -57.58931702457137 -20.796693564786665 -41.87580906399238 18.17567467537839 -80.28518217752665 -81.32300980855409 
55.104486629014104 22.198260288064418 60.22563856397747 78.34636647137711 -56.484794628050224 -89.22183791038769 -86.39567014592164 48.31918402037434 -99.86918220800922 82.13399879450284 -15.214588850012618 -76.29525778122215 -71.60863063233487 -26.74015197584751 -64.76528593548971 
-25.22729963585553 -8.361004252342411 -61.1332043818438 21.948412540802934 -21.663838095738512 -47.52468390211821 -75.2014677282045 -78.21386371473108 -44.978339535747125 -16.267048845939087 92.94080293417574 20.380178556332012 4.22440892121017 11.912029715241317 67.4735614168442 
68.51799871248363 57.84231235299836 24.07958425981147 14.108250847732748 -91.68851108892153 68.38422696310448 33.99598599905539 65.5041986551688 57.11527862813102 48.533182671873675 63.392026031449035 72.89031782668994 62.93834760790779 6.147966437558907 -74.7388185015055 
-22.92944778669532 -72.99953839277185 35.76282158633143 -50.23289581501136 4.66497599179128 -71.5350253394572 -67.10306799625786 88.88759395304726 76.13543207198745 88.5480967812257 7.275727412282436 -89.08142402755695 26.47500773453659 28.948217712079213 37.28424522943874 
24.934076672780577 67.6034251553468 8.995254887699502 -86.08827205780915 93.34368548336326 -13.98779379056272 -57.53403276756299 -95.70411623901191 -52.921562564537375 32.678493399913236 87.7320805564037 34.89360987998387 99.51046302738794 40.152052463761436 -73.48787708981159 
-91.58035027297836 -5.744272066113524 42.68236799066088 -97.72704880544947 -74.23806110083054 46.67311409859704 -99.00628498037337 -42.705322180383234 -98.5025170808495 -2.6270202408323655 56.65882885115306 -73.90600070710545 -14.408324436893949 -25.23810927965198 43.882790990408296 
-79.23313429520589 -22.789459146880972 25.508900914499932 77.17499974081878 49.77835334764188 -96.01548108440096 -3.880684441930484 -31.03661174569112 13.393720696400862 23.035846731307203 45.23805203513015 83.60040590749313 -61.52492047805549 -10.838219057908603 -98.82112575746922 
96.06028314335623 11.407213975785567 37.30487090172798 -38.35846858346004 5.496472289246952 68.6526776438835 43.05656932038116 34.69427710672511 22.934598991950978 -59.30460788087601 -35.79909427082548 -43.8881339233899 38.794243802247735 -85.56988981453148 -5.13799693681986 
-93.31353316645638 61.851630144833734 95.65669143392651 -35.364487660202926 -66.30598854928805 -96.87328225318261 -22.213870849443268 57.68927714630419 57.214685129919445 -19.531279301136536 77.03473555014094 67.38835522378008 -2.7865176484622083 54.58096481041454 -40.35371743891631 
58.271343260946196 68.14895833041672 51.08518797724048 -1.4128508246322014 -87.04386580245705 -6.504927810193223 -22.00436643528512 -61.2035217141877 27.395225525310394 -66.59503787602246 -47.731582601739284 -74.48112212887759 77.05459371431743 24.153998921311427 66.41681184398175 
63.41057480289513 6.027228515754473 -79.89753354385442 -74.87518043973526 -9.56491822368966 -91.85711434029413 51.64051409932691 -25.72454049877632 -24.461271254314653 -69.75304406991128 28.804686206340875 -41.13536350854583 11.352432376212334 -31.37720933715586 -86.33527642431669 
-28.80619641393463 -41.07052911069828 90.90675587895097 -31.135183652833433 -97.38663744004073 79.20459724749256 -82.98781203701257 86.02176271482668 -38.664733859034996 47.23138082479704 97.44138966596361 -52.92106237720091 -36.20865674231561 83.81595126206184 -37.70380867484315 
-8.28631808119458 34.35603419299059 -71.04425098463507 9.153717892923453 -5.303321573513557 -10.827266301604666 63.98647391988118 66.69198464233853 -97.31165720758 25.56759059224747 -1.9368835789222345 -13.820498534878254 39.92668339511923 67.5830467670626 85.54521598070116 
2.019554674089534 -90.31915207402419 36.72388498442308 97.43561314817762 40.21245344443122 51.07882826429625 -80.71125753600992 -12.545226192974226 70.08297228958477 -21.41163745658264 98.82595965164904 45.337833273052865 -47.513820331510416 20.819220740997935 -70.31940180066177 
-24.383295777296254 95.9181420219935 13.80614327824918 -41.56891755440857 78.65437252777494 -21.056978377278185 49.10009115608574 28.919352015851416 -60.78836188995336 87.15074896699059 24.444533329949053 -50.92122366809937 -70.08552001259875 -80.69875768860268 -14.156198200816476 
-25.881222996079927 -1.648195736537673 28.41129281624373 97.78724056698258 -69.41691722674506 -45.92157346305705 -22.515608260610037 12.645493980640339 45.53669367587193 90.97273003677654 -59.292815064366835 -32.57815840098918 -86.05143075434847 -27.26179400251698 68.12442013208516 
49.373619178183645 10.20898468623021 49.06919405850226 47.83703660583089 -10.271870892736473 -50.96517872474961 -40.07135245090676 61.424911179449225 14.191739518466221 58.30887783957289 -36.584247814624746 -25.791493394383338 35.079705549160934 -22.995836115547846 50.09019858036831 
20.468329017039537 -18.891714189686382 44.91688782027495 35.87389620242752 -2.709589536208739 29.930022629896825 -15.591974836904939 -50.334736113798485 45.206543629243725 39.96044026230561 -66.69982625964093 -67.09562376190013 -2.2579026364591783 -37.11443642846155 -73.4108892372944 
-5.547765513664785 -31.072762313010344 67.61124379422887 56.843788843886955 -75.6875655129103 -7.362833102943924 -52.77220557470497 52.5933285366512 -79.40964902445889 -71.28982643363533 59.214146303200096 14.179421815132258 -26.212257719504265 30.213623119306476 67.34857042771301 
17.613281344619764 29.57608529707983 -82.5286551949334 -33.80862507563303 -61.8023173161969 -20.87702384231966 67.78578709569018 -63.40442492976521 -43.34882354064935 -6.809818738213551 -53.87060844111278 -38.48831352795437 -91.81912918358401 46.1580780227481 -88.00145510357531 
-25.65077436616012 -84.77838028831898 -22.982700072527734 40.37207261033646 -84.38036165527171 -80.73792752696832 -78.43819048271914 63.34393792848306 -73.74761144796094 47.24567889545082 -27.72510479670352 49.19402675566218 -21.6764979007894 -6.735701643732298 29.43226226068859 
-3.8180907044622217 54.28970637299096 95.58796605978347 54.49547542597065 -22.036241867577047 31.231127877727516 -57.02780920637589 40.99037804948486 -12.676864869375535 -15.343774595559069 -99.8636068757996 -0.3522298620713116 28.799524592431936 -80.7127084602067 36.472772175655166 
-41.93702317700041 -13.741624546052165 57.46801093761405 10.127596981014847 -50.42077459326506 -60.79587812930083 72.44473835009805 -61.94156869387528 66.3435047341232 -74.06468160300889 89.99269082172475 25.9201262958356 12.14231224941264 -1.6165088593539991 -62.21487945135928 
49.253847850160895 -40.539045295439436 47.611974724867935 2.362335042794413 -87.55915362655617 18.314962696884777 -79.64529140354188 24.191871132108503 -67.47346148567658 -64.44108515996527 86.41184320909642 32.080453383880496 -34.94503100858178 -79.97181554684366 -0.6931825793651853 
-33.66460489525143 13.242743084269264 -37.06410986020432 8.473409634323943 -94.67754348321552 95.22509939535146 43.32518020940722 -52.996192164048225 -41.52243118297865 79.04245528225681 71.43070425726944 24.13327268930152 92.17763736607239 -17.535588722141497 -33.110696749455414 
59.696182303360786 -21.573722778699647 -3.921324842242342 47.229162575257504 -28.14929265333639 -43.75141883285871 -88.56250753272977 -95.41074630982997 -44.29976672317228 -48.7676467243656 -8.403128762717714 85.53183863355764 -29.03910150436677 -99.36257497436509 13.920892323876771 
53.54231529236452 -80.69985125492141 58.74626837086464 91.4001120663668 -71.4632369693544 -53.7783317528386 81.08561195158671 -9.241322193554396 8.103643313697617 -86.6844960551495 -50.30406252944171 67.66925349256701 53.68317382092687 -65.8313946807032 82.55201597738599 
69.0453122782753 11.058076299474749 -93.84098559076554 -82.8800856012252 78.27643863071617 -41.9898115991628 7.945166391322417 6.985218176497469 27.436354050057815 34.593808564629654 -44.34470252971299 25.786377254000925 57.22822624080624 27.118277514641846 -14.23744984803075 
22.24165040604437 -38.79011917597255 77.58429811113515 -43.206108101387805 -96.54402766951331 -80.62108050536986 62.253100318019335 72.7881771528846 32.95217529395407 3.2833244863033286 78.67274722582741 84.74350697224972 -98.16061677628329 54.866993631874465 33.189617646973716 
-64.87894989495166 -82.57919504162503 -94.33626316708343 12.902823987952488 -28.840009622924143 -79.75346683797136 35.4730930040148 95.29765644074197 59.03546637933928 -66.9693826023238 -7.504833279267984 81.97995617347834 28.93531955473722 -49.41352906199914 19.058412344335963 
3.7154305053018533 61.755419287275714 57.43305250150871 27.10082311105984 95.0352030848261 62.642712911618105 -21.376225162403784 38.12880076140331 55.99915032579122 -31.60826146200138 -31.643890090121957 -26.170935263891693 -51.728749007739935 13.227622606526694 68.20976436325779 
-89.46871880812233 -7.087740907024582 -31.940485724611477 98.49239048394068 6.168566110754156 23.134613464163095 -75.26058966648306 36.640689822182566 73.54359674614369 -48.039120291013624 33.68798056078555 -15.535566162641672 73.11484725139792 -23.40503563132974 60.21843509553153 
-47.043184136536034 -61.604056130071385 -44.60501235432888 -84.64559934402804 20.184639830107145 35.58625889398584 5.956125624571811 -54.33336143966818 63.01665465641136 -22.66571490384537 -22.85502737484552 -45.528233256609816 -88.49542659276605 67.56793742669717 -60.51726868756522 
-74.66655651593652 1.7019536997786133 49.34744755713402 58.406596235804585 84.13672362797399 17.26322731188364 80.49528668407123 -92.80161632197309 42.431337945522756 -30.705795694575613 -8.24723287544289 92.68967856353024 -35.269743461877184 -7.751153838609184 -36.954772527560564 
-23.276411219449344 92.45488373395995 12.137495739749113 -74.92001715228504 96.77660143381195 -30.13621539898628 15.117032659500921 82.73782042861114 30.37044768302917 50.55185893367272 -95.50517051016412 41.98075556275353 -45.37874448265961 96.45517540762557 -5.738574888597753 
44.63824453135123 -61.61127026434223 -71.39447278851856 72.63084092371633 12.292075414140442 -44.622228449546284 -21.370052061371908 -12.812074829477922 68.05721108626989 3.7483770125223543 73.04283679952283 75.58504785625934 43.887902728979356 6.439324280149933 64.95254900526592 
97.56605804402261 -18.976896077315388 -65.54340061429116 71.90471621712936 -11.764984665153904 -28.353121991940043 -67.2096082792502 -6.147576821176969 34.67504242493851 41.890035377725525 53.5976876281716 54.61440183763227 26.643146023976215 -78.6933317442272 -46.61664696337242 
81.52364808432878 -46.08774426585058 68.86178418117069 69.47629455639833 -75.08362233867243 59.2591103871971 48.29070601970648 11.097570081845532 -2.7679430789805366 -29.222811692938905 86.848914872086 75.90057393957585 -98.46095986719283 -59.60631258370881 30.60681204011962 
-28.32616115622062 50.40211948600873 8.576292759500447 20.83184557908477 38.97316075928404 18.465586621335063 -49.04110224174516 -36.576539579725505 43.42950470848365 -44.31390791103291 -53.21625386073339 3.4756655081431944 42.910459524748745 -86.74181196363189 -92.52108143518846 
17.53142670816723 69.59359668676231 -16.290494821850146 75.06436238129737 -74.94998515345661 -60.75825192791249 87.65969614317004 -29.80409199095662 55.77483487126992 68.47273525820557 -79.46572458891934 -35.328374404921675 -31.11568295095357 28.462554406471753 5.6237982033508445 
38.91226805322265 22.807585202136437 -19.695618954716252 17.0022764000544 -82.500120087081 -64.8662008401358 83.82301422434128 82.11652805766695 -23.250638635173402 1.9417681300198097 -9.426426506853659 -12.57061423220405 -50.95034535590952 35.02955605890668 32.70595637190655 
-72.95486297277405 98.4371582937579 24.812884870097434 -8.73691111814803 -67.09288573750291 -37.15080054771778 -56.34328752688316 86.34446036373993 29.00467279211111 -12.36436666268743 60.62880004039886 26.94535362304677 99.41706179930773 83.74000932729481 -70.44693451580879 
-77.8088295688131 -28.782817201470408 76.58986482508723 -56.71775962835615 25.71086215274086 -61.634667458334235 -49.722116289093535 -52.46387928715526 -87.69381650912365 9.477701282016653 30.30589830912328 72.76731461608983 0.6899808288872009 15.739100574599263 31.95940379194593 
-95.23238279395936 19.949537188013224 13.150926558414724 -54.744249259350106 -54.050470103525505 0.31454446955652315 -89.45707150138378 22.084054009926675 -74.44524202861871 99.04114805848727 -32.13146524158897 -70.32121449242632 -41.49562374136029 -4.904535573530566 99.95407261343075 
-70.74922819335882 72.90944816462203 5.851993604581665 92.03875693400508 -64.3461681317939 88.8015836876414 -29.523991168685384 -98.92017353924881 -71.86532659677667 -83.63504211576615 -91.98261945664179 40.84589239448829 28.518120699993744 39.75815391113352 6.152101870706005 
-17.631233746151025 19.418508096975913 -26.519709807733193 2.1385449561793735 -4.758591723971577 -23.9844715749324 77.44838152490624 -50.647106901060866 49.866762124999184 40.14846290749216 -21.08439361483481 -71.26333027422562 62.82109559862039 -59.843277937446345 -75.80333357428133 
-6.442567771917183 -57.76066316610291 34.10427283555265 -72.3900001724055 14.167573498244892 61.643996651863546 62.330738358440584 89.63558659469783 15.290258340816834 -32.80283363966976 6.899636858127494 86.29554099350287 -85.27926580870889 71.11598570144412 -65.55246367107208 
-22.424600390325594 97.71957518252427 96.70514345283905 -6.888815907280872 -90.20368474496445 -2.7138334045065022 64.74761549944952 -27.344519343984956 -53.01983768644143 -9.670176804583377 96.3872432468682 0.018047713044296643 58.95293543624447 -54.55130491455702 91.20313695392076 
55.719827450363596 66.33138921940801 -91.1550911278076 65.41018654691851 32.098241894436455 32.57613886189171 84.28363701401537 59.48364185158047 -72.18763137222915 -86.20629613343785 81.47090538761012 76.40487676008678 -58.40286999312492 -79.7106613962973 51.661013803133244 
77.83745825919561 92.15885111314142 91.80206403778817 58.4284855603932 40.59405605547329 -93.0993673528715 40.26645778028984 67.42640747377669 41.46229099383464 29.662099545564615 73.23270044482624 -27.23988989297527 -21.13114079293723 58.229622653680735 47.395627621049414 
14.869305764696449 -87.23597257057148 -9.175757594886093 -4.471381181343716 5.923288509634972 -32.14444602397283 23.61992038869205 -40.46933751743622 -29.499267977030243 64.47001874628634 -46.81475265964843 41.100596658240875 54.590549926610095 96.46421164647268 -4.1115572668384885 
23.760123526998328 95.42472608436262 -64.58278183213278 11.95093819132012 19.76022906851462 -73.68926476588786 1.6579294173880896 -2.459880958636873 -61.77272569795305 48.85392303386743 -32.07881833421236 -28.223196517632545 -15.751916995339059 -8.744061993857798 -10.35493064828259 
-64.32067947691449 -95.2724540228046 2.787763095541365 -6.974444061301327 -71.60135067812688 -89.12607392288618 49.91749602505345 -86.40867737686251 -69.16361629779352 -97.90343065960288 91.2993338806989 -6.6071082155030325 -74.34128330632956 23.93022064757821 70.74223261465579 
-29.91466421918261 -40.34853377600391 -91.97497548217754 14.813032622776163 -86.55748990932335 22.287611336098664 52.42491226768624 -3.3310325363169255 -28.5284178483642 -93.03917633552628 40.55216295744444 -81.07108344413645 7.189032777078893 -74.36659250525742 -48.72659385200744 
79.65512900326112 42.800610549161235 -87.64210507434287 -5.836945503040496 64.20670537993175 83.28109351759576 -75.86955927730048 95.36827067150983 -34.885796087039395 -77.55279174608312 -81.3588291667247 3.013713869712987 -41.41973272142345 -17.98802227696568 8.985940151269588 
77.32104468379586 -61.546226158868066 73.27341799438051 -37.983222992730845 -13.46447494692724 -99.95996931353747 25.793381238323732 12.448516855540731 19.291409202436682 61.86194065591076 -39.610094043114216 -13.573147918676113 55.16920953392784 -38.193296209966164 -34.467299078102414 
46.51476355057213 34.993611385971775 -60.90392598724057 -73.90455009858023 82.77120547939646 10.523830649416738 -81.79125355715986 4.785434306584662 3.44806050373721 -55.59290716566929 70.52505251905305 65.90798074561158 -62.050701490889715 -36.14779348721366 -64.97569590358586 
-65.39334377595762 72.22992141523142 92.7972900372504 38.52141033658967 -58.76804076663484 87.47835459452295 51.60012228336299 -84.50991910153644 -63.28965854363753 -66.72837935424093 -83.84219345604482 -20.402513896548186 55.84245462262285 88.87430150750819 -3.5350524750792545 
9.931258048200675 86.62328115544207 90.39486664312216 74.64699992923039 -1.6562837922506475 79.92392489238154 69.37766324822388 -94.71398699523593 2.74601754687167 64.10727170303076 -1.5973081060536032 -16.41313891337323 2.459829105309751 -45.30518062624418 -38.50848505623918 
22.79984274905995 -60.85937668203316 -9.855266131548873 -89.33274467207431 -67.78040520059416 -89.91190591521308 53.10896148023494 -0.276636975438052 -75.8672594935368 -84.64089606895023 68.29644162772578 44.47849499769026 62.87668023034132 41.88305589294109 6.680264514420969 
61.994988343299894 -1.2617432938636597 -66.03422214988834 85.01921648814056 35.48634970244592 85.79092449748234 -19.806038392210027 -47.44658817856515 -8.284521692621794 -79.60313163592703 -20.366734073566022 54.69952819698429 -52.71871257206171 96.51043722196812 71.92603297954722 
3.7903737887104114 15.449329316034934 -20.441993621953642 -56.057549890070305 9.886455642423357 -72.50802148262693 18.059191646672446 20.244346911923913 29.492146581944098 28.293420381089987 -4.024542142312939 12.245320005410036 3.7586028245354015 -37.713537719604815 -68.45402524391272 
38.051305129308815 66.65180610633726 -29.15295621131196 -56.61404018240874 77.86140712294625 -62.310161224535875 -34.050998891514084 -21.080868778428766 -19.254498065995932 -11.511642216758844 44.12406875170194 31.588602793550365 -39.36529872641705 43.33986528167543 -32.43675781481549 
-30.390880332765022 -4.62393551959299 12.498039107018684 41.99922299830129 -50.24818263931641 23.793239151564777 -40.25779607351574 6.663083838123839 -22.701370190550605 87.46450767512118 71.42399661051257 43.46079516809263 -44.111621992828454 3.396939831999404 -46.399870134958675 
-96.72740759142906 90.5327098394294 -59.77026028011841 -57.57356394912436 59.28148312197439 77.62676216130077 41.84201994206413 -90.51772607469859 9.284689493059204 -64.55397342407956 -81.30741586697496 -76.63242471224616 -57.02978327238453 -13.264324421690986 10.746465923568266 
28.89021013565639 -50.9134240960369 -38.56093163611727 -17.529024312066042 -93.54932019388846 -38.06058895382192 26.914242783027603 25.691729383462274 68.00759219222584 40.77037585900902 -24.378628643836493 -94.22212253025033 -81.14585729547414 -17.22040629073247 -84.61165379967505 
61.82386190099217 36.21647890505167 0.6068293000682132 8.15202530662053 77.38348976230765 -53.26822463765677 -96.9709761455652 -97.2439078209207 75.64046114430693 -50.955137097783606 59.875339804330764 -0.42548108115816774 -40.394635758146705 87.91054359549807 11.620830732948832 
-47.06314625022365 54.751984453648845 -36.43002059831186 18.636099068864425 -13.486214635897781 -10.962563941267732 53.588699054825355 -17.453564954369313 -56.68728517306361 -30.992084366137675 39.018026241467766 91.77107965215083 -44.49789172324674 67.56740372864584 -27.54637958439119 
96.77611749105225 67.4418836863446 -31.91669446707583 -4.932233500946495 76.24352625563847 -53.60264417217273 -28.364213878212638 35.405832838230396 28.709888102164825 -29.807202077626442 4.886472380259278 21.974611761630186 -40.720440445617314 -62.918056302836156 -88.8152154898163 
46.07637913949952 -95.16359656737394 -84.33167724082318 -67.00740416954933 -18.341534306758618 59.12658002687746 55.17126525743981 67.44225014516627 11.720915109807834 68.59314296291018 59.8276666431436 37.60978122652631 57.56666706293487 -78.87040218607082 94.50807905781824 
69.78088370226604 -16.702101176369453 12.952825544152333 -92.11855114611605 70.59565093207044 -67.13923112772844 99.74028079810958 -12.404002779210032 61.54386812749382 86.07984284711591 -28.15742294744375 -23.668736922056667 10.394480309193995 -38.45562110073153 -15.43475953479718 
-80.7295028959107 -35.540866494942264 49.269064679491805 48.233830347232356 75.6376128187683 -1.3320290519970968 -84.5594152093065 20.787520163110116 -92.79208408828879 -82.01165685457907 -12.47458480339256 35.182007907415795 76.78827455938728 -39.92117825413099 -57.407599342290695 
-69.89578145847453 33.25589241172872 -35.681872403684096 -34.259429955426086 -0.6327461479766328 -2.0264972881496277 -79.70311945590767 -98.11286729963138 65.26468682554778 -70.5755112699897 35.240035013424574 43.13430377987427 -80.20086186027933 -36.87920211641218 -1.6182091220393602 
-30.169766169403673 21.17521578471073 -51.90334701610744 -17.70959211145413 49.69342419302839 89.22885483326598 67.59442899155232 69.11685317489008 36.241160345872316 91.8718581041428 -2.160546249416612 -37.48003942675131 45.764739785195474 -57.24766559275254 18.994664357460294 
-45.80637406097421 11.31941306009739 20.104960329413487 33.39313887076756 64.96296141407433 65.32287225275553 38.09198602225476 83.97888184587674 -60.81748971862284 -56.1069384056287 32.98162735940366 70.56842651710639 -0.3868258150662882 7.330443092533187 -24.079986448237747 
-75.46183118005409 -39.55537614677724 28.338924350566288 13.508071432155162 82.07373841209309 -57.899202569516305 84.06897343286096 9.416980348565403 -88.85250987455944 -96.10125432027392 -56.81527677269158 75.85009548674685 -75.08211920416745 21.949097987917582 -43.98930048598888 
77.73721948637552 -1.3353901033750049 81.24844826991884 -57.480802717243805 -74.4772017955759 13.206214151412382 46.92489874972185 85.4370491946658 43.295849278209744 -87.5310900872413 10.439765913149145 28.38617432709208 -30.11437441500229 -70.847622611813 21.918028135976385 
-95.4232843034585 46.317048329022384 65.86985932354975 79.97523231557864 62.37555431813888 45.03348129647139 -78.43755701925241 -8.915692776017607 -47.01493598133981 -13.559465293317757 99.37820370351008 -9.037932183262384 84.8987840469077 -29.86984185655747 31.03564639840596 
-78.9306276723873 -36.12260639364428 -84.09602898204656 70.49597395552126 -39.77686284715376 -20.243258903626653 1.540888481889155 99.48258102031355 -31.149456528510285 21.20499320629132 84.10719638130877 -91.65034695044898 96.99403737978048 89.08583999588546 38.37306291947735 
-76.2278558128928 -79.30624237146912 99.32165357928932 -12.411926029676906 82.0977270455281 93.18886485687443 55.3958036667764 1.874167422118191 18.089472290874227 18.766487206691338 -72.99344723507357 -12.610168518232555 88.9564392940218 -5.818317546179472 -71.0793731109333 
24.529512374493564 -7.671499238023287 -44.436317880202125 42.14798920137119 -30.648930094233307 58.03328379699383 30.139802986954464 54.175811066375246 -93.25686984080355 -38.68538515472564 -82.92944176667854 96.8031890970237 -6.272109290966469 -38.17100346504978 23.040928319656402 
-68.57592601896681 -9.510989848606926 78.10435710562757 -75.82176502253337 -96.67202013199213 -17.747510554442087 72.01751936789768 -88.11357134149354 -25.259760086638636 88.69432593027113 -73.99679505517622 65.03112261651711 5.952099057813911 72.39001273030806 81.5227429308338 
54.484206447335396 56.26278636136567 -59.24111392808926 41.80723968343804 23.613054467536074 -69.11342339148865 -87.31065637647512 -29.434941803511492 -49.07515781133442 -22.534344999427972 -72.47204406963428 -97.26686935289825 -94.02982141303976 -22.884502065951963 -17.14051664715926 
75.23243897337753 71.80838660382881 75.28698622496856 -64.82988365798126 22.605797257166188 3.228238563574166 14.495283745249623 98.81742420961618 -36.41209913772705 81.4279357707087 77.08522100309065 78.89437738509807 -17.737776619124816 9.929146483978244 -52.39343085579715 
-84.57673062696125 -97.1418490493007 81.6985281390277 33.57954757485041 29.01419324358517 11.493376722579043 65.50495980536141 81.3068025487726 66.09357855017782 -28.204040611679233 39.8001491984885 -44.84738714718488 31.23603890824495 -78.61766543940563 -57.32893439359501 
-44.051177595396005 -56.3493689389025 -90.91683491227285 57.20653654720894 -25.21103259984399 34.266961955028535 25.292173774255318 89.40380940978767 -15.725170064247735 -8.703532608784897 71.1091706433188 -84.84919285856975 41.165970351426125 -34.26281332495074 98.75177316159633 
-85.47773511339194 1.458411585017899 -84.69989096240889 94.80363220724567 84.3923474466458 61.7606071859627 -58.4673112690711 62.229420459302986 73.06672357495447 -59.15046452173887 99.49722370252957 -1.791266451004418 -76.63892138899078 0.11242803296684656 19.150402855237616 
-20.178717133488405 37.031816040111295 11.626473905087693 61.2763866929852 -96.452038853058 -80.17779833854806 -78.48186210725787 5.073433286308983 -11.428468819349604 -20.839635488156972 -94.72784445221959 5.615779886639842 29.14321140491515 53.973642787671935 -7.980511615807927 
-25.75138526429555 76.16147151970935 -68.77900862790815 47.80896439512776 4.968825360742699 51.869852094749234 41.72837837754372 67.40841802376701 71.79083655766689 49.749366604050266 -63.57966536092139 -79.42724044526355 24.11779759325144 13.277483644980322 -22.949069659635455 
37.131502907312495 3.601518057766029 37.79620727025684 -64.50631279203354 -37.17501927329599 -22.935372888130985 67.94868317362457 -15.763606173648427 -83.546883833257 68.16460466204853 54.59188350843601 -22.589029606194714 -13.820006506135357 45.81580275568078 -7.390131653159642 
-52.92480502503341 41.68358283154657 -94.07398686376574 -85.18631827010283 5.322608666510689 75.06602602013527 -71.09415149658176 66.31061549214553 -58.027200543156134 98.22379479572814 35.030596816136836 51.32321066015791 -18.774787369949266 35.749157323730486 -36.61199506222816 
90.26746119652879 64.86398857470834 -71.11921736689479 -78.69941239471474 -96.29484244568076 74.43369213514339 -9.436340691649647 46.332740032523844 85.71721708000624 -60.52065004203726 -12.33817969538751 61.2343295031051 -19.679448044021484 30.718737707668623 -1.8038241256648035 
68.94689460016664 38.5556077843716 -90.39453880774954 15.912850715381111 -81.9277287846956 86.43811979092413 45.54644294965172 63.1301333151043 75.8166025637154 -56.416552204144836 24.295552651390693 -67.86716162679171 -83.18920292657288 44.26616787161791 -14.506372196637713 
22.162853680280776 -42.987419155093455 5.331378510987747 -46.069173921682925 -81.26192669425825 -48.26997515910332 -46.31470879744699 49.172086882707305 37.716403706948086 -10.889244206660862 16.6514433788018 6.099265035060085 73.13261185273865 11.676012887291705 -35.705196575067106 
1.8726166876415817 95.68481800487817 -88.37084997310814 -81.28333874421634 -30.01176915346879 -55.20108271231923 -27.96587077328772 -20.36898472455715 64.47569873123084 -6.1578669460677276 -2.6473087687075747 -65.71126881359118 78.69878522651388 57.4021346441327 75.37878944760126 
58.587138371039174 -18.276874566961965 13.164326796328169 -92.8459191512927 -4.055803977752717 -18.886365026333493 -52.85476482096989 54.15117395206795 23.316069696767116 -10.740570029526111 95.16498194127087 81.0475298008001 28.474775974148145 13.509401632845709 62.75841391621361 
-78.34039736080172 -66.71371326322338 -94.89527604598177 44.27278838152654 14.635817250631902 94.03816256109522 -28.498182933153686 57.6550823406437 57.21755755969215 -36.917065737997866 55.15614348838312 47.81543281178227 -82.43231288432693 -60.559823610809424 72.33379630282357 
12.845703213351698 36.88987059895845 94.14166800988812 -35.185362958638905 -98.57303357497153 35.80426598645147 -29.80857609548822 44.91099450026488 54.732622674763746 -21.299925801623317 -95.41359686406972 23.46546272634815 -96.87107370016379 40.29136603895097 -22.709952621533773 
-62.40269624243773 -29.78103023419925 -52.58843818103676 -80.95356205648203 -51.142066253561055 37.70426067357445 37.33512972145269 -56.942381827415446 -94.08157598142427 45.599979825069994 83.83094254829365 52.12848455285945 45.12157531586308 67.99594760298032 60.77431868837044 
-7.894709991337606 72.63669754538836 26.110119976816122 81.070906752123 94.08140702901318 -70.48059423104422 -34.80619328223776 72.66630998590915 15.127184638636166 18.026649743176804 -10.516246162596104 -29.166933090306486 35.333246388484525 44.706849987997884 97.1813158146673 
92.87325555165984 -34.681485403211965 -10.060924473712362 93.39031870151476 -89.3837549403071 87.92102458168495 -33.74698128279054 -26.983397305048598 -97.98424705802687 15.797171877027182 29.865008896353686 -18.619407476954393 3.6139908180214917 -1.3988335616327277 32.82670735620252 
31.213265734491586 71.97653069872544 32.8163036194436 -81.85621259633484 -51.85625054394958 -2.848133138502405 92.99378649710528 98.18292550392417 18.484933946702384 -73.58756242293272 -79.88791999923113 -90.5240111684315 24.844631552739173 -74.24655549195745 -39.875469459807 
-94.20756556518866 53.25607732385424 9.141625643711706 59.54992269223041 48.637830368561595 -2.070745311172132 -65.01709175334203 95.99458352579572 32.72084120554396 12.554713399502276 27.57427694135201 15.918390870566569 -36.062057761973 16.632356605179808 79.79674369776282 
-81.13691152291327 -48.16186106375924 71.05296416998331 -75.12152376930482 74.2576213785801 51.07690717951593 41.50364469494744 -16.761237249788238 -60.19106405356032 -8.772260907608981 43.788615810074674 86.0175621743424 -95.81435277834646 -76.94467330201537 19.19540464087312 
91.33699585872264 54.551126089595414 -25.78401859059592 -3.4424517259420355 -80.93330353912154 -19.952486532735605 -33.72717377455989 -27.94914815188143 -65.10625869315759 -9.105779399127286 -93.39567470148955 85.6863705928155 49.92788214354937 75.45051405837805 60.78672855469682 
41.848608441510066 -59.38593076458068 17.424740346137327 90.57981390263612 54.535535334434684 -68.21362985231536 26.53536220705783 91.88846367796387 25.55741890486823 15.326039294133082 -88.81620762980292 63.37499992965786 4.2467719314989125 -44.78353247574034 -65.9399965149862 
10.203153852683556 26.587176776561265 -35.496983184985154 12.35578111026912 -8.108093479506024 98.52489260829364 -62.07154486555433 72.28822564275802 -78.87393096553564 -26.585124984824077 96.83234326552142 92.94326151649926 -16.014245158763714 39.62025837752091 -42.675359852444416 
52.55596649302089 79.02891984044788 -75.6324458208636 -96.08408241076205 82.56129725780107 92.34269162402367 16.970212087508415 63.4483715773074 -51.24559992406863 -18.432248511893107 3.845810132764143 -48.71309741154859 -90.09687085472208 -25.594723042924187 22.639626469670944 
-73.1694361695199 -55.79235426941413 55.051758140983964 -14.399466106706342 3.4501114523044976 16.14054038061559 47.918019399589724 -16.388641806804486 9.202476291693415 -74.87394889968786 49.77362611165867 -61.511541068003716 -37.203947896735336 76.53035591160997 -30.199834502338632 
2.229631988588636 -49.45852220303804 -59.72494588917419 5.3691182536716155 -94.03884781176333 40.98598799182659 -67.87949007384134 -27.647885559937308 87.05729293766268 -89.40072771821647 85.81087473391278 -5.367143425443672 -51.03952291959304 25.048154309311684 -56.67842485652339 
-1.442606323820982 -44.38908977051117 -99.08336200034643 -56.98367987029431 -89.99815517057812 -30.561551467303232 -33.686140062500485 -36.653664063755784 -92.54681531241434 -47.5072649853282 -82.11118083443658 -58.221118852796394 8.392701521086508 65.52139509581971 1.4562301393332717 
91.13727230392098 23.157765224062075 26.889701099247702 -96.3787333110981 86.37304327325836 -20.45013434857313 22.26992143011411 69.28081868257107 25.472938078183716 67.6162642955635 -26.89909458115565 -12.96347108975155 79.78485840144037 4.100090643779339 79.43658810759996 
-24.17281699041183 27.771582567113896 66.24039610314423 -63.70796751956655 60.40225142827242 -81.75510161767521 33.406239862007965 31.273237876281144 -78.52133513640484 -0.8799308162679154 54.09403356121118 54.5970241075255 -99.57613899346262 -86.96767677760275 29.43610275368897 
-69.770303195967 -41.80349787315099 -58.04632401247212 93.93228655915601 63.523611892111006 -46.63586318760602 69.72981226559827 94.53215880630333 42.515651404978826 -26.758360980487737 30.73445455578971 55.87729356111376 65.82887419441721 -4.416014953164662 -60.48663402618071 
-6.710798961981169 18.974001607043476 29.946923209261257 -49.739101474493765 -91.86042770744754 -74.2888861425904 11.658651515920113 87.56783757865892 41.17713340745476 72.3928015192638 70.10867421751547 92.1021628948682 58.83283216659359 61.680742907294274 -6.830989344221592 
51.971472846571174 28.758773909378903 76.8206242679459 -51.41280196131122 17.46178363513522 13.24284699722378 -59.67729604656831 -26.025265188262694 64.10751019105703 76.69818990855163 -94.16227312249406 4.905613892533083 -0.6635779977438148 10.965267862832036 -58.60982277972005 
34.87427516404961 -21.171402352062742 -91.61395741478594 -57.601507444834944 96.89288856070726 81.90055623813049 10.616447511188994 -49.048089827145944 55.41314223143564 43.89427098560853 60.204895776506135 69.42877371271516 39.44728547813085 -86.09171824359447 30.891339089173044 
-96.50768385584054 50.01149916438459 -47.73044933923614 -51.755067898132864 -83.64001519332265 20.85802616054997 -10.264434802697963 -34.54049917125823 -33.28367605407996 -51.222576885450266 90.76582309542266 87.28954006120637 58.21031855770866 36.10977095622164 -66.60421432552431 
-78.79422694308344 -16.947404342646635 37.87332295070678 23.459892455626232 37.147869319398296 -93.26584611986675 91.50733488089821 -20.172023858926565 3.102211039723173 19.011883085773547 55.25483330064475 42.45822993849234 26.454856294119907 99.5506431378233 71.80122422679477 
-19.48271215343813 38.2862378944418 -13.85162441414576 94.32687368431436 -37.34101479468026 13.263398845140443 57.05091677391195 2.6419539094668494 87.23495795998707 -41.93720084357355 62.58249682616247 21.791190083299952 -88.97425514442845 -73.53322102885753 -98.93613009633697 
83.64823346808262 -91.55709044285362 47.00912058815439 51.384902907488424 84.96072600421945 -54.135109118194016 -97.5084536781464 -96.04926457554461 70.34508328067034 70.92024706241526 -85.42659343410537 43.997009168603086 80.5539311753927 16.54182730375824 -97.72821764015653 
-63.422871731927955 -83.88097829273559 -23.863311237671823 -44.83107491938756 -4.202380979105811 99.61384466004111 -75.00693602747276 35.104550103072796 -24.959230584454303 23.329603976359053 -79.00388778837242 -72.95274543818712 -91.71430397446929 -43.0425431695034 -37.62451290324893 
18.789922060373044 30.430586807247977 -70.37014602908458 -73.58704892270029 63.37091574649202 -51.07170281427511 22.017523031220378 -25.934980977372348 5.200289134199892 -75.89206578314678 57.9849110220818 -64.52492513572847 55.194372634940095 -24.54242914015768 83.90378110171622 
37.1066634032417 -63.91363874864054 -0.6995736198594358 -78.88635377106363 1.4602937112211123 -47.527819261291306 31.07878253636244 32.91451022284238 77.84965820497825 33.920192755528234 -15.568658229600189 -77.40683580699871 -49.47413648601589 5.943295854932046 -52.27341263394387 
-0.4457324114157615 -78.03942578832104 -5.013060778744034 96.96686030449075 4.798358223694322 97.11610427745981 14.620596372363039 -35.920053937733655 -45.23097804273222 -96.27443154249715 52.65880820559653 -7.6429687624988105 -0.7188503797852235 80.12882832163714 -24.808113953456257 
-93.03513479197196 -57.71555288187946 -70.193452035012 -65.52394248335824 43.41472667056098 78.49068784144794 18.40963976537165 -37.742915358403465 55.502026901880384 -40.11635086048759 20.852208006234704 85.59621937637891 22.49143345318521 -97.49678263650058 48.32295819105914 
-42.400188304064315 6.457017384941196 13.298149670802346 -40.43099169407005 -2.6595400102576576 -4.757315188888953 21.128115804296627 -70.2929391914622 -84.59238029582197 35.92680533579218 57.83449639610873 69.58964630971315 25.03701911924064 -14.169300198764574 -3.6286903768165217 
22.325562865420736 31.15024383144504 -95.45815530513457 -99.37415043142796 5.490422498604303 -76.62284318456028 61.80923940046284 2.1972311210117113 77.52070006462577 -47.98250402199984 62.90410100658542 -74.52251852880221 32.96107573825523 -57.8787586819971 -80.93986248983751 
-91.99854465650306 17.812325027091376 -59.6471577193618 5.135767074614918 13.12280203053011 -93.16418971520272 63.018280065040585 64.29516301195258 -75.48973918343691 -37.90563477199045 -87.29691261243977 -79.79476768959755 74.32541031443918 -72.93033138525354 41.02868826898009 
43.655479919015534 31.436472338775417 -55.758609290021255 -72.39620867536196 -70.62947531551606 93.80315683501496 95.02973851182105 -98.73601449563749 -95.34069142811437 69.70307143337087 -39.16545526715603 -39.86937022326045 76.27772110011304 -73.21221067232608 -40.9565393829469 
-34.568385799823815 6.919738196165142 98.95094299417204 -62.208209960174266 -19.172229659653553 -54.62497989381772 55.17501960249808 -94.09679077997704 -36.514568118736456 -89.59085486819123 -38.84181592182034 -98.67649067212474 -8.017320859401607 48.342484974893694 -49.14295965665063 
49.60085757586921 66.94504697333198 -2.7933832631128865 -52.757591583159694 -11.634985679225124 -49.94812483754838 79.53765331968125 -11.074577213310533 92.75197201154774 -70.31165909729778 54.68794061433337 89.41609550740037 -76.91004836444644 3.399165498215197 -73.9223622426296 
-99.95788834036274 -26.131517288723714 77.68021442332162 99.75090206312402 -72.13353822783512 -78.42546498010506 25.428540818187756 -41.99727724240097 -57.3028564837891 79.82958327371833 -1.546068309134256 0.17745128673351473 2.375012104532331 95.65992223301745 40.28006477069562 
-77.51150183201653 -43.45525784672226 77.4686440416431 -36.20176414514016 34.0112488844382 69.12931099938007 46.28571859982955 70.84543735229946 92.20934110951956 43.77979030971696 82.17525586652874 -38.00466393727675 -56.4835496033222 -66.11917464068928 -84.74666953564444 
-72.1695298714653 65.76286526989426 22.380321827385146 -1.0901605937315537 22.646106813904595 -86.81329679936427 24.20941251591735 -10.728057263668347 -44.18609828830176 -80.78391026323078 54.83569902755562 -7.19967339349121 62.027861324957826 73.5463397943773 1.4082407786101214 
23.740848769092906 -70.48116354479683 -82.55211163231417 -57.85748955166512 5.950246773005816 -87.72208741824853 86.12086947015348 -49.99530500923899 -56.85705774891871 -55.63562688872645 -36.43341699160034 -84.58977988940943 -47.24259031508109 -86.93870878148329 37.56176261503242 
6.02464449624631 -82.09186234698865 21.53152356679044 -96.09574801993193 73.91502608902337 88.78092409349964 81.31313410877374 4.729270095194636 -24.857095904203845 14.480705208560735 68.50385503060593 -77.07892900412578 32.382375901599346 -91.1520294024176 80.36440218657003 
21.519862962526147 -54.422162549591405 18.3624067799351 -21.748504795334497 3.9905111933963013 -57.16373795319578 -75.94989861935034 -50.97388002466523 -33.04670598550625 -83.49399849115733 7.88702342597152 -92.9247025204458 -62.8305479308376 90.84169701386179 -92.5869952551191 
69.07962218800611 32.56231347935139 -84.52230481021361 7.090853351144787 -15.226510996516879 19.449634416827593 19.30229370131819 -53.1415829905266 38.39226622118204 42.9084747625314 31.02447391505129 -41.36098664965389 88.78014144756781 4.220417548612261 81.16071552337314 
-93.46386374903615 58.481929450958546 -60.508098153534526 -7.767525712459886 -0.3203261774480666 -27.260656534012554 -82.37301012083739 49.859145189152514 84.45898934059272 29.689946319021914 21.95716651529078 78.92357125837418 -27.532459426660182 86.99646556874333 55.453171757981664 
1.6039728598642 -20.520359244706327 79.68854364066357 -56.727854295351655 -14.456913019462377 -96.86797526830482 68.73882810570225 20.53037578916866 0.9969571557071077 -71.65727018312116 13.753095308535052 -30.49419993914644 -2.728843656303681 -67.96274135049262 -10.853031816669372 
47.01509764135895 17.02988073256566 86.21541184254374 30.02347617838518 34.232310799740816 30.656633622294805 28.18987843357155 45.11147827571335 -31.092771074880517 -52.94924787631068 48.51667865305802 -3.610190684527012 11.348926098403282 29.17117019747323 89.4883696269618 
57.19960008647979 -34.4502735318203 70.1741795312297 72.0384825650871 73.09593991801825 23.23214951318593 -55.53266982872178 32.22191157588122 79.97846397769962 13.982835794668219 -58.17925190186168 93.71939162577388 67.64230958597173 -25.30340874465955 63.629905693944465 
93.62345226660398 -26.613130173645033 -42.859328376248264 49.98010220813117 -2.671729888618785 -14.729811450776566 -16.1832413203649 37.07480339825585 64.77086594641085 25.805725935484247 -27.675776965403287 -34.93946216580177 85.29926798830297 18.24548271265786 85.42606924068568 
-33.43260453190777 -97.58749441843007 97.94691898421272 -37.78375707885717 11.055750770518102 -77.39648838876907 -9.378950745489973 15.312491661492956 -89.9187945125791 -39.40438989748858 68.78151174612569 -99.57902989395843 46.46871254965862 19.30468627525552 -83.7891594090589 
-92.96818453631623 -93.89575864997445 19.336319268046267 -94.9326821963003 -25.209618772339553 6.118907949804523 -77.61063617232568 63.387742917501754 79.44031349622114 -69.48542786192913 -27.441653471917277 -2.1294304131993016 87.12776378611528 74.98546732693904 -60.16465615594812 
13.170492251936409 37.5068887015407 49.5320469558294 40.91502690536174 -87.53866800943216 64.15130334449469 14.944886760098257 86.53561984914202 69.16218418340594 20.693754972038334 -69.375647516779 83.20764826677433 75.11333904239368 -98.69983888183032 -89.68429452471098 
66.21861023474074 89.15884699228442 -38.80437062842974 34.89607905368433 74.27560094618084 77.3165170428822 -38.98206241294262 74.43718121265724 -51.271542133528754 -38.52811409329142 84.94523861132782 -10.531336264524143 -69.0171334157749 -50.61654910067303 -90.97586645184734 
38.90239945606692 69.88075112864811 61.34573538397126 81.18791267875517 62.146931271835285 13.261729761486762 -60.91273410682025 15.371879902241119 70.96809829367865 68.39947383904769 32.19027479128684 21.23047412378783 11.22530213467168 -80.62491051663696 68.41494453865116 
-27.659853701851517 -3.4741805060308053 -52.36243940689063 73.51374769979611 -5.047530055256729 -92.0248070925695 -70.76920647192107 -36.67603542445246 85.18173451285747 -54.19514713283857 21.50719872116227 -73.83785991161893 63.444302529489306 -58.66963364780451 55.58834607397779 
35.703315730826574 60.98688368520587 83.16396436803842 33.89570651609546 -4.116305312244094 99.5574191128444 -76.98075030376211 -17.885031385169597 -52.57858906610002 55.59363931364888 48.14201916609022 -74.41979814385174 -3.373189210166558 68.9985022632521 59.70893391985757 
82.8219110242616 46.07869698661651 -93.03709949821206 -63.06225607406417 66.03383530221768 -71.95399709328177 7.241827682418787 -33.63577994374228 53.56866356325756 38.38367044446031 13.681741762030057 -65.41873804484226 -96.85245983633013 40.46580553630034 -43.903151471159596 
49.40486858380967 8.722908418977909 -59.3858721522053 -26.90252415544758 81.37556640928432 -61.792934521859834 -86.23739566404889 77.40305323763343 49.97459259900424 72.4884960785318 76.489004433265 22.051089283026528 68.55413116752158 36.598131492608275 -57.50218153502416 
70.17798876191591 88.73987929540036 -83.50331379221983 93.34627553738781 39.721019999243794 -58.24346472251916 55.23390395156042 60.14300848631362 -91.96676423951766 28.402697059258173 7.811084345229972 -66.58227041444351 99.54908728463948 -90.40953894181354 10.096012192775092 
66.6596186106629 -13.971539366726276 24.746299685991403 77.64419671076774 60.99951546738629 -92.60620776670035 98.10102877471559 66.58532879746494 31.718046077897213 -21.7749456324799 -81.86576673769417 -28.68631871479876 57.60933526875172 84.53974772860442 87.74804997948178 
7.958342154481173 -45.463631317579775 -99.89461324587975 90.45584914465863 -21.380578087308066 86.8682111255622 52.12970395553825 9.907811560322187 -91.53166395977459 55.25578221547215 27.427561229295634 -72.73451467731942 -3.8644119860460506 -21.415748737659683 -39.61234801006264 
-71.74542708454159 84.4443370971544 25.09192882240592 -85.40746318097614 9.012942076081856 85.30281594971007 -31.50113208557383 37.799754581354335 70.22945905656758 79.44732460800083 -98.24561662393143 38.06132473692051 -16.16019525654515 14.352096489312899 8.754365940957172 
90.9866923278548 30.415278174538628 -30.032296185623665 66.83136572216236 -49.29270638436027 70.64809084055653 60.016890942081346 -9.672143688657314 -77.4597521741001 -68.34062874322737 34.08703796707647 29.857428944047 -79.87376337113024 -53.92212222421136 98.16728352388208 
19.700190406979416 -70.52004522058238 73.32993826514871 -4.851167607292666 -52.53894201772342 -91.6921818140312 41.818839030583035 -94.79571993125025 78.11262008289845 94.9999574700002 71.16911065639485 -65.49280016738979 61.2018683613513 -99.21216472997571 -53.62532706781866 
-59.094552380513974 -20.019071873379545 77.15571794825615 25.616409451293308 20.226877530232684 -87.14433641777144 67.00423681099795 -63.61726741168952 -29.960512937750167 -15.841582277890893 -69.59766947053608 -15.526181426268096 75.4257117532932 -31.098667809505457 -16.099625826031854 
21.594433126982466 -17.923486579576632 -37.140576573803074 95.1208821600791 -35.31438566900897 -48.82198282772745 57.91932678324943 79.57060439661353 -83.98068703043218 9.784157319959235 -6.452958482755889 -10.473607916414977 -51.705475148352306 -63.85357588037643 -51.0400258148612 
-1.121764148510394 -6.5188826409994505 -81.95334727102698 94.02181465754859 -29.658635610194153 -91.59675300682207 8.246202290900428 -8.042651573686115 -35.16482912249576 98.66352577318708 -53.36219214922422 55.314226157721265 -66.45409966550892 -27.192649531384802 -11.592731945564665 
20.21274791282164 -31.50279978440244 -41.14461617493939 -65.21850361619484 -10.6752639390088 -52.87331183311053 53.55110814900718 29.44667662838455 -12.764201283560368 39.409361285264595 82.22876372636469 -85.45628173885433 85.95721558433476 85.4626044636351 -67.90755351435661 
60.65614820573427 88.09890062862618 -47.512787492458465 -9.667431841258917 64.76939978083703 68.29424771617798 31.669576367590253 63.84129522772426 27.754925992333426 12.655668318998622 49.22131714344488 -99.4621571204918 -44.822045999045315 -43.91523496805896 -38.715886050697826 
-23.67874723948553 5.14889483810596 -18.491931948110533 38.26289139229496 52.69198316168038 79.11596131180193 20.852678043245803 66.88090341186566 -41.57329585381746 23.55179001614478 -46.38179201203103 -61.9325742409488 -11.8402103832709 -78.78098260349296 6.060087676552612 
-5.619284565911343 -25.68081829097764 93.06632247658712 22.280691053750814 3.0546301099842594 -77.69513942977662 -60.13752163608594 1.9024615638712845 89.50484852546694 -98.39483613841102 -6.778405843439202 6.763115642325928 -83.74144356840824 -9.439512616803597 -19.337941858404008 
3.8392521309735343 24.911600519993286 -27.926564464994442 -26.792465930628765 -8.936426713434173 37.18149719354349 -5.827390646636928 49.807090674183684 5.750421619640008 24.58566243195112 -38.130036869986704 -49.25238173630366 -19.370177935053533 -29.59763639628315 -70.28276710344537 
-52.16249614587121 -62.373479127617685 -83.65105684975278 0.9734472428145864 -28.528081408780025 -48.423030638934605 -67.55348176915419 -56.4623518854346 -85.98349260259756 -0.3635271726884213 -31.834731741590502 -75.366173875494 -11.622868186878293 -63.930435720256895 -91.16464677896094 
-68.43311237700948 13.424449977154069 -38.346656407432064 96.1954375016717 64.60115766111164 33.54791380174245 91.81311388474253 -81.61182814586104 40.68213229124348 -46.20480467766017 -56.225361551411865 -97.19079141699784 -88.99102594421026 -21.040916571785488 87.2417183803446 
