-26.65885533810072 -53.018057724647335 50.88824732490602 69.76980102774777 -1.848050570188093 50.507138013717395 -29.76788829119539 0.46194778517335067 55.98787934538643 -37.0026945954695 -40.01285475715384 -30.10209618039012 42.20523818596925 -15.903722294751475 41.189471885289464 
-89.09215157285884 -66.11917332155764 65.83379657086897 74.46303038632917 -69.29486139811019 97.13659552639578 -87.18148433418824 70.14001099886909 25.39169836017865 -51.095056947790866 -66.43759078187826 91.61360603998452 -72.75417885975635 -46.686113115084616 -50.54625844710934 
93.1201969829126 2.982205929579436 -59.562099203746996 16.1076503868143 17.51210445225324 8.671338787349711 -12.02582384410809 -62.24416377303119 84.35514382455162 19.54179035768091 17.104064382240082 34.50105571843278 -91.4326656215679 0.9097686865014083 25.13893498502766 
-58.51197224511784 -84.23567807985341 -51.74393378173594 -46.81784291964757 8.223000030659477 -59.57964571046539 -34.56168788286274 -33.092302409552715 40.13886117069913 35.240197150168285 -30.388683968510904 41.32326418271765 -30.606856816467314 76.66133640071416 -18.915801261892113 
58.573567134674306 62.667617955979495 36.63700227982898 93.91814744907029 79.36886838340851 17.067781379875953 64.3351404509458 98.33486125902405 -3.473874965511257 86.25466478061466 -7.405684009942263 49.00084292885617 -59.15107538401199 50.643972028749005 -92.56307007643774 
45.73747147068826 29.101718585496513 -30.085721589957103 27.959263178376332 -56.86675168131507 -41.23812043121373 -33.929237146653364 -45.718155555851055 -8.895812207804354 -47.75007920468559 -78.01661355099759 10.116465395503994 57.00190114815234 26.627311821500555 -97.84145818312385 
-81.3637483355367 -46.9104324546167 68.33308409088255 -98.78528362759276 59.303029160020884 83.78837869667456 53.61634052450509 38.02483716995411 -26.498976087737418 -10.55430259030203 97.98806341969885 -8.940910611782485 54.51214916903285 46.93191221627791 69.73025155957714 
-69.91123275831123 -27.303102716022607 -98.01197423746748 34.314044535167085 20.946621671272013 84.56813474272258 70.59878860372305 53.007223341832315 5.788741617879396 -78.2502571694079 -20.72511452277763 -66.36018305977345 54.73496509279684 -89.25951457830868 4.29593251615654 
55.98019719386525 -97.85346532836743 -73.37722289602051 66.96156016799463 -26.244024523193502 53.07371228234149 75.89189950797822 -87.72431023326801 -18.16325569102004 -36.05991500592325 54.67462101021172 -76.08789022136911 66.98634005767707 90.2519993173469 31.7378950741371 
-38.073691994428806 -9.757703321661012 -65.1614156569328 -80.06789362627622 49.32852806719009 50.00118237030384 -2.8808319727891245 -51.79758405886139 -60.29043486109309 -54.03354976243349 44.87001803703299 -45.83768957995178 -75.3247370140734 -95.90228825374017 -40.007278781937885 
-92.28184446946923 -87.60883023501262 -99.63010387928588 63.74373808338751 -88.77054981168158 -23.41396487757892 -17.321690078364256 -44.067259721086 97.13259549652864 29.97602184512826 -70.70979064318969 1.0122895055228582 -9.10240032195668 46.48216618970255 -18.93932081422878 
-76.02045643157997 -66.81829292629926 -50.63968863217132 -30.755218964580138 87.74381171870345 -63.60316890370421 24.43637202570352 50.90893631295344 -57.27478110639708 -77.37519391957026 76.0708209596801 54.08707766688002 93.33949570464489 88.57116357759054 -24.258453125504545 
-14.265417504251857 -80.28807712529962 21.157152313467748 -96.7689105353982 -18.493750267033946 -87.67052062242358 -77.60865825208413 36.46274554796719 -84.89497951855283 52.52509015838996 -44.82310374088725 42.39565466702163 13.186095863722457 -97.86799223478558 25.513676373752944 
-38.82973830966161 -32.0058609304313 0.07209876117950387 -41.50850932567829 80.45339662171804 -36.96674021796342 82.20581861656933 -66.7513134191027 11.204768202404352 41.36433412332653 -25.989410120777578 -23.55439451389823 85.45138652746195 -66.91167927526394 -36.628808519290686 
-24.087288373382748 -35.63082663373534 19.520353617337946 -72.5952529507916 -35.39127112486145 17.417674006652064 -44.43608221344344 -41.68624688308922 20.847242171315656 9.938161912814408 -60.85865770842274 -19.568235704467526 -27.1165787755897 -88.39140749338978 -73.02210237935427 
-42.38661224902822 -35.03117857440097 68.2385975147198 -0.5849106207982686 81.64235671388454 -83.00105282518011 -32.24157056366266 24.384964938820914 -0.7361148332096548 -86.15520848779101 -45.1781459739206 61.26326719037459 52.25511653169855 62.03987200607094 -31.25162710217242 
-44.69129766480822 1.5220855535618085 70.145387407284 4.0535045916719525 -55.8523967028288 90.79757614475366 99.75331248831708 -43.907322573147844 -47.40305615715865 -26.360801038686162 71.0582103887703 87.04537457940958 9.280382684500267 -69.80344111017487 14.084787336077767 
10.02645073116372 11.954661365617781 93.6105307411132 37.61660703271417 93.1111550029616 -40.9702511201153 -18.49258535422487 -80.43553877008931 7.614717057242501 28.647759543802266 85.67032846079238 0.3562396033194801 48.13069094043925 9.47971226564215 -48.624862919942146 
5.436834790296302 -26.272539645393863 2.307922584611589 28.376333990222577 6.39245100307582 -44.5871984465247 57.048475483880395 78.1687564955377 -8.338398279878234 52.019240274231464 -15.326587461444262 19.87172480798513 -15.598744175405784 12.02620532782774 -35.39972414507564 
66.75791697848521 -28.469132552315955 81.75093720646859 45.865418366288424 34.456515926245004 -51.976245084452735 -0.7529544586612786 -83.62258422436501 -73.87375101297468 -68.41441477941422 -22.110321592241974 -20.02399105816781 -10.10710878574858 -41.60420676129113 50.14516923913834 
33.25722990629478 31.554432559821066 13.229096110692609 21.247966200897352 -76.20122930167359 32.91345797853046 84.6780301703146 -82.65104282058049 -66.27825835005078 35.03023633540488 -20.22330519704252 73.48976827018834 15.066471298854879 -40.93299027709385 6.664586828867684 
-75.73298242038295 14.47872096599086 -35.123563326363666 25.753677072460036 -56.07633069556888 64.99343659699096 -90.07720230864369 16.945548441095923 55.24787593353375 35.52403910269791 -34.49476674848391 -40.70301222026722 -31.308617813434367 64.02807310770979 -40.28321949027065 
20.771879554788782 41.47447954577933 45.18425152407363 23.491619562364207 10.396649204807872 10.320122924416467 -71.03365352622768 -81.37111178763645 28.222890005293266 -16.459066143475255 60.19711861566907 52.30683563729448 82.86359524189987 94.26418420631737 -95.68379716031703 
83.90757652447468 65.97788683890579 43.888960136086524 88.47501273847962 -91.31771353166245 -82.38227789130268 -53.7111969703163 7.280529710926075 8.656186354486863 -88.24919631674916 -74.34957596099034 -11.670730456451196 -34.98071912637515 90.82587201938381 -83.26928488704834 
-45.024824510421446 -60.9465580125288 -55.41870256333612 -95.02140800916175 90.68350152519875 2.725473051921881 -91.87059065459566 62.70100280801927 -1.3409482373874795 -92.10789928694223 -85.15523362433284 73.09726052818598 41.55654188646625 27.8358115406989 90.85882756638534 
-3.0652186676699102 -59.71511258843869 63.18790317054635 80.75625493806632 -35.81079793819492 39.90450121806276 -3.6084347646824426 25.812758080240613 -95.259363263829 -68.61938026307435 -65.03128551730217 -97.63323467937634 84.99871127195425 -87.7674362170747 37.61930623330417 
-43.818705125490176 -23.160365935319874 -15.154546293580637 -74.19149888586065 -57.02632836915089 -22.60141487137639 21.27796321794939 -61.07824647306144 -32.6857703838008 44.39008569623431 56.41828074630902 -75.24753460561283 38.64471526405379 11.772540592945703 -71.37129985522111 
-64.96560168269289 -84.21299795267919 16.635788673622457 -7.755761264747548 -40.95334032355278 -69.15591867841648 57.08763510235519 53.692214459670396 20.50013867402876 66.26391995876139 -27.391930757908 -34.89860400337194 41.08543731425095 -55.157712607497245 36.286533014857014 
2.371590576611027 -33.06459607307073 -51.910156858453014 97.91014509261493 43.67330923455515 25.384867793865794 -21.74433246820233 47.014788457717714 26.05866873166059 -70.28917671986787 16.965234721439742 -71.08040994714682 -81.68106001038298 17.14632095211293 -89.94044549911135 
8.50053392256487 -41.27551631475874 7.1611228663179105 82.87968467725443 59.11165470306173 82.19953797774104 33.33240687533322 9.49678595308849 -39.2323985823954 -75.71735937465871 55.870012897064186 -99.74915429187377 -63.961364710699684 -38.49806091277343 13.086753384411992 
-97.29426580759358 -36.98073841545617 -44.68633918127316 4.6917515563312975 -89.92395902854153 47.25890688057396 -94.21791797663607 -68.31873359090557 -92.86766720970454 74.57275178586414 69.05899465412199 93.11092431158909 76.66295448126704 -39.11070068043052 -96.68225109184706 
20.368720657005042 -94.03693424672832 -89.45032179833063 82.94752679884033 -32.59359076157091 -0.7924991985079402 -83.05827169000004 -66.30022388516193 60.03069906969151 -66.34270648877865 51.72687592732953 -87.08045033589266 49.713131902879184 -93.56112838110988 -70.72872116574753 
-53.40833533207097 92.04908081942298 59.33290966059877 -98.65571219193274 -85.64024771803085 93.81018905526807 -62.642142136781786 31.090821293319294 -1.8145679551548284 -79.7806687101614 -53.42647733781214 5.5040567864699455 -73.82180228117501 20.999523016036065 -57.99756660997486 
-67.97491070194482 -92.89844912856458 -53.64681029710179 -0.698889986370844 -4.760023418785991 -74.73240269406904 -91.74513932233927 -3.1493695136745004 -58.04950036933185 -54.4493741532788 -63.884465668252986 39.26928956507382 11.847697130599101 49.87790345165192 -67.46478472048219 
-90.24081970032796 -51.11200000230225 0.4355941431775818 19.189143423960388 -47.14187425949046 33.205669038488736 -16.774482957996725 -22.722440578585662 -20.744380129834795 -61.043055594163164 71.26405047562591 10.99489301558772 56.59579082241791 36.229606078689045 -70.02984401230394 
81.9238949102249 11.377937452481632 -47.38313417833737 3.8186993148462847 72.62677907539472 27.938281053397034 83.18558723002195 87.47978577799708 -59.189729184265175 -44.160327729733105 84.96561979932434 -23.8594112191973 -19.311933821286516 36.883116140333016 -71.43604178876406 
-57.20602210306372 -68.04287471962311 89.6824078500261 49.18706293755798 90.62812260721552 59.74635525706378 64.06517431192208 -24.89405070189372 23.241689616161793 79.65974442264587 -89.71397186939984 -6.057252266454 25.12073337055311 -57.58439312935537 -41.71674021458354 
18.270138905486164 19.74979670691623 -76.51641879831328 -79.52485820639876 -2.1955141333647816 28.140753617299538 9.80632650512672 -61.6870363367795 -61.739688729064945 28.202128743851944 35.721608314070664 2.0309577668759147 64.94831487136815 41.83222801655779 0.940345723942329 
-18.670221539242007 78.69653910978118 -98.76699764750482 31.83224017244663 -39.82518814691445 56.464298889500895 -47.259224598167116 86.80268917837645 -24.288017880657108 -33.54321156439808 50.26097957558551 -80.00720464365874 11.918729425456462 89.72123556037403 74.40286876552474 
-95.39437539261706 36.636963625152646 -84.35434309735186 85.87348065697503 -92.77354356697758 6.0835529742045935 40.022445403418175 44.616203553963715 -16.50256085690603 55.33444653956002 -5.4489858788506496 54.57741071679908 -1.5570846557066744 -77.88986673146994 -52.80771422731374 
-48.50285960714924 12.748389420293663 15.285702791311223 76.51844971004738 5.218374873561558 -5.792892532672013 -28.23294018239615 19.407124993816694 20.577153575549374 54.278444179418415 74.12255534446416 -72.20875373345719 -95.95595883987194 -54.49071518481692 -8.322901660167048 
7.278473273780534 -26.582682687470992 80.619893069975 80.24311555278359 54.323686736457745 -25.760416221368246 -11.965333230937219 23.741204877588928 58.68835634191467 43.922602403143145 -78.462975992404 -84.53588394195981 -7.758182790034212 30.14165973102058 69.3554257581689 
36.205696179493685 -51.37234935268624 -56.78792442754668 49.616324094865604 -22.53548930323015 -38.132853997270935 57.0362597512881 -85.6108261855737 60.31782604900479 -41.62382259664823 44.810277770665806 -67.84603797704321 -22.08888492431575 -19.70747113428706 85.66173043240101 
0.7408335293938251 93.24979528133167 -20.999996157260654 38.238367537291424 17.71546463472602 -52.12489746047937 -39.97262795085115 -6.3204385065417625 64.4122226877974 -31.853733355605883 46.16091973937216 4.897349972307879 77.83172183734169 -48.98055269508224 -41.55189027865573 
-64.28358875912457 51.18227258393409 -60.576601718273594 96.52484737677588 -64.36328437036309 -73.6253503721744 -22.875743449537495 -45.14261566963553 -54.500508024234094 -96.88206015204943 -51.020929950901106 -99.20166575264642 -6.102368267101909 -85.42384634624538 33.89339991514447 
-79.1284229720755 -83.11052078097347 -93.10035179673235 28.424266522964814 -54.07014114091246 -82.8050205991128 88.1893055133292 -32.623135081670924 -11.882276166337775 -55.562036413095896 -16.511525746910877 18.05493597870047 -1.8598782305890182 -48.39907573184681 -31.18327159501773 
69.7595976593752 -57.58341877675719 -77.1282131898793 68.14118757073985 90.84616430758436 -28.731420152157284 72.34599537650976 -59.358301634970154 84.58257765572085 8.765759340572217 34.43290960321346 61.16502555548925 -34.27017756337045 -88.12805036211249 -3.0805680220585145 
42.319003856315845 -8.388502696130388 -16.950486731273642 6.255512385219177 71.86973396408695 14.628606249361837 -97.67861472172414 -86.01662290943023 55.30219709565719 -44.91761942585912 -35.292411681245014 -62.44379722277282 9.36233384622021 -11.624532098750294 55.6798113768063 
-96.17431294424081 -96.84220460815263 -33.903283252590484 -93.31239710390005 22.385964312202987 26.19613376489167 37.79969907148353 91.7780579351967 72.49629135619514 -96.14996753634759 91.58140393227299 -85.3323476489794 -62.82659177711905 16.662908139194514 -56.84488306401872 
97.12058508292336 -53.487220997644336 -75.22482035249578 -76.72764332410382 72.10505458912255 81.11146045436365 92.39699677322034 93.34844249571003 -57.336664731587916 -73.21841559847108 7.775876297479272 54.572046346244804 -46.353230796896725 -85.92393561284327 34.99919534140352 
43.29891026182068 80.59071777240158 26.782679252158886 -69.79891439886745 -11.134753152511294 46.9295367254187 -92.44576408714951 -85.85706913516526 20.311260361455695 35.58583991953546 -84.76541291028603 -59.3174568157798 -51.8673407461417 -50.46556809227904 98.15038625677553 
-61.133442832164484 -95.06421003800463 -20.845314561978782 -56.73758072034833 -66.60236886214591 -57.19221615527563 78.55873318907365 64.68406534476162 7.967852343338137 -67.51964795978058 29.925721551071348 -42.28221394067448 26.253845452540787 2.031440957966879 83.2300981762487 
-82.4183647588513 -55.82422245967882 14.03103824982135 43.266237874470306 40.88015178754878 32.66512277448314 31.014869893700393 -49.14641646090341 90.12598109618045 22.776630150363914 31.44389126098929 89.63020694269736 -7.7191588489683625 5.765180106522777 11.30297522294525 
50.00746386019509 -32.69649434575919 -89.00185586288431 88.81051102884044 63.574130818702855 -80.46578988730313 92.2289010643934 -11.184296981443495 11.634228296114273 -18.585558237304213 -83.968535424126 75.65712381414838 -69.00090338830293 44.130779200219735 -33.40101629053724 
-31.181337174064367 53.91221763974738 -1.6931571473767946 -83.71627764182708 70.11778049902168 -72.69938832510054 -48.89040989131432 23.479359054737785 -99.53099965690657 -14.653293650135168 70.12784600884481 -21.808303803160257 7.771231432683251 26.155931693529993 -49.08213035802093 
5.486492875537735 -22.462169405282737 96.39581291368916 -19.380240534225962 -96.2711700068984 -66.52726825659943 -60.74644119118455 1.679759625534544 -45.737736379357344 -87.70604877184974 -50.110620647010265 -46.155845002200024 59.61003321712735 60.48513391980174 -20.478355410743788 
61.26946651714144 50.770529748682094 39.087432317444325 -65.30496212534449 -48.434101522209886 74.94671787510322 -25.41321327349712 -34.249070799715156 8.76825339858938 62.68120401373699 40.55440456767781 -10.592782791385872 -38.820930848368484 91.15497158619112 -97.40366487066004 
-91.07676684795656 -12.288067356506957 -44.623611475534 -82.69543760136202 -87.52335306937131 68.89334296748396 47.61655936362314 71.27927171238872 56.26711165087775 24.297712674800763 4.111355216925361 -87.2689085787584 84.39784391520953 -25.597003032392834 57.8760313485767 
3.536871653968632 -70.74846491823452 -25.288493014086953 45.54220872236809 29.612181709767924 -79.64192094598548 -16.653285294481094 35.8514930771569 -52.18785493080531 95.00675490590967 18.37873821009049 -47.93335270382535 42.95422045105005 30.201485078696777 58.78827375433801 
66.25785044035732 -9.737990907275432 -95.43651347612902 46.221157228091926 41.86943162401252 50.03384456291096 -26.89551088325355 33.39128421839956 51.8250374019984 79.56108308456734 3.9099037245828185 50.688216078332005 -62.29067507808923 -90.05827239829445 -17.295567926307925 
-18.714876185003448 70.26905664144755 99.75884546140276 -88.1311333454585 -95.10403644168947 -46.02017308316868 -57.54859829417936 -76.02324354138126 31.195266811349597 95.02160973791086 -94.55440233466719 90.16354318816224 98.07910856587702 36.298888396367374 -2.6106149527158777 
7.512276707849082 -17.671886098294863 44.10517426312788 -21.978217885412505 -25.7260416630035 24.194391927930397 72.04864429701695 -69.70248000855648 -39.05409556356783 79.00047344534116 91.06961020601898 -25.500162556764707 -26.309828165764642 -46.733450183286585 -68.4568692113035 
70.39156245700462 52.166079291142665 -81.9546628657849 -14.33715736029258 -87.85564127763928 -81.2552437222426 83.39558325907342 -12.677590671281848 50.8536233485429 2.448886729329786 67.31263353965551 -58.3052064981876 38.28801899684237 81.11356065647385 -14.598568050292982 
-96.00551637164718 91.02037306096682 -95.74763086515112 -26.67758069113033 -62.55634852346164 -23.460942288774973 -70.16301556035489 92.80734613951378 24.75969154423248 59.915389999051314 26.39814460273142 83.66351919605358 99.33630055993152 0.7961062576331273 61.133977557308526 
82.25411361899253 6.719927397027888 32.42894254995065 -2.5381715802164138 -97.72519437755543 19.700564764959054 28.71895271804422 9.99021706346565 96.5890310130641 82.22755620772466 -98.49226910138651 -78.96241227882781 -6.933427884629779 -0.9713361452682818 -86.81998013278745 
25.728448061207956 93.8592160126966 34.369751510408605 -89.31618520072264 38.821008849350704 21.7707483917614 -96.76672714979875 -20.893422666238266 89.33387600305042 -96.67625782533933 -41.10827678695039 65.5159105436278 -32.534674415864814 52.92110764290368 -8.37338983211255 
-19.46252861061231 18.010853277651336 -10.203355077633105 79.45450405769952 -10.59249271610949 18.78687858355292 8.419228642817146 85.97876127697472 13.558556924667073 46.60673427593437 96.15992264216436 28.577761633677483 70.10005547053598 24.58014065334835 -2.640439386316416 
-24.660175085753067 45.456873401552 46.912834113198954 -83.2736634099114 -73.75794176834785 -56.25959956678557 5.946650604484205 48.51059266074381 54.66993476362421 -65.56372752206765 -26.69816687927289 69.59107440253445 -99.93176051942154 -67.61768201143121 42.33818627541234 
-62.21705909320647 73.79438358002892 -45.6384147590478 52.6549380009904 99.28539962167727 38.474723074445166 55.055439669365825 -74.85982391157279 -57.13685014229133 74.36852794484261 5.06460120661292 -72.46757497233011 -7.976763569323381 26.21130589007163 -84.15830187564882 
-63.42541761564415 55.44236205928536 -55.474341306921836 47.92824852307649 77.5812868009086 58.37105055871433 85.14111132002606 -12.270792287935677 44.30738273689167 52.626486504854256 88.61723649948738 81.58963556502854 64.56237701995519 -32.223463984310925 21.39544429579901 
-12.904175106696968 33.72598871875417 76.92406867516036 57.93424913473703 18.489735177136325 -51.22508773840724 -2.0785427246450894 -93.39791771524888 -4.45613712855608 -21.656844301562302 95.34215553953635 20.036650686203103 -39.09790872720764 -85.4874503719448 92.71801931744159 
88.72365423314471 -52.87192077123311 20.80967753945437 80.74172056903237 -44.70501251619004 73.30165661793936 -81.16258332712817 -2.0470816250728774 -45.28446927137259 55.61490649342116 25.718388037842317 70.80657277189852 -12.181057320043038 -57.606424396696966 41.95453821822014 
95.52151518195478 36.66657139970121 69.2397650073909 66.14174696685924 43.72618550858664 -25.931876213004188 -99.85420394911104 76.92945646652836 58.29693358891248 -77.94026084545061 -58.41509882256886 -95.92398897193122 53.23657550984467 -56.356153129532885 -26.613374048704912 
-7.644084023406222 5.375329223686094 63.2676799225531 -69.37017488014634 -86.16124373294936 -86.09662368476567 35.21637287012615 -36.32781616890903 -52.35500050752013 -97.16607411516888 -68.30584818503775 -25.90746867857132 29.72505986997612 29.18744516228392 48.69352558990215 
37.76733334646798 -23.853166356624527 58.097915583165985 68.95061230944356 83.53994436748658 -48.30288212833038 -29.67862983883289 61.13766995553965 -84.90979364421591 -25.02486382049669 -29.31524817286079 -54.981154775270724 71.98937954691522 63.82742367363102 -49.768946545912755 
-5.4498031615964635 33.620307085302244 -43.4676569457755 -51.22641628196287 -62.04713063453398 -29.998781281758752 -4.738117086269014 72.02270602386324 -41.26016128433096 44.9628448571344 -19.403463663195566 71.31364595112069 -34.96398478944241 -28.473442841601297 50.62108953097862 
0.08308351740886621 -87.99494285721268 90.89765483026812 -72.68298895915875 -87.90063730398145 -33.206330639995656 -13.161477501928971 -97.5789739457466 14.321465725653496 -18.80282220948078 38.04060423540153 -16.274743615015836 -86.27157051073975 -73.87562366306162 16.77982106664618 
-76.83721277730973 -28.431229652679818 -23.207305181773236 34.49158238532851 -67.33017151557024 -43.568020492072556 -83.10237615963318 -13.57763169264041 26.833880575993135 40.834968648245706 -92.0186298910083 1.6480408441173893 30.45587781430183 -10.94672822612219 76.58006336599178 
-42.32550514433371 -77.06321768931561 75.98391219342969 -4.6376414862120185 -91.70775846232382 -47.27582059952973 62.29256498847931 93.44240808355335 80.15804814353734 -3.0507918503391807 48.03340045323321 15.73284139971112 -62.21700801784302 -11.24815305263138 -20.056395527797093 
-82.65401914739654 45.689811675672104 -32.192394464409915 31.140820742583287 -39.99234138949619 -72.08376026221023 78.01789281891129 -96.93292329518357 56.11383258954541 84.72989927710373 62.85404024708947 80.38605340903325 -82.10513691836678 -14.918424432912673 -39.85044179811741 
-78.94588972214001 0.21969970461152855 94.60543373429994 98.45167441131147 -39.00390682749357 -71.79975198416471 -81.06274854303774 22.52686855942673 -66.45301679238409 -24.42724261216162 28.19145832545439 40.90703076239805 63.65561866564374 -77.30426497582381 -50.41363267368022 
-50.82880373613885 -15.519729313972093 69.06739240249374 -88.45373667858416 -6.281440679590887 64.07628937274507 65.29058684387056 -94.29142948402567 -30.545706934505844 -50.64936850311022 76.85314059961425 -24.37401754614001 -39.078595532141215 -16.918002272448504 -5.474419483730813 
51.00008249826914 51.220086033402964 -77.67672770230286 70.80254301699188 -18.68220620223211 -17.32045435907372 81.52046184216749 -73.7008611363019 22.402209672751198 -87.9887156781481 -28.36239482378447 -45.52366201428899 18.47631377204415 0.2171561384303402 -80.77610337827159 
-22.616850457179225 -83.42501224754979 54.62638735512439 16.41688722521657 86.44183961686298 63.37302152354994 38.526554171771664 -14.54989832438362 42.32603658389422 -22.899988500440443 -76.89954716957689 33.903556118947904 72.65520195714763 53.999534078803435 85.22228805878453 
87.10925893225618 -22.229841167529216 71.2778652657777 37.726624579997946 63.436340658527456 41.650523623797454 -90.97554713378784 -17.72984183755983 4.201498678884548 5.246635827306065 88.91919703115633 -14.19457671401861 83.87603765850301 69.68303820098555 14.37821071407366 
-91.790157353141 -33.34088634856329 -66.63124837066319 97.26215944363418 10.19999330716388 -94.2368664138362 -96.56569641734443 -81.27187853915586 69.45256002102585 7.099002269236962 83.25791335107272 -40.19884009505994 -18.174426066377862 15.923335719661907 -43.61209404722884 
26.53391406630871 32.261713353321795 91.2638136356623 22.98768660593508 49.35691665090792 98.79894619851171 0.40406747633350903 -43.0326234710475 -18.407669185591374 -54.37716366714107 -16.708323403780014 -17.44061624961151 18.791056956313383 -18.72144447457316 -92.04433878135849 
93.28761350714444 -66.93567405336869 50.71853654005844 0.8072379695884848 -48.75773737909701 -22.68433072531859 -33.9157571228605 -98.25714093232054 -45.86343512712472 -60.741149992578244 35.12438902616293 43.557253324816514 -23.222032888641948 -4.190840502556341 -10.340335097780411 
47.511636904625135 -35.21955334327825 -62.440623045066765 -60.86158596956934 -30.829338024932127 -17.74968183887431 95.22659798538393 -21.70431223315407 -67.36975699756388 25.760492571255938 -15.005525304332807 88.80463329055786 9.934210949903004 -33.66213649543883 -73.0047052859524 
-8.897980257866877 -70.10555911922074 -3.703373552473721 99.63743358862632 82.74171198558011 56.945878097046744 -56.10348181443212 -89.55807574728993 79.19527902310821 -95.84238152249074 -39.0354091649602 -54.59036647319942 -41.72673560899733 -55.62836385164629 -36.58412088510854 
26.188756500018243 57.684823041004364 -24.031590708233068 14.868138893867638 75.88243441244694 73.99748905584869 8.399581142411705 -10.84847666347666 -68.014000830932 -21.923499343236898 -41.27491656161282 -83.7916051728002 65.33871163671628 -88.31064460446352 -9.842142386399516 
-77.66401162371226 -88.45579914131388 -5.175999024380971 1.4764849218898775 -46.423485836787705 -85.49031172373029 71.34572586326018 64.77931274387757 83.48397183958136 -31.0786929141357 19.431590427925343 -88.27398098943641 -67.11479702432028 -16.31107324497995 -14.894601018201328 
-1.0621516329849356 44.088168938275885 61.318081427265696 23.999135103982866 -30.451709578350133 -96.72966736921072 -55.057014632689175 85.88305411686119 33.442300184020866 -5.123390329563364 48.602985460809776 75.45412038430845 -12.027984947542606 -24.857680213098888 -95.78719186070339 
-64.80311016531061 29.70878882888252 0.07904964561362249 38.6644919384932 42.82186679828391 83.32245447429133 72.41636900330852 55.29599938148152 19.2254936029467 -34.064032947862245 -79.25569901309461 16.795348912772837 73.15271735247134 -94.57915052030272 49.979953108055156 
-16.300175883153443 93.27861571981927 -21.518258887991237 -36.06827253896518 -95.14087538399474 -91.05559677016497 -80.82168403678389 2.243411857378746 -6.9669301490827 96.47289076801349 79.5770685389661 -77.33420102908696 -6.588424117684767 12.629770868830477 -87.34219819020015 
37.364747156333834 9.629669973293446 56.57583204458612 65.36771425323045 47.08951699650498 29.809574053205893 -51.33717972540632 24.42498057449268 -63.38470768738929 -24.47644295416285 23.246772146498444 -81.11476618210736 -32.052952308886745 86.48922004614866 67.5502086384177 
-44.4676351327578 13.892140107118252 -24.639331724396342 -69.65285837494808 -12.281543007282039 -35.775054748175776 64.47200568897489 82.28580015577376 -76.16303668512934 -92.73015516470846 26.21776589627889 -74.78588514934754 6.641004915925379 26.725572194633116 36.6546407040822 
22.125112507950107 -16.035197723089723 -56.083435721466145 -96.99399502887044 -70.40984757593122 -33.44501444352912 50.80705883904898 22.09087678720813 83.38386658269934 -98.02958508488082 -35.32821438058582 -49.627718344327135 -35.04804807736414 -1.7299451793683147 89.59629937259061 
69.87661876193584 66.24567103952722 33.75275497341178 -20.213648074187446 -69.48125332212092 -9.946345257445017 85.13241739393982 76.93850263268942 92.86669524823452 -95.17206110790394 39.170335134969406 70.16396930794551 67.69408479539624 -31.86153623629066 29.280890032477544 
-71.70700397182335 -79.03986923175479 0.8156380356503234 -41.89779393105366 40.16611542893202 49.32719954706056 29.001665397252054 -15.404898046554067 -53.37443443444903 84.45424204017255 40.647597156600284 5.889555388046361 -10.699065218868611 26.790366295370504 5.82899461058426 
49.25613622672904 -78.69006038292315 57.51169579307626 -68.86427154972361 82.96963487151922 -1.950972837841519 34.827570330844736 -39.20809679731106 67.61621098883887 -67.41625122245169 49.35724014475434 -19.82823773948374 -92.16003750074428 -85.5752224067834 77.24621588076877 
-64.61014713022995 -61.53052696336005 60.14669320775215 55.939633778578724 -33.03960361840468 2.9394013156344982 47.86221190417834 -81.23552099366941 -11.837195717214868 56.644589733976005 -81.77701414633563 -91.11192886842605 15.771193657441444 11.917767452386485 78.63990701293241 
-91.0815723950608 88.47986657343182 42.34857552433917 88.2008802016963 10.67541573298341 -18.631671723018556 -14.985526271019282 -9.039406969906523 -0.6742611676807826 -26.977508072214732 -3.6752587528063145 56.68073663536816 90.66623072076857 -95.49746390995256 -39.980556753516126 
2.880514072455213 6.158930765193517 -94.3671528956751 -58.902056904863784 24.950618150655174 -71.71597241176272 -68.75380375917575 -85.90988892360556 11.358347014748077 -81.4933684614646 -23.66756450505882 49.993747522283655 -63.65458620588787 -57.317696568612384 -48.94451959114783 
-17.63114024552661 -42.127229276211594 -78.29648492867689 2.345018496012031 -8.971383732629874 33.690580119114145 74.2938828628173 21.967631629785828 -5.591888764715719 99.23634296785991 -60.683124757576955 78.01561316724667 4.318843438847637 48.83406187717719 -33.11917822962545 
53.81630567454266 -15.546947147159003 -3.34023151341016 -36.65136961974271 84.65905202107595 64.22984613277401 -91.13789355853214 -70.7890855346196 -59.4499421490273 6.556504724983043 -48.77626079821502 -26.59908043048675 -34.391531466806754 71.5187261016431 -55.24856956102633 
-33.257307450481164 50.47234507321954 -76.04116970021018 -86.8206345564987 -39.852037990111874 20.118048853611725 86.8734768001319 -94.45048489029173 43.62778959872594 74.61800055058302 -11.07351909547809 51.003735157671656 -81.76095131777008 -47.282907915387874 -93.4796936756731 
14.423285201812618 -62.639899182927586 28.805006367714526 -72.76577200390673 21.277470437343027 46.24493901553603 35.08424237647972 61.81855187422127 -55.581648420325 -47.774724939720414 -30.87996446392009 74.1454610588346 7.836867769702025 49.263948970286265 9.685477002948176 
-52.92495182674885 -0.1379604918397348 48.78610779543263 -38.43996278354824 -42.124045425374646 69.967205654363 -24.77514210348832 -95.7760410973237 -99.8310796052738 6.956270055112697 -25.832466390412606 -8.460072061950981 -1.0251121331177302 77.25477091549843 -68.31769320397123 
-64.67822069495988 43.108284371196135 33.45771625243563 33.93701862367479 -45.65193885434584 -60.49294583502369 -53.42433864858931 -54.969845034780576 6.075511989944246 -57.92972783367401 79.09159988599959 53.42121097909492 -98.40307761621638 -83.16607373560589 34.19821952586511 
-53.99519953148732 -43.994204784304046 5.221419250707584 68.26868877285662 11.415795531602441 -13.952406978997573 34.5379816731257 -5.996315075959174 94.0277303016968 -32.445739344641765 -64.1310816088112 97.58503339687354 -40.7325492450268 2.3054097524792354 5.021691142258078 
-86.72900731689832 -68.58965690223025 76.7174136417886 -40.59962745108643 -3.7363275051674805 -42.277363481617705 -4.988643426369464 -19.82921627386081 3.8933782421155456 30.852938449881776 -92.99802168978117 42.36733990543249 -15.565399803316808 8.309628224899072 9.859118177873043 
94.35266856038149 -50.69046394096755 77.91060138086112 -13.47510200277857 21.461678692651674 -95.14355446674448 90.18310826234023 75.60485370359598 -5.428341727763325 45.87329097500415 24.203813280305027 18.136027889195432 -49.389043399919316 -36.854828921135805 -65.4646375522322 
46.56477448737334 11.314022551334673 78.3433133342233 -35.77462415522821 -7.503232313395841 41.19532274166437 26.968785447235774 -83.71217380650376 -30.551890376732516 12.08048064048397 37.41185219525448 83.38362445849694 27.91140269278489 67.7303749120436 -72.63888596788676 
3.8548917181988998 18.707943499187934 -61.931120349470746 -38.4695477085546 -40.646307529081696 2.9653859492464676 -85.0088104527498 0.6770060592362626 0.21759718508589287 -52.635190860223766 -97.86400340221446 -93.15362444871278 -52.48191272793976 90.36952792141605 -37.5769493588203 
-98.50216162792485 -94.03763530128006 74.23905557497426 -10.923969460747358 68.29846414881072 -51.025191558205705 -72.56059403233748 45.166639971531424 5.91251791935467 -74.81485045837171 6.607295813169316 -15.843568292945335 -62.39851339666094 -85.07477517283894 -53.78948636880318 
13.456430931692708 -8.882534337435928 9.991632741715108 -69.57821577100445 54.63919890866717 32.61955357043641 80.13926564225281 42.022030480538916 -59.446464982337744 32.30049853892089 85.96619670116829 95.39509104627962 51.86746708495181 27.79579349281076 -16.947866429205803 
87.31194049505407 -47.22480190243037 27.566777238237066 -65.8161458028791 -23.542311719362274 -91.33734822097124 -39.115779895315804 19.661967876738913 17.19192558872456 -28.61979452982517 0.8183697301997057 -12.757073889798633 -20.51067544274703 18.894287955812317 -21.903439426192975 
36.86936097860661 80.2738935691873 -95.06242342976215 40.495917114662575 -65.35160514621643 -9.676928285509035 54.430474769818574 86.24114624777167 74.83156148352447 85.82630168500688 -10.610131683837437 57.90935762824097 -35.54445351623488 -44.29634029612615 -4.6554817749446755 
-12.212820990313844 59.36221792722455 -29.788803286527 23.492026596120596 -43.02500712787229 -19.16660857227579 73.7733227897431 51.25439415415295 -34.663962006144104 -29.723240077418183 -53.68359244485292 12.73152162581259 -34.774618923889406 -35.194645785601026 60.89838482927141 
45.18414593952741 1.9713315710297792 56.02953230538671 86.65479278019927 -62.27269546107757 68.21215105526005 58.809806845691014 -63.77712631793837 24.690708661223397 34.37899129862876 -55.08511468666881 -90.2831462628215 -37.32488968954848 47.57101891793215 97.21692860027423 
75.68207674016801 -21.311464272819933 49.52943483736337 83.20877056879584 -78.23111976762726 6.228721358767203 34.39971687936648 -72.40715963629125 10.337824776430594 72.0897768918903 -1.575956176736625 -27.843215540006867 67.96447601973927 -11.231451460967094 86.26290187087272 
-42.26773550685963 85.27528171766386 -14.761527452905398 93.60642259495407 9.862607066478148 57.15974072515985 -94.39956151715509 74.81869168108167 -15.567528167413315 -57.29569985350089 58.75524280333829 90.41150638631962 1.5413394200801065 50.542483772744504 62.786822682263676 
-30.24210369914364 89.93328677397446 -29.627225587045757 -93.12575857715875 -88.36576596706172 96.4923874077329 -30.73101746498297 -48.01486359348945 76.67887275845501 65.63200885743018 35.86598251308058 -16.357752369689592 11.194043227039757 2.8919427542455765 -51.95016064893218 
31.668851861446115 47.862922362064694 -11.108032840544666 -69.32128733032788 67.32114479839527 -70.76326046295753 89.31775986424174 15.219347880484975 -38.637323609127236 -3.020704539502944 -26.293664122474908 -45.6524102483614 -52.96934305859404 93.06650978127414 19.2617819529366 
67.24729934948769 -13.199111528650036 45.49522745453473 -89.55272383512491 68.86083630754095 -26.414240133751136 -14.499825256618166 -9.141090690541915 60.94363575460707 -8.925412805941306 93.18635057186054 28.534765621481284 -56.87673286564308 -20.980603374619292 -15.546882997184383 
79.04424794715686 99.56732091385933 72.95228439420578 97.87061075854447 38.08653068027763 -51.269637029706 15.139572180091562 16.502268623601097 -51.28233477330222 -48.45810706649072 92.99784499728011 -94.2353399803868 13.089330228775282 -83.05408250767961 -15.640687686956099 
-59.092256613894634 -43.47297225857534 -60.27144345002782 -15.02505948478283 -42.262619825795 -50.29958475753287 6.531151251540379 -36.81793166763212 -58.90461182193483 74.72329846700364 -59.82456943132721 22.705521785678798 -89.72962466755277 -25.726478124131262 -68.67456256442952 
80.13186983769083 -57.84601081879017 15.42254286909315 -35.93894190542237 49.45756369770311 83.02748008628615 48.15357916066739 49.06953922514944 63.17334010589764 4.1388044879336405 45.80350239174595 49.89383024415562 -71.04063291072768 -90.68252433680537 -57.85293844538613 
-49.361126656023835 90.66938587750008 20.164410019485118 -67.21905570849731 -6.055850592062214 -62.28133151531088 36.91866322176185 80.03394139606445 -62.375256175833684 26.634302717437535 52.40736511396264 62.45809561021045 -7.54828124553535 -22.837491147190022 -41.29710179275739 
-31.5442778005698 42.91670704395543 -24.51288082745438 -66.38075465923251 -66.82149299615895 60.8247166525573 -59.159475087383775 -63.57047417381043 43.08166440071989 -71.3989922786325 37.633215112059275 38.3201607282443 69.27691380008042 -73.69643015666875 -38.86088755795507 
20.934178654517254 16.536812430647416 86.23722672337172 -18.808747975574946 29.816897554249834 -22.981458452648255 -36.311582023091525 46.71799051225929 59.329799468961966 -50.63343630244101 82.23630806641927 64.20168954889218 -11.990218359383206 92.96875371799734 -10.526841385489632 
84.85790747901919 74.58184771661391 26.995522775732454 -68.59541300938523 65.36355563510065 -27.13836866387875 99.3395881228929 -34.59098690576374 76.55935505493571 -92.47954722035156 -65.88828076062829 -49.70196672021998 54.21771812856312 57.057303811606516 -33.992176932998206 
96.10822161707782 -0.9216724576388629 -70.59744809502462 -51.87602783247633 -75.46801965983678 40.745761695363655 68.98948527051184 -45.37414754113964 -68.88649127540194 -4.613607789034319 -0.18762449285887328 62.40040870150415 -99.8886825277249 -99.763015086982 -86.17743385075214 
2.881657648658617 9.166185814916133 84.64634074284515 72.19271625997118 51.61761806284625 37.870425052819 34.44251554519067 -52.21290387228572 -61.207588464034444 -80.19244566405433 11.097740928389683 93.87055727328885 -12.497431677207999 -82.56237525148597 -14.121223511587885 
65.77168056660489 2.2660366056641834 93.83245050579373 -77.44655656904418 4.1580784636817185 -71.00516962508095 8.075295940288768 -75.25136818854708 90.25078374984983 69.54153201721687 11.143600702649081 19.259688801374878 91.53985142924142 91.12019302271901 98.47799414757631 
79.15837428361777 80.35521592865186 11.699188727322678 5.2968029486955 56.24035719993964 11.415288094886236 34.5227350585111 53.57551929923565 -15.73938815967017 -11.524846076581 83.84936349953708 -91.09073750322736 81.13683188416476 85.18957060607383 17.508510309030186 
13.820456303253863 -32.191369570766966 -48.5060292377475 95.35500096974016 -9.0639468119996 -71.01400975285537 84.22830869314762 45.610490936531676 80.8631281032911 60.36536027598308 66.29250433071024 -90.9064101878133 31.753623507583228 -29.26640063413582 -9.290496321485222 
-1.407851950910782 51.14161957028759 75.76121823310277 92.90576945368952 83.92455581314908 -22.68751842065906 -69.31197057800729 -3.4511315658600523 -81.13659953544749 12.045849884543003 -21.824160840779584 -4.111097281444813 -88.88796716555794 -37.86762264727728 84.15865012682565 
-27.437008713495374 -48.71932956710361 -26.357309803444423 -49.24105535918728 -12.092734833376767 57.49629467394675 23.178369417445538 88.43635489661554 42.46276488167956 60.65071409063128 61.50482508277818 -68.99517857219857 -57.64007325546887 -32.69080968980049 -51.14806236852414 
-19.474369628913706 73.20253970762735 -29.837900505940397 64.82926039284152 -37.90793513008117 -15.822678286843626 -41.30375161870204 -90.31456820418624 -99.61094570477616 66.72624785610776 1.7296870907452586 -37.688581730489965 93.61246632463994 35.45830315878564 64.09547829486405 
92.24070736630182 -44.052083421425166 -39.42448989874738 -4.091514521519173 -31.022546983162584 -41.74174323226252 -49.154864998462486 61.10323888679048 45.747120134167716 14.837660803462555 18.096676528442288 -26.29546434586348 90.21683600308407 -71.81456968092421 47.18347396638859 
57.351552761559304 75.1425900082736 46.35567250407922 83.03650883614961 80.47881344739926 -57.94008955114389 -3.575867472543436 -67.5413051682234 -59.08468033427623 -53.15426222414834 29.941316318609267 -89.99204748627021 49.69600169777135 -29.04204047248436 37.29404613560496 
-3.656745015961249 13.044185596920286 -56.868825046298646 -16.59592188185522 79.06932984350473 81.76345866090992 -45.81306242133096 96.87295713275569 97.10207869543726 20.659648598347786 -36.48627613330038 58.33831811981699 87.22431898185408 64.05945703892178 -57.672653500352176 
-77.19012241805663 -51.31797016779025 -76.36713058486997 15.483509265885132 90.40831985481242 -2.1216285240784885 -8.357187197794232 12.525215125858779 84.57545595401317 -13.934626044970202 -38.79225443093668 -6.621505936251907 -90.02811713680212 16.198140868938296 -74.21280349637962 
16.060439345030034 -75.3747981887948 -84.00332569866733 74.94362062924196 73.70930166285311 22.45825549681271 99.51640083714261 30.706721123298564 -99.54403168110258 -75.55381268679709 -31.184615152328618 -93.35514504068831 -32.92758808117246 7.665109192979287 31.27857323530415 
-55.67884850632518 -23.70763960300637 -63.690347587089 39.25722752314999 48.01529579968863 33.76029650962863 -91.77269084818336 -22.503585679082434 13.37943850244092 -29.59499946050701 49.23463713795189 -82.32361434976782 81.82567228680264 55.003986954198126 -58.86572874742151 
-47.20305617697069 -21.018151889981922 -89.5710873853244 24.271454016180343 -66.61374897435626 -84.07252331493349 49.88946845874841 74.26879611350981 -79.47488785230257 -33.804230351394054 -73.56736130047518 -93.04736746709594 74.65080797899387 99.59801809606697 -78.78249636961816 
72.95264624024571 67.03324232622126 17.83545064681266 53.587623722884786 23.294009444932854 96.17782820198542 -9.593231059129593 21.828206897776496 85.00641628909469 84.59310438123879 74.95594644815057 -31.761283830386162 8.134446834937918 -64.50471439772576 53.31368943648957 
-94.69828458021274 61.602815441235634 -80.91525411798209 -99.685922546101 -62.600870978269896 -55.226107748992014 77.58382139901556 -14.248684842876784 0.5733885907702501 74.99430395849222 -55.951022861779066 74.39656012790888 58.69136288754254 56.04380421963927 86.05967888728253 
4.071357297496064 33.93552476248502 -88.84072034865105 57.50745245024672 -26.757028342425542 31.013373380411423 -98.97881552114632 -97.23769888631155 -42.165715524193146 42.32843605138493 19.87122205744376 79.3208606951454 33.407525696831954 22.13515571301265 -39.521690379206184 
71.10469801078426 -47.68050952175009 -31.697583605789248 -97.94614242141616 -29.22840567894518 67.6771760575376 70.24477187483473 48.069284124524074 69.35449414002508 -75.07256005140161 17.91561519967911 -55.465608293127744 31.344240930293807 -51.8982969983298 -1.6721608303029 
-58.76455187497118 79.45390024464461 67.62983784294781 42.460987262432894 53.903987021747156 11.543630082512806 70.75907522060098 -52.39392122885385 -76.71286069818134 -91.91607781423805 -91.10055850443734 -12.430674113137542 37.48359393403021 -92.64545533899553 -50.115985284204356 
-21.672432855557886 92.15011397782919 -61.35924679571909 82.93545518287513 47.74585246848889 67.46045068457289 -96.5967196833279 -25.267242333452728 -2.109475696328687 -27.73118882775489 20.275867901620686 -69.39685318598376 -16.76384334438991 -0.5287680529206966 -52.330952926066956 
52.66238715266107 92.27707886762721 58.28898939012143 33.459081273059866 -33.40680591508816 -96.41063981162867 -9.648991050782257 -24.537842611075234 -67.5204382982445 8.406176472778327 64.10403320601304 70.03712689110347 -67.3375050250454 77.61808290966746 23.904137806811136 
24.505077908128925 -93.87015728976738 23.27948345100073 91.49487046753515 56.88645866995904 -54.630610285495095 55.570450090589105 68.72597269539452 -25.563688373749784 84.21744799730624 92.00008615417113 94.31709862567499 -15.874607537844511 -47.76744395175931 -77.72900929022424 
85.07796558407625 -87.46278361248187 7.0298414266152065 64.14427021541985 -8.32144033798113 -8.494842574783902 -10.91219506393655 26.96326780446772 62.23969399262177 20.090880331733388 83.52227234814865 93.18626531088401 42.403194532082296 -82.07227504506915 -91.04568664820746 
-63.2239507892878 86.14436126109294 73.43165301043413 10.792309335498302 -38.820039745044795 -64.37660532656835 -33.379219229331184 24.4706226233522 -57.43303697967876 -24.480299608998294 43.412916832646545 -76.42115309813569 -22.955958806052763 -61.307189331888345 -23.44126979106072 
4.074107543263139 -7.526293939126788 -78.99084696168607 -19.398848820925778 76.69407137732057 33.34159451834924 -17.42214329665039 -99.30094137332888 99.40065573638572 -64.48925349723058 -43.80761322999971 -81.15027749081855 46.494685755804426 13.831911346497591 89.23604823706103 
14.412573831382375 49.192801683521594 -99.69060827840235 -27.055483265831626 -64.27183435347932 -63.29186355106431 67.83334086562627 47.427408446863495 -46.593984314968864 57.35028379886995 81.48304060268472 94.13676646951569 8.128361268850043 -66.36348234088354 44.18264253179393 
-18.84618231255648 -44.681292787034785 91.75678350663398 -0.3322489756604199 35.47521819253234 -6.878336935029466 56.7076875175768 42.28226539793653 -31.622507874120203 86.81507007401868 -18.96036973756061 -35.18769704412537 -7.870367834348116 -77.78032945051099 -3.880040573847168 
88.08112744071684 -24.23279275185675 10.517478900830596 94.3846326630046 5.702945494079884 79.87223783582812 -61.30125167019531 75.4907111313851 -93.93355266857768 54.556444351612555 -5.186030786183622 85.66415436031312 77.76611723277472 51.0916695947526 -63.201245663761064 
48.17462167748636 -78.90820091645834 64.00879309452213 85.80255807297146 97.02726853258866 44.889928688788785 -42.36888947166779 -24.64886157960386 -25.056881651194374 -77.71154013499506 -86.67048788134319 -76.01178659305452 -83.21636254610718 25.28783196910895 -58.48160535694411 
-9.292284777460551 -40.03187852544288 79.46561388413542 20.923881609575503 -72.78693074931022 -90.31418740802837 -98.96015110927918 90.41898667509162 -47.8909574528698 20.53815294926686 -54.428108042518495 -75.60661204305468 -75.119753823823 -17.559206877925476 -51.56172769531644 
5.249342804569636 7.48801770519718 -70.13593333091295 -13.121709474643353 -81.79781702021502 -64.68968912621204 -11.21138852104275 57.26701989420283 -2.170559545326171 -18.091859288496636 -82.35962280204504 53.75400650003681 74.91401073427676 82.34921864456231 80.5065800062643 
-53.95879544679436 49.95376839563684 -47.58382338241156 -88.8780843506735 93.38496321858239 29.990500815057516 13.756920085910167 -87.89683724346881 -52.60693685755944 -68.73616439250952 1.8839098143063495 64.41149986396232 43.505917992965266 -96.79119815479712 -89.09618188952788 
13.520509842620527 81.276369847041 97.61450598867731 -76.5243509927034 -33.47105359343048 -61.8336268158255 -43.04293320824834 3.525600898419441 -52.78920105985365 90.37532040706057 42.695353688440406 -93.11982166547604 79.81147604124848 -60.27478956325969 1.7145993362536416 
-88.92715941598178 96.38107770118458 -16.75463047849118 90.8399156682585 -78.0606397670079 -82.2866280672268 18.93936976612602 -0.23774333343902754 -32.36098074032844 34.065225206806446 -2.1121765796358005 90.90897689310901 70.18609282030965 -10.897738181321202 37.095509867809795 
-84.50575658460806 8.825590278538712 -71.7477917582139 35.507282403835546 -48.24789844803661 -0.17476609865620674 94.3190250650417 -88.0281698351804 6.196271486248747 -3.2079436019407837 38.29012923641824 -40.0584752665879 10.712271586950422 47.29108538442901 13.14001687003585 
-74.88075994043284 -26.586274488953904 86.98250864826241 3.269139949492427 38.9921312772035 51.1917796531597 -98.87030886502824 -80.28230071317083 33.6021284850944 87.54377852945572 -91.25951226722069 3.692416685634143 -30.148344639525376 99.8782910631356 -45.466189565849 
-5.582244010183658 -81.05787123535305 -5.775798775289488 3.2506971747276623 40.246234251097036 15.380228192935675 -42.682063151726936 -15.901067082139036 24.203491719523072 4.3131700204472025 14.02872844363334 -69.61708437286791 -1.9316042764086632 94.96425257832965 98.43254868538963 
-24.096016673330496 -20.771818685049098 -83.6674483926339 -99.48651342359562 41.902475504842016 -89.56596648901301 32.66741218168721 -79.32934165467356 -94.52978787843244 -95.93580492521825 76.8884454512255 -40.314984139842466 -29.107356580805416 3.231356246648744 67.15732945519736 
-12.06941210368781 -84.51596188638293 -57.820129524257034 78.16435691336758 -46.79162370557308 64.20860092010125 -31.064114158425753 58.36842993011771 64.27396379087995 -70.5931413813031 15.83327592715679 -42.17759463187767 -88.19907418618627 -25.60174440821099 29.291388982028337 
-41.79562297045263 -21.096787859656004 -15.039413642375536 -97.61884881919151 -14.517984854669507 68.35501790325267 47.50008072037281 34.53884932974262 -45.716704631876695 55.28646497939468 -57.05232492564936 -90.23273760786215 58.0982970554206 -45.609660015799 -50.69505726852004 
-30.46534233236973 95.5855395908903 88.17260087624481 -93.76780542476702 4.225029897303202 82.08719529186331 -59.52741305446807 47.52800549196007 -35.40280438157852 76.62346945582473 -37.48330888290734 -90.93504647019579 -39.93125777244919 -63.453954055657036 -28.700428538566868 
-66.58195975765099 -93.10543561130113 -24.45555886313852 99.93459470969054 -71.88524580138267 3.07542750507956 -31.64282067250963 17.636736206547624 1.0169612444204574 41.95317744961213 -23.561088038391702 26.956972943677584 -46.531532604286795 85.81720983930086 -36.446865096530146 
6.572347425948919 56.63205129222246 -67.27528848124166 -87.8437780145829 -34.42068981282003 -51.113961089202164 72.73957491669094 -72.84822422209105 -92.48573122159851 -92.81386836784786 74.72041596999875 13.344809387336227 -79.53236594309423 -26.296689907230657 9.043720084925951 
-79.71575176393856 57.860114785848566 -47.39388651465224 41.34252175263805 -54.63077926240996 -49.34687154796107 52.336832491906705 -57.33894236339812 -94.60929783370817 38.594291963835616 -99.1228881809868 -40.030394747605435 97.85010202937153 -3.56179812293 25.415291336059752 
-2.7875413208255537 -39.339837459512154 5.012067024449294 96.67546960844987 -39.70817515646914 43.824483556853835 -64.161366631444 -97.40577967698525 -73.82932044504338 9.980244783813433 83.43538739727938 59.943504228969914 79.17853865735555 -12.405567662601896 -43.24120903008082 
48.29159316024422 -77.45734215974758 39.81223315955248 -79.81951253289463 -86.5440533540912 -1.2381599352934813 -10.599319529192798 1.0473776409756255 65.39852988079497 11.146577245358074 4.932135274972353 -22.685557799209562 57.29452330431357 -9.10402475573946 81.49688451364685 
-34.74467720648791 65.03961410250619 -22.66059360070159 -40.012247948937805 18.48126717632171 -96.28243400196956 50.88675882839223 -65.29407654018935 47.07183978708426 -96.18359973739261 39.31332719043445 -74.22571361979578 -35.84673118149931 -25.553400548022793 70.21571347063761 
-26.117702323054488 49.7322929486553 16.445881851702467 -85.2642007226103 76.35542828171634 -2.2677975838291786 10.7960241810284 98.61912263406859 -13.60534528347823 -13.600963332011688 -40.40773954952426 72.55749104145264 8.25705784836346 -86.88152847614734 -64.30559297152755 
87.87360808547743 10.186121223315652 98.08448392949643 -82.77148116446043 36.34939230327697 31.57655137204901 99.75160953192531 -25.00993397663973 -13.830858858827114 -87.25778975945686 -48.46899857044675 -64.80623882809854 -85.4519042320395 -13.372804508361938 -37.30002385600293 
12.075803789275199 -8.629503416616885 -91.8734568601206 17.628732238319444 30.40461652277122 -79.08039574621746 26.862793653151414 -75.32125589525418 -25.604462275401872 -85.10413848242935 -97.30536196083617 -88.42136036583477 86.86424010325663 -3.5121755326772615 39.33850865786107 
12.534604308774561 -4.146444709111691 56.39019606215561 -26.33526422713159 -48.20695511932242 82.45747738894119 12.066922034020536 3.204812854933749 82.96803292684402 -85.05468686504702 -17.797848427624047 -45.8159045408457 -49.52453335195954 -8.0993274221089 79.36477659990601 
-70.41808283006984 37.02564027497331 -50.917294619315335 87.53052559375979 99.7745469139322 -72.95913850385713 57.87323468847879 6.013911732946738 10.422778967537255 21.842631722832124 -96.77126938014699 66.61290184149058 23.62859527777583 30.720894378757947 -15.149887248018075 
-89.82888661295176 26.073526608839146 -0.6643717559560685 42.69479142591476 2.033195152874441 78.25871281143694 -7.886897282649812 27.412778905415493 6.716227620618341 -40.13871869887302 -60.8343872763109 87.1531204253792 -19.036402014772364 26.852944291180265 65.51393115612532 
-7.3436962008236435 81.48078114360146 0.6188706774790802 -83.42660538539477 8.5236803642387 44.192264211207316 85.45697302536536 66.0911913506308 44.84024995609644 -81.93809431617265 76.35638572951854 -75.2559094984043 -73.38057790593409 -17.876251057137353 40.247888970997394 
81.28779699773759 43.707658329700166 11.134619140170571 95.77782878478814 -18.471650567516676 -14.441103784212729 -36.23949589999762 -26.977190854293113 58.598920109406606 -38.557479861754665 -58.69409237680283 -12.72135867442465 -46.84739372460089 84.37783403296811 41.2049811031099 
-9.51167135983006 -48.014495879586505 14.999963091548423 14.928182555434603 96.22786194909509 -37.68272610042969 56.12855026913962 -94.48675262730558 49.9616855023356 30.003780764946328 92.00393438592619 -77.52247650982953 -23.32050873513205 -68.97656928904408 25.036593806776324 
31.206259271071644 -35.208682009922356 87.99605284839512 -21.86473724443887 -22.798961746325233 -61.0383398377081 -33.16757434162206 -41.829300196109244 85.86339379010099 12.972045173981897 -82.77989229197445 24.05176533418995 5.02789627451574 -91.38787819139046 -29.046980655502793 
17.33917083878002 -19.439843011025488 -77.33888006574887 29.658801727298254 47.96602602634479 95.24768290190505 -94.05953080413569 7.075825523124962 -11.087339497841839 97.2755719179199 -62.815879574178425 -3.6559278571742198 -80.74761124685207 -84.53399024912405 -65.4702869479938 
15.724734883022947 -26.274521916388267 -46.30068193471637 40.58612842610546 61.092790883080625 -24.228434013143854 -68.48569968820806 -71.68363250485874 -84.90083757158075 -72.29546508199796 -76.20352465929759 7.414583451815673 89.04899213813528 -99.04760770134524 11.387602072491163 
-59.873615329418996 80.58490020302861 86.44300559274876 59.208259247879255 -41.490951196485916 53.89686249340926 -25.90758120812879 -70.8189402560771 64.51931705554102 -98.0451891279646 84.88107087001185 3.746642562660668 92.05657818620975 77.08500957665927 94.24969319120467 
32.483512905951414 95.90645406631123 45.68103247533918 8.64471545440766 7.769248771346454 -23.26628694544428 84.89205702423754 52.93832516870353 28.578711857750505 -4.234562653293935 37.80405313990275 -19.68859665624217 29.421064472460017 18.44260464717233 15.659590107609873 
83.83240270852411 -50.85632392933746 -61.58189187029879 -38.48194535821876 -92.9793430449302 82.21288151986244 -9.475756973070133 -12.686998624277578 -3.1641985816842606 86.90347419089389 -45.23632451645601 -94.08678856203329 86.91756919467534 -32.71671143248949 83.56250696759321 
94.4323735073402 -99.56858072771699 10.644117573041953 34.384150621669335 19.204189130480188 72.33274579865946 48.427690454417814 75.13102562642032 -45.88573708281576 14.459220180601307 -17.618345774579083 24.34465505995425 83.52626400100502 15.119318975688543 39.078156385714976 
-54.82879458253864 -12.895750714674037 77.63884258047278 0.7938636734817379 27.444211295840887 78.41270649100693 3.0811064293738895 48.68001783666489 77.38136926820093 -30.664090235716017 -53.404667242328244 -59.230069105271824 -84.25783644338154 59.53578603077395 12.826991739879574 
-57.58992956178215 2.679668868168676 88.97396546846903 -36.40854721286968 88.11273802793536 79.73608047960735 79.9960213846779 -26.24151335847627 86.07288433744029 10.776143657894323 20.97729241404072 -18.615484369307552 83.5184731615351 36.44250471150505 26.7438932119356 
92.373393504906 62.741808245847665 20.45227417588427 47.977678893305665 -45.25264839768512 25.996371717549735 -88.74458544483652 97.41771962879739 -16.048600183509848 39.202940543222525 34.74798183641553 -79.67066928497599 -82.43711482972932 13.696845656181566 0.01980930509782297 
2.8624449352481207 -75.22812920946251 -70.37748783203111 -34.118674984910925 -27.55477866051909 66.26451605194129 -79.23844335913948 -73.72554124815383 51.89987415124716 74.27361776300404 52.36217618191526 -8.884955123258706 -63.5437572177753 -11.26892154484436 32.21349462578752 
54.01157497155779 81.92321336219086 80.03408690044782 28.430397181187402 28.542575043735752 -74.09310057626132 -54.689556534660234 -2.727499886027246 -87.76140604447933 9.590637106905902 56.67383604868425 -86.36473761428095 55.63605714433385 -73.31492002158242 -82.87881447839112 
-96.7596207517705 22.800353549037226 70.59559749934363 85.02449430980968 -89.29273141274743 -95.28263324511276 15.48814896312048 -17.751553075013902 -61.31901632550694 -59.553829509755715 71.62639662322312 -60.525002125835734 19.285746689716632 4.2410597386393505 -41.025374372837 
-40.612115551706985 93.93651326250026 32.25994920751475 -32.593009048874364 12.803250702056346 -14.416427719862995 69.19319006064597 6.317975648684481 -38.101352825328895 -17.32750753657733 13.962545720628896 -38.8714530880945 -19.23244350324498 -99.3268579692095 95.0997999867611 
-27.675423817044447 -48.27049984677985 43.23366227344593 -49.87567953857379 65.70940119836919 21.313622476095958 64.69327648882864 43.583862473125464 -50.120191457015075 86.19967613778113 81.86942227757473 42.00965605683416 32.54874122233659 50.78088177829818 -33.379590619993934 
53.42696112231758 76.11307469798098 -26.34526736598113 54.481584594362744 -36.86924783272323 -84.15390794313014 -53.842369836972615 -36.101703507081325 40.54960701252449 13.504087998694132 95.47461558429524 98.68913736617776 -24.273258860587845 76.40723885953454 80.17202167604546 
-9.40995833966636 27.798304169973505 -38.199779814844234 18.623369651607476 -18.059271650962756 8.505855700648596 -95.68109192779252 32.809478512506104 32.56999883592718 -43.206517846609806 -73.02976054325462 72.1726672922058 -95.51870958737769 74.0552667699111 79.55113680651323 
3.1567829901822932 14.928995386702184 73.36668882015206 51.77964200162313 14.144983184675482 2.0677610778885906 -50.73213985644418 -58.62052723656066 -65.5714673621253 83.26027235535437 -80.11350793877547 14.221880731094032 42.7027897818202 -8.145212436553734 -28.87857377373473 
31.95723900700932 15.990365962801405 -69.80658236812218 46.419759886775694 0.24558089596477828 19.884282111429144 -11.904504379325047 -41.885531614187 -58.93833983523082 -63.687051732262326 -26.670897796311777 19.845326486569093 41.88498979562095 -55.125316595064234 -99.24568110768001 
26.430258681725377 -93.5190268192363 -19.563257691498492 -41.61637273529715 -0.5571899625606704 35.604463446383875 56.48687499767192 6.330033172620816 -91.57908554276415 84.07636371959308 72.42614755524488 -69.8312108123218 -5.196176825093772 -65.87867801298529 22.507365523071883 
41.5778332976698 -1.8046449686400194 -61.296274174941786 -87.60527549742538 -92.68758680023916 8.59159507959582 75.94279863072546 -91.64475539137894 84.42940970461859 90.79287533254302 58.988246093651696 37.51834527385424 68.10759136990984 -41.009206504690155 33.106737236855565 
-40.61527366102877 13.928629545594546 -50.84079929687273 46.95946223330836 49.28504072619111 -99.12756024360738 -96.01980165024901 92.21133959616623 -31.216063879791037 72.947015640037 95.81402774970456 94.40831929799211 -4.392407447592788 29.93840040777613 84.77885998687239 
-26.870693452776067 -39.25930212881421 38.12891352559015 -83.56810178263423 -97.48157768058634 90.72093457145064 66.95939146456013 -72.02923302893171 55.69770616290867 -4.693480749113064 44.981828833441426 93.65779699329133 22.837173751674953 31.41357609921556 -8.921201763605609 
42.99755955831171 75.7916175353231 -71.87345245579641 -87.44119271958883 -33.548021330894144 25.294794036022708 -60.72289963401369 -85.64059141037627 33.2086838666707 10.559587780443792 -88.48744594436546 50.1953741239613 98.41239598671493 52.53778222139823 24.82669288716184 
-34.12144085155259 -25.761943324400733 96.67486375236041 -55.51726649805304 84.71454912527506 -48.55103341740956 -46.393933314897275 32.85667812475816 -86.83724381996953 98.8633616272634 87.58923044270571 -41.614690737444974 86.35583758877337 21.00329796906135 -68.83928285913012 
13.739137268667335 -10.797147432990272 -3.3574207642632814 -88.03891872521672 -76.60723495457282 41.563039797354094 99.2859579994805 76.0012454643977 -62.516336016914885 -98.18856376561588 -68.97672878066567 4.929202502748936 -62.624684444253774 71.90059598713299 -73.91825224371023 
75.34168130600415 51.89184947601527 72.6902078397913 1.9549021768441577 -38.3327169512059 32.973517762535664 56.01374625501768 -86.81125723397376 -27.627216636834007 81.2141151776801 37.512938773552975 -43.56568885249248 -86.41916712918258 -84.78254270914829 98.06302470447102 
71.26956338855632 -66.52798954600954 -39.91301775503495 69.02313918148297 -69.72809156003183 56.325381028518336 30.150935158113214 -81.60750086826121 81.68198719934568 31.151059518095764 -50.85161093885049 -4.027664392967353 40.100898573921796 -30.917325697372405 48.48573197802975 
-44.37613411002599 6.60973174700888 30.622828294198058 41.82842245762038 5.3226035919043255 31.7991615560654 -10.720981842192941 -66.55324812436459 -57.89968714942755 80.66993965809553 -96.18299142143434 17.577279660697315 -1.4154733772870003 -74.99460479870845 -84.43188896516291 
86.59050616587771 12.91910013719719 -62.874821815203234 8.10628937760049 -67.4335967380544 81.46050430551205 -87.62978827241918 -82.19562492943567 21.396883772562234 -66.14689807937732 -48.41606755075352 -54.57853196898861 97.39518545899233 20.23232083602349 -27.088832134241713 
8.054910457370028 24.166491002295174 84.54565855645933 -68.03790134110923 -32.755545865262164 31.527812025684 26.749153123191476 -76.90099763135038 -21.69815017310266 80.68202220874196 69.34027265919798 -29.033488318324856 12.098733278473148 68.14084122152647 78.38793539480855 
36.86838448904811 47.37383656478488 -77.618025483046 53.99755719867915 -63.67145337971374 18.8905915730285 67.01813972124978 -11.58699615037473 -35.50328459616816 -45.018271401914056 -41.463272483229034 9.536357344774956 36.619742409590486 13.349294118420147 -64.79540391005156 
86.87200273595187 -48.00249561054646 -61.77065370776844 88.69229914688123 44.99790007664032 -56.32354429471582 38.17789581357229 3.9094595176335503 31.721616582607027 -27.381999219028557 -1.2161485993655674 84.64670791208994 58.440572312627296 53.810930603873885 63.510762260904386 
-21.9397549965866 10.64031516853828 34.05728156854457 -33.24493767198693 0.9250518426431569 -6.681036874204267 44.3545897499788 34.68072154460211 -12.01971012254765 17.053969616544194 -51.643358769758805 -50.410855286689625 67.04325004464192 -34.369317603443065 73.12891607441873 
-38.98560589199973 36.69245907768865 84.48233807230426 -88.94727537628877 12.634135882064228 -46.94073190259438 92.28663985458081 -38.22908598211945 86.92842861574559 6.553307775284708 75.34826218416279 96.24284491001555 4.182092119918849 69.16181682002588 -88.8564101329236 
81.21291496633322 25.774729786220334 -91.1825669934288 71.97263325139892 55.22341583727345 13.949604081363447 -1.0522645867854408 -86.27326927890061 -43.23802498626967 -21.607946156667523 62.20615525078378 -82.82100107995522 -7.141706761631099 -98.19323538033329 37.49225454737646 
10.670300640141491 95.89105728320564 -45.1341486114774 -56.70774326889691 95.73323066896424 24.694162597076996 60.382609274213706 23.137016998003517 -60.60651974615951 49.05436778554446 32.41161648848242 -43.63185714575224 18.659551545099035 -4.975261172287347 -29.481337168950446 
-68.06347099684857 -36.751561994306314 49.09055161436157 16.44221644720065 44.502897755439676 -77.27869554031885 -48.20997837498218 34.543029300611295 -73.4626147491687 40.62241572536266 28.59597033833083 8.892505829153421 -88.67781618058139 30.03509622182193 -10.857033142133403 
42.831161520597476 -41.66772954675102 -80.1779955037751 35.48773711402242 -88.23537308128822 -14.649039752349609 -96.61064021991561 -4.44225222698546 -41.883176675096735 78.28252980760706 -38.469599790281436 -0.46925538059534233 -93.92574124587827 -58.54249971623493 -62.88570227752053 
85.07733023113317 -15.925228669326657 50.18239673894013 -65.4334076841208 44.683660927960005 -46.98346149735606 -26.401625557307057 -93.21111585222015 -56.31957171323441 75.6200089004439 -16.091084055515154 -92.22812222895162 -68.83223621651473 74.14058296912788 3.4799754403802154 
72.08940949748023 -38.39785556468751 -36.24363906943972 44.163619291929734 -53.30039417515056 9.584854080865156 26.236752366198218 -76.0884034368276 -28.80721883639086 -26.892813551433804 -75.12290551655951 -32.84256340888503 50.42568896930544 -35.40702912274793 -72.05141119878895 
-96.97957006579617 63.4464156526912 -38.27921978161679 -81.87284791862285 53.0850398547673 -36.07258604423629 26.30131561812577 -11.343872802176676 15.747741860451356 70.2817893064894 95.27544507111051 -2.7408696646101163 78.80388723326121 -5.652590184126581 8.687482506736302 
-25.944719143748472 44.82021152284901 -19.90577235291167 32.76554749488861 -40.90023368757139 83.64548487136113 -45.147183444474194 -15.947903125697962 76.92252631835845 44.75880162172223 -73.18844869566313 -81.09265493272018 -98.87908596089505 0.3561939316423235 23.75221542939012 
-50.06427900454307 30.023067731879422 -77.76712865614948 -89.72514315739038 85.51937169206391 -73.42730853740966 -59.29989735638068 51.32101729121487 -7.199719419703015 50.37063676814185 92.50199796229015 82.72845138669857 -41.517812533627165 51.767960292650486 20.843993571750417 
99.84242026155255 -54.998338404776945 89.91211830701815 78.94355845032436 -9.970616695237638 41.9944103004629 61.66807607122169 -36.75584642071681 -25.366920314868906 23.352824612835406 -86.08603572716676 -20.393586445715158 -92.91907628978002 -18.950634448491115 -91.89380526137698 
94.12440675438381 63.620835988709274 32.72336445362552 -61.020925557840286 50.70885923197946 32.99328913610913 -19.886020581404892 -47.279923265734695 93.5736865869278 43.79450854984529 61.03341817353518 37.06691065002917 56.852842797059054 -39.82914539416276 42.96662765142119 
-65.88521161079376 50.40311460155152 75.4471952789633 38.79498763156468 35.82628708505845 -71.46170167410108 -46.99719736545993 40.8775882364541 9.965843787608165 -45.84908123192015 -90.67630603678005 -74.11672087623388 6.376123711912356 -46.13996831769032 -60.25537233949147 
63.585330438596145 -29.6912564955132 44.92877498677154 52.1899882623791 -87.79419009836205 75.75834691549889 -73.00783517027729 51.3394584920419 5.985456485753389 16.4279767176118 -40.14264652133501 -58.89482615285302 -71.83837466457537 73.90814736528858 58.357872819230806 
76.64162169008293 42.386524484310826 95.75219547213973 64.70696715101559 64.4551342292682 70.00528353467058 69.30624093584962 -2.955378142189332 10.143267874129293 -53.14912943871397 72.7444924193548 -12.026149944057622 30.976436202124347 62.978313571935104 -91.96329037703785 
81.2878989699511 -62.41426086425441 5.391640016349555 4.643989576361761 -81.82951546459192 -98.55480946734201 18.815742223348252 -37.93509859425943 10.090133246210968 97.73295794656212 33.96088658872179 98.05079167477226 83.87136413563746 -25.06985032898079 54.14495692264404 
-79.46379948439339 -49.96537437837827 -60.093742379271234 -43.716396539716705 92.38883677351677 -2.146111469237354 89.31528135118685 59.63915998301724 41.504554447454325 60.35867081500123 -72.37710647480358 -73.41738638573538 47.15663317922366 14.782878960416525 -34.78287722278952 
-6.179415962661054 -39.0163524973429 -22.26003400497909 67.8474803150242 23.956132290855024 2.581724996316794 26.818290149474947 72.23692773099827 -40.80060040628837 26.30713324728535 30.521862367635777 -78.48695076402012 86.9134767949487 77.12068757025148 15.36118614470243 
0.04326094083735654 -6.347937989773314 73.35959692263833 66.56202397779859 -63.65316416116378 -34.90515254538087 -39.72776943112004 -72.57559859454916 98.14257411007995 -9.395515471947121 47.1202381545919 91.54118004322595 -38.47701875138778 -94.10230743432386 -8.917794378281172 
91.74467724959186 46.60698426918066 86.86461294363542 21.29859597654915 95.89583122184123 76.07006635514315 -48.23435986725022 -83.36332598756486 40.035864322035195 42.7894503611287 93.0646102194435 -44.31276230360459 -64.54087462376665 -19.286212346170657 -11.118432438852622 
24.689255757782206 -22.717456073346966 -94.30451070654729 -92.52805014594125 -52.28299415604318 -59.929171074171435 31.93227609687696 22.375438446293103 -12.381964438027325 -14.447418833326296 68.71386963431968 -61.28271808471651 33.62093603469677 -9.520883541687496 67.51528722892994 
-99.82269718982609 -41.19549128091104 43.582310931707326 79.6124039760713 -15.298435902607395 -73.30393501208468 -20.719369851740254 61.96548443610567 98.67574480269425 -55.39784619108854 -86.61875743015564 91.99221701219523 -31.72909978243632 59.81068985352874 -51.21938996114632 
49.418939067056755 -2.898987169320037 -10.803064254634265 62.93326138032998 -59.0717772960688 -29.903087181929465 42.86223108063098 12.847937170651605 69.89095528053514 -4.106968652417578 95.47479802226027 43.20377563891796 -13.999579352705055 -35.41021411812379 5.765084713664308 
-43.23769907849071 -91.9843001805233 23.353100317529993 -77.31915072548905 -26.637844848289888 44.534485086877 -90.43701699138403 -75.16279518389035 32.21043266317412 25.85121595928601 76.03307943919603 3.8875875485554303 -20.878566131705114 -19.51048160392233 -46.63216867486899 
98.32525374032346 -13.997874244762983 82.63644139227478 -23.928175800801526 77.64917557808394 64.13633259677022 -0.7016565356201738 -50.553513892914694 0.25396635132955225 84.69591941628389 -76.29203332933409 -45.53578156193079 -92.58887700308789 -24.940099633187913 26.709255374461222 
22.168186067063516 -20.96059221720077 90.25802105012215 67.78422343480335 26.233448856452995 -7.229756784146971 78.03686418706687 57.32022331894919 87.10869185868145 -58.439125205684064 -49.66509704945412 24.00023617187665 57.58741365936967 55.41430336215211 -16.964352250385488 
32.32662786272553 74.67526722311953 57.23562615983499 4.4015401977280675 -0.5582257461036306 17.868764204064732 -26.52639845594385 -26.688938326956603 92.53900499324101 68.6212826118975 68.31847417829059 -90.50306809186206 -1.7234063123747916 54.46669446782914 67.08805404511071 
-8.14636894340643 53.10833431772946 -2.055388645328975 -52.58711557711575 18.817689652014607 12.025813124363395 39.835054718824495 55.60093457100052 39.09332154778599 -39.18366161282136 -32.486040690059696 -72.98706964530864 78.86367468808112 49.269179738317035 74.1986834353275 
53.41670161844928 33.658904660418074 28.494679792603137 -79.13881954374389 77.17373320061373 55.97790473649118 -95.85417697143062 61.425753918541574 77.76937626626992 70.33822091944148 -24.434801882839352 60.58410320400887 74.25265099782598 99.41747551308742 94.98420687426685 
82.64776482059128 -8.979503818111922 -24.65200629896509 -48.56239571106957 -93.73314222775053 48.31273693652162 -27.404519324082372 97.28263195202621 -73.89784840834932 31.611728106055665 -82.46455997623694 89.39127955871766 -71.5689137357611 -22.739131400712267 -27.255306590005517 
9.366286428367147 8.02258114987346 82.22022387837615 39.877580604919274 75.87378990007406 -69.85396534927757 9.802338890932162 -51.50618787147967 -0.6419064089239015 -36.369586513124986 97.84749657782481 87.06569226355617 -73.01925772138276 44.80873370415557 -49.51546429757385 
99.34920046689973 -73.25166318693235 19.172436611725658 79.72074405032635 -98.85732933972868 -85.80555492178546 -63.97272515153374 -94.35801642187214 -72.41072504034796 1.506051028626871 23.960872360873324 -28.055012934855256 38.4140105871582 -77.93216988572213 42.67774217003017 
59.5796428733606 6.679521549089657 80.07413545863349 45.570255877913866 -59.744547401855556 -92.49601525585906 92.57425349638365 -1.249878000775567 -82.81797822623511 25.252236960294667 -86.59204232408344 89.36801413795698 -24.92953762588735 96.34887299832624 -89.4356802516156 
50.11823507016297 17.538435029622292 68.07592598970379 -6.812184108486562 6.031485039229366 -88.02908262660969 -29.7830518660178 -66.74159808941072 -60.91085492416055 99.24980779168641 -68.20861318607139 62.329454298804706 -80.99069741739925 66.28655013446854 23.329228148227045 
-64.35809719452067 -81.48552678956477 39.93824623129285 -72.06478739138744 -83.82217378498183 -50.97047873286018 41.74013818298707 -90.52953493101334 -17.09927552574048 58.051749705213126 -19.459931291602956 -7.7121278769659085 40.55912983659579 40.57164733166525 -97.84524867355138 
85.06798395022 89.64683238443115 53.763744047085765 25.946510857682824 -74.42931541627865 56.68732589998814 -92.10515340384107 -43.3117938943611 -7.783361223885407 53.894861813900974 -39.3222373027188 20.966074472454622 34.1069956252916 -7.350812212364815 -87.53542973357126 
15.852332501947103 -43.533302347307945 -92.98641756127847 -8.892096436748375 -50.23155832256667 -34.08397080804211 -95.20218327123789 36.28130166545526 -39.941891648778864 81.4110261966926 99.89334162595495 -32.19686070644616 35.20485150880242 60.78462628535419 -50.97847863347813 
30.818979293319757 -62.82691124380464 47.6277804824839 19.456230286999613 -85.25562839392987 11.142717050343848 20.395773158099644 28.258544266603337 22.976725777352797 94.08263742481509 52.69893740533138 27.72853166743694 79.9967038338138 74.81089980351845 33.73529578254826 
-24.957742796259225 18.546800278758752 -19.82129958170799 -97.87953492485725 22.011062234221356 42.740640279159976 68.3163004852135 -82.58370064327198 -31.23132953462779 24.269939336196117 -38.099614982527655 -27.1471604995926 -40.33764492735064 -76.355647228733 2.060739785494306 
-78.59233450794882 -79.63678703417563 75.5954782113717 3.847109485426259 -63.94942464151898 8.578311232243578 -47.91362308986453 -53.44409530648198 -97.37458263852601 -91.7779925885392 4.024599031744728 -73.50850518787888 97.68752072544368 -63.90084641916183 73.48192139515061 
4.458851403712913 16.43263293568002 87.11960825630825 18.749434205265942 99.22088744123963 -85.40484542007451 43.0229507758022 -77.41580942283741 77.42443794884554 44.292010024788425 39.61096398378021 -78.28078023241211 -92.7925637443005 -3.489703702487759 57.55538098180125 
67.85853592752079 -47.05575234600787 87.32003809861314 69.08852820876359 26.98481748588786 -0.7955622378239724 31.11977434907888 -68.63735958637527 89.15620095875599 -29.95832169413211 81.16677410570995 -71.00747154033147 -69.18705547946125 32.350519503696546 -98.29294921797302 
59.00555541980478 -20.597352839601342 11.27068233943345 -66.14619565805188 66.85923008275861 -15.056372922790601 -59.930524755933256 84.3886926750771 -31.419618310515787 13.624970459485567 35.698975090055 -44.38721645853998 -30.867683140921145 23.54941209893954 91.70101897247497 
54.30449613184837 -90.67113122961199 39.657376143721365 -83.48007123703746 -19.653729327088286 -58.921160506130654 70.96195397912496 58.316352760852794 -20.37397447393981 9.703184829599536 -19.39832287969648 25.198070924967794 79.89479569607786 -40.98465366864736 33.052215981792955 
39.631633297335156 -80.63495639005711 88.71563722996075 -91.9489632007828 65.88685824251081 -32.52452503815782 -45.37599714166631 -99.37865895262712 70.95652624900083 64.06103898946276 -78.76269495961563 27.487796728830617 38.09662681301006 56.625086294290384 20.000532465777795 
62.67314285123652 13.532911477582218 96.1973963187435 -72.92798525065649 16.614701509243574 -23.60471965140971 11.514701755021719 87.70949290129016 -43.40733869941875 9.567539107988466 68.52734277572941 94.81546052756428 -6.172110464509402 -44.44291387151029 -43.205304871718496 
64.72913111798513 97.69610955179417 -17.917902411198014 -34.31791527971657 42.21787534202062 54.05162859992953 51.27554936328903 -59.41280742603254 3.177995653191857 71.44342578492879 -84.96607028372875 8.433494208998482 6.911471671874736 69.52318113279173 -19.029866107628465 
13.51217032484604 2.7961547995037677 10.615843210386018 -84.55250317743565 -33.72302025433538 62.84908141483987 67.78737829693549 93.81125877923571 20.541978877942753 50.559697003169674 -35.48191362299467 27.266201926006175 6.295276972226162 -0.10209490195805415 51.28300930388963 
18.365655212014943 80.2561730955702 9.342347391366474 -78.19687802786001 -42.51195112075532 52.3694891251634 88.25692089253707 -11.432197430766465 50.64610545731853 -32.48943781443295 10.445813604021325 57.45472563769533 80.66781796274756 -41.18037296210204 75.7601775558534 
21.73811826527634 7.28413935425327 -7.49945154894769 -75.50686846940762 81.41255729819704 74.91289670867286 -29.79643701612021 66.78750712019422 82.41480711209746 -71.72581782680558 56.36292629264901 49.574455751202066 -29.158963070263738 -88.66863803905423 24.980838495334098 
-75.74875455092271 44.45828799190201 -46.45200076128728 -16.63609792066427 -75.45824477818095 2.596108336083887 -27.332524427727606 28.799440056997867 92.43528951158692 35.990409518742496 62.54391030318689 -7.742244042253674 37.837862822124066 35.26427475148199 95.50650852341215 
-89.15960409203907 4.4539723232553285 -96.64727882314695 -25.697737832356154 -74.9088215979872 28.17394593592587 -0.7078364458448902 43.78101225767301 7.167884132559891 -45.703603806016616 -41.66639783612791 22.991544646942685 22.001621620758044 80.8301312612787 14.022755620201849 
60.66463698028684 -12.597911439700042 48.551281855372764 -87.27965159618066 11.159382217490133 -62.045190054697265 -19.919846704972798 -24.128608642381224 80.71796421707654 37.92526826255619 43.58731417262476 28.935554876287483 0.2826924702227416 -76.08980334224694 70.90278380728859 
-96.58598702160155 -12.793496803253987 80.43850181346886 -74.62991962898688 55.91521221198792 -69.43592447156908 -4.379742775190181 -24.98714187121338 -56.60024549927187 38.498869642864236 31.306769882046723 56.58267438245554 -35.27017027206263 -14.648749355213454 -91.5234555539985 
62.30339306460476 -21.18884369895524 66.35886811630195 -65.25716864733482 79.47152268172283 27.150093979293487 -18.251264003450274 -91.26361263765175 -87.2854685938508 -59.07115511517582 40.93626751568536 19.73323659319061 45.470380228486675 40.78829228717922 -86.60748446191484 
4.6193116403356385 67.36167789577675 19.57016680609462 32.29426462843546 -47.62362541443701 -58.68082464932489 36.751266862967555 53.617230334637185 -0.006767150695424107 12.729698496986686 73.04116484738725 -94.90447246089875 -47.17521614822251 -92.55833102176463 28.44876714222312 
83.58956586075058 -77.59107841428576 64.16850325779336 17.387004218297108 -33.564284529674595 51.49973553696461 68.27185812313476 23.295332992538874 42.81859943088861 21.970527323258324 96.49287570975278 22.59782398274939 -20.79522105690124 -71.5280495370058 98.45683896384972 
47.288568856646776 -90.7704436085899 91.34280108119711 -92.1783864337173 47.345724463213855 49.444489469165944 -63.07667413939599 -75.23115936506741 -71.55233708287845 -37.11088082951473 -9.88328433068655 -38.33074064560007 -21.686392620672223 -50.44921474934836 71.33568567665225 
-34.89248380103061 85.35487570452963 37.003026551963444 -49.14268565141835 -85.29745393917534 -13.435986305702954 -13.443506912493874 87.65136460021824 60.65318022623481 -7.834838466227765 -25.271102683536512 40.9739388080759 22.750168378843696 -19.042321070945476 -93.64185114862103 
-96.02793553013473 11.435145692389483 -12.293183085109092 24.174411790553023 -3.9263009197804735 -17.414833694141123 80.41599890860078 2.1271027846330384 10.740665631750929 41.683248566561474 -33.17449890886664 80.35897110922085 25.604034452979363 -9.534369550411512 19.196611297878746 
89.3234050623293 72.56040374515774 -13.416991330858892 28.939018952241867 53.821467942862114 18.16467247715552 43.48348293195801 -96.32850389665268 -11.626739851736517 -82.04873596203058 96.88890913905422 -92.8849361252988 76.69404077746583 -52.60351002552854 -88.09062603269473 
-1.4583912366858556 -78.00880575504428 11.01570744299545 63.96722522000937 77.66465231211669 32.5792739395643 60.27878197712411 -61.843969553866685 -74.36644178530625 7.124671470000592 63.25714526946658 80.09875102255143 -14.075084827480097 13.686995227935213 -46.898531154133316 
57.18838157707316 -57.03839205477481 90.503981082883 -53.862466062503046 85.97390247370015 85.19166490647521 -76.21997366986177 77.42981941727535 -53.22451821077267 89.27409777371469 -77.05594726391627 -36.879448705082126 8.95144798757228 67.4429986755294 -92.10098180540108 
-42.52266995884233 -46.12020139432018 -69.17582195763018 32.91528105925255 -79.67682363322854 -20.43029591958316 37.3547705981598 78.85869666563337 -91.42590924892791 30.50335031733269 -29.61168069901254 -33.95114595763593 -2.121637716732863 72.07888877690883 -98.54712463044066 
11.534761751530695 17.355197518737327 -99.25044713181367 -33.519862547603665 71.32403501300365 -87.4220988016886 -89.86576016756926 -88.55802195269635 80.99604674005988 -76.51603151616011 68.83374520967772 41.08441898067639 -61.82663093212475 -45.84233978795736 9.300945495021764 
70.51349941270976 12.865579350782738 33.2785527126826 -59.95253757155321 -50.133749555940724 -57.145343280045765 12.840428408828359 50.86621624101758 42.4835536685741 -61.00719107975563 4.041009043659855 15.602450247035478 23.969153228229942 87.32125597083129 73.3801567408577 
-76.38878615657303 -12.598721648496408 -30.58869336814911 -50.647896196328254 71.27027998915912 89.35912977616141 69.62432152651687 91.9246405015989 28.433106797476512 -4.420074755373335 75.68937388339458 60.878007902402004 -4.442586845354796 78.64893459241887 -52.15188013156198 
-4.765408833979819 -21.54469735527158 -8.000862465971068 -95.80049596765008 58.4282762121513 86.00698810783777 92.74434358329319 -94.28750043514566 65.77499402262498 -72.20183072619292 -89.15642005602618 -56.32108291465525 -41.87697331756455 -37.72691844359799 -95.4402434151411 
36.4964856672124 -41.32356270473241 94.55640355024056 -42.12956340503033 3.775501271681051 -17.395636897565808 -66.45555308757912 75.07890047501877 -74.07543009549934 16.516626281339583 -87.9593966577346 -6.478190368386819 85.40662934805835 -58.694403095756044 73.71938545402284 
71.08464530407173 70.34750815169136 -64.39605086850827 -25.82869243628076 78.35346389250768 -92.25131608788139 -49.88822571149731 1.2171804754808448 11.138136258041925 56.53114078897599 -83.90397378830481 66.61913277178701 3.6901391108368813 -73.15619587058563 -74.6812514951365 
45.61432112130569 -88.56062819831814 -2.0626610357847426 -1.5756396381106725 -81.03879898958732 -74.9556226116033 -85.87043491052427 34.114210437510536 -70.17281408330763 71.62361512980661 83.32106198731904 64.7935421529647 -90.67329642369015 51.85494805496646 1.7184795617835533 
-63.296903813130776 16.002849613219965 -44.16585096127192 -75.83858152383918 -74.51642818911995 -55.34532958158431 6.236807922670735 74.10010825934967 -9.549780571349913 -69.50462201622133 1.0459256277194413 -98.7712089967699 93.69617862754387 60.225883433270894 -95.89818531095915 
81.53541857253433 -25.812195094407755 -4.4809031014824825 -98.83375195593445 -66.30274294378975 31.83012899927766 -68.96897145160176 -12.873312149664315 -84.15833397033474 -52.82925777106093 28.563274559353374 -7.285488595536108 -97.50375737163853 -31.138439005815584 -97.35840260912909 
40.577803134600856 -86.69610591942617 92.7687388154479 48.7344714878742 89.37168006742255 33.00756269733719 -1.3643116165987408 -50.796039234810195 84.76935916723772 25.77789893040186 6.199337465982893 -97.94403764410046 29.42849702430493 67.33668517900483 93.53531242272274 
-54.15737261416591 45.13431458195157 46.95457144732873 -8.6071598657131 -34.52125185851513 35.37050381543392 72.49263485455032 -91.51404063023469 27.67800306420223 -64.34546021507975 59.83660438163338 -25.203656022585392 -19.33241933048157 -84.78838138566576 -81.42946149728094 
11.931280873136927 23.27783306339836 -50.89912848270814 17.517221778026098 -48.70676474928264 75.40525211635946 -55.897099403174046 -26.209522908507694 5.127588105288666 -82.27270651634726 -16.73941551049336 34.33152854982441 -46.33637138669433 -17.754028532801016 96.61117077981288 
