37.47220049877606 55.04000421423066 -68.14430463145948 -93.82782634579124 45.16449506676457 -59.19378895856728 27.46542120784521 0.8933911032059001 79.67047864193276 -58.4098164927134 -54.12203286584229 86.86007433497673 80.05656810271594 -92.59736850510214 -32.60732132767188 
-52.79708339166329 7.449449894124996 93.76589350312437 -50.278292584154286 -29.646632222700035 88.68488259582273 -88.77065412599396 96.56725729248515 59.20476795792115 -61.13338008553464 -69.00971694757494 62.99333940846182 -42.20153444306742 38.91857128451937 -83.47523704867703 
-24.06506470311416 -46.95563685278521 -84.67728769957452 -59.10580930324518 45.75324500947522 -46.74859496411734 89.79810796632663 -77.1091798838418 32.9301129966629 -27.883448086303815 98.13922268128508 37.87715674069247 87.91588444232644 -46.779334075277944 84.95287241387581 
71.38930294905134 -35.62773247079876 -90.7652890744391 -88.41055887333758 -73.5711201195957 -22.212922238832178 88.05773221042571 -70.46814500578586 34.905994250302655 -70.47754529229995 -71.8157993833709 23.54084985687068 -3.442291694678559 -92.20612482788775 93.24083808920207 
33.622219875888845 41.268349412420065 -6.821662919284478 46.88807123522312 24.704079316458262 58.508014897928376 73.05812956364917 16.597129245212884 21.04439514129548 -0.9465138780730911 23.77158906762429 -41.748249907895094 42.598342820469554 30.432133213746027 82.91326203238106 
-43.6369396837577 -23.20510119451305 62.74454728469715 51.06259011042664 36.97476245781132 -49.15266592400138 -34.57172620372535 88.40705264541637 47.31579313937482 -49.72533023808929 -12.374124233066098 28.915598305048604 -74.72866600029178 79.94023595716641 38.81002067069136 
72.83199016766693 83.51368887962559 -55.72235668275156 -82.42949409477806 -12.75346449111241 -83.66215706239477 9.495907556300338 -13.810947133981259 -14.023539407015477 -62.61830162506832 -98.18977350116369 -84.93891258525824 -43.53021643427617 -35.53374952315616 -71.88263852336149 
68.74540326468573 90.79170362592333 21.129316399929365 -70.69833424710342 -29.79444853140052 -10.161035076475855 -83.69560526940418 -32.665966834668964 -41.67959987290413 31.733387508101174 48.791829940597154 -90.53642113056715 -27.275358339459714 -37.522123372521634 -32.92404191770764 
10.572536008065583 -40.413127890102565 32.836005922753316 -22.824596791751418 67.37420436224292 16.390628502499794 73.44366622448891 90.95199199814158 62.73540910433999 -40.641240036522944 11.881534491390738 -37.72559160854332 48.33791601208296 82.08160674273805 -14.99146123829307 
19.1972876518645 -38.03003911614346 -54.09994945558019 -61.12252318535931 7.037393774625983 37.58416368530581 91.53266574809965 37.807522799771164 -27.174418781421082 21.866437739193927 -54.406304823943465 45.01828418829513 17.09576013097916 -36.669786067521294 76.91258180946664 
26.13500993765217 0.49584567169867455 -84.3653632182615 5.191772714599523 -87.96308578092518 -20.679867105756685 17.794014667246856 -62.789087844855594 99.69152465145805 22.485673511446876 95.17793459361059 -79.26072351484319 -36.25439731882967 12.46511256033871 -7.868688637008091 
18.250194751251698 95.04498087604182 -75.66729348608543 79.44953624894367 -14.806765452536922 39.180619376241765 -11.577561399584752 -90.1370716993567 -14.592715721335665 -46.218570629961754 -61.859192079278834 -81.43581687986254 63.23415315050897 -14.617448999788763 -44.2118054073181 
59.67440049024347 59.23008822286789 93.03503145086927 -96.05400352158877 -58.51285699978235 68.41320791430084 -71.91824946818808 51.444324479496004 -25.888075119218087 69.13809522619755 56.772804036481915 60.77338874292985 24.093641982953358 -77.0343043939825 -46.68314670759421 
51.38939798693781 -63.66873966744213 -61.034368810230745 -26.789997684852466 -58.82195023182548 -6.661724298065593 12.492423145066994 10.486336914874485 3.8850734000310325 -17.09755217961937 -16.214986174219632 7.636616814484682 -94.6377133718546 36.7320768773065 15.48094832051143 
89.85578841174643 -16.2097888467531 -28.822650992509352 94.06479234252961 72.76984556033108 -91.33845132119905 -37.339750007519456 -72.73355426653929 74.0817736770104 -85.81979964348872 -76.28239287208942 -12.885715224192523 28.903464811901415 43.06231839585996 94.06983103966209 
-98.24948317337294 -54.32879588789581 19.827847297193003 9.716354901546964 -10.258890590680679 -73.72027347601721 40.17929700140067 -39.32616264708584 92.83194429185082 -49.95081156312538 -43.63201325722839 -36.00066924795726 2.06389137684846 67.69673245885429 -48.285931508751865 
64.54782166893418 98.4510022238874 -63.71158478232402 75.04840493748398 -93.54008137947565 -16.87683239034537 -72.54203617619963 -71.25638014426012 -38.29459840950704 -63.420087566815276 68.70937984960602 70.69171064284708 11.044042311451733 -26.485756537725692 34.828735025441404 
94.50733848411639 -75.46124233627525 73.37686102091439 -29.351116167667186 -64.70032055999991 -4.693131288729717 -18.209398974514613 -29.383096321997712 -8.089497749164337 97.87339033553454 -42.42159811073505 91.31932516510244 79.89809576233523 23.476127360269246 -84.3820775476513 
15.561373683411375 99.31684613563831 -96.40785219132869 -53.817100931978466 95.94042301796361 98.76948066433081 -36.32065181612572 46.55029572830955 -63.91978251467629 11.69323365285571 -53.27675673919921 -95.36004728159074 77.2115329875034 -28.35255788818543 -54.395989591891805 
72.08001934785594 -79.06426609345598 -18.575534546888576 80.9947088226514 36.09226379404373 -47.756942095755896 60.11448929328722 91.83117187058775 -84.42402585972258 70.8320482715009 40.40179945827387 68.11202635099616 10.621912777732945 45.947587463375385 -80.08351148104487 
-99.29993283699339 16.071575746346497 -9.405210385187885 78.98018339106676 64.02163033169566 -22.452662353735306 -88.38518862105751 -96.7227240475221 0.5455872510215869 28.909684313935742 -92.62446573639306 -63.129628165451315 61.459129275058444 78.69207370878513 10.419799279664787 
-4.723928784895321 46.02696415482916 75.1191669259324 -22.121153049433744 -85.18401709154469 -16.381612721121755 -44.09715669018577 72.7763553934247 49.23465137754741 -45.646575374623225 -61.31734688417292 -20.07776202734553 63.44092043255165 33.800949422678485 70.90684135010221 
76.60557180991131 69.67286218040178 42.39877346680163 -63.931706439379354 -39.3887609185396 93.9711966610081 -77.853912366797 -43.92354172855391 26.559041508400867 32.090539011823296 22.368423059635532 -99.73478257079842 82.74067318921448 24.488898573236412 68.0429443543272 
58.56343447589035 -86.15269715566365 -10.697671546266392 82.49391474370898 -16.442999395172748 0.29197192760695145 -34.299689829377144 8.9220817747603 49.17436642556558 -28.35678390530927 -23.33762079666981 71.65444534476885 -52.43724063237754 -19.49520248395757 11.224401606708255 
64.99747556465786 90.56534293959692 -72.94377679642227 12.979960204892137 19.56331673472249 -81.28218969212419 3.425265056261793 -71.64029475296327 -10.045514135396445 -47.78628078441643 -48.27741123479501 -12.240016156230652 -61.02298930796331 -28.352231443468213 -13.943761565717196 
85.193708789742 -74.67402033474116 -51.06883680054399 10.76656040876047 -59.28709372547127 -53.23396999727636 86.86531997836556 -74.63776931935286 45.53496507006659 -65.33241933517597 25.22872423186611 -93.77297964916302 -36.98529170038412 0.6841186425425434 -94.74650437440764 
87.10133148737637 -74.67375102640989 -36.65706713095596 -53.54024756476501 71.95629571783942 -18.108308227655527 -1.8830611505642878 72.69754638137564 -91.92260969413786 -38.003565799172414 -20.75830111469665 -97.63072440771707 9.070898174721094 47.567018469595666 48.20187467389593 
18.00203676955998 31.44022544897669 -14.264915556063244 93.43395159882797 23.43194404777907 -94.93766057391315 70.19096287686915 89.4504388723181 -70.29777703000369 -70.30970439840996 -77.04732591423686 92.69067347974172 -16.344120655717774 12.683699267968592 -98.88146513678491 
81.28512801525517 -29.830016885463763 37.04462330305472 -42.79597338292118 -95.8272043374074 73.70137139761238 1.3692293693600561 -38.31280465241704 -20.463891282610874 16.41569678538444 59.347736409209375 26.14341980108925 -26.933246455116105 -1.6965220349076873 -20.405307931982676 
-71.26669625060998 77.83123836244224 -58.97986326025697 -92.49941889605569 42.76027618217995 -81.0789141998449 -83.06909106392231 -53.11593334807745 83.47066332740377 -56.42570604340782 66.24353145662255 -76.69814719538199 34.91007677423963 -39.17046047350641 26.090966279912138 
81.24106651668325 -4.541904761484034 -41.277444771831554 -45.856276647754335 -18.625696299498003 10.02269700429008 -60.36011653126743 70.85537074676395 -73.21987134682011 16.308254545630348 80.3570328520234 -93.96942071220731 -85.63997532896899 0.5891899217268559 -67.61840404371978 
79.37997356390272 -86.0614418833505 -30.693117585246 -22.599612665656267 -46.459231395302794 17.952809610905774 75.49923909355925 67.36203517622872 -6.035625301402561 10.040311163492504 -12.619316887444228 -70.78865825857778 35.82299677495277 47.74826153773287 -41.00844587999055 
-53.814596983891064 -23.435775327262974 -3.506379374178195 52.457519559695044 82.90746903008832 82.20694320927367 -99.09266629937761 63.54374308611733 -51.81490036017193 -41.0614960903505 53.327412344425454 97.30755407286404 49.1517356338108 -99.05180926543522 1.0875448205560616 
-96.93967151022332 95.86751635160834 -57.734023611889086 -23.839284348598255 36.63296764970531 28.255093358156927 98.18574898581454 -75.54103664225744 -31.950485959963146 -79.03760215349105 76.99603660588355 97.57038875286952 44.460807210336725 79.89384006062852 50.7593160179313 
-79.47182849254688 40.63931613954881 60.29210705874715 75.64346281265551 89.28905284310014 48.611733156606505 -72.94465614116973 51.10900104561043 13.95722688479637 -55.491788153093054 -92.75205985895305 -68.25399100641498 91.11197711699697 -48.98972096487626 -32.70138261990991 
-72.94162934710053 -6.327516353454385 91.50067514166199 70.30290570405805 28.2900981970528 -47.03562990302288 90.49556821561853 -69.02990832008126 -39.02129970985082 -33.3464586853125 -65.78806483455315 -99.96863209489469 -66.03752699173617 84.94667930335785 49.52278925138219 
96.29927555424413 -31.40706561476587 -35.09911021534924 -72.47641128725854 -29.708491306406756 51.90659427513498 -93.48118792729518 -70.2013204285503 -56.60639341747369 32.338958121027105 -65.75028706841957 3.207781479382078 54.80650882604985 -23.7780121235118 -96.92968377060032 
-89.90171450529722 97.90929538611655 57.283759467937415 6.314088842938247 75.96527913244961 54.90397728875021 -21.41481398390212 -93.47577896270556 -85.57990319014893 -53.5482370939272 -77.70585942050275 -32.0493662242157 -95.54654266093397 65.94166604479867 60.684936372886426 
3.3694230759139288 26.868650338244905 13.059040970793092 36.805461521253505 -22.197654722334974 -41.986369641040255 45.54147602099664 -91.03735176076341 -35.42369718998475 -99.47760574276398 -9.959481834073955 -27.63310754546123 -85.06179543597622 25.590856132893308 -83.32542236243566 
-91.14773230098572 4.203803350471418 72.66510252024591 70.02413402941207 25.53626920255367 17.017893870487228 -84.93263675840285 -9.327857172127423 60.82538802756355 88.57722792275445 -67.13857328576486 -50.14190575308355 98.09966609441139 35.42488026081023 86.05219046805416 
9.703692629048916 -86.23959525174678 -66.58621896691379 94.53067601726204 -88.8637910719551 45.49825696119433 87.04450048724618 52.089910379603054 47.17275828233605 31.299108549428155 -37.093329160923275 -26.413510248321458 40.02816425036184 15.480822570723547 80.28325980147727 
60.55066856917074 92.2168376287147 -20.808687085096153 89.26222714528711 0.15609711435480733 20.620004486182083 54.34771816481012 84.53826200310729 -29.2484973522308 90.89045292852595 92.75707965172785 49.69031434684655 27.901272355887798 65.62010617732398 -67.57731917708973 
-44.94677293139229 -90.90441824636657 -69.86766665332095 33.41152006090303 25.862282945257746 62.82513706025327 -77.34714311725375 -50.067711287965096 84.86684166958406 36.631201381265754 59.89899060990598 54.1526152626941 97.69611400387791 -37.97126061691956 -64.56779870936562 
-23.20627721537582 54.34027076658313 22.439245817717833 -19.849530461516693 25.37682750399793 -89.79482192068724 -22.915040436197458 -22.628255099879624 -26.538674024021574 79.82475825044989 17.096527080031237 42.648691443032874 25.648664677346417 6.220109475984458 -45.27335930194178 
-23.414932298784706 35.39506320815107 -73.00839651249005 -93.68651269929053 -73.17035727624202 -39.35387193675586 25.348314621236142 -33.628755289554405 78.64907999799934 -6.842021069818344 -69.1135935526668 -11.303385785651471 60.103349813196274 34.311567978257926 -66.90498062141457 
-99.62711032380372 63.04017064570169 49.77235474801054 50.30520007380056 -47.090054268088785 19.865334387347346 -55.518169932435214 -55.04911325817397 11.281006334570762 39.43349699212894 -37.846668979276 -13.481822439213872 -61.929925287685414 92.14042000152932 -38.686282168811736 
-72.13341684967294 68.27572593034128 80.77327626842782 -40.21550009144723 -62.54392549624556 -12.895541690073031 91.6627803290134 85.0489484659326 -65.14444580907808 -48.81118024019848 27.728553990307574 49.69192403048183 20.711344426999915 -46.77702009632141 -98.43695717812402 
-63.9524885219362 79.70017960123906 42.408673334429096 -16.37391843170748 22.339301221905643 -0.34630683201351076 -46.41021240813294 -86.17487924056849 -65.64668276086267 -56.904538799468085 -8.657193612272792 -26.305953900872538 -3.7749295379971244 52.92161862036119 45.22138645546514 
36.13080038026612 35.645849312872855 -66.59230782486271 13.4119525036986 65.77625269260966 31.754200751461212 -40.32861453234548 -37.03129785522996 -41.98027357880403 73.78604336984341 66.95842511673357 -73.73874385745071 65.06387889325188 -23.70099950874301 -71.12306525178616 
68.39552681088239 18.4303397503283 -93.37709954957364 -19.568551108987037 -33.51526130916021 -61.8585564405634 -6.41277781356149 -62.106424597625654 32.000885605506 -49.08116035040422 -75.32265223909548 -51.51647202315568 -74.80973736028693 -38.82708732449864 12.686260369783156 
-50.24686292820453 -65.16419673827656 41.21392239898418 50.009892121207656 -93.13413746993994 -5.72597082265392 -14.086071642495583 -12.748797643199339 -68.75048414757097 57.38748064560917 -91.83960055146775 16.44045652723696 55.3243356640441 95.5377356661962 36.82448793411831 
-92.17876374170915 -59.42351288100895 -64.92158222799249 21.800722422844075 -91.63434310008893 70.63902763910244 -95.48840863339588 -26.093940901043084 -31.02296300335287 -50.69736736416195 -72.83637873291966 33.01123463445822 71.7454171911103 70.18232096378085 60.521869856118826 
73.89705927592601 35.26236942995325 -35.20428212601409 87.02941445641775 -38.41578593586667 55.79260365257463 -76.04575571912922 -66.57280553538615 -30.236540918320287 -83.24946807903306 -6.1364037386365595 -73.87510382506551 84.43961136972067 38.03513824216992 74.98135431041695 
70.97529727927346 -35.12158688323122 -9.196780261936198 64.25290364492753 -97.50899140503408 -45.49032259315733 -70.1893902663729 10.369039310116307 15.384043177666797 3.034009878315331 0.6540773065972303 -36.295678179714926 99.65492912859503 -91.78919558229796 25.69555459830562 
52.782009831520156 -19.734098049454246 66.51243295055883 -48.80452619009095 -40.304325757992785 -57.35019505875045 -0.797027926103894 78.16494070200798 91.33059223569037 -54.947860393669615 -72.66772671507519 -3.7497324037646393 11.276671307922939 -63.74269525068805 -81.69391867716698 
-37.536923582822055 55.44893780292401 -82.77656547207184 58.16829935638157 -65.62470853649533 -65.93584044591485 -23.520621591604367 76.6624325456292 14.676024663819234 -95.24554817162596 -10.008429679459923 -57.725718412775784 97.90924029293603 -97.16468073077597 23.047962779853464 
62.18337271155869 83.68146552727137 50.57176586772195 -5.318927544266444 53.12792985702802 66.38249411146285 57.28714071889834 56.433713259430675 43.7935694224127 38.561369310669846 -37.660726286851485 -14.701291401723623 95.46857827057715 -60.366212477498316 69.03103456085208 
-58.02796687944563 88.00579162003595 8.026626900946312 27.2350589496684 43.95494035190265 -37.75119708736325 13.353365359704014 -4.607208888206287 -41.43406317615277 61.61940388491848 -35.13206294922233 -59.25563797205764 94.08112688338741 -79.78756984855598 12.464928456483705 
-22.445800317631637 -93.00525246056723 -41.064672432545926 13.306741271991868 9.53365896193236 72.31344698293515 88.08586484251003 8.023413903147357 -52.51095344659458 -74.3833110522231 38.065954226049854 39.07224620340003 30.83040825188229 -11.398521676599273 3.4510101924446985 
84.2240495175455 6.019430768773077 8.02562969309875 -85.67678123965794 -19.745939739690144 3.579357868769634 39.50655170980505 -65.80221454887531 -27.415117665062155 -78.14852626275169 -60.432337788842226 -42.87923265745979 27.343122428023904 -44.141660994543244 -3.5650190876226304 
10.81857578455896 84.9877714511274 7.621524143571932 39.40137301850015 -74.38932703298921 14.998354509777599 99.25907519229077 79.70059613060991 -10.282882484578892 -27.70888846932391 -73.06241822897985 33.47803101269355 20.071064376584886 30.37791444820695 1.1511902128395377 
-69.9152481311499 -25.319721238598177 76.31673829395314 -47.663856156037696 15.466779173227337 91.09170462612249 0.8351511372265179 -20.20743777902429 34.08914568876378 -28.8475055714503 50.467215886136074 42.95017055331979 45.84023070451937 -15.402918305642956 -72.66730612217465 
-78.91865621742616 -12.487687245726178 34.758672596052634 43.099552846879305 24.159263333363427 13.254754351592851 -58.62660578260366 78.10897128115303 -76.30743317748765 -57.20318799931394 15.322948754473416 -80.7386067607816 99.47564231726884 -70.35036415868055 94.96272955392715 
-10.970409561248104 -31.343041263844285 86.77814869914863 -54.413163911285054 22.157467438444527 76.67030443221233 -0.8092093631126147 57.75866609557653 64.7796378661254 10.585701649561159 -0.8157197250297799 -51.16512429940654 61.15766394124307 -2.874740799056781 -71.36995802644401 
-91.80160022728452 -79.49801664888064 -70.22564377555042 -39.01441148966634 -85.5229698891167 68.37215335947678 10.691801350837153 94.07676690388078 -0.21244845260395095 -95.5750999024522 -45.631219993417396 -81.48378467462143 -65.28581949255255 -75.38241264540537 70.13555325005362 
20.122156885968806 -83.20237284705215 24.36500771744967 93.15241575639931 -25.996597461496407 6.377278317303109 75.61067441078183 79.73736236574297 72.07030915940794 -98.7869557748926 63.498202643199136 -1.8894798941694972 76.47235510977728 58.195207843454114 -25.845804152184314 
-14.586280714242818 -62.831681747451505 -9.700658826609313 -6.039193030094609 17.02447392141599 18.16424037127142 10.12212989644874 25.33730981373516 60.97162893517307 -49.75065120059574 -45.774486600872 60.73290105371535 65.59259264249494 76.27804993707744 -62.31020081728407 
-88.24904111136327 -86.53021875939744 63.53431870105953 40.63013786693824 -41.084877236019125 90.3050111971254 -93.47090142512656 29.99818700734903 -55.567684351379555 -19.119654677249855 -91.56941827755136 74.07776025844618 -11.83237122686009 13.095024329767767 -8.72061649403652 
-48.010801915010106 81.09291379307939 -57.08707372374129 59.61548270225495 9.905512931980454 11.453114569261416 94.12161613867113 -97.85959517443197 -11.213730258095978 -66.0542460599601 3.828985213393139 -32.434042380097196 40.70747580207518 -12.509153526925871 -28.665611337377726 
80.60037663050088 -33.306964619978004 -92.17671698831992 -96.72226777280251 71.58947420742828 90.21095290989138 17.555213752297007 -93.32771758469588 47.18802204740169 -28.253266187748125 76.2233451705919 -28.861219534759925 6.3784665368824705 -67.01339656961486 85.85604082469749 
-29.28958732515956 -22.37452395351194 78.54097590016161 -61.349856516105184 -15.798294631998417 38.420731102243565 10.638169536413855 56.22937822610771 -1.5570801030871877 26.321655707538767 24.632423772350577 53.11252796835748 76.79892008912387 -13.923696539731708 -62.48876250156514 
-54.254292679304214 17.33382199835954 -8.732263775683109 73.09649249255693 -35.763427602611515 -77.92030041895228 -65.76116405127445 97.71246177485864 -74.9255463262941 -29.19773165442625 63.23500752019109 76.14810157788895 -8.566529994641954 32.42648140650769 65.01148277941661 
-79.35841457798298 84.1995665998287 -9.390932917064902 88.06501836882916 -44.050377106142946 -97.70405551837852 -34.51378100561382 8.587401208111018 -23.31813096091247 62.184016376003825 -97.53054035737914 78.01535347003025 35.83248705649885 87.48725382075796 11.034807837762145 
69.40546363291017 17.468555680637536 -32.86973814649241 84.6917821604026 -98.00229882427193 -47.98222078266961 -86.06384602938628 60.37123645173236 -41.226950251465745 1.7677023728054166 55.082199524930445 -48.69293199565594 68.28056359546116 -74.52025870250729 62.332309931392246 
82.5814478704462 53.95850461088179 -41.56464832539113 59.48387871273874 41.604539820897514 -23.024968027997673 -86.94431642137614 -88.9349593143868 -50.78111892587853 -73.62287121806234 -90.67079362259034 16.40207392904749 -64.54346224608061 -91.16762054253763 16.724110930383816 
-64.89784317081609 98.34425662299054 80.57913951420181 8.26048757197593 23.597888281429633 29.974112644598222 40.03300019259274 15.113893589850562 -90.97922614661749 77.40542163930928 65.12613821755932 64.5945998989543 -40.1825170511684 -76.93410316863853 -3.8809500270946984 
-47.55531360570031 98.93518140428901 -47.97613958957425 -3.7559688012804173 15.773909297207993 -71.26482116706197 -58.269922677978684 -9.509972211658038 -79.82392945284336 -24.35346126403755 45.10718521518464 82.78394558301929 -91.31652084522301 27.30531590289887 -49.187053550013715 
-16.1564422823665 -93.95646602196526 86.19951820686953 -61.239145162564235 78.05848573131789 2.418509978084927 -25.394693564377732 -90.07030865555828 21.965361260068633 79.87853696798487 1.4107204237396473 45.046821526977396 -14.038444012882522 -17.836323349013483 -11.22018399032126 
87.52511851052782 -53.44531227545688 -5.083087521315164 -49.14192193707025 -70.0887570147298 -57.67728604086317 -15.78620432834272 75.60656805414303 31.59447315830991 -11.021081006195033 79.63721056346606 10.86255909770611 86.15904261333503 -73.9621827436244 -87.30015269351117 
58.25290624583522 -57.68066621796013 77.42725989180593 -23.298436861235714 38.72092441852891 -27.036102533715805 7.476850732616143 -11.22858498171911 11.251652887376352 -67.6933974393202 -36.99206773441419 65.5062683860017 75.0119155575467 -65.88180481811725 -4.033247147868721 
-49.9433464336251 -81.03183263667928 -58.222943236526326 -85.79052948605181 25.282065010339537 -44.27209428762326 -31.373262998205448 -16.372111585066477 88.59149924331541 -98.25863321646209 76.80519127860052 9.43647303639699 -3.9861832154819865 65.65594517339684 -4.430126303100025 
58.04262134548216 32.2500891879136 -7.142644846655472 61.62322195636705 -87.19283651699912 -79.40874019659879 -25.657715762452654 -60.20352847604187 -12.25884503376274 -31.315697304247607 53.55595082420405 -7.688696867709794 -71.76943916359302 -51.75041971789498 38.112650731418086 
4.998450922528292 -91.35416975213451 0.8031437396795553 61.23336736402163 81.65371514720186 34.316197887399284 -34.115853115525525 32.02281828910142 -53.32266107200836 81.0277933333281 32.35359567788669 75.56831845847037 -92.76251943612004 81.07134498835998 6.029882886418591 
42.36056423726882 83.49954880661781 92.34390405671468 54.839291776858204 54.55844413345861 -11.89945099882685 1.554379588546169 -6.617459177109936 45.37781902085817 42.14312714077053 42.673201095659294 98.95672794984367 -94.65285161225525 20.554424710556177 -5.733303981964255 
65.32842643983469 15.361727347392744 -90.7858345695838 62.65780458255804 43.94718432132885 12.073197232716467 41.65355935563909 52.25179707033598 -49.75993889585739 18.973478842638244 90.28851500621369 91.27388165449008 -63.21446314178609 38.832645867451305 -70.28602719622943 
54.356150592104285 45.42747991237647 -63.51912513848576 -94.17544230560422 -48.55272627913507 -12.707152691949346 -0.4570814055189061 5.010564538984454 59.49018718424449 79.21427769026286 -47.044573842694405 -39.70331468785939 48.205533878886996 -6.149358363037692 64.8253730787192 
-47.47741492186586 -64.23940330778157 -98.7961184534254 4.660219106473278 89.87784292368076 65.53569092747549 71.37948917025034 61.11475186375014 -95.47378972509641 43.294301267317934 -26.804528904532575 5.739184108102663 -90.1023061591074 -50.5842656974451 34.47688241767642 
70.58686765778344 70.1585810632262 -36.61066110852293 99.64701000334168 -63.28880357611768 -67.00321625856006 32.00868711766199 35.67247020461221 -31.093241096816598 -33.88248580572038 -5.7208006555088815 65.34704241356505 62.9857550037772 -34.53479742808281 -53.984376735164005 
-94.57450140527213 -46.010262480589105 23.226123690850812 76.46723460490702 -44.471303161343336 6.282779942497086 59.52268595948078 68.41844851033358 68.80997892995228 38.892087447018184 -23.086181784341477 0.4611695955026818 19.516910492607153 -24.04730548804727 -88.10040498383563 
80.46673556950262 68.2889108382189 54.949813623877276 -64.94161974134568 -29.94297761238427 -44.122098246816854 62.27719239076305 -23.244544250855554 8.081743297788748 68.39791955876495 95.76012386079503 -8.98081428673234 54.60119738910598 3.840438780518852 -37.75333134327461 
49.90741689446426 98.42180041863057 16.876034666882433 45.120284987207896 -70.94167249795228 -80.30705227154735 -72.27536411170601 6.886972556386709 -18.731360628804467 -87.9496057241875 -90.59926487865637 -1.1827387497302908 -98.5593236304684 99.54930754433323 -83.91380566332163 
99.90055098407578 44.21078563387374 16.356477545031183 36.169650414627085 24.976457566700546 -41.30646249114831 59.19590773759015 -8.572764702517063 -8.832195425263635 5.96349391502909 35.45619702234865 -85.36212556214946 -90.24369993680983 -78.8630141599882 81.37823427265647 
-48.708731983590155 -40.709541847337036 -88.51705949357984 -63.720900415307334 11.80303253337918 66.09414800644103 -89.64705535427666 72.54422938340085 35.636048179773354 39.34222400043032 -39.73244838708572 41.00254614386762 -72.4184132771816 -17.15786511999748 -23.66063758731923 
72.01365386589256 75.43239943093388 85.16122777576939 -83.49940960074403 -95.12999018268467 -39.82972107757803 92.82117369638775 -86.39320969119044 41.28923268494606 -43.51572551794274 80.89109468994337 58.49702980720534 24.888454791978745 29.158621423775685 5.045626985848656 
71.46431872756787 74.87131514107722 50.02406806551585 -80.91753403368509 -73.70977296100172 35.58106240676102 -53.443219464019066 -3.7921340008663833 -54.69158922558886 -90.66154702601399 29.228937302337187 -82.10685125157354 39.10142224281418 41.28188021341748 99.16067163045051 
-26.32391319911011 -33.77387407270756 -75.05173957912243 -76.25663763683706 2.62924274094712 71.73455213792423 -8.31919770684813 -42.402486785186234 42.75753879764599 -87.28990808061104 -90.66238613006325 38.76282178836385 31.321228050918336 19.727911766566095 -42.795124259357365 
43.97260201872979 -78.98837385076065 -11.610475321170028 -22.456224248112406 49.78106965487038 -25.582092447392 -87.15436677672955 -38.312650339908735 -6.454964341111477 -59.10436243680686 28.069451079845038 -49.272116559294155 -73.73115117426028 -15.674516098376472 73.5497839074547 
-62.000796916169776 -45.880268503016495 -6.346319806330484 94.5616541999944 -38.53723837121748 -70.68964431205463 -57.12902724923838 2.805998258245495 -54.931800989367034 -81.25260809550119 -39.49616587971991 -24.783791953032264 95.72383351211064 86.43230071291296 69.65490428261768 
-71.48337549269033 50.52364832014601 45.794229830659276 -6.765430961903988 -81.31835849175715 -0.14619955738126578 -5.393656758365054 46.67278337395183 -73.70316105688389 28.10778094650766 -80.70883584294182 -8.449237885352005 -31.60157415771279 32.956904228080845 -95.3441976631169 
29.503085542641315 46.09629007590058 -72.36511583498913 32.68545719663703 -99.10578328351225 25.304630441325287 -55.74053705285655 -47.31783464393371 -28.915033999673298 -27.54002258553723 -99.2093916719561 47.9582786523807 80.43841638861832 -13.549109096282038 -85.77258321872763 
-95.90452525225153 47.021096156608166 -57.09197521825804 -43.94050907376632 81.57709968238385 -89.20138798598589 -17.819018778271484 53.32417605371276 90.84069497433188 -92.97969458039495 81.7635430268503 13.978255900920473 -67.64726243122652 50.27802677928949 -27.10349184336758 
-93.48731274772317 -39.637016771167374 -35.85723036342448 92.89799956931293 75.14285465468282 28.56264636113812 -91.04332078585435 -33.80216703912757 37.08932864768428 -26.335870576669933 73.4080089785221 -67.57250476330275 78.1977770982073 84.49982536186104 55.286938074651374 
-40.36788125506261 29.921336293982534 87.51265243412496 -22.24111635040515 -46.706448413080096 9.976093380251598 73.07342802364064 6.995639005219971 33.33089170992886 89.73607805918382 -16.583849746863578 54.018170590815146 -73.05628661945511 -81.1167236756882 99.72188991919865 
-20.050199843933257 29.41900380003156 30.14423219403409 33.13810064837202 32.16579125174883 -93.51485088811289 35.51161795097627 25.988424985080826 -45.20587192540133 -2.0770840623839177 87.68561227464699 -77.10299011589576 -40.5032365987539 87.21343322385101 -5.342322399073083 
88.89357532269148 -73.0058170487591 18.499695013798217 -82.20941433549442 -7.633388723466638 -81.12492173753145 93.1054097175024 -3.095037607093687 -31.228426387032314 -85.25590759814479 78.0149561777603 -44.839795872758124 44.921434265749895 12.236785931239453 -95.72763396132362 
58.07998723210588 46.98302713763985 -97.79677204859564 -90.70020798933867 14.665208532120204 -68.13680005689685 -16.129891223623474 -39.90949083006996 -46.787668568066486 33.29688854035436 -20.664089512479393 -17.673927396521478 36.6680916266711 0.59242237505795 -65.41331709159223 
94.71926584273109 -90.34952377843297 89.45720624898442 72.51688771785308 -57.70917032104921 -17.094437664093533 39.282633394644165 15.407619785489189 7.062920655462349 1.1156308460711415 -39.795151613619595 62.59716179748395 49.046685001380325 14.539625975934143 20.25031150664114 
-38.81787263303676 96.38822563576298 -10.433920893956895 -31.21167904568142 -37.659429337622385 82.99737229734544 -44.627726781885045 -74.71730372216498 -14.575560538858795 -83.3169189145066 18.426458932544094 -51.97272664642829 -32.839752576866815 -93.43478877393889 94.50512145037715 
-94.23437786346666 -5.439960497813786 -25.482975826973146 -25.715137830257788 78.90485402079744 -71.9064587396576 -57.003059116724856 -1.0757265692812297 -24.803537656780534 42.19339598768923 10.090857593348176 60.14899466660566 -44.288367676646075 -52.368382078209194 -60.208058092152214 
-82.67541130151186 -90.77063861254018 15.813485416078237 -26.993285500319743 -57.008583746853205 -27.683982254190084 -35.42655995821737 55.70048759975032 -70.07736997628928 -24.599455768616878 -11.668980021637722 46.54038168687944 29.005601713165248 -75.8221314395881 -48.085474775824096 
17.159061355151934 -81.43613927365251 90.0689500525722 49.67335768438562 -17.95415730875915 -14.782828271622122 -74.8704013973045 -5.098819013707228 43.19933831601256 -52.85569828845491 78.51302140193181 -69.04191647819471 3.935407966249386 25.31820321136051 -96.47629909774523 
64.60168933960742 63.07107714856781 17.958218370983374 52.45607640791064 -41.715961466744055 15.46455232819413 -42.96671556347869 -53.26146732677657 -88.63064165742203 -68.85696381777095 26.89056317682386 -65.14855307100349 20.93667951953033 42.13948101564077 -11.140791386827004 
-69.75905542483305 -73.51910331218684 -72.88170425779681 8.785913282099926 -19.126617164373357 -1.173200546362267 -16.223873449285094 -12.325809685722561 -88.7106803905648 -34.025698181666655 93.29340810724284 72.08945794051618 -15.06150689793509 61.18371069827015 3.251934330371924 
32.2187818659373 -12.815247713159764 77.75385968313302 -92.67720054344282 -83.41310269519522 -45.9537022791966 18.797430371085284 33.56433750566171 -32.007155795276375 -94.16759141208631 -88.75792610709689 20.019000603016423 -53.66063012727533 -75.13489088886325 99.40434760083585 
-46.72063766837151 24.967761186796494 9.834493936974084 -80.3222971076909 89.19925240743325 92.05548081242847 -3.680517391464491 99.58229728819273 25.44833742542754 55.1234980836698 11.792392714765867 -59.8967524657763 -73.00442093892224 61.95036772358782 72.2035360665526 
26.135266470345925 -89.32439040127637 98.27158358785309 -69.94409967138091 -0.8101812296161341 -37.53636236235853 -65.75295780321903 -11.004219002342097 -27.89275525786732 60.5113226090873 -0.046352167134870115 66.21683852201562 -11.61015798924629 93.04625619713272 -28.97001597327298 
-52.53141392121188 -52.55595273801217 28.792410779694308 73.66918723955328 -33.14068904741234 48.18067966076262 -70.98163701202189 -70.2971802756478 -15.323945921134992 -19.484972708207522 -13.751939319156065 -15.681650289188624 83.68653789170583 -11.786683110426793 67.41494314701353 
83.5969647223101 -72.8198649629554 40.99550981839616 -21.645342578350267 -46.28654067199469 53.05041472234433 -70.61012704922571 -73.6899422557989 59.088071041167666 35.18375684589475 -30.075293879158778 -83.09000304004834 5.062911157604617 -39.91258195699891 -76.01323132959168 
25.423052052004962 32.457887443569575 60.4185430711575 -3.469053547716399 24.883597731111905 6.871570958308837 -61.58772229541061 58.739261941285235 -7.950807008444443 41.73811594208715 -81.02864640312002 2.0479733154434427 47.24991958232175 30.562661147711964 87.42423548524914 
-40.623225157937505 69.16565656671537 -10.07939424773592 -19.397265844745192 -85.1731050598207 5.915928142825038 3.8407706841570644 -44.50392067914031 51.2370934919997 -42.294704588347656 87.06887102552611 34.42192512567067 64.28426373175867 75.92554245433945 5.168473944577528 
-89.17300337392153 80.86546303212612 -67.9254408056479 14.28164161388652 61.75316249908761 -92.01815094669064 -11.750495245512255 1.1676020035385761 -51.47009438964283 -89.2984100869854 -77.06520965053718 21.5021650569347 -64.34474715280949 29.974456112632197 -73.35713089782432 
1.8408222596834491 -0.7332290086926889 23.0906273525908 -34.562623887772844 65.65195309471383 -39.93721871159064 10.494556787527316 58.64051787214882 -58.579613033794864 35.45327974534865 -89.85910992886686 27.15694873600691 76.50074638599335 -74.32477014480763 54.10073417814553 
55.09439988491317 -29.63480508462935 -62.29761245612517 -60.615617186559746 33.449441296620364 -12.739031530367953 82.63922038742314 -35.19163098651276 -42.48678041964471 -38.89608656842418 -36.56320016030268 54.08302142723409 -77.32729694159875 52.36796081111069 -18.425650562756132 
73.52227998738513 86.25686775793278 -75.20723248705954 -29.56940701042076 -70.36639668286443 -97.60557068729103 -22.848029668578974 -61.10121200395218 31.886269122719312 28.14939171572567 81.31132863531064 13.199767876036361 5.481905095691573 -40.10832003878446 -33.651968315376905 
76.42980247920005 -15.803436987863947 -94.25002794349405 94.37794042598202 1.0911115185893578 74.2692257950051 70.93817128978051 -17.23178296802756 42.93638097243053 -9.113701770559985 -50.15638480195832 63.78128682344433 49.54032174661381 -82.64733593480054 -56.52324966667981 
87.77022432349168 7.677329192493147 -37.296992234870466 -7.452883547354247 47.76416462870628 42.78545587086293 11.763590201636418 -79.07060311746328 -30.400490226382587 25.427764955695736 75.88369781641904 -80.10072496255655 55.298624264452826 -55.78514683198688 -86.6403785130858 
8.273987779507806 -16.901825794983054 17.16121940842295 -99.76919479675715 61.32634432883023 76.64533158524526 45.90247313060951 -26.42909767723991 -0.7410576302084593 31.114516740657905 92.88480824033314 61.949860134074925 -43.300440685034026 -91.384843748887 21.67666653000464 
-70.22907883547623 61.17161488958985 96.92792620081093 38.50899558644613 -84.51611563652233 78.02052199772521 14.630469823373502 -60.01692581913978 69.39256528236422 -43.00597064052596 10.911483916138408 -19.65436446831265 54.19740171266042 60.747476756447725 -87.6218006513652 
-8.860437749129233 56.71999241647134 -65.90226172823361 -53.5162372190376 19.03480984522399 -1.9857058549030455 -53.128035467878945 -39.32682194758059 24.219231191649243 -90.8339138694083 68.70043515621097 46.44187431017727 -10.235855573769854 -62.76120821506759 58.02133244765167 
-35.466662607289706 67.8102895455346 -71.20042238140528 -8.115179917986808 -0.893986110492051 -21.527261343141674 60.732675598836096 8.070794946446782 -58.2197882687949 -92.8945814816787 -88.35626008167303 -70.74263482315537 93.92559369572714 -31.143295706245794 16.604208276008976 
-79.2591209999993 34.59403642017273 -27.465864732696545 -25.128994543681273 18.724681358049637 42.17613969103485 -27.519978982639003 68.10953387244751 -70.72732550338725 83.06120996270357 -66.88179794901525 -29.863656539503737 16.023645265341017 39.96119134238211 25.52808931808093 
-73.90182367553358 97.30645363870056 75.26560369289362 68.97262412216253 63.96678542272468 -32.65102960230857 -31.979653628105268 26.82995889355675 -77.59848608517149 -60.379861557033095 -95.55275888136102 -10.45786580763179 88.57434396608065 -71.02491472152359 -50.46703543058051 
-89.58246421904363 62.32395166013592 -92.2687903393995 -47.72424912490414 63.99369201681864 -67.78715629141027 -95.84183458762037 -70.27363693089852 78.42184561043945 -33.99756916732004 -71.14055727899841 -6.624217757191914 -18.136949008450884 -84.82292931386672 10.467084525735658 
-88.70143099009633 92.75941420089256 -84.64718424228961 -41.12873128683883 24.077692167299134 87.8580138778396 -55.98302267685131 97.43856850084543 75.00108211964806 -57.07005244267383 78.28214426740101 -33.33615639368439 62.01436905773551 34.89453880588803 73.98029644062674 
-62.85710477927204 -56.19573545180858 -53.941625779808035 -32.16531937440435 69.02049980625532 66.9705198257991 -18.48422879961855 -75.98076252894532 -68.07822760843956 3.4695850153366337 31.177948380625253 35.627120099372604 53.752452265700725 90.09795943839717 -46.627333936098815 
-44.41490203877685 -85.04313894222742 5.397879862843283 20.552714226108208 -79.76924858591303 28.253189410876814 64.59181642165734 51.273479079889626 80.23528007445066 83.5012381494617 -92.19310651958759 -30.284617270685146 -16.29948109717327 85.91485318086819 -15.755720010571551 
-48.03259849650312 34.2346767016825 64.31806919862856 31.891555538877043 -47.99305626032797 67.66057050488433 -22.953046277829742 80.19951824895924 66.86579020738506 97.59036964975806 -15.83806750462277 -76.64831554594602 90.57380557951524 64.97189149222044 22.296741241118838 
-81.76528309019639 34.65830696703074 55.31835582676794 -22.947249114281803 16.27898836532293 63.27071189512603 -62.167300415461945 72.04869618694937 66.7345752228373 32.71505738695518 30.331461081635666 31.54697276971561 -56.16949088288226 37.9452841788937 8.332186466982748 
-99.07387104730014 86.00237098463603 -61.65832082323202 28.042778636859765 92.48282371103409 -22.8232935604193 46.70980625841506 -40.515333546804435 -13.722734467280205 67.78276255415835 -88.44495414446007 -62.862537721511025 89.88986304747593 11.846239914720712 -3.507697874291722 
56.66568172388375 -31.57796351917797 -18.636664615165884 -97.5983287427137 11.991747441962403 -75.80680913083167 54.58471560773569 -65.73773873227378 -57.96234620134473 35.98761256518813 -9.929048869896675 -56.613751656952616 7.168630838140416 37.1576415321382 -51.97425821094291 
54.238437932720416 34.51653670455349 7.102513251769054 -46.92651488435939 58.82538392132014 23.147845428939192 94.01356763289425 19.38894674342606 -53.92775689139779 48.0093014597922 59.612063404031545 20.037018611390536 -53.83622371943184 -32.32762698805362 -70.54894336585457 
-44.792216514643044 -25.055171047390616 -74.88190610327037 73.692193957793 -62.64457537987526 -38.954204866221076 96.99913824534366 57.75059364039038 94.87183878907112 -73.68834345720444 91.61761673892747 -62.14128065035111 -16.268024061828058 -60.16431945657621 -86.15540033198903 
-94.36333130782654 -34.59979598291392 -3.016423476236497 42.0309594111753 13.405694680159684 60.15670988591876 1.2518587445619715 -69.84534008749725 -30.95046802042107 67.20877631518573 25.211471513550407 -41.579800923134336 47.679251034188695 -66.11953351324154 30.242293359954942 
-56.0298673900242 34.419957106065056 72.14560551697517 -91.71906154389956 -87.28829551260755 -6.58672641085596 89.52556870235756 45.67452952059335 99.57654851372132 -95.18194069408183 -64.10799263452407 60.10487665728732 -73.7207554496007 -88.61046043026437 -23.58684561736888 
25.97230409249731 -86.13206429575952 -15.638986918478764 -38.85635122147115 -22.593096947663312 -37.07132400976369 85.797437318275 -76.60293466454837 -22.870880348929674 -7.945220489411483 43.19019867281119 -93.76935040620499 76.10660143309667 34.61803959674316 40.026102697979695 
-20.307065825122365 46.35353974434315 -47.608778129664664 5.810315912117531 -17.233685900203426 84.91882549743912 -15.757503710431592 56.788859937646805 -88.13175038994747 30.539633991972693 -8.123204809551595 -28.321194998319882 -91.94154696050767 61.036771030748014 51.947836317743054 
48.144738449125384 34.34002813803133 32.088091234808644 13.515088077607146 -99.65636485706084 30.859456718675574 -13.876581159039446 -68.86816385917867 -60.06912210338271 -24.304901717125873 -21.40683521799393 11.861570739203813 -80.85309824718176 80.1815363174428 65.91182008439608 
65.80963122814538 -11.436113188749772 -5.23177498153089 37.06886586988321 31.41129394078726 68.02241484225141 82.9937643128165 -33.513286234109785 91.63543575009385 -31.706407684320155 -21.12274506054814 -80.66208667773151 -5.666901300193274 40.78529047547508 21.087860430814743 
-66.70578979132414 -77.59941691814296 91.9214903827316 -89.24103651786177 44.581945426038345 -38.24295874668291 24.21280511254463 -62.15815961301872 41.71475360133337 73.0590517824113 -58.60395302397603 69.93960301056879 -52.202790258321706 -33.57617702928468 81.93472688550025 
-78.81122011664839 24.446712854425172 3.9031727659398143 -9.91539507665793 -29.93895793185783 -90.81092709748131 -12.273982280500988 61.98730272593244 9.528317846845823 -10.983727387295957 12.090720674308002 -1.2276847700307485 39.8301120698963 -31.743594077975274 -45.14930383309819 
-83.1755998076561 61.38627870487983 -17.164651767620427 -60.30815943669836 49.301854768581336 17.167963333100218 -36.29523419682761 55.54148703641667 -52.95443453445745 -47.03769832898153 -15.679451759844511 79.87937387506753 89.31611804211798 40.380180960623875 -38.76600207912215 
-54.59287070789516 -90.40938968789717 -83.9127247271275 28.183092572340428 -22.156359446008082 -4.6572391996308085 75.36815134410165 71.3936290020672 -96.92370903091185 -49.37628465703106 -89.78158440362691 76.5702998031864 -20.63674486016012 -50.04648088072805 94.15954262727217 
19.186226186132146 -4.313023055713302 16.341771567215147 9.704743093760015 27.03159184332125 95.88455984744982 -79.68999056527326 33.13430251138158 -37.29954717251027 36.80097080473146 -88.232184842211 -90.20655448890284 -52.882124115285166 -13.340854610024337 -85.05288661769734 
-92.78243508221438 -70.02840870367532 11.163772116442772 76.15463081504154 -14.36913221069112 -94.13677227399585 35.767483203700806 1.4271515253618645 -1.6734954874281414 61.57934438681826 79.49268125083199 -60.14373457883806 28.926459583068464 25.81675174699339 24.06133022095986 
-91.62240744497979 69.55324254228995 53.482442734212555 -96.15976543552685 -77.61253711157158 4.01423858623464 -4.806604036091429 79.61457997033384 27.361431773612836 46.29091101116731 61.63896115666057 49.076340874334136 -71.9375921485408 52.45996693301015 35.77331408704845 
-78.46154505092471 82.99434768667231 -13.384328953478501 43.023928144773066 -27.75778901612567 10.947162475290966 6.6712552627294315 6.06352861736859 -27.26945634366527 21.753229736699467 -1.3905914137563542 -71.75523166803572 -66.54540733357453 16.339350595610583 -14.609945174618247 
-59.76107619581803 -24.995683275139214 -86.11109031818054 -74.9108190131542 11.147615806265037 -58.7258085150004 -45.49763383187542 59.575591023424465 88.21764685186395 74.32139685457554 -56.164539651024505 90.31310673590244 65.49646953363404 -72.19816973054611 35.0522350963565 
-30.57246451503606 24.63603000423946 15.121868260450853 -95.17538370027773 75.93543315330763 -31.878255155250244 -12.217759157521769 79.93445769610818 -38.69356038974223 51.18100941212384 40.92994969992617 87.501866411115 -83.39782549077736 -38.30170695372137 -76.79043877253375 
36.048328552200786 87.7302474751329 -18.922644986972088 -37.380539027980106 59.100228945932514 -55.54521298878705 63.76530960797871 -93.3523246175142 55.69891788600998 12.556891690243944 -70.44673773113217 93.24686876659405 -52.37051287446066 43.42818461876442 -46.30081606833869 
-8.540769166216137 85.0320073958078 88.2210740662361 42.91365333577909 -50.0458630518974 75.28902237579956 -54.56482354911325 -91.81192018172763 95.41142252500359 -4.4701258967941015 -82.45308686006669 -99.28657462715731 39.35688623920029 -28.09716473003347 -81.57562766382974 
23.074429527643247 -60.24780199316984 -83.60775959813876 -50.7997889846729 -27.936194005080736 -12.251372650836117 14.919327382744171 93.64148724385066 -8.177455877409216 -18.48155006447645 7.453254317454778 95.08138167336989 -93.88222816257381 28.5445281486833 -80.37724767666498 
25.484320724223195 68.43209364753037 -8.91557106451475 -89.52469707964087 68.45682119024312 55.4839205249003 -94.50891388231022 -40.53322600806757 -64.28677837844863 -36.19159773597917 18.281548411722753 -48.09805545530879 -20.14791072501407 53.077238297691395 20.655993679945055 
0.12223583339958566 -55.782041538850976 -48.46430092731908 -86.26843640650081 -65.58427218568899 75.4480464102462 12.755027506381538 64.74864420528371 -73.13225119027507 70.01038152319987 60.22526540154885 -42.1048895010669 -27.913536623274155 60.48678483571942 -94.51626594504789 
0.38535818821910084 -12.780671226418889 -33.443449289402366 -19.09009538904752 -75.25860297378408 96.44519577815583 32.82633944113499 41.55363599042221 92.48443155462874 -90.42023149309178 46.431903884832025 -78.72586042380519 -33.45016600991299 -88.89232491298068 26.31304619075246 
-56.70160406613631 -16.103844959164036 -4.340289434660534 -31.10461492960701 24.723964695949974 -53.171824583750535 -5.630793868985734 48.113756563634894 66.81674804964746 18.95625005039811 -45.495397223365885 -98.66110727895305 -70.25290152963824 -91.27422030427235 -99.4722121486062 
61.19053891996333 -34.92532369549299 80.71702467786383 -24.435796699590526 -24.163983503598445 -35.92384573330823 14.264427897082953 47.866721264314805 -12.415516742175711 45.56316152085037 -94.39320694087495 70.90598681704796 -72.57374594743224 54.26164564091266 99.62266725092292 
-51.613033954672005 -89.10766320904138 -77.99023136115264 -70.07058290306642 -45.518323337361764 34.038725232626774 38.008584713790015 96.75241631342223 -5.494718320751218 -51.947657615478434 7.435170201629603 -57.64515792322955 -96.51930500630672 -50.48733581129638 -50.37477891867488 
-72.63633324958806 65.0120332936963 96.93195465970828 -41.46706828745859 39.868924973720084 83.31946524652196 34.9318351841427 -34.4696434307816 4.299431259207694 94.29943893841417 37.491913340209635 73.14167861073093 94.22888804501756 -29.141063276816382 -38.58005653408736 
19.364060395812373 -35.465723135491075 74.75528371605955 -54.045837512752556 91.00498054793002 55.64281966582405 70.85936809636587 89.37431051822023 -27.27912202261507 78.38158290371913 89.54035610799542 60.85049584284127 -27.00048189226507 11.549472596206172 85.50670364320555 
-25.566456099804725 55.94340719190441 -33.48457984119315 89.42228694325348 37.54585167549857 39.36992868450443 -38.94852229872478 6.8287458435420945 52.010751748671794 -30.49246584457191 -64.61567931524708 -83.87119768095306 -21.09840576703543 -59.57188527715302 -33.598542906243 
-49.50665117494708 93.4089269632039 5.862869725666712 -86.67678768817213 -16.47663369312305 -37.91332516930157 45.91952958343157 -30.050534533832234 -36.24603050480384 77.66636828124112 -44.054064334298346 95.73592858033246 42.35040577385362 67.74668223164576 -84.04517380849134 
-88.81294052338866 -11.189490810000251 -61.875519718204266 -25.300599201885277 -96.09663374834231 87.2578825199262 -76.61277791653387 -73.93722096015085 -8.583499722698917 38.31647048615426 1.5757757435957132 84.01908078860296 -86.30557798975624 28.84983050453917 -45.728962280296685 
56.874657062747104 -31.228554869709996 37.975045888420624 -38.518421816124416 -58.88970712826058 51.37312513227138 27.661276358706658 -0.8278565283602575 -77.5511323476313 16.7263920101892 -22.795978203643713 -78.32954290636465 51.410946658143274 23.60194785146814 41.83859294467581 
-32.81797202751227 74.7681173599035 -82.31240771771711 38.62150106005245 -64.4296240758391 42.576663241712595 71.85169237030533 82.78187906826082 -77.04597128898595 4.938985013761709 -33.48692366079793 -27.0218153352872 59.278076703590216 -26.106526594797415 59.74477614108818 
89.36595936120148 88.00983235732889 -95.83089618813918 47.49138816151893 74.55540987539786 95.80863283698466 6.92001825881799 -30.6520000300969 -77.53532115061527 46.583550742235246 -63.91700678844343 -55.46307938911927 60.679999419688016 -39.938307489273605 62.44649770585073 
-90.43829562004962 51.87601433645358 22.233148804327428 5.662274305895437 56.78042194935236 64.28521837889971 31.757939379864496 -64.25068849974687 -97.22647360135319 -41.89694599179998 59.494358553140216 61.19848906908888 -8.707312247212002 -74.28337670615383 4.633667095266162 
28.454166688381093 81.3707240276257 7.4687942690734275 -95.28146686732832 -32.40789600740928 42.66239860700878 -28.428294477094227 33.49498355127943 -64.5856883697266 -79.60187648859679 37.394974023411976 -84.07020997298689 -67.23368263277496 -8.994540355046922 -83.51615079776204 
84.48108329853292 -5.421450141581019 -55.32903271977041 -72.15856667505619 -88.75995342424687 39.08496367812455 -92.61966675827509 60.4113289948223 38.36809987002019 -48.060946433865205 85.61274127079054 -62.222314734655114 -50.2171928493115 90.92694631362696 -68.80951327721503 
2.4755978303576 -8.104332113554662 -11.109224465206566 54.8003570042128 -98.8403942080053 17.40694530942784 -79.74886330666801 95.09486600224193 -7.922459597900271 -64.0630593826263 -89.66668005257144 65.34517107513855 -80.2279542045131 -5.515575058462872 45.217672576739176 
-32.0285511888799 -24.601432843299747 1.7568765213499944 -58.87285472410717 50.9321641932039 -32.190909472793265 51.48147812753189 95.60265559396873 -57.52565493288695 -74.16524693947059 50.28497465571522 -92.61738470289207 29.469461867792035 29.998144950905385 4.516049425260206 
-31.252599135690645 68.04986463729725 -54.31334198844826 -9.556648330478154 -78.13572452537574 32.9821584815563 20.15804112238513 -81.55510387087568 -42.80159246654402 -57.036068754650884 54.32160649672602 10.321934952756834 50.3320050284502 64.61114369995803 0.5606787056895257 
-83.38058747737043 10.349022057473746 83.576970613936 75.17175788209403 -65.56454711261898 51.48837578291722 24.974404313875013 -11.329915628109632 -92.00548132125247 -57.5424913661428 -49.772006104074464 65.8055378683272 -52.62045276633629 -91.66307124009757 -81.80151314130633 
-15.77648246003804 63.32056482724411 72.27415830832797 -14.993419906979355 65.18133284630215 -71.33899025120073 -97.93200516194239 -57.09298968243204 97.3156333265159 -7.474915877224063 26.713557788975223 -7.687487160363943 -39.706831216264774 -82.29635528243693 -56.667665317382834 
18.596119760137313 24.643763600155495 -14.668367341609681 -29.026695700594445 33.9779632313882 -69.25954866677372 3.811733361190136 -8.112798921237669 -24.38651254953841 66.44352417523814 -80.55703072658036 -12.087776970570602 65.4868858750142 27.927310203553233 -6.630177838193148 
85.71807566102828 1.413127345524316 -88.43273064568893 0.9813928030389008 44.13448445259061 67.79655146432398 -58.705602133499 -61.66920136183784 10.499965053302773 93.50852253566268 -24.341156010883708 -34.150996780448324 8.414692432161772 -21.898175921924974 -77.84553346052988 
-71.83365264449495 -45.10680746352469 85.11174531024716 -58.18675234817965 3.055432262556181 71.30564772393473 26.232331213100508 17.46595473995987 -6.336294205013189 17.47428873792289 -13.775217271589895 -70.7832815192023 -73.43099509895666 77.04430883836585 83.35873868896812 
63.938978118549585 -25.557912905091598 -51.26377604421746 -97.5034587826355 -87.83993163295764 -46.43241931891242 -0.9836991247496911 92.08551671180655 -41.0273078523393 -70.56194691324033 -4.987639188532157 47.446101782468276 -88.5571987943146 27.65441326636497 -73.86154115543388 
-47.23047350278682 -0.5495224554911431 -95.67238335299142 94.41436497032558 62.56180485299575 -0.23764049604078252 -96.22131491670567 -82.78092362337306 -54.96750157170433 35.6877355257308 79.4855770015121 -42.00379950073086 18.893317543101233 40.381948629424045 -88.53743671612462 
-40.512002024743346 33.9319934109096 83.74138587401143 -32.56398167128384 16.126626639912416 91.12972693222164 -25.037975635434776 15.10453089489063 -49.95822499507601 -99.16619840609076 18.476952331960746 42.621643253658306 -89.73337166262587 75.26912501703876 -2.5625217516420378 
-79.21680649491987 47.59107656931266 88.38191793649887 4.651722210854075 35.00886081841182 -68.09762341044008 -38.67623509583622 -84.77355005581609 -71.32250747136904 -83.21997781564153 -48.80889089668297 -74.90961208799726 26.20445731444265 -54.84252006930419 18.797310360307605 
-39.76031442011252 -63.807678187257565 -50.324113407579254 -11.728696073135609 96.18299033880834 91.42370958868321 -98.15284080358533 -25.444611002585617 20.129952792185662 -23.092995923685805 -70.87039675269624 -54.78484358766033 53.983144809571684 39.57302905468151 20.11170396790088 
18.596948865420984 -74.4760184253365 -18.137987993259657 43.88563601368037 32.607114871358846 -38.7381709288954 16.341243371862333 -78.77435105512376 -92.20543750472466 81.9189516175646 6.586173600259485 -66.37547968539639 -39.05656936278628 99.50585024668271 93.6913837159143 
14.35061505995074 -2.087979847947821 78.98699909552428 81.31439267417227 64.48539356929649 -35.64740721334407 -78.64799662795843 -86.50594428076357 -85.3998971368912 36.60198235371587 93.50958149314147 57.484536633230846 -49.54202726047727 68.57570191064127 40.77935116100099 
28.82373074395906 -64.77920391549752 99.6001165088988 65.35089172359437 41.4593465584519 42.27455979620635 -36.59173241197091 -16.370063536672518 36.26708228167837 -53.976498818422904 72.56740591071997 -45.89739253596144 -59.3242311447026 91.46576789601727 -15.778386367055262 
3.790524707656971 -51.56043778837904 29.841427163234584 21.169144930109752 5.843017090227278 -36.444469202527415 -46.08911388787569 -48.42905353308129 -87.80576553619623 8.225252838762103 -40.6938903807597 -47.443948922793844 -88.47737365639601 34.16686984064714 74.08079845693712 
-81.51759716812288 -37.42205680311051 -54.547883476048284 43.01170818117237 72.17687223009366 38.05516864532302 -73.25350867610898 -71.37559650729371 38.06724711785364 -90.5196741083438 77.77388364935214 -3.6797553432029133 -98.71054832991734 11.300073794834134 -44.630338573571194 
84.73527512062222 96.06106490463748 -75.67453772914187 -29.80513817182046 -23.87265719380116 -17.77365214527306 80.7049244393481 39.79631758432981 -0.9244701886779865 90.9217048206736 19.854022686210556 -57.02291327157043 -38.3928257463876 -44.060233200704936 54.36686700296718 
79.93641215767596 -31.624237567466068 -84.19338331849289 -69.5446648370893 32.00989708511932 5.310365662906719 -96.16944459690127 -0.3476508128492384 13.165455216456735 -58.505823477070074 45.77675175309329 -6.449056983448713 -5.733614150725458 -54.16756533860709 -7.458231824422583 
78.84137124453542 20.603443329755706 20.881570100353812 78.26718648254928 -20.448165997087585 57.285631379072896 83.91034819982082 26.211842608263723 -88.21050757396867 9.600994911351734 29.91922797947194 -55.902964050961735 -11.689184197311036 -74.50526550472642 29.63221512027087 
-79.99839333756971 -13.801407072998614 27.56629090035743 -58.63322177035979 63.6224449174035 -34.53679690849502 66.7409973214665 -26.67247934102788 -37.90558359402662 85.4118494047627 -23.580584862535787 -60.88647147104829 57.53543470000736 8.145800474642357 0.061729944933091474 
98.57183227223842 -78.92815797534685 39.11068413239201 -62.5666246066805 -94.34786306403478 70.03299093742092 -16.59189891713548 60.093684948468365 -62.641159643079106 -25.124147755386645 92.57772615451125 83.27420631547727 -23.4800269574295 -12.877434113325805 -43.03076337445504 
-49.1230576864836 47.974385494636465 30.02492137923042 76.035067181676 -90.02586266920325 94.71640971245185 -96.54459673388658 86.75507427371585 -18.305981134523748 59.84576443807384 59.465997644681494 -11.928659191280346 -85.53740487801555 9.19711051325622 -82.4359679010354 
-7.425992963867074 35.81831425171805 14.894232892217602 -9.997137691328064 59.386882518896044 -82.09799616549098 -12.10510564985421 -82.01946245410485 57.39030868836619 19.976361997019552 -59.23893861011531 -44.36364627966001 -36.858039086220494 71.47673427810844 30.272321599509155 
-25.350545514149232 -56.33428537569613 -63.172966145158306 83.34602201392431 -67.4841058698845 -35.33776357995278 29.78984724591058 -73.8185152969125 19.597265848291315 -49.31099207740568 -56.92092876346499 81.56345780453844 -7.129214917185081 3.383407498631243 -2.5044836532996726 
18.61834673365162 84.20248960882319 78.8498302778699 80.55139804371748 -7.878525647440654 80.06296295204521 -39.830706396944926 14.281058670186567 -20.66617425450592 44.587058133587334 5.151133641229251 -20.494697077477355 -55.47610253732116 -60.53529595550178 53.37460667484751 
-49.276046412747164 40.95550856438115 22.907758404865604 91.4011868422009 40.18152888383682 -52.13870546357733 2.248579236488496 -40.50504626377294 -6.342770842878693 -30.476189738054103 -86.31322340709866 -5.5395850588218 74.5694079535626 -38.57506431933171 -99.08245595906484 
-87.42975119965877 -67.58900409740296 15.945242538568394 43.10869683428788 15.911367895470875 -62.39396598936573 6.531198469270819 -88.05188573001045 -99.99652224913906 -18.79185962397881 -58.918708662241556 24.229558999122133 -23.433966541569887 94.04656674177195 31.032029401689186 
-3.794728121756009 65.89867588772728 -33.58663510425903 -48.33341026488534 67.43976670647962 -47.30777220337659 32.90046730824568 -9.168947734844508 61.36314828981682 -89.6677550888628 86.07648179931158 5.077075246933219 11.725036997618531 4.775015902126611 55.880033046879845 
70.22046286647955 7.296827526977694 39.22076116681194 13.609629492371013 -78.76683255938623 -54.42662476901417 -70.56544349335488 -99.10510025827183 -42.33432625951332 -97.40818706887681 84.06471516294579 -97.26721344242853 -28.432256405146944 -56.37509461720634 -87.83819632405788 
-90.58496737782704 70.52666718023178 -39.399137747340276 -16.616074198355363 -95.81369149614338 97.95472375739578 36.75602885407915 18.350577780753312 63.40696545645653 98.51415240144587 -44.49476250267781 29.436680592658206 -84.62826163181589 92.58545470318927 -86.19257881457281 
24.33020890488504 87.17824100261117 -10.580170307546297 89.1931592615174 -2.891084964243973 -8.067432735813256 -92.9324646438805 -25.727091771195347 45.619960355819956 23.511485736127625 19.180634574912887 82.29221082263922 -38.75330814644886 38.19483438175257 -95.38009008664629 
94.02922878599986 69.93425204898566 85.42794330149653 -24.619249336412423 -23.96246545880159 99.90234895942334 -31.33933633827573 13.124380989195089 97.82141585371807 81.83403975783543 18.81636581502528 -70.6619377806385 50.977752294619194 -75.4987089782627 8.322860323550046 
-75.05632069575523 74.51730240973774 0.4226496748000841 -97.74001229697026 -54.11404381045833 -57.70413679006794 59.2712813448091 70.01762303076677 10.410219573491688 -2.7385821737811966 -3.854268361436496 -91.35878987557633 91.83399094052612 86.57691702339932 2.234381139217078 
-71.97078070871123 -27.38948357992173 11.25338357218564 -88.39353786751639 92.23765359228227 -49.87947350940991 98.91228146092496 -3.7260762292361562 61.339577699174555 -25.895015000567014 47.89345695274676 94.85586435056209 29.785092635937957 78.17355528823339 55.45381756944133 
-93.7182693492322 -95.30376418648618 26.296675795060565 -32.25517307200812 -9.556868166091618 -16.952377520257087 11.797784130307633 -7.336954224212789 55.20016117069861 71.85008018309674 -75.41159282274762 57.554980816182336 -58.256808789461466 -39.40176147849801 51.05112429272273 
65.64187725459652 50.77390697141763 39.1374898767279 63.7890866278712 -74.29212587960612 5.172110733057323 18.980066582194695 23.483034880781545 68.69227794686347 1.8605739007138595 14.883601104831982 -60.06334536626046 -4.087310274974001 -12.56380530600731 -45.02976056689501 
-56.6607403466326 -54.54867126511689 20.287951279661385 57.12286709159844 -96.23005571626078 35.862316308501306 -86.24262283348185 -64.9868450842575 68.66445526955533 -25.680818799918498 10.31523205778359 87.06770370817128 66.71063915427246 20.03628406684453 55.16946093582854 
-37.74331499420622 -48.75307785597147 -40.598517666913914 -95.28405676806577 -7.168485551590109 39.95640272363531 -71.15734258489456 25.145021592655795 -94.28000593524288 -65.32472834787123 47.16716296140277 -36.6733534142351 -83.68072707807471 75.71466561704653 32.9118051582918 
74.23330314645199 0.4234942331236624 -70.9054582752309 -84.60306862792774 4.292011953535322 -60.43604698948499 -11.724942874063686 -64.01274104796961 62.25396473135811 80.75274218239127 5.842874513754154 -77.62499997130263 -62.078288997500096 -92.52528203598051 88.74836246704959 
54.37485886649753 -69.82016261601547 80.85347849472399 39.972299510238656 65.9683225673852 -50.490296678328136 -37.13943674899334 -89.67928980440583 -98.85462354976475 0.3840955323026094 -19.279004577924397 36.215731102271775 -87.11025330088404 -23.628265074172646 84.91533701039947 
65.59921021089255 -21.437651859463784 -73.96603150948711 22.32394738879475 -36.60575540807134 76.06884277386274 54.97088490013405 -82.97615135534807 -21.086882136461043 -62.356087861094835 70.09075988165154 -18.327403669003957 96.18236374299647 -83.33820936045741 -97.54760949509492 
10.756085501152128 -88.36262059004096 -40.95791834020115 22.454848203371554 59.37422089748938 -66.46621897549767 87.36004909357175 -61.3033977676056 -94.19990174431965 -66.06943053756453 8.53626299718357 -41.41692299025088 1.2220076293562414 34.651926989709324 -14.974565176570081 
-89.61452469380289 -72.18820415981682 -59.45492724130128 35.16532463533542 39.17888590365814 94.03083549909192 86.62127332149788 91.94835979425278 82.79230110918482 -43.404933805029145 60.504934192517396 -68.6236316964296 43.29591036426507 50.06821567750845 -89.92131930494374 
-60.82820059474847 -10.117035126008233 -95.48812009377426 6.100083280317662 77.82369152707167 -48.97023692288718 -91.26881533228084 -39.55542789697542 5.448892458703213 -20.170990472875076 -34.870147016965845 -85.91496038147982 94.9064357610207 26.997766400228173 -87.62220784813573 
-52.17241195476843 6.147777748829313 -30.115002374323808 0.5209817081178016 91.10027242857498 96.77702033201217 -44.45023686839453 25.824809740187078 71.97354777613197 37.1204226203341 2.2054836305499066 -66.51967239314116 46.037991708690384 69.38178784318447 62.50218156268434 
64.73341673462357 -0.7426822987386998 64.61885863509778 -37.50323880241622 -1.953586147665348 54.63148122430593 -94.60709981395826 -3.4744481657958346 -54.14825759168242 46.650081805237306 38.91891541302246 89.1007447550854 -50.684929142871106 -71.5519743922841 -1.780602384996726 
24.943294599461723 -25.89807075108341 -37.54908992169486 18.278910398257395 -10.017541365755903 37.14425796191361 17.8172412306768 22.869619271025442 -20.424322769781455 80.19283095176405 -99.55610032277451 -16.674779525497186 -82.76733395300522 -94.42224305258225 -25.276987032836473 
64.17441793420682 -59.54471090006308 -20.83777338329773 -55.2956982683696 22.47636328217733 24.419814786573184 31.142217398104407 71.60504493532233 -12.993386819424302 81.89021044242034 -90.90278569006568 2.779849477855606 22.234656672027157 -43.950503199250576 -26.423222539059893 
19.188433782463846 61.92836245905386 -52.802692402247246 -85.49208968720987 15.162733674558254 -39.3997030910876 -16.511810624007154 -88.35615830369802 16.42983207266964 68.05519934987069 -2.1171824459302684 72.39902858637794 96.8830269907821 52.37589809571645 -1.8317945241712152 
-58.981877248078064 -28.251648282239117 1.8771687614597994 -47.10700477558274 -98.9951379131718 -79.37949221938172 61.661860439885515 -80.83554112823407 -29.12872505124031 -87.39864995685214 54.544518144803845 68.4677901841678 38.303404579696235 35.80638000345061 -92.01414944126272 
14.945783131126007 -21.117630293645234 57.01021589787044 -64.70086410771951 -25.61670685349003 59.728055732804876 16.56135153971418 78.90723067788412 60.85351370390009 -0.7167167189377182 -14.1445250261158 3.256109321941338 -21.80465274192865 19.292439327617572 -62.44632183678436 
1.631875275636304 -81.89805506114622 89.99263986758922 -42.15183991316809 76.6267403626778 91.08782121340235 84.07433688742404 34.61880118818874 -51.037467192506284 46.19778295298724 -65.21848770656733 88.09949853777155 -31.247924134215538 49.34443322991666 -45.48225698848152 
-87.01699263686871 -41.106844021375856 65.87485575484934 82.88849027704103 -28.156487015025775 -95.38563456383153 -5.3946029991813305 1.6768800797958079 -1.2968149293472067 -75.6467531887844 54.01876942694207 -71.74533754409529 96.206716943143 23.625272738842426 26.00154349918739 
91.9935681793124 97.48635579448688 -3.029229575349433 17.09152488458618 -67.89051606436647 -2.8198408845852185 41.91948412136378 81.73843403294663 -79.3710571186391 77.90384702816519 -1.574365613205984 -22.024082946867154 -84.70350035408485 -27.230662828404917 95.27350243441819 
0.6084354783045569 -0.16486929937893535 61.88808504446973 62.04723068460132 40.22506630188539 -89.1092124990355 55.32533217768008 32.155693979896284 -30.083338632034824 55.328643068598836 18.364823604010567 -43.61972607116942 -30.704090900549545 77.63222597256797 70.41762393751236 
-51.04980287966996 -82.52020639828058 35.11559030405908 -98.59792496392707 -92.14400367722553 -0.865017741179571 -72.10704764738487 11.220049575402925 34.68265762399059 50.76855608842223 -9.399964999586373 20.398458594558605 -97.12369242352898 5.814316645747823 -5.98267754074935 
-66.3008407470133 -42.785763398511364 81.67985981695688 -30.628616967246174 -99.46645582674178 -1.8575727081100695 76.93194521182093 -32.15872676940434 55.68534700499097 -82.38697193951295 -65.03392487648853 72.83853403237171 22.08052118229662 10.568561824561613 19.69516721685389 
25.26727246612377 5.329654073479489 -23.95723331499113 -31.716334328506804 -86.66823136737976 22.881566954250587 73.72894768247218 -4.730815842426779 88.57661521142589 -97.23721356054193 79.58996117447975 -2.740861194615519 -54.361773828759084 -47.35458144853011 72.17546598645447 
91.03266483389277 -93.38505662868783 -52.33375879505182 -82.51898084834677 88.76762948948189 67.89452590638555 -71.61486298784727 68.64898284047453 -88.12955856510997 76.67720726785112 -87.25517905033024 -9.21206458168595 -66.03835458290739 59.15940610126157 88.322403895718 
-80.37084304568731 38.794153219801245 -91.55882278668959 -34.733789607951365 18.788071521951608 15.386616554938342 40.43648484884355 84.09639910898164 -24.31041829145093 28.43199266850948 37.886132778786674 80.96309701390837 94.89540921817022 55.78745119110434 -86.2246084972236 
64.28639670433981 -64.77887480634905 -86.35946240233632 50.22554612455633 -15.343429450295247 -21.902350313529894 8.503612050729672 -62.948963199015196 -17.820052162193818 -1.5767538896254791 -5.732654368933041 58.73672466826247 45.31584572118871 -93.29346334407454 -38.67593874186079 
-90.15226233422172 -34.75086106438867 23.79623760797716 59.4996994094069 35.991489241193875 88.30150884771612 1.3811551450729809 -56.8771107674235 -51.65024179772719 -44.9455485502605 -39.94927707124516 -69.24063900196231 47.40392009941854 55.452474141656694 -63.73440627046618 
-45.76881369445724 -91.25405320267359 -73.90722766391579 -76.06090688025202 -64.95689540090089 -68.03440733990686 -5.317204562457434 72.95110025518187 -71.6994489767018 81.16865082290369 -63.72932616733915 72.57019080310639 -86.26736330133741 13.331839612942659 -0.3176809357980943 
71.17703981034808 -51.86093369246008 -46.5015903174409 -13.64698813785725 88.19399315580534 11.732691172936754 82.39791390008645 48.29992034776615 47.5904552614019 -1.9612934442211838 5.288213446595336 -36.58451388343222 47.27608188318382 12.682902299647864 -16.821766475231186 
47.4362942127012 -38.460564948861716 80.20581837654245 37.25279670727332 28.253655755462887 9.003714291861087 98.71291149700517 85.02408116569256 17.076888993122765 90.23630636616394 -66.85306074391808 -42.941767061520444 50.62501850653655 -45.7868328438779 -84.3900129336693 
12.01485722116027 2.36613607985592 -41.81615358418706 15.822124707761915 31.22979745104257 44.42937156016109 -73.42831280766555 56.482577257435224 -48.146038887846366 -70.16400172699382 -48.21782923735092 -10.177690463365082 -89.7756070900434 63.65349688100329 -44.97047773536937 
-31.621682548964586 62.50140099493643 -34.66390199068765 -14.180625364599337 -95.08142183699017 51.098604863266814 -14.259234729056189 52.12021854402343 -76.20603144432417 10.79696128843075 -72.37434669807257 -22.737233705902952 97.13173183942877 54.96503080249434 -19.46082908001594 
-76.83692181489259 -66.85666308988327 -91.20049779262358 -91.09521251944463 98.50273213754613 13.201947082233474 80.37388736091594 4.531138105179778 -7.674286691113224 -34.892776034666454 -16.414998255216886 -52.34476844474438 15.856122322363063 -61.04793823029391 74.07176908545841 
89.95288964658468 -44.518916629089624 47.470481805190786 -77.75314833698808 75.9128742610529 -49.55073270880159 26.847154658281852 -53.23407901303501 69.27601906107324 16.00412586468761 -65.10502861703313 -27.115805752028564 -85.42288045971844 38.309795387781946 43.36877770956545 
24.3799080086568 74.40988587513732 77.77900850381499 25.891804609423687 84.3577842919643 70.7225947916765 32.267907683337796 -89.18353324574568 39.93810073334839 74.61784835205151 -35.301419529668436 -75.93433072536229 -45.19700282734613 27.553093690925465 89.81127643151981 
99.62098998315258 -41.01413268958065 -60.854759774206755 80.19095377998698 98.12985220501204 -2.359354257733486 -54.51326153997713 67.84724489072246 -91.38119537768006 -71.37306330840197 -98.67082529957085 40.52760182496763 -89.30772900273736 41.49937743983071 -46.13774117740288 
-63.26724973379707 -62.53506412813004 12.094594313868015 97.14578211602574 17.233016766264626 -64.14457060600638 5.5219459977129475 -31.4099880119133 34.22308162820008 -51.476946619034216 -58.34465454113107 -7.450614793402082 26.177769544234167 68.7262066255795 -60.88471921942875 
45.718960319136016 -50.36397502436567 77.70185007152426 60.9661343090344 -85.43677107021381 2.180779993093026 27.190671237591687 1.4633154140576607 3.506601108946498 -1.2878101202671957 24.84296489931866 -27.60872435176279 87.59655065955403 -97.95889528896566 -52.90901511104376 
5.4187468286005895 53.953211972164695 63.242567703446525 -40.081358127151525 -78.91885076300211 40.175728423791384 75.16662462817482 -14.078428153273919 55.14340894245569 25.172743439643867 95.89773181033198 -28.721329221922986 -77.17941859905235 61.216448650831154 95.87391919292625 
-32.79833010662887 -24.26979148868847 -96.94093636767431 85.58276853224382 96.30823772331044 85.84463980086946 -91.81474176256181 -63.45670955289391 -11.85540192959111 -63.43888137097069 -69.79660130570839 9.839220818569856 -51.61089258725513 -59.91721975039932 -50.089655125965834 
67.86706357629072 68.6652663099527 -79.59738860793459 61.551268818088346 11.676120472557812 -63.46238445555284 96.62560713258941 4.381948411116653 -13.628361750727507 -62.031472573767246 9.090128359957149 -11.389228254180296 -18.077038311345063 10.322730975637668 34.299245923765596 
-60.66849218019399 -14.861216938561284 -24.762510796794686 57.676598838291625 -33.57898986577179 -83.88012595684977 52.1937492130028 97.32934015523281 -18.30104925362801 82.25791943513372 20.07270180589697 72.4772783125527 -51.24887805662854 4.774431699268035 -28.079357340065215 
83.0150265047863 -70.14222962069832 -63.49087016544557 -66.82578268312614 42.46728132244024 -79.7884599995654 -83.03092207663734 47.08857265107821 -13.552235717446763 55.02477704908284 75.5462978467958 -98.13850462569181 69.0644028911548 -66.41103116366142 -97.966121604522 
-61.69769828254783 -76.66519206606048 -35.60864653652345 17.203104828679145 -32.49805952982207 32.56598908209375 -82.19138167147682 -22.88722188215489 50.8884507889494 -78.91167154897379 20.945135710133982 -18.93360357128708 -26.265998876539783 -47.886577671213274 -81.79213163937786 
26.86726260460857 -21.545365203470567 -69.66529387249179 -16.93931651115146 -97.34629560955122 1.0464273294654447 70.32744943631485 -26.56303614345252 10.52434599924321 22.633509048728897 -59.079518531899346 89.48026919879374 11.241556543389493 -58.77603354249303 -24.221576546437376 
8.405744912900872 79.85431202312336 35.527815418044185 -76.58381224017279 7.402540127100224 88.18217489382607 -75.6580958229691 6.35478939310272 -2.1823454361208405 35.43742977592598 55.10631727325341 -28.152840913076773 61.673026090990135 -52.380610308533605 15.16083221871061 
-65.3132815081056 5.0388668355418815 93.59187499674832 -82.34966190872848 -59.50147976460143 64.58372549000367 84.90007700440216 66.40297558624519 89.98795782979067 -61.38690751913276 58.21265217148064 -34.85301908136043 -23.758609104970404 -71.29364451176237 58.95719153286046 
-35.07200490296431 -88.22397130331947 92.13782651908451 24.05582518920781 -18.999805062178424 -16.539313324680478 88.42416116019405 -69.59193752878939 53.457876156719095 98.22577648563316 26.591499008080334 -19.08326559473514 -59.845480106429406 43.2267112087726 -6.394761072058984 
-17.917576530023155 -47.6774309037306 -47.30397299271636 -68.29747618853601 46.62879116541097 -20.79846499266796 0.6671605375816938 -41.05703020439382 8.996182241764245 25.95876698461788 -75.70406329099013 -62.1820364069412 80.19980991050346 93.576821055735 -30.03616851433381 
-87.0567311420116 16.673353009254768 -96.96901854585592 62.82475657538572 -23.5595472956647 53.014095051413875 26.890614736454935 61.667916500668326 37.4952146994228 -38.238590759713745 81.03676056771073 62.55380010388586 -91.73600412061167 -89.64434756833064 -20.46565073128393 
66.73823001220964 -91.39892922930484 90.03991443886889 -7.139470014274536 85.58041007154631 36.92784195137162 13.82532729867954 34.533513087883364 16.47469241771107 -10.003996236779216 10.967066523410836 -87.18394697321685 -94.90457972140653 47.792682610379615 -8.917799017023725 
-79.804353637334 -15.899363913281832 -11.21694377708316 1.6810876367373737 -17.633211549432787 45.32489056182925 -20.002465198922152 94.63146082967555 -80.90848461011987 -67.0496106706153 34.51811526464499 -4.1390101048289125 33.66172455640114 17.576068686189302 13.095594718474374 
15.947710270582888 -24.70277090696959 11.49259520860177 -56.507828048447514 47.61575738552392 -34.932737795820245 -69.95859257653888 -91.57680442107154 -66.9198784820945 -99.6262972435116 -22.797215784984544 75.52961590729367 65.26340369197612 -28.73643401015957 77.5091737692268 
21.608887351033985 35.630509028731126 -1.756702555943022 -79.8331555646509 -15.44733639566222 34.45562942692044 40.08258805641495 -75.43440778811751 -34.869801136615635 90.61487626069024 -70.10587032479283 9.369394199193579 -83.86250953908117 88.77565400991955 41.00122396293915 
43.927163291417884 -8.914848122307873 90.98202114036619 68.36642801786888 -97.61555877862634 -76.32880165389949 -82.33965857559491 55.3709566993723 6.7929231882850445 26.062841236960523 -23.33722297498133 44.546068701118514 -14.360900256278342 -5.609057131825338 -69.8717064175856 
-87.37555219352966 99.24795842563597 -46.31182918284331 65.4860758500212 -8.290141619076437 76.41051802997373 -36.889424848538255 -47.35864274793582 -50.11745354468684 -23.049780427976557 59.104626089066784 7.843243355686155 -76.43718455919966 -74.08189670158134 -98.19709464953601 
46.14470646514732 59.77287475992671 66.6580890468457 62.299098412639864 1.3828215416036045 78.89372335200756 -51.62115184852543 -16.211574468043153 96.08265328134172 72.60334654666764 80.57749633328132 44.52878418350008 89.18187064121153 -20.720523485039834 -11.66712536899665 
92.13541875164256 83.23068904203046 95.85063022754736 -28.52705235534178 15.650987534999743 -91.17014403256492 46.98750249943623 34.09768249531652 18.455243965246353 99.43408473647571 61.193718218859914 76.77667358021219 -99.4995675304308 57.74449074757649 -38.41478614484881 
66.26703039972185 -10.532426479304874 23.5476823705785 -21.582739834742966 -42.086512164173385 -61.88397960995693 -88.63056458398495 -84.41529650110142 -2.869262089888508 -89.92212168674632 -37.513311626673215 68.71412139051108 -97.21062163158176 -51.28371048638434 -4.142988209370046 
29.83685655449429 67.18054357098939 44.00364870718769 -98.1073588726896 -14.957192113622071 2.59448675071674 -7.495912909297232 -77.7397143377662 42.20339436788839 -37.01544955388299 -29.761715012690743 58.35948370084455 96.70596425053503 67.54640172266625 -60.502454682219664 
-67.381267171529 -30.524774860356146 45.17983485109664 -76.208999003863 -54.58225920031479 -15.430903695774205 36.10198173502582 -19.389699361300373 -82.0690451498805 71.26381581340098 52.37371226775974 -35.903242707258684 15.02466326002623 -85.54498603418497 18.2786272119142 
-82.56498306526068 52.458640947350574 -7.527525203336708 16.0913807717898 11.683926963214702 48.06349190903248 -64.39210652192517 -92.87424530830953 -62.79862732509906 19.942043753630017 -31.647271699654183 -49.988926615183885 -85.56990555796827 92.4370338258671 -29.996829867883363 
1.6165274191285874 -14.898391143738081 77.70952323568741 56.38129071523903 -41.921683232491944 40.134201710319076 -63.585695430524545 97.88416737161111 52.29714688998516 -80.38334189536513 42.082893913237484 -60.20711006808654 -84.17180117292993 -52.09924740478202 -44.75760923675729 
-24.628048378661944 10.493704405489552 -94.02148504957235 98.41633281917572 -98.29094927456632 -10.346184018139553 -15.095025347233502 -17.019151261496177 -57.09648273343297 -11.897434873561679 83.06421062110266 -88.17664272362957 -38.79104492898695 -90.33721851433623 -90.34186066649804 
68.75276751310761 82.78711999233892 -80.26721043511972 -77.0837329677884 -57.94493222337136 10.46636391105693 -70.16081679529537 99.05770683930095 -25.175358355223835 83.63534837400272 -58.716536470184465 -70.42573127539313 -35.23316373695498 85.29911717872662 96.60138039169266 
-83.23007262269728 25.592199277705575 90.80640921381504 86.83934350865766 -95.02887625076693 -95.37387195776313 -10.664860260848386 64.76458991278494 -80.03470888543174 49.530565617058215 6.561714253452095 89.79653058040878 -88.35197998006396 -89.39465229900978 20.519465586030975 
76.46508583363726 28.633195525134397 22.185438945482588 90.333866109507 -45.226973432693754 82.93488650653936 76.24059886889839 52.046804381343236 41.15272924536285 24.96121919708851 31.278683904427794 47.10818821732383 61.20191081106981 -42.740819449501565 -87.61454105777867 
-73.29470783843679 45.64930364251666 -29.465366670514356 -50.25072474882508 22.043649753619363 5.231244232709457 -7.297100407426555 7.3880626204053215 -6.262679130906108 42.3622537041513 -46.24310680979649 99.72124951318764 83.94951419364352 51.742275886894134 -5.293156315928343 
-27.500830208443645 69.0320960785603 80.76036497529378 68.40802976814908 -26.702706487790294 73.38529471924434 -51.965137495647 29.73719168708223 -55.20269947599756 92.51452782223407 -34.665644860963155 34.2022026561508 50.46580255107759 5.749154191569318 34.02703793276649 
18.164543807653473 -73.70810288511818 77.2172824642953 -77.16877018613417 -56.941377454142405 -20.50474199986658 59.63536171809673 -60.73842388981361 77.20501633581287 -67.38560604817263 -4.402692629640725 -88.38738677735199 -48.1922239587991 -5.93858634763167 -26.243159797053877 
-21.034417397419077 -14.793535327902063 -93.77054466524682 -0.8726133607954694 -60.69191811056993 -84.56176561074267 16.259396765950456 11.934834253760982 24.637178817187504 -39.875632869209234 30.161662736494407 -71.05281929186646 14.291195562780288 32.935555966712656 -76.97060660739598 
-59.70705788055031 43.19084360840441 38.054675995718554 26.21940311597338 -94.5762229521112 -35.80578536419709 6.178001681812347 -24.04453545400756 -1.1425122706603759 24.799096176625127 89.89241466214253 -83.50689404534472 54.94828900279225 -51.43078411919226 -99.23651167890444 
-47.98346063454246 -8.244282799346237 -1.1439733796876368 -0.7466609290177217 -17.08797602698047 -88.99762705853531 0.623248341970168 3.2185301960393247 8.595442062370509 -19.187601468352653 90.99107894494057 27.099007687203013 66.03025857443691 17.974879560944473 -75.35233411489442 
53.79980713998344 -80.69135395849179 53.96511171670676 75.35950331385277 24.965705137223182 -99.86161807835425 -61.4601987584088 55.911209889502544 62.55914194284077 -8.467738327661365 56.09810846322853 70.12119493774901 58.92209468132506 14.81062046549981 -63.30602791061168 
-18.098532906498164 0.9630626147090027 -7.058415254069445 -30.109150939770473 48.46948360353045 -34.854076627425016 -15.011803599587253 96.53092139862954 -80.34345811325903 5.965204467092306 -69.95767514450246 82.34901334557446 13.22737131855635 22.908442848223615 76.60768186724354 
-7.088838407028845 39.982536228623275 -27.235156213184624 -35.03039140465451 -68.57597246889802 1.9691751158643456 -26.1897876386016 75.44086737622649 -91.73215736630338 55.12073156679824 1.9020950929890006 -63.06606062191935 -92.6690206948595 65.16497973063565 -26.009794763085026 
-42.88472322946897 -31.48689798786613 -41.38596665013938 -71.82691598100766 -81.26572100483686 -73.44640304886985 -93.87097397857438 37.186293046717395 -11.064585927141863 34.72303846647401 79.4649460910974 8.27172035228729 -20.109965432488337 -41.302378113332374 -7.690616777261795 
-91.66055276361982 -83.08134052425314 89.08367139570774 24.12681481479524 -52.65982775728466 9.90356263518295 -99.35617040963297 -75.38927188526124 68.51560145740856 42.43024421166518 10.18493285175748 -20.706166011433652 -2.5363875206706297 -0.6718682905406865 -11.996259456972396 
-64.85936204086539 -5.672449245464733 73.04029237777894 -7.694052991432841 43.35120098041037 -83.98789506114616 36.53756697493259 56.763894990912576 -75.23592668927313 48.73271596097848 37.55793908181553 -24.28994105491013 85.02182050695268 -1.4214749991493107 11.932367433157893 
16.900374778424904 -77.57608247384071 27.061171038988505 82.49524991854261 -13.753969484583138 -72.78336459095338 45.838344581869876 84.13218366142078 -93.79478111397918 60.98395393404533 -73.85923218507719 5.729452408256861 -20.031106034187147 81.10038747864974 64.24189699375995 
-83.88670431666418 -24.04938773379118 -80.99428135118 97.18090390247966 -94.27299068442163 46.528309656238065 96.3984896985747 26.52778759018142 69.75055492893324 -82.45420193473495 99.73544934667257 22.542899662702382 73.9180287386969 -13.133915630868216 70.70674069403728 
-70.25345926836371 -37.39791028918917 72.67150985036756 40.229984471612426 53.89321779851676 0.4562668540879997 -54.60941246923592 -24.872505911143094 20.45588516002519 68.70705681025964 -68.91203871636509 23.59099899744446 -65.7131709231687 7.378705184958605 55.63801230514005 
53.89316423407524 27.915244533560582 23.45974921468357 -53.772598877987846 70.4790158116989 -13.386839848191912 90.24123552737916 85.35132753193349 54.7517048586127 58.60562142225291 -92.18910972910244 -20.117189019898873 9.24684461705074 -58.243945923668015 12.69981466284409 
97.80355510488121 -72.3028824015872 16.043835516937648 40.242587932102595 66.29792466596442 61.236018289537526 -31.200156990973866 19.7634944334645 81.75796640810199 86.67369519412603 53.78117002937256 -3.4861179785659715 54.36330275450584 85.96286869349575 -64.54975232394085 
94.21711013711297 -95.1742395997407 38.09739932062578 -26.74474610970688 -9.121697461141508 -55.223760292054536 72.04522721400483 -98.79062626698945 14.128694696642555 51.60307759939727 72.48378396330901 -25.217336257599342 12.697986210414555 50.56247476200011 77.52550951442117 
