-64.81695229290034 37.33322686215976 -35.0537488884616 41.890314387514195 -8.888458691320068 83.20690826456337 58.829595677545655 31.949659829296024 -20.867878045126105 -41.307260676549795 24.25904716923921 51.405914349224645 85.00454250781996 -85.404384276807 -94.81241466233101 
3.273896664227081 75.18111668954185 -67.37532796616557 63.139306443731016 -58.26648758534188 -18.968800482186452 -59.65581265482138 -74.5142140326214 88.6714531352244 -82.86834725717851 -15.837460652725525 -17.637089094624443 91.62000718413987 -18.68408393415831 -40.97133240843422 
69.7622959641595 83.19709347205173 82.46191404843987 -50.897643305197946 15.5131303121494 34.17420937958585 -75.31085748491388 -79.34391655408793 43.346263810869516 -23.027431587676844 15.996405860718909 -93.46104700889461 30.61074798444548 -65.94716856941454 14.407092974440332 
-10.436767588323065 67.28792667554978 71.28411310909271 43.95149653166078 56.21071931463757 -38.77201727626005 82.95516299995606 54.3949650916843 14.771057317381448 -71.86468236613649 -59.36058349259792 30.549106364189697 -46.899413525732726 -23.513157425608128 89.1793064176143 
67.91322235277275 -91.13738743182881 48.65379423269803 11.26181609700518 -66.90902417010315 75.34982844147146 -87.44390851999773 42.66168832608483 48.161581688447654 -92.87008917145761 93.28580726203015 79.78983066704333 80.68164825992673 -75.46853056462601 -96.45890449206642 
29.077092563534364 17.67501387334211 25.647828357875426 -38.4845300326931 -35.00612351509031 16.24620071483413 -28.41085889805852 67.1601963819545 -80.17271764872258 88.51135471767873 78.43364062156405 99.86648363878817 -23.258912031081053 -48.385660131397735 -31.747259164308872 
-65.09964554424675 87.83597107306409 -36.00461900134589 74.51629945916864 85.26572796731611 97.39756416696878 13.104164735436072 42.19991513798638 -95.82251183607728 64.4042420885381 -24.28390559055562 -27.557156132843218 -7.987188348013532 55.982622789976375 -87.40238884416915 
-84.46574503703108 -66.94348702654139 2.127541152147046 -44.4586422552747 55.12841155697703 -65.02118186128673 81.03053691554797 99.6219261503202 83.16306405265871 13.384234585963966 -90.83852027436556 6.910830266070846 31.318904159507923 -27.762516049244553 10.041320955263828 
-91.25319937529872 99.60550043529443 -75.02581269711118 -42.59321016167914 12.545737017566523 -69.65820164734806 37.963110418999804 -82.5085118195968 -60.21471435716295 31.337226839410846 -68.63561292562125 59.56868566500441 -9.308841558402463 -84.05500872897377 -68.22020842114293 
-24.57922069969267 -19.42937256998512 -8.376578109349992 81.14557183954216 -89.84181004599535 -85.38304692550173 23.455813983517743 74.34051658219488 5.234646859408869 45.56055191824461 -27.046076333490007 -68.81879659410022 75.99343473335344 56.60787819278298 -56.70465541919416 
34.1441352804346 -5.343132914944121 58.934539109525986 12.988097375595743 -40.72860595753778 17.43290944069615 35.973770177069184 22.790314440749057 -53.85503059864875 -13.245099522506095 56.53917577818416 90.48182477295882 -6.530260659798799 83.70264671526743 74.77319422108096 
-29.099049511888822 37.24829021081928 25.576136608014693 -52.920607356326535 17.436940646186486 73.8591614845445 74.02868784692805 -74.94284751310383 -1.0546907819537097 -60.09847891076421 -42.969474412468834 -74.15501566917276 77.19643150533545 37.30528290926239 -58.269362351248375 
3.8837953437922437 -69.97104369798106 97.50457173026427 -25.811919016695526 48.76647495693521 68.5560434731971 41.008566891761575 -20.833108155664107 -54.78710917053671 -66.07133280836052 98.99323627510202 -67.17163688167373 -67.17371898842231 54.97923859790464 -19.97903419055953 
25.829692753418882 -93.80053422144319 -83.53321399759255 -49.22198667272157 58.75932016832323 -10.840602067482791 -49.20252171804975 13.742315022132829 -75.0680570073224 59.70556130705063 61.207954670585565 74.24214378902113 43.43866267411079 57.77990342103044 87.70092032470123 
48.0170818962587 -41.78231532016454 75.91162073782365 9.690611136162232 -9.517349619331597 -37.59718742919751 94.88688441086984 37.35799386574149 54.00965109258081 64.95256176172526 46.230379722178924 -73.98926327587243 64.91520111736224 88.9524963708464 -94.94359991972463 
30.899122077203202 37.088305197183416 -8.119387380367556 -75.78048496587971 30.366273958231005 95.14079240543433 92.51489047438227 19.58686812291255 23.972370921481527 -27.456491958940063 22.242166868687562 -78.73003683288637 66.07942396561256 73.23921355067375 78.54225009971759 
1.7793298292259294 -53.48370565589076 -42.26109368828163 -86.4860581598559 65.27226894915614 85.54846015537427 -54.719897673549326 -71.63525041821303 21.62636314278849 -93.93028896977214 -20.54957553122243 71.00648939558397 55.02197962968714 69.719985088132 -36.43426155994507 
-33.31543858198623 33.195581322891144 58.3868152510137 38.54895894933193 -87.06499926768434 -90.15025443779547 16.421711627642438 -15.420582243064047 88.4715940104735 26.041231369345084 -1.8264970011858281 6.456041545490137 -61.911315026535995 11.946934816798873 62.503536983846374 
-22.964036346929404 25.71384077983305 -41.4240130159171 37.6689085121119 66.6367080472715 71.09466298720636 37.70871823512064 20.104999325687118 -85.61534987814497 77.48424931352994 -18.908962489093327 97.01863563373237 91.46386993928573 -76.8928858238928 -9.51310905110634 
3.29581061204604 -5.936274801510308 -84.36794953132913 24.458920944695976 -74.60309347180329 -95.95384314950914 63.85110371530055 -70.37434110918979 72.27129593038711 -80.40631225916573 96.1009779603495 -49.01135172139912 91.78585493362732 -79.20878915051654 66.00573268526207 
-43.72424114639486 19.74269392377896 -8.044889027405972 -11.451577578963963 -74.53006749267396 43.165785484789325 45.8756498408641 -37.148177359562 1.1908249836968707 15.837918919295689 62.42180664478997 26.22661972556118 -9.03358320530208 66.58101836096822 -23.652380382387832 
82.87709826695917 -85.67986066463274 2.80997043420939 68.7729383080395 -25.08440337980396 -6.175474193638138 33.81846294999576 82.16919139643608 -50.60766466658788 -93.95340570633212 90.08226731077963 -90.08445182513694 82.93504865631141 6.2688677090472 54.67872292725153 
-69.71587145181992 -33.01674527806324 15.934862541648641 21.950221876833623 37.256757242377375 -2.820255298265323 19.719802509952444 83.44576943845894 39.58003182462542 2.7926248065661525 50.683354228354204 -90.9029713165676 12.503485539022051 -19.545541928432584 -18.823736362903887 
-75.30415324447702 -29.278756111747796 -83.05628417588274 79.57421453002814 56.88479606183569 -19.19070516936354 68.615572376284 -59.3897906799975 90.88398898682959 68.66176207184975 -25.53556451788863 46.24149844130275 45.406712085891115 68.65283274686209 39.69330211519707 
43.84751945861805 -89.65746690266232 -4.456097921800023 -24.48605911117221 -93.17061129705337 -59.159532374042925 76.50396491732363 87.51915623198869 16.45803343465026 -41.78233200790766 -33.74518411722238 78.99551894777733 98.2045041479476 -39.65826577693123 55.87701331071648 
56.02998459119769 38.50572872351171 -95.07032647227976 -99.63905737859295 -97.76437730390224 7.0323063033816595 23.829832130412697 24.593199234058446 -50.3920711204048 89.5285241016229 28.865523878277145 53.971236658147774 -32.18130412747786 21.501013254356778 32.431083615114744 
-26.27644677745873 -2.222987062618188 -7.806993559324596 13.602850896692445 -0.6797269763701053 39.396163199950706 13.232759086881956 -46.942735981896355 11.392807970354738 -85.28020192014509 -45.78302920487063 85.59457083993698 98.56124955257371 -85.25171914435552 -16.28792610649674 
32.59146522574093 99.64088279508906 53.94233383144177 -28.561892050619917 56.27717564674876 -38.58901352755375 -34.54711138180244 36.30317429582445 -82.27673189479425 -26.91104777186017 91.36142524550363 32.51528017529242 39.54276109235329 -69.49267050082643 -44.28874129616971 
-77.25416026751495 62.06101730426974 92.61606214205253 55.972472419009705 -23.229927718584904 -10.612576733365415 49.95916946935023 -65.26394927502176 84.17035184484897 -59.7659177189169 -41.075618131506154 45.30724088875783 49.069748309050055 51.740042776672624 -97.04835046682119 
-47.94922417980456 -29.774263456043414 -87.36849925063864 -47.546279699833896 -41.5492654445825 74.20161911640994 -17.71254031305112 33.11732130135806 -56.34037584230855 -67.50980674201105 12.654410266842817 -36.40157541906277 -97.21396415378992 -83.87258056482831 -8.209048736052011 
7.071396897852168 -81.42954040346751 -42.80246420540508 -9.591856094051536 -21.83459866732771 -49.17083147443666 -63.07093552718579 49.889173210428 11.760247007332424 99.17027269026201 24.33583208794208 -45.22550403424466 -11.676599067118403 -35.84100397224368 77.63275706686721 
-95.47026045991099 -13.113863747012047 75.02831213070309 72.48433146392165 -42.955238371748926 75.66979572231162 -61.121693262137896 -25.622557503050487 -85.86669197755994 79.92089312187613 -1.777596269480867 92.94480869812622 81.16155608698011 82.77609940003998 -39.4882237958107 
-31.945757503650853 -24.641821869384614 -21.407179478086036 -16.13678149801305 14.55935656801823 80.53707345491179 97.80740318912265 98.47418433451534 42.90337408328941 90.71339885521664 -43.513217576730234 88.63614349671172 -12.334920128625782 52.54904453554582 -74.02099798201935 
58.09705263238615 -80.20559012177912 38.79709000742818 15.92137657026899 -75.1970232596895 11.519281772935045 -50.40622980397447 -99.34500088803556 -21.511594031359763 -37.10224951260439 -78.5432441798215 -23.03006253517171 76.88507558977363 -3.388101570773827 -7.0512306501892255 
63.87861709687621 -54.79989235993781 -45.18590829680822 81.06355246585846 37.16885953628656 94.5028511899283 67.87604584979181 59.588322101547874 47.08842936044482 -21.774909038126196 -85.95376316759015 -32.55237434095059 61.28392515138728 -79.90606870658878 80.30442689725834 
-9.570340938404698 48.465192289825495 60.59744158072914 76.28199023038681 -16.544840779641163 95.51545344525559 66.02245541618112 -46.16452503391382 48.52487519439623 -18.077196581662207 77.0570937112106 -81.7228848471535 30.731563639325515 32.980419384840445 -77.08509699405602 
-23.580095562819665 -92.03669735932196 -95.02497729639212 32.0745382506596 -21.783369570985272 -92.8208905414293 71.84526339853434 27.090715400900294 82.44430145008602 39.364719346452546 -72.38079098580408 -19.912078326778342 61.98883301456965 -7.646529856612432 31.881395731000055 
71.67443608432177 68.67084429228532 74.6444002242504 -19.088312980401895 59.07728495134489 3.1974147956586876 16.037791147303196 -1.1176236775472148 31.15258292656847 -83.84021994445148 71.94706255807074 -10.211120776902732 37.07236966582232 -0.13210614304321666 -36.46982528083584 
-44.40990333212 63.58334164430897 32.746239431351285 20.09468935586898 -75.24494086625957 -30.783350218377592 99.40864304561416 66.69630035481532 1.822965765837779 6.59406531304721 -2.364344007514859 98.36821009076809 -44.26133179317577 59.61790056252977 -32.06855085296854 
-48.340315724439066 -0.8348985452631723 83.37798182095577 -85.36920698377064 -65.45999388241975 66.87383354418694 92.62632582460782 81.46782890658051 99.27523568672859 -8.3708043006188 99.83588760833845 -79.78824496808174 38.90108461460272 -41.4888958543169 67.04241410588409 
-59.63569612686299 -55.619876742502214 -55.406018648620446 23.973201785705697 1.6434903078673528 -29.427895143241017 -24.677242039177088 -25.502597897691544 55.81841444561516 27.722791875341883 99.87465596918366 98.79557832516585 1.7378929378214991 43.14113364069439 -95.68156168725498 
18.072027460023605 66.48543282778635 17.528438028736133 22.12582812841933 76.78730135906142 24.72359184480119 64.53600235009785 24.896659622475255 79.82847431010543 17.82438302313922 -69.42755109115288 -68.6912143253118 -49.44534235511544 -75.41088584172792 65.49777305350258 
52.227943498202535 -89.98920609030262 34.049376423677984 -50.851689314151805 33.88181735655681 87.69370872184871 -14.211367669358737 57.78624529964259 -37.929715490922014 -79.08807979274826 21.99462155133554 -29.25233275501506 -92.52580217062751 -5.423095718366255 -83.47438274572625 
-62.95888105052874 -43.424809123562945 -9.274418034745537 18.13409971807583 64.73854835349653 -43.34587195493087 49.16471643845668 8.064059740314832 -43.01145358869714 41.18316309013599 -43.639156803972945 11.621057177222212 95.3306272361869 -35.564565176211914 69.5676998804939 
8.64058688438989 68.60721418825301 35.62320290984357 61.65705224297005 29.803041779911922 -79.00327224709386 -17.766611312122322 -26.12154488345449 18.425040559039573 18.357881823250864 -68.93639594314817 43.78313829140251 58.234501573034976 -75.6930667693026 -33.09144419873968 
-3.1481359530461077 23.739550036089852 64.50089935838551 -14.03854619132619 -10.746139686777383 86.83050056447703 -8.810574009290221 63.054879587883505 -84.01776296271608 73.01298380721798 -79.62032539604684 15.91830839075459 68.56647881866911 -5.189662885708785 55.29214851566749 
68.37302056376356 22.054315003023902 -5.305382835471022 99.23498590260454 -87.95053976677671 82.99349627706655 -31.976510360275185 56.867658617520846 -61.665742900591745 77.38579801351227 -97.44422370168093 26.977411763463692 24.756488112746467 -58.93121094336051 64.86145524145354 
91.25469617412548 -61.12837262209225 37.46464316625483 -35.63992718098888 78.9152412249681 97.78079113049571 36.50567735296045 -67.47191149832764 88.05012639678066 50.305417686087964 -45.264598652138474 2.2362374151151982 -12.183476204735015 82.49820720235212 -34.510815081088936 
-70.03648077201412 -96.85009119595122 3.1564117021347897 -14.414774577759815 -21.573794761263727 13.346702014574802 91.15613938295033 -1.9676756528264434 32.51451457976884 -61.31661388331404 57.83386141629384 -1.7962872643099104 -53.23135334587399 81.75219526660982 58.800490687742524 
51.01610250605552 -8.971794077187184 85.62868430368121 -60.03113346459665 15.762046431475227 -21.82007149200824 76.88448979853996 74.8968253499836 35.24559828754468 -97.44881402753265 -76.3285337479569 -91.03584901746953 -59.68446118649637 37.359011339925615 84.58230801056794 
19.121254650514146 -10.685868102804392 28.820517122647914 24.09462731607681 -66.71995385745895 27.602131051846072 87.38891468103108 63.22849481084921 -66.45687498382043 75.45361231427378 -94.6446379149834 20.71369640239449 -18.55619304342595 63.205179766186035 5.363682131423417 
76.8858794739171 40.17547503579726 57.76506121821404 -94.62326667511611 55.117839749782235 54.798375055864454 91.79074085345223 98.1797958731639 -68.23436232011821 74.90788962264031 0.05325285931492374 -69.5930173817869 59.21296227260285 13.19456781512585 3.599175773218292 
16.758443795451 83.78309860766015 -28.303228022773013 52.65635172365009 81.79930088672606 -17.881817710890687 -95.3143328255852 64.90027605820495 91.1338689841314 -52.14236185372163 -58.14951600032998 -62.212293898988634 -57.7766079322807 -37.378486447571404 -32.22629828767525 
28.786258777314657 -54.92674648948908 -62.21088437179727 -69.19716378799447 93.58135818178178 24.94760533094005 -89.55387011418449 91.7710707687302 -99.85914442568016 -15.531072033696574 9.269937789075684 93.92118918633318 -7.1704771106868606 -33.326118366274244 80.85999988259977 
83.67541272256352 5.1238956776172415 -61.087197703821495 27.66444154320415 -99.14785837998461 70.65565684330693 -67.87197337023974 -67.79368071238454 84.7981032861565 46.608687822411184 6.076811392719833 87.30337170569305 68.34087010563661 -71.61775625367217 -33.98303438355832 
36.73802328522913 17.044910312900868 9.432180483848526 -76.62963771190579 69.10130939470335 -70.26407874646587 -89.89744332568013 51.156178043707314 -43.95366434194414 -38.69724272499919 -62.47480347438747 10.686388032103338 -52.995014794818964 -55.57962332495663 8.935796614367291 
72.31899457453287 -60.014364876681924 -94.11908819030737 -67.62577357490417 28.89319978719564 24.886768165991512 -38.26171541361838 -20.55539395528821 81.71505592250918 -36.33322831363481 -18.778916287750988 -57.05605736076698 41.085227359651014 -49.63774132313621 91.71192845924244 
69.87351872916648 23.249423395369732 84.96569551202222 -62.632573500733436 -58.07178841857215 -79.09773752520394 89.66338824701657 -57.3951771346481 77.59328650148868 -69.35957939844587 -22.925366669578878 16.375947932802177 -20.048344278531644 -97.7251285427136 94.67423913984675 
-28.84813923014913 -56.78867342073421 -76.26242298545442 -75.29733517179463 -9.716881931918664 5.428316270024624 18.05104023997346 -98.74731993618566 -11.271945726390697 30.85122789660295 -91.63736304100787 32.028390993237736 78.2715245166826 31.73177412939313 -51.34020726751211 
72.9315547566512 -39.7933733325772 54.10562447268177 67.30569824990232 -92.81436144108848 -88.96708685726213 56.059075119621326 -2.6870743530031547 95.88571852786993 -65.99641972401938 90.80844908660782 10.51208329544491 -29.221047651346765 36.83503245387999 -29.790013547591172 
-56.33241558119515 -2.083858559354937 -92.86586830237957 -56.063137730055516 82.04567477092922 -9.91671912081118 -90.40132956882252 -5.785166450610447 -54.26467357946218 -27.568711547987306 -88.26800864071056 81.32429716589525 36.571399940575645 -63.12083531203492 90.33245820162904 
-35.204300020919234 -22.93934604999444 11.105168230888879 -88.7336775919218 42.604973521963586 -20.59714735927554 39.83772356427312 83.37931949887007 -84.38440826778822 -15.383108884026498 80.11049516150598 -95.60772848185475 -1.1289698761088687 -22.987546093793583 99.93855873044902 
0.5519443461514442 -28.949155395295207 -86.79413676095267 83.9746233024004 -70.93430024123498 -77.0157464392852 -15.944495715985795 -41.619848843976555 -57.61997980212952 90.77824255121837 84.02679769060444 73.10916090601432 -6.625705287401672 -97.04394355166389 -89.03260834445172 
-20.138639822678073 -79.72611520536712 -55.9090458624351 -78.01224614048911 74.76044247320596 -73.81263033469274 38.88333025921767 93.43456886796278 -29.076890284397578 19.91057559281586 -33.15938776635214 91.60859796695803 -29.628453084885493 -67.65730236855458 77.25803340319618 
-31.91360442842577 -67.90269766225832 -26.466016616097576 -39.65548720047196 -47.06564173976086 -81.49435052252846 75.9466442597959 48.998028601437596 -39.40380483359487 -71.92491073923695 15.137632456503994 -18.141683628502633 -26.352126551707883 71.30911804827713 -50.18542504593413 
74.51953481945645 -48.01865998677628 92.68641259041738 -3.1965916894686615 45.42592560895983 -3.588618198040635 62.79558408378392 10.925430032989809 54.08001123569238 -31.327039446633194 88.98143482373243 15.370050922774098 38.728594700038514 -56.91078500313469 -24.037221925113798 
45.4346121628507 47.07693380797738 -1.4841935768774732 55.293795574044736 55.534214229836266 69.82884521499545 86.67725633264834 -15.477507542715955 -2.217129472973795 -1.3112883999525167 -40.705328379486325 -88.66964170929286 -26.527764301259893 43.69104061293882 -53.784477527320654 
-25.433801503586167 -4.10704702749058 86.32524035018429 95.82711279911192 -17.23850839334338 -41.31881773888648 57.99630397944722 92.86521950037167 -14.70474364203804 7.277516173158375 -80.15621154554097 -42.33874085538272 -57.01821703410446 -76.10465082034771 65.35381024251654 
5.698449077006202 99.17749710532811 -85.09797896374694 -61.39619012966244 38.30011441270969 70.24976739004472 5.868681867700772 -3.746514308790495 25.839159703309505 84.55002971572455 -26.8682402753536 -78.43326718027973 -88.47788709406028 9.655132557314786 -2.9111177616731396 
61.0130232207961 -63.21898724994763 87.08032837209271 -18.332353278359818 -10.081913176623189 74.54713402434533 51.51104405230001 58.88346340980769 -34.82921371932038 -69.53098959339061 -97.06766353963891 7.046324188256563 3.890117145528322 78.60189667957499 44.19276380493335 
0.11492709768123177 -82.26615047367054 71.38026204054358 -6.747546878769597 83.43948741008103 -24.111744365065206 -60.803308256085884 -39.468321240245395 -87.87269810055976 45.02916802797304 -84.41826460107227 28.813467008337824 19.503002528734314 -61.54842984473547 -97.069682219356 
-23.382303768881044 -35.9704996338359 7.137879524165356 39.98991584740338 27.358267340385154 50.7902027109476 68.4344389743292 10.88102528300341 -8.247558527073977 8.797731972704455 17.2337945997223 12.835957056467635 24.21160744408195 -88.05804970791098 -74.67949732049928 
-7.397193587076558 -41.33558141707985 -66.69275331108395 -98.8520503693923 62.550954495082294 -26.142448350014405 -64.8494345289852 -67.42422775388926 -25.411911999649448 18.236248966237795 -32.615118231627264 -60.49280523561031 -24.193420754652536 -71.55232694047771 -84.0394261304469 
-11.310168744313003 63.05326396193186 42.38090591604421 -20.53344402492192 -2.08116744708893 -61.73018890850914 -57.750016633560165 84.51260055679316 -79.07936925174938 39.1792802948101 39.66842820398182 82.2045324884945 -31.62780180992972 4.288025607065578 24.66553215719567 
28.410410274500634 99.27463962807747 17.547793311965805 -87.53603113192527 73.56057275580528 -41.011692180999646 89.66134876649755 -64.25574680790875 -18.194394964363852 -3.874206845323471 -50.5556394607654 65.80485920658617 44.38266936492957 53.93114593351024 75.37035261366009 
7.939685254775213 -15.505478659190501 90.82355850488014 5.286089453428872 27.768609768565682 -35.652733878669125 59.14391829540688 -8.89388077460302 4.956418495785627 86.85735288496596 -48.255779649194054 60.06471566599788 -82.10948788298123 -23.930026315942655 -4.45353045120811 
22.722084885218678 -85.00703136869367 11.591351447748991 64.00825026541469 96.16444743718029 1.5423510142420014 39.20607646992852 -50.44588227770419 -56.093533760118966 38.66622258215321 -37.66985693595657 8.194687323015188 -28.307176631699036 97.61692518199078 6.015524564436902 
56.12466670194917 -69.22747537160765 -60.233610947960294 -79.75009432040237 23.224497038822918 66.09439715332101 -25.695806823926844 76.05800100390948 -68.72698412072253 26.591134227023815 -41.89128637684687 -61.11886994427223 68.58408212494533 34.634995786201245 -13.382016017707812 
63.629298546048915 -38.7815695813573 84.84227147778927 80.95537309487716 87.7070752233382 85.3992920581527 38.722313381771556 -42.730147838681006 -35.631167611877544 -74.7556052478413 -76.24814915674847 -12.658727445857366 -99.31626702353074 -21.537768793849438 88.79898575248308 
-28.930937760099425 8.319089860097534 -53.3454500613427 -65.34015056961533 -52.72494379127946 -72.0707691180972 87.43319931259478 57.12318894715324 84.48750226675449 -55.11644298280254 44.934378681491864 16.056051347085415 -71.17130289630515 -15.18884069352336 -40.9365226939004 
-26.34676511348715 34.50274615400838 48.06819563717363 85.5791010966133 52.927397413036175 97.78643750603868 -22.09557209943904 -12.66265542534282 -1.0985974505166212 -63.47504256832806 -0.8092270077069088 36.77594737532084 12.443931959063349 -1.8712334070581988 96.4834839122808 
34.88259304607962 -88.29800279766013 96.066526241872 -56.31475190435251 -51.000124526176016 -45.142279676139594 -24.81614606147768 84.51257832351874 0.259668783103578 92.74434821407914 25.03339304372693 77.77721489475087 -6.64590232422762 9.084333917465443 -68.29902669066597 
-94.31354946824469 60.945873693299546 -34.18315817633241 -97.7963167006229 -53.58132061407355 -96.39718641267694 -15.159495346383878 -23.199635484241398 -21.754800357932353 79.6409596567324 34.3096513177218 80.12658086651547 -93.48350399340637 -9.885610488937814 98.14282495018816 
-65.77125087270363 -91.95004173331861 35.20796195050232 60.09326435169916 -9.354331180391526 5.603549504458229 -71.55679212170294 83.6219097888906 -65.92486268202424 -10.433178868655247 80.49588944457903 30.813333029233547 -97.37853085203724 41.869430873884 80.06416156597581 
94.22563562385156 87.43958680445934 84.85923658485368 -41.454431002947146 -36.40995482113132 -14.114949219771901 -23.979991970929788 25.67928193067584 -58.705996042616285 93.46554591180086 49.16126147704426 -66.54479678947158 -0.5207007058463375 54.93210736542696 25.896208441132515 
25.150670062022385 -60.9164391376501 -1.3389771247673394 24.334361864596033 19.976170914713904 -72.54708616847536 -5.270036858673265 -20.771160279901466 -33.955385048429875 21.371309320587997 -62.25863953433193 -50.64643864459168 89.37558580720102 -72.5426691829152 47.401172976199405 
38.05823793287172 47.64616897224013 90.08959245742878 -57.98705255833427 -88.28975116969322 -43.936699262888034 -79.02956915792441 -76.1049406936126 36.76866890989939 -10.389043614592808 13.439056009903581 -14.063690773926226 33.10550230512368 94.1648867335202 45.71166288755333 
13.466318762571944 -8.079925053583352 29.508999627424885 -65.24839651991519 17.82833423720615 -41.20999619055041 -80.41580541854161 -90.41524551267494 27.751529813896653 39.84953634792947 15.19938782220072 14.27899711959013 48.333751258553605 60.80477812298946 80.08358862473341 
-56.165347200302016 85.18993145318598 -28.900870218029155 41.55834959353365 19.915988098702698 -96.51559127821821 -63.64813484777909 89.4229285404081 33.08266060938229 -70.29962753693684 90.16407047825635 -59.95632694234667 13.853103514036235 2.7938309056390693 -67.82566589451918 
14.67503672707251 14.734413733872586 52.037050310940145 68.84427129158624 -98.87065687300871 67.3635338539562 -47.039054757816515 77.61445761560202 -65.12201624596227 -95.5285232059079 56.53886547770844 28.721456577577186 19.413402443094952 -75.17457254422213 -11.70665009119729 
-17.180549985653727 64.68285353298316 25.419623161487223 78.98154626275752 49.92457698063171 49.23213886098594 -35.083150974879416 27.295738780326914 -62.90799983564745 -5.384110868167639 2.0972273771302525 -55.20335708205537 30.03876717264788 -12.177733679592535 24.327990828885618 
25.057825830004532 68.00083466288908 -4.608584529811608 5.434119127342086 20.94977231356647 96.78285666598995 14.835555036783248 -59.92385345259284 23.975829132664472 51.472486136764815 90.18872263358566 85.84344140119626 18.28373697487835 30.075869190721136 -5.894849272896764 
56.52830159785191 -92.77944145578843 45.57877303345907 15.923523144172307 -95.78631387366265 -14.955552955565594 -53.05768112224531 -22.562895052882354 -5.164984886301369 43.291575101232354 18.145400958474227 -22.830507299830245 -91.16415778163068 -87.49664511488491 66.28504925376518 
23.0548695080183 -35.56482335668805 -96.88487660532563 5.863187144370087 44.94975627981259 -25.573778569709987 12.006332998446823 80.74925943576875 83.4213562368812 -25.983613220988317 -86.68421385280689 2.8950421816455076 16.31097033612501 90.26644754307688 62.637054173985234 
89.27929176649704 -10.288395008013367 21.710033950728587 -70.39581266967025 -83.05098673826427 -20.35390474563603 -10.677712354879574 -43.33478081194237 -94.41737127084113 -92.25104307292902 -43.38516910872945 -89.0504233694919 -49.67032969313387 88.9818912458311 -53.725781921129865 
12.800388477213971 14.190187212429933 -18.196043499492347 95.3244345519617 -53.620887296180996 -0.6052080627458878 16.278386371199232 60.536629010191234 -55.998632192927914 -38.34975315206288 -24.128865882905885 -76.31229272105207 62.603483365928014 46.66428409759206 68.37036105176011 
92.95784313228287 -83.24991301681945 88.77390187782777 59.633566046952836 22.953645837699213 -27.246403558873 69.94466492592196 64.33525828399692 4.297030045884156 -41.30330050580022 32.71858779514923 -30.627364482654087 99.7684781918401 -48.661000975891476 -48.47932931165164 
66.09857332570749 22.36300277557052 43.08328853838984 -0.8969080250106316 57.533406795558136 63.57441300794767 38.97092776051042 68.60732765834155 13.907589249521052 -44.54805968901363 45.6744428434063 32.30645774125287 42.58719389626512 -51.664994466772974 33.1844992789471 
48.81225151129519 10.873072594094737 -64.67281780861302 -99.58524614580702 -55.45512403722914 74.19550711093862 -0.4174484630272417 -77.72715549475001 -24.390966251556208 31.381004733992484 -43.78809793721863 31.241854575790626 -53.78940979664335 -72.75897349310259 25.12295011234447 
44.034390036136614 3.52186085725144 -27.717032635257752 -32.222145556501786 -95.10392097743674 -48.15130490597623 28.25863807142872 66.43690597245907 -38.51348189338051 37.62767100792158 -2.124940501524094 -82.19348714304355 -2.086067533765984 48.03044224393486 4.428691292130168 
-8.701921261394133 -2.9080462888756244 -56.810030226860576 47.26107089056816 -82.99334869726715 -50.88567271290507 65.98889852850763 -27.90693887214357 -57.938137220838385 43.27986960087665 11.989653989949161 6.419666329711802 -58.76185422886719 70.81103832665062 69.22639691460105 
-4.460286561133302 72.13678676092294 89.16450201897479 21.234645059370095 -58.71652425451306 3.5401378731395567 -19.363624766078203 -52.46395724872998 96.8994646334591 91.20730941258518 -45.07289785139448 61.28259495950067 21.74014841716192 -49.63888169338377 51.657164959307494 
-29.438433946190898 7.3124183233742315 -10.476598783316788 77.45959714415395 22.3977964509112 -77.51536980676516 -0.39251346894479866 59.53567337707145 -37.08028792242261 9.440082228250517 -29.399610899583124 -60.319047073157336 5.995064831370954 -28.49756779804457 -22.75572438190696 
93.76960455214817 -35.1140598077352 11.62192270301506 73.40068553023326 -72.96827541832715 -43.37195404788501 14.22970081480932 -42.48920515303249 85.16409936334338 37.55950040320329 56.50740201832116 -67.37129375987551 -61.53095384581373 -76.18146697017237 30.222857933642757 
17.08515338448055 55.66745399582405 42.06511546373062 89.75543457801615 -25.15277180397581 76.4611731554611 -19.929620540078588 43.32132621158988 11.859551038025074 -85.85856784079051 -12.3581075600556 29.75199258307225 -46.53499064172579 75.08007760699954 10.375189644019287 
-25.33508636986852 -88.70178542968534 -79.97035989800628 -33.09713523783226 75.09182235474387 -17.43310260028788 2.567429183980323 46.73099144208808 3.099485071359325 93.28575780066356 -62.29250037401104 -1.2931672111764527 -65.74644409308414 78.51832587552053 52.77880600323047 
85.84756654168535 -74.71772520002801 95.18609248984308 20.588793800831652 93.63677233959714 -78.49136404096626 22.166380957670967 -76.12239097832554 44.2602999685476 -59.74753793695689 84.50619262111869 25.95273977590604 -80.51097073991366 95.49075052349454 -92.0320469846183 
-3.693395300723651 37.70890463919841 54.81434186989779 -12.853809452444892 -32.57543009930957 -5.462512219738329 49.631791875458305 12.867620295596922 72.47144882815985 53.65494684157079 46.569387038990214 -87.37016520097177 -21.70002415558028 40.53011585104525 98.29923049679573 
12.592140571960627 -72.24058535553453 -75.0339121141031 52.30817818008671 -42.36148754878233 16.901848782634104 -95.78792126216298 -69.33351925715947 -73.69409434727876 -95.96302954735711 98.01034462399872 26.025900883622157 -52.33684212675072 -16.94363211367302 -53.3203846422128 
52.121935980988866 52.99855614648203 8.462366703205731 -51.134591426320576 97.48662857440866 49.131995500892344 -68.73601390488881 45.91162795184681 -8.11180713510879 99.30112704060318 7.388838847885921 -5.503779630135597 76.54845479058906 94.18336882379526 -4.418706554590486 
-19.459658375996966 -47.98469929135525 -83.69353054962636 -0.21356013830633458 10.924816528679955 -63.95955151621613 80.59786508513557 75.86004345747443 -29.84605477449867 65.89194105103343 -3.5939913286458847 98.33244428365342 -66.92984296202695 3.942685164837272 73.61109446844571 
-18.292254200611453 75.80737103226932 -45.59150092887272 34.18549646419862 -38.08607451602477 -45.79410263325945 -58.87962549978629 94.73982027034717 54.15813940845209 18.44831984877355 95.77686175255471 -97.9138235451833 -1.1870575457181332 98.68890514424635 55.64051177032775 
27.397647241403718 80.46823638779236 41.314628624980344 10.610366935960684 9.1268741015557 -89.20616233712242 -19.303794811308066 10.030461516293784 -73.17959311568667 98.45187630326294 -67.13213597671611 47.42322387881933 -89.4093497041015 -28.065497023160077 -59.06476057718169 
-71.0641164294562 -46.29661588801552 -20.271845801402193 46.39323872588278 -20.395311454242744 -55.89284947610875 46.51646938672391 -70.26205631419064 -62.017328972254624 -79.45977448672454 10.871033901870192 -65.99009835616278 -79.16292485574148 39.5337154447148 83.74763265781445 
-72.42569574647084 -49.3700223407856 65.94043540257425 -56.510861567822744 93.99686485117408 -77.4921263073191 96.13288445765318 34.576605462846345 48.28082726509709 96.94997904193801 -55.63217570310843 20.255027941014433 7.293811113281379 -4.166284017163392 -25.959848261230306 
95.8039054067059 -37.28558591760142 -88.19924089766387 -23.43382391962514 77.70909271283705 -78.0490458265991 43.664858893071425 24.873178731885375 90.63505300064628 44.22623300392485 25.57897039916368 -22.045028174322525 -78.74851701752452 20.561358677515912 85.74408091079252 
97.61781125595667 -60.15880924844459 8.956997029752827 -9.294647060614182 4.9997496532585615 -34.96080455601154 13.566435965332161 98.15828106148408 -9.781279958367634 85.37122261260609 -19.42171881884869 96.03428342445343 -86.53557095617512 -70.86064227765327 47.82207833812413 
76.39730714840437 -47.77177060815889 -36.25245571640943 -73.99068272447028 88.15213214920007 -37.799604710030565 19.711689571948128 -3.9072155464463236 -43.46832492251098 47.43289564777413 -26.003212669611784 8.849427017726043 1.624276705805073 37.07207180254434 30.540351529465624 
-70.07108481580121 0.2975667662216779 5.50130388445875 -34.265103567867115 -11.835755844647892 26.865827590372987 -69.31064438672814 12.835248287704985 -66.94528380519526 49.825013642229635 -74.51007879904066 54.28136028320395 57.38150037595071 40.58997316627642 -98.07373150216023 
79.57462421502996 16.089649290432988 61.475822264961636 40.74939521649654 17.391554349937493 -65.93012576442987 -91.0492752592573 -72.43334050073393 19.265829595407354 31.356098084116752 -13.231546837453578 81.73040592363901 -69.72772737240733 -17.308244964655344 23.659320709172647 
33.10662158000278 -39.81618557395179 14.518850079212811 20.96405264538012 46.662954717473724 61.76857919270029 25.2959639347943 -72.3529336616059 -5.7700492176415 -82.77325354363711 18.10851354086806 37.128391169888715 -41.18377270170663 49.844490743811775 66.75597526017967 
66.31989247900401 -9.806584703929701 84.26995312439965 42.7812338064962 35.59653165276504 87.43261423740788 78.52483824386226 70.65047280044712 -1.0782977417563018 -62.306646903947225 -83.27028799847535 -68.32543174990711 -24.0666977565604 -64.86287421548772 -26.2282080126013 
75.56037610464924 17.742372899741426 -82.6822682803171 65.13007748204257 -95.14045873525652 11.753165728433686 -69.86128587381097 0.21768623211384863 68.0071221809493 31.94611621184808 58.781256760899936 -2.611597146338184 38.53917496897864 71.83024746420946 17.625378387167487 
-41.957646279226005 -4.325505046278238 -28.332315395840382 -86.66760747702153 -47.008888331863716 -55.78791690698341 56.87164157122507 97.47876478807922 87.92428396770435 79.82345476375929 -46.635185645275754 67.41987346555561 52.99327108221382 -38.45083842345538 -49.17484362394444 
-4.243952403177815 6.017536672952389 -47.74285765619404 14.109492125135901 2.300330832593289 77.4050660906864 3.8248676441693874 -83.29879033457466 6.6067179955444 -27.794631432620463 71.65831293967281 -21.25211087955367 -92.93859752143756 26.77838869358007 -79.22356707522474 
8.778756788342989 -52.135007450923496 -24.89332668503603 4.222266528019119 -48.293452946156144 -87.73396111891141 85.75340127177105 -6.342546255389593 -11.443252217396946 -45.58118753691809 48.017279027695935 41.66931000748701 -98.86982183122552 49.52444949809387 70.34026314736442 
68.96218357053306 94.84404736361273 89.31030907236425 10.106950856750174 8.993629706611728 -22.851421880492254 -94.32700080234291 10.005858707244911 -83.22351112149616 99.6596269198917 11.77086772314297 -2.0135271402171924 10.15551513577961 -20.022837462177193 -27.143602207983065 
-5.75975124178423 -12.209480177321907 -23.062335905114878 -11.909822328048207 11.468204217671385 -45.06652679189931 -85.50106480272999 8.822241857094298 -31.491456116110086 -5.8164553771576095 46.57628921597495 -49.38844451960911 -55.968818612685745 16.704163546138574 -55.44079857896771 
64.66494981529911 -80.06622284528859 -86.45745836561503 83.02251419295504 -31.151837308249554 2.775327006910274 66.16380183008104 -53.212305448722084 29.158436238988827 -93.09983604680431 -70.7610151796229 -32.01581712915409 -63.27518096712603 -89.02180836085496 87.15312347928895 
39.82555773306862 0.26413009035644563 -69.34309135397525 -54.70185221099892 -59.05369486205607 -26.534889157065876 41.211233543581045 -69.0055129033847 -6.816517656404457 9.71790797113276 2.9282961726253802 -47.17378406877815 11.926332488915222 -69.06520985185594 -36.636027256917814 
67.7815071898163 59.34808920035624 -56.71469252647332 1.6382347437616147 46.32121618559876 30.969550930860777 -49.83649542314268 11.472001581241258 80.41203536882412 -14.181241766917438 83.26226383185488 68.91013564946434 16.949185110964677 41.515368485484885 78.94762547453985 
-44.07260552083483 -73.22536282890226 -7.111131266672771 72.59819681219057 -7.855597443053242 -67.34674968174443 7.083519801504508 34.27990875801029 -82.32183761900205 -85.88199459889832 -14.583600030881371 -31.919945537136 -73.04847786376816 -81.18605777270433 -55.54309136595661 
-65.50773978956863 -48.58328157082627 -32.12942653939548 78.28454244200177 -60.52633419887674 -4.346545640707248 10.740151046256074 -71.96917246868529 84.20890068177167 35.72504609954845 -83.10879794102027 93.94351441528246 -54.50675835526515 90.78062219278368 -69.15887835999817 
84.11137443821178 58.44036790616593 63.91102720860681 -74.16855010145626 31.772569205274237 8.359507391451132 -1.5854146573661296 -42.86165285194008 -97.64175024149094 36.198735259717694 -12.486660197070762 63.57194226841514 -92.0901935927916 0.6101910397580639 -98.55673492161674 
-99.99226738659242 81.17209389255274 -95.40146698707719 -9.607490705623547 85.37069108234928 -7.671368649954104 -77.67126807510338 -45.17044299722905 -91.21321377876117 -40.66583829330419 -83.93218993905982 55.713901515844185 55.91494080477369 69.87467397911465 56.48637395960668 
-78.9623277262234 85.52178910807751 -87.25375361589998 -45.13759227989351 -46.62898139724696 42.69163102895743 66.69125653689355 27.682186592337743 -25.481811397552477 40.81631335510792 -80.96955495703796 -7.050590277285835 95.89743804685384 16.805771693473233 -44.79145289922495 
85.19239704519833 -50.965188440020896 35.73734582892109 -46.39919769895575 65.95428477199522 70.19355509858804 -45.241514468144864 27.86764670046979 85.42431875446937 -89.25712667803221 67.25460103193078 -97.82797033142177 -61.643791509172964 68.672488319866 -58.431629893167745 
44.04058945942043 -73.72180367649707 75.0494948230585 -42.91842162146917 -99.66277258619498 -99.65124905741398 74.21606213779819 -78.88324011844905 14.063788856543937 -53.43913184325848 -81.64387127123732 16.96985643923267 50.82364790178033 -39.12034798169968 57.84245759136152 
-4.136966573356602 -70.20378259358655 -45.65389134494331 18.552283536354295 8.294572818879047 84.46420431407034 -96.33371278877709 -97.04455916632844 96.20123009903253 -98.65918398395857 -11.376673732412755 -31.142663608067252 -58.580190092594584 -87.09782130340813 55.11133836797325 
26.55883345939756 -84.52838331112342 -58.35411110627147 -70.28555793833658 22.373153596984423 -66.58329224882888 30.709999443371032 -55.495104743460246 42.93498744804097 -24.187893920927067 4.980326805368122 56.040320870401985 79.36457441240731 87.71412341263266 70.08473753976088 
55.208287036308036 24.135670278078393 78.21873970437284 -49.81830145250421 77.4996189388063 64.4442044912405 -86.43508147048942 -50.47348376163197 60.24851579111504 -19.115065556931924 -70.81696273068958 -2.973240561604328 -46.85167956226803 -41.561185622898655 14.59693163505267 
-31.140783003401936 -25.761840101808502 27.44340906530573 -25.00639863256164 -12.346157218593092 91.33329742962846 89.87114254761326 -74.40785102960228 72.60435207581313 -28.429910186257842 30.87748285026106 48.2554702776267 -76.57225042664658 71.06209400696821 98.30648104781943 
-10.065802818153543 -69.48243071518736 -26.563708934947925 -73.76290202557871 79.19452415201172 96.42548855185504 45.52913462301342 -35.372743075898214 -68.23332223516054 89.62829366862883 15.668720266850173 80.0489972818715 -73.85928943342537 21.874496607275688 21.327876582555533 
-78.19196172938572 -93.69841127555554 -79.67175159994682 97.39879733602962 -80.06182381876704 43.056184390223024 88.44460603392844 92.87478774610031 -75.77187617117488 -67.53256955855002 81.81420829460225 59.186927633414854 59.45561137490873 -55.99092907261139 -75.88511506969016 
-29.15832984686672 -99.34960177464467 -32.626461061188564 14.998050657054478 60.42474731783932 16.25874441323802 44.8070039736686 96.53917603301403 98.35073360643477 -4.202338279859902 -82.18210571050244 77.14917711681832 88.13217793807647 5.034148319867086 -56.29114681118879 
-82.65927515988076 -13.694776177879973 15.032002412055164 60.05242274398694 -83.9115625099414 -57.48576089693036 87.12283479606961 -60.20222342447084 52.52199102719547 62.02542788285069 89.51972698175149 -97.29132489908731 -25.23993199251116 -32.81657816747348 -75.43616464459511 
-49.71207186245701 -86.51995051240311 -65.48616081690734 57.53154309475886 -21.509273879378355 -88.75342492947253 28.93830011724313 78.98572799685988 5.470242984479185 -57.052936919048626 47.82225989829868 44.4485477598036 99.65458962743358 -2.007147120415283 79.63949403059229 
32.335629098953035 22.88508450603146 -48.32353647595347 66.83037987458908 16.724380303097462 32.996653217990826 18.73623619904663 -31.858457303032964 9.378612942118679 -93.23519058595629 -96.45676237045444 -14.95138880517031 -70.19860307663174 53.0700842270538 -17.025078728169035 
-93.23551139230821 84.65636295187252 28.363425829073293 76.08908209025802 56.139464798293176 4.978540834383864 33.45458312182677 -39.48624819933746 -82.93987249041372 -92.40092296854074 -28.354192418740467 -20.02871449122057 67.3990136085788 -28.546443159323715 -90.60320599124232 
-61.18843563583744 -2.732187849829444 17.011371840327286 93.4242313626236 46.83638857030553 29.83134534991254 -14.109545862241418 19.940803604869743 -37.17366476015347 -89.1140128312229 87.00335294380122 15.464490232691475 44.08221714970796 -0.8547348462007989 -68.33783921621679 
55.73091908607398 -86.28425491143541 93.98990862043641 -36.46395923744565 26.297985054778806 17.919541395346243 -0.5906415887857861 -41.89402217622187 -9.520462248475297 1.468740262588014 -84.77056855999415 -86.00203604463654 50.75704026083278 28.132444518927883 -16.005780021698925 
-83.1196564565047 -81.97400610685095 -81.16438421203141 -96.31534326177326 -26.1635262673868 -24.988605252612047 72.95300390145556 96.51290626235877 48.02978481438561 -16.82171242998578 29.11073471603723 -57.576032528696516 61.835531059460976 43.75422563411223 29.923193963475512 
-76.55525981707258 41.562420537138905 28.726140181165846 -79.58286894041584 -33.85034796586777 70.14648672122615 -3.6532433387831844 -80.7405477378784 -58.98580090544978 51.90376897745824 -33.7502990876563 -23.730687538962698 53.000551484438944 2.3206537677791914 72.38146406935536 
-21.475705763719688 -36.94731649264131 21.453215750263112 -65.03423429516313 72.40640088836398 -71.26674312062761 -60.68710646810924 -30.18335428951653 -77.46366602651239 25.09453512184166 88.61466501901276 16.26315378351771 69.14546874223873 -35.37823905956057 32.5651194611562 
-42.88057570662678 86.42890662524707 91.91184764162628 -6.944468372636379 93.7134176535516 -95.76239622125775 67.84709424528609 98.03214754977952 31.755697040960598 -78.13060290994088 -7.011932097690618 94.93233073495665 -10.129908091871826 70.76211102163109 26.786226497932958 
-12.756486100764008 42.66458439134476 -99.3707644479874 36.0476907264225 68.93197518788256 80.8352916651701 -87.6116121168139 -66.44296555262713 -85.81841728877285 -64.74437960118203 -57.48802713104435 29.972595994778573 84.72802096216472 77.97045786369787 12.848364349073279 
3.2618918897616282 -33.50965932570611 -47.1391454945886 -48.606535298482314 -62.54542498708182 5.586279218698678 62.201519738292035 -98.13187731626999 66.39144216719271 -72.92688230444418 28.402860983197797 8.209848119601475 97.00012274279587 65.20373828113478 -7.532338910968633 
-16.033928645984744 -96.02994744886107 -49.50740432120855 -83.52797115423925 -79.26004290310442 -49.82005912376981 42.6364870059065 91.54239706479743 -9.840378419197208 -43.94201880720943 1.617817551232406 97.74540338944311 42.125297013031314 77.89738121556627 3.6960899005867134 
29.291331829479645 -1.6891611513555347 14.461369556932894 -52.109280271421696 -77.38153771183838 70.5190972840596 9.717295586941049 30.684365893920983 9.531828733488794 -70.46481729408751 88.33196451183636 49.97005790088443 -64.52746282453437 42.27047135818606 40.37212265600297 
83.71252511463052 34.1524864662934 78.32382816223 1.753203930347837 -3.583440833773224 47.098840634011 42.37463763400285 -52.23586220211636 -13.828587375990026 76.11340663635542 -44.83860752326932 -31.93142529344439 -65.29033137620598 48.28706128333312 84.09648545268632 
-64.9412240022025 -41.448966923113375 30.093940133435638 -51.1480058501421 24.626319772794304 13.10207164422323 55.508510332558814 99.57801323757818 -89.4767059157432 64.63778018755221 -98.18798025514657 93.19248665245863 97.95192027206974 -9.567121953640068 -26.01769726685322 
92.19987853690529 50.98635599111631 -21.15813256264319 28.88723242981277 62.91223481036741 -49.98020708774589 -91.90182444239021 59.125520899814035 19.056938521423277 70.05095832389605 -18.81644497451998 40.01214647157255 -19.46892135104956 10.17659707718208 -48.51493997021237 
-38.40544330165314 -79.9287224476968 -79.18727109468443 86.66027920830706 38.05146886885461 20.798008235208613 -84.40611695589222 -74.69753674574898 97.47175616902851 -54.92811994008071 -86.11104584485254 33.37219293149187 58.708015853546414 -35.55799999729274 59.475424008373324 
-41.2596150691457 18.537757387781568 -46.149385051490135 48.009016603660086 66.9469704667573 -0.8604903964904764 37.001642018470875 87.03212441531358 -57.54805032867327 64.08079197016977 87.76638392724385 -97.02707547575562 5.594863336110748 60.45855871849221 -34.60980723641234 
-49.89411083233251 -55.04501738889367 -71.9786009954029 90.99688901286157 -23.45377160579072 -46.2790927772818 1.6030980960072299 85.63816982379115 26.895005610855577 -58.55874105881165 -92.78342151211338 24.9070618824788 71.64487187931002 -42.053761736606845 -56.582296788293405 
56.42241298191277 -27.261258694357224 0.1030159765737011 -98.33210384189472 -40.97907546310922 -3.1956732915413113 34.252321168948015 -10.714662890445425 38.52541199302186 -56.765676754907204 91.48259000916471 -33.57855803501883 -34.51885797806109 -45.454192463219265 47.67698940519202 
45.07912903523683 -62.780468036034605 -88.44362816034585 81.20670263696132 -62.035779016437 -22.502121258703923 -44.422097663002866 -99.46371358501351 8.51832179043275 78.52131344992716 -62.233282259586616 -92.48587149479302 -28.83487413349299 73.03580675446665 -50.203477580266934 
94.21851489993597 -58.33498088866704 -84.49633420714187 -15.724025974655248 5.747094214926406 16.17353097911436 82.25794790768171 -11.763197219061539 50.987688695323044 20.76224139164637 7.678739108284006 80.8018879296113 -61.80214175483971 -17.128015366040984 -50.971247275972445 
19.083570144179404 -26.46453255056791 -49.36343610181291 -86.7367181419499 18.745670920726226 61.16060408005515 -12.93438725776494 -20.189245401488208 -47.633642757182 -20.247325627127296 -20.04148672452324 52.26717007061001 5.802808894907315 -24.34133956535382 82.76139928438982 
63.76303037053191 -85.28476981158278 -5.535936189154171 0.3077985926081226 83.28056513767237 -72.26207972779605 -67.93645933859159 98.36398141567349 30.713489292546456 79.02153544502954 45.43473749891359 -25.374324518237984 -46.749726249099524 38.741937091395386 18.464302502862324 
71.7819247872232 34.682235949786985 63.170047439064945 -50.04132488751285 1.0759276708336216 -47.530160704913115 -81.52810870434968 39.359591247552714 -59.59959391958609 -47.34384736706731 31.25232759217286 -47.53779609423143 -67.64362163128257 -93.51418059160001 -49.92351246668581 
26.824564804522737 9.91654367346861 68.47616935236127 42.154033411558345 39.45952532066349 -30.085417045052054 70.23177220372517 48.8906869242181 -18.83577016233275 -66.31027521194372 62.20629662341645 93.58615836313862 63.01856229566113 16.225241782176568 -6.03546676829923 
14.916719433830522 -11.314141586542974 62.42267663081074 67.90702248409491 -50.924088641270295 -91.47347950052907 62.394023294101544 16.15044418490416 62.238347126297555 72.78353071077018 34.19150472604406 -85.03879685869155 81.33504788834409 -87.7632403401889 22.841792545985015 
-23.308174315093197 1.3245993248663979 12.970363989122419 62.40640298065546 9.953977450262897 84.13511085126032 -40.6731458227157 54.02636741246886 93.61019131667902 -46.44604189345469 63.90477305786206 20.518206102672295 -78.23604282822805 -50.86461645216001 2.0183429248411784 
16.029069303438433 -99.54835056065927 -52.85337371326182 -41.71418485849592 -43.117225041329355 -75.79088749371354 59.7214207255588 -11.602827602076246 -65.73626000627712 25.354198180104518 -95.34406386152708 79.44340735434719 95.29945150991281 83.85015790060828 99.51117196952242 
64.93434498064414 43.63025840652327 50.10254389867521 -2.8914382313324154 39.945890882114185 -82.94775412445921 3.3003061041893886 55.38633432794336 -79.52869083487025 -88.3481353589433 31.00221456531122 12.20305591347055 -6.30849854651288 -51.54435423626267 36.36943798800519 
72.34510789328513 22.334785168039033 94.22344376805131 -74.69244623128458 87.06747783341802 41.94962309539255 5.30007621097117 50.926540803972244 12.531330226645096 20.28470220019196 15.779610024291514 -57.34406585069072 0.5965369455887242 -88.88464641197407 68.51914357268666 
-63.01454777754489 86.51331147733686 84.38902950256107 -13.610477183064233 90.53545073707352 95.95010634189322 -3.6980495334789225 -54.404947172243865 90.24966948428573 -75.25130270006595 42.794108494706734 67.01791160893663 9.74171988806205 -55.08163014418814 7.723894019569897 
-11.573072663012724 93.47402209084657 -5.685924166027448 3.3771111619620484 -36.00171012744158 -21.318816654171812 60.10164556022232 76.97139981269115 13.626633288308241 61.50754461380836 8.758131460864305 -53.12618089890837 75.6810773879699 69.60322252463607 -99.00989869289272 
60.862372852151 -95.71498466859647 94.66658030888203 -6.210613501306909 69.6717719919198 73.0945612052137 -8.344570444522233 -71.17032968760819 77.7054905210768 -58.327840070874416 -11.607211565946713 24.7889129620948 -62.36997064584959 94.1081841820556 27.165347493037558 
-25.5408200360864 50.5146460740454 -52.08507900623878 -75.83209346334472 65.4582127028714 16.18543408455777 -24.234509196489483 -7.368562408267351 -67.77022249211961 -2.4501251685043144 66.23423857344471 -18.39008260850015 -35.47606354189958 43.43871340949178 24.969929107452884 
-96.28736316113957 -50.825930230261605 99.14247911752011 -57.62939587772491 72.29912346278184 35.8096477859506 -30.413527121623815 -96.19344361118031 1.6748639632289581 51.10672378437374 -28.820564294812144 -71.27419564513949 -6.787135419481331 2.365322195428732 -72.90316018408888 
-94.063480634925 80.12617469693461 57.03840202815678 4.106217447309163 -72.43848027503358 -26.190304846855767 86.9534716058904 72.88551927712291 93.61640836004969 78.31982667562494 16.954918981821336 -37.08792951681266 79.94755700435147 84.99353799880518 -84.41205594972128 
33.89766259892261 -59.326002575924484 86.15499945262266 -19.606039776265078 73.40661845744953 -42.437069080683834 66.26643181860251 83.54648606312162 -81.21719302166201 34.609927225358405 -2.7784271853554827 89.94290822550292 96.776461657684 82.73090559963563 -38.352508713278844 
-73.84618947228927 -82.57916597258068 -89.85078563439832 -24.42421348545976 99.69577333024716 83.152663133213 18.201737818603902 -85.83346312316962 35.38965221489664 -66.26996126835326 -4.846019641033706 20.55177565522743 -47.67788708214616 36.29719796165952 -71.78507018935802 
62.60364723322334 -65.1433624159331 50.72170923919444 -50.90806342667593 6.149318401342214 78.93069905696649 -7.82535192659725 51.687768699773756 -27.841046593822426 20.185374918410943 -89.15240505914723 -71.77057438953373 -71.00129364674872 79.44054930976719 -13.497022590854186 
65.27956093415395 99.00454041830398 -60.33673907686299 39.50135768599105 -50.582898348559404 -47.920542861051516 -95.19472534372949 30.81362943291157 -15.49080391948479 29.673898038385147 21.736769589142924 1.9972094242670266 -23.792692503809405 80.26986311804936 -35.25510833829996 
32.91093677134103 -1.2646554097402571 87.33953208775941 -36.92273517118014 97.29160431653881 46.57778647882728 17.99001927524111 -2.881733686116462 75.89377035607902 -13.131462026302088 21.949238609101002 65.42693387586885 42.705532920336196 -37.696204940602065 60.39090972336453 
41.806078364952924 86.00629606889245 -84.30140526843354 46.267701742052566 82.18950929955798 71.04644096218462 -38.81951015238767 -36.65218828492836 14.408849679759868 58.457661775914005 35.27647360294728 68.5053483537356 -71.65923713660774 -3.0577003671553626 59.62675707878793 
-84.69826844765463 71.3234803066922 -44.12768156387592 -25.765525074330142 -17.174791110108842 -48.64959493882783 23.254051429874536 -27.828190736035225 -91.45260431606559 9.315660376848413 64.54294966778207 -65.45015712612043 -49.33309194735691 -64.44731514120562 55.16943837597657 
18.199305730547536 -28.347040181944124 -16.102537763655462 -32.07973220815856 -94.27172976714438 60.77541970913248 21.070356915664902 69.18564884256858 35.989726307463314 44.76559918976187 22.70631076540512 61.69191303369115 -87.68395611050643 -14.621370604239914 -16.469837852493768 
-83.02260252877306 -58.1229267151282 -73.62444344066353 -12.334165740874582 94.2044669381437 82.52752985498611 97.09515915479685 -55.907531143681325 63.00510897776633 -66.2575965091831 24.905271953043908 31.43354969766216 53.441274983609276 47.57532694356115 -65.91561053052692 
11.969467717589865 -78.42340928413311 46.27993004943315 -5.76759078184692 -96.51005977417167 91.21990879639972 -87.03056592556655 50.6811245050738 95.91096666040397 -9.629906808624725 -37.73976535141297 84.51464603785689 -72.25688722584924 20.80184760901085 46.64455746464577 
12.952375694300699 -5.301623117765672 -97.66656687371874 90.57847889144489 -71.70525420116644 -33.907377748133854 46.794960342473644 31.442789066375326 -72.95250887562088 -37.051156111898734 -8.748244500244923 -66.42860493555456 25.0126561761234 -5.4802389143411006 -58.87633861080814 
-27.832506977680097 -72.5844819550127 -13.158728009623985 -87.68728444830509 53.71319325772063 -32.25565464463767 -27.92226882761784 -16.00724242465934 -39.10035833393635 52.77187471441337 -92.74945001507248 67.9839988519021 43.6954785134007 -75.65393393554436 81.2786233557677 
97.02800250368665 85.51780122915284 46.07023962660182 52.32069081365671 43.55760602008772 65.50753382678886 -43.91482960695492 25.825596060992353 -90.39868713728778 79.60150986679693 -31.835247050079744 19.969416415694695 -98.65706963313418 68.92312460028054 90.49774394924103 
0.33639668533031397 -2.302137665059888 -18.582825057455693 -32.71768460541156 78.85678330145572 -9.351095398405946 13.744197070378732 -55.162049655549026 21.307490476966734 83.55763209583037 -20.364635661010524 27.330616234325248 12.081465407967258 6.360471504367766 -27.838971264945414 
-41.290188281475196 -29.613302859662866 -8.585430285068057 -84.89363446958708 -40.95692444016969 90.12281669588799 -36.664447613119 94.01708851613466 48.670995891378595 -61.467228574703526 76.64260219232617 -79.87737302305386 -64.95138864473171 -18.60128002859274 1.7369941975431828 
54.76037177658333 38.349697313688154 -22.521463226615452 -87.51962896942604 -89.44097016120563 65.30782122053333 -78.63730906858517 -90.85303718201921 29.228758900344786 32.2141820630936 -99.32860628858957 17.93618905665548 -21.863937971283235 48.43624603424843 -75.44159727008213 
-76.89108754836742 -89.2905392876375 -86.13889046677563 -94.71772877610644 67.3708231779863 15.863022076208821 -45.439367262815786 90.22138102241391 -61.34667924760269 63.745726829453446 -77.32634684722872 -29.024990581055278 -76.04630307593439 36.25372113606463 2.1098195944004488 
-10.358296953510077 -81.85501956680376 -79.9804425693491 -5.1448605216887415 -68.3132856827902 94.76291121922941 86.31156269373506 -54.16220803120759 -16.80257802036364 6.951208254839344 -40.96950508159658 21.961384935388324 -82.1221147595976 -30.738116844958114 68.5628248325429 
-99.8224589462202 -91.10355319847896 -5.348082092867102 17.88802391803617 -14.769926188880618 -37.65090151553159 -93.1898467866727 27.91579672447368 -63.95240937446201 -86.14075067858661 3.3478008273488484 89.96949095260979 61.88359805498288 -58.66679470897829 27.287152649236873 
38.81431663995903 35.66123032592586 82.36923168632237 -69.44902954768062 -98.41906076389886 62.08305454369213 -7.676120573156851 -69.52891867547845 -56.96785182085491 44.148349696189655 -86.56150518955994 11.357155826635747 38.591897666212304 72.76788742540089 -51.89688468753126 
-28.23035778480292 62.6704318032381 -89.98800021268542 -82.44658424013977 7.6964136065192434 -91.67331929488523 -30.492861686036576 79.62118570565221 -77.32303747073587 -98.37064382171425 -94.35590660451332 -58.81138440932341 -41.1141076815438 -54.53880004010243 -48.914148457524554 
-98.26427127121498 81.66291278689636 99.18023857076074 -3.7768568925939263 -40.22832622410739 -91.85280707032297 8.641321110745622 40.59240231637841 -31.280963151699282 -91.46163646515728 87.51395986574667 61.81535949581843 34.78066576117175 25.17618271205322 -24.46397452201201 
-83.68834679532951 -38.99167661047274 -29.607877095757445 -38.081632025516285 -82.0707913495165 -50.66449347989928 -69.5340141930215 -12.422607693187032 42.3925259664982 -94.89743063151168 45.419572360863015 -41.62875548646512 99.02744855673302 56.41611307331621 -76.42979136865746 
0.12075389489503152 -24.375715372478354 -3.5309921773887254 -20.433072419867756 63.979048313698 -94.15676618780398 -99.6919509071103 79.99497152813399 5.261955732695881 -96.474642580218 55.87598786784221 1.5960553748886923 -47.27184868350904 93.94702359932467 -48.678662392140495 
-7.614573430430482 -7.977758845749051 92.25987730993387 -93.41357050897159 -8.264851478746621 33.157608872187325 -85.16783769521332 72.6878016766612 82.18696116864129 -16.247472996945604 49.51769943021728 46.80061633013676 40.216841789701334 54.24538787294284 24.77832365837351 
7.255526305274216 -95.66859247363975 -92.97188794641905 -31.12783669554358 -45.35352117459057 48.87262994187179 38.3460266216305 -21.45802036003714 -78.64453764775566 -3.6120269392493327 -67.64608158668 70.27387012466266 85.59818195568229 70.20862821221988 99.23988315631206 
91.86427440708525 -39.78644017819679 -15.823771086604495 87.44180094510457 -51.39487547848589 69.11749693177623 14.532139860891476 -87.50810408716158 -66.59116547213577 24.534883692138138 0.5893298161749669 91.89760906294578 -34.86511987703609 28.648874726296526 -19.444639292355802 
-13.984272695023648 -90.681248353746 -62.59270459257649 67.92101613405808 41.03750014788875 3.682358124149971 21.11770706861678 -71.58162518927051 22.242493037428062 13.282500357972964 -79.60561185633634 -95.0794697326893 -59.382823395660964 -76.56559524694217 42.58304356564557 
-85.17256818352882 7.667713450394828 67.04569628583889 79.33760708642325 -96.92519489690335 -46.01280390804949 71.61772085623056 99.01028556648518 -44.66350496233507 60.830551235411576 27.71526914333107 84.71520618762028 -7.215644617763829 11.17993475041213 -78.81522254265133 
80.50531340444755 -34.86819300780179 -70.31598581078542 12.403206510538041 13.479446839547293 23.30196263867765 94.9768217113897 76.06025435036548 -15.154457320018835 -3.941355616355935 64.1376349878557 70.58564733854996 -78.14161777371868 -15.974475902352907 10.621381111068715 
-69.38144108088953 74.37063420354497 -88.69383517547283 -19.45139641189371 -5.933423917205218 -28.3563336093372 34.69982605345615 49.856698323009596 -61.505597470019715 -77.39344543967808 -98.62146518076757 -61.310760191949434 58.75072930786135 -90.81492586016748 -92.10939913364307 
68.27393508197378 -65.29887115141466 -48.80928948104124 -65.60852617491877 -33.70028080900511 -9.108588983717027 -9.287837994808257 36.02606385516992 98.10443695021925 86.75610474110448 -11.724228795295843 82.85748920307603 -17.957069639012076 -6.269628455739706 -87.21044942191685 
36.628041553284476 0.1336061917783553 83.23221972547046 67.6676404192016 1.9438584873339124 -10.57115365861354 -78.74022618788723 86.5720919825261 18.569533240858348 -56.47636017649567 -26.658207476588785 -43.35575197748116 -11.540964277590078 88.58223077683658 -14.45989653492532 
-38.97148206534451 -57.161118042498636 -23.411911806913082 86.52484938811872 54.92843625606804 -34.48144783502178 -96.12913828058826 -15.574901619923807 -79.59834880857028 65.3422809633783 -39.059046073132485 15.74609376959721 -23.965555735582612 35.51050952895568 96.47239413810794 
-16.928154401009138 6.302372064502421 80.21207337095689 -4.895889570743847 -5.829929973638443 97.9099588445631 -26.15140848721977 -54.54901942479153 -71.57091646021128 -35.98658043340626 -11.094326914402174 5.404471118113747 -93.59323396652319 -91.63212761368003 -31.826462762918823 
-74.81075067720317 51.68309956815577 32.4797674629981 65.78498684590076 -76.35305808998882 -46.386903203828766 99.95183895583739 -11.169520037529352 -7.74909603929386 -81.95472578653155 -11.771588347128969 56.52404730037986 75.03737660779501 -68.56454243794494 -49.909457406933555 
-30.059711259976467 18.133935169208442 85.00303110351643 38.980029943760684 -21.282104033794937 -36.93577660308718 -48.606609607973226 8.62873458349371 -30.780734053152997 -2.148826637832272 -33.8480954336557 -57.17029758092866 38.70000913107603 -35.96111297073281 54.75435014644799 
4.603108380279892 94.68860612481319 -36.67308805498251 -5.603563236489208 -99.74155174176987 0.2391560450652861 52.52482522485931 -62.22900791728014 -26.2290263919015 76.16561618755344 -42.471093227176084 -66.5634811312501 -17.182984481434133 -14.189208507715634 96.44531381918802 
-95.06403336793659 -20.001660492391252 -10.09064601838277 -49.31797000584479 -12.459511282322808 -21.845211926625495 67.77250631183969 27.663293543882588 -24.20335109420273 -16.646499842101022 38.49438601761966 63.2050320100887 33.86289765092852 77.75357335580512 -36.423931022571665 
32.96815589936577 -46.76535035113238 91.78506255642793 66.13260128446433 35.7369935906423 -96.97440892890353 -89.81206276866713 -46.565622757199044 -69.06809015563687 -35.792007630805855 -66.55918044837226 90.99050447134408 -72.27640606665635 85.43004303990392 -27.815448427463153 
24.693986206424555 -20.56939410044349 -17.651441673046193 75.4392863615953 64.99317998277306 73.11971802488415 -87.24655970303297 -31.8223591678598 83.60287965073218 -9.495420970763902 -38.29773100461529 -17.668699965322347 -21.969872978712573 -36.38584464308086 -8.302936455393706 
25.14078081137737 -52.35027040003239 71.57056593478097 -94.78008191137597 76.76432051696699 8.487348785951838 -90.71788773904356 -30.90075628621392 -57.482262554820984 15.79178304609816 66.91524244532735 2.290539700980318 30.47472856965871 21.666082902007176 -53.0856928352837 
-82.46231817011764 -16.687428841633903 -98.36316903076943 35.434215215638176 69.00525723998626 -37.35794775721462 -51.80891394815872 -55.45600621371105 -91.14247628643331 96.73314430739956 95.07636135514471 16.06686149745444 6.852370343018492 64.045703524305 -26.920364742484608 
1.3912033386684044 58.114923512932705 42.313227283716486 -86.8472630218541 63.17547587025322 53.32070777077135 6.756194955618284 27.970057961991543 -40.4841168692434 84.29978336069317 -28.88337967335228 0.35669275070249284 75.94528180874951 -39.88181822232262 -81.9567219936124 
32.748036764099936 -86.08750287902309 29.73161961952323 -60.179646623675545 78.35918122214045 -67.30372296849814 15.224984551148154 -83.30723703257567 -71.55749098910182 81.98569628908879 14.059443255772493 -24.320821246024323 16.716604975778736 62.60008570167423 -13.67274614796736 
-47.939398289090704 19.572749382140174 -30.39050570178945 -0.29591921882834527 67.32930593064782 -78.55742854626679 -99.77922772026618 -95.07350052269648 78.43842641491918 88.75315322907502 94.37164078946648 -21.701199955610548 75.18222194907452 40.21740898250178 48.14163368428581 
38.58220487087593 -16.94652969116737 -69.9259758003481 29.293476880889926 -21.352464747586538 75.33236348698958 -7.0702540847618565 -52.51038697694141 -55.90337764635318 -13.658578272957797 -84.56684235402598 -38.024057377568155 -73.70573899936063 74.6143430686351 8.123886585664636 
40.18711913336327 33.72806343024192 -11.075865624554709 65.89154363907704 -90.31364247376939 -61.80708865079778 -65.3706765043174 84.89438523346723 -71.6783723053505 82.62386036644531 -56.70094092335694 92.37330506358191 -38.186049199465 70.64340532659128 -25.167442152605332 
96.6467474518139 84.14537108669882 90.17944530196539 -6.678375822795928 -85.278546007277 -65.69834438232927 35.173258989923966 45.709314933068214 48.576997059695174 -94.41778719954628 49.235335993437644 -12.725921888901382 -80.23004832335943 -52.83462476539476 68.04679993414322 
-64.84825571069375 -70.93688926540432 91.69663883387358 93.0090292753124 71.09127487446682 47.33884092883645 43.91689388334788 -16.555589797873978 90.41932342942468 6.306799879556294 -3.5772144769899086 75.16053641896261 -26.623584128032604 -38.961120497991345 -8.608138219943086 
89.02465325745175 -96.46170849876303 60.30517900972231 -67.62521203934699 62.15266802157632 -77.00305573182328 -51.07751976145201 73.6958248057633 6.398766071364761 -38.272203854356036 -36.57977498570799 88.88088259165758 -91.63494180854866 24.33137716148653 -33.96012131757659 
33.788773126610835 78.36187368721218 58.068023360127114 75.04938616165242 6.719138123072369 -48.062139695763676 63.42004105847184 -58.873191676668355 31.90963147964345 -70.37659691701039 -60.72044297382158 -29.162073737144524 -87.43281269003288 17.567769890637337 46.885087360474216 
77.66307104044233 -25.90649757037204 -50.199339866355984 18.420747426339943 -33.52730197363192 -14.418614762448215 -79.32993991202775 -96.78423472736557 -74.12851538285159 -94.32534814708606 -71.34982617074574 -51.75176702210822 -13.765095192144202 -64.31081128791044 -28.768961709642184 
-63.15199286564519 60.135088935954144 -35.58052349986154 -5.4925446821327455 46.70788987012864 -15.069022221524904 -51.17451209830048 -12.21078102730391 -85.7329765648046 -18.034335651571084 -48.75151441461523 86.30794848516169 73.68144878631523 22.728623313130413 79.21170774282845 
-51.44481928653346 33.97203319966883 -79.94656587696853 -48.032626943347 65.20848306138745 84.72457758146271 -96.5438124342413 -74.18096489392352 17.668404677163892 -92.57639704083185 -85.63082562828961 -46.35940035674562 32.895342423288156 -93.93273304757197 18.04106900931197 
-64.50634836585124 52.337201238054575 84.60978137252172 9.999242475767673 6.154309855736102 -10.047185753022148 74.45645364912684 -68.91627250129926 10.785313529402615 -41.05380383464345 -11.78209012118809 -67.46254460049161 48.23676683399452 83.5804429854843 37.007536529338296 
71.0160884539905 13.121188863940404 18.52931109502039 -78.79849779988722 58.67954288036813 96.04386131210697 -39.13587192091337 -27.364964938113687 72.49080245644896 -12.779332750921867 36.26286825828052 -16.472106406761668 -26.076360406850327 4.909772062457591 30.28486124122773 
-58.191718859029365 -27.977711018433936 -0.9024203491213996 -44.953601999586134 32.04485404513608 9.709128052301168 99.8498876445752 -43.937649829042094 -18.765767084595268 86.66568917098766 56.15931891393802 96.18347379113902 43.380046697500006 -62.58354770936505 66.28844607651581 
72.84097749540618 90.26010446339575 -18.197124989524994 -58.8102165862866 52.28870338732864 69.24619162814889 6.994282445461366 -75.14329045075064 8.075473765545894 -47.423129762772234 46.502182893336 49.68439118492526 -99.78429873639365 -10.128934177895616 11.205616430126142 
-35.08595388613631 32.503595665100846 71.70950174977736 -67.41607296441543 -10.531609657934652 88.74587802946027 -37.091179663998666 -48.70741848349236 96.39645484730835 68.44415234025234 -8.532934762987864 23.014024336504164 16.045238902357426 65.31942083671188 78.95218819536419 
66.5971213345322 -85.59426653728555 -34.36372026848839 -98.05942080202004 -62.85808594602078 -60.14235840251734 95.33424519524448 -51.909274047293664 28.189939081720468 -4.56679808433411 -49.72562501021891 54.91277909320266 -3.00587034150044 -1.2376038021858449 58.77104826856424 
11.287834783951567 -73.96899783037168 72.85577200839569 -91.68896822461706 -56.95334402390182 -96.07035089599162 -29.123616885542873 86.26322915392623 88.92847740131961 6.6627366895700675 36.606695236751705 1.6467021800244481 47.12051791385417 94.41356010532573 -97.73779861989726 
29.239538039404778 -94.45013492936761 6.394742082382507 71.98947090190737 92.69447628902012 -29.976317466665932 1.1918322093993368 0.42743097123991447 -2.6809779604189714 0.5962814689567324 64.11765903274659 -48.72790094268424 73.82708179590921 -4.561156927636986 -3.071485939185422 
76.61106930748807 86.13724537791839 50.03985054572934 15.189126594610897 -65.73854444390643 -87.17478915294059 77.4497405061187 5.025216778343463 -7.619652645213492 27.73295407046659 -35.26898979449619 13.086205802998663 -90.30884767253147 -2.6299572731370375 -82.68755673610639 
20.22257281387418 -77.65134433316467 10.54361665445252 -51.09723006974314 -7.94059428658116 68.12122232251733 81.00483675374034 52.35820735239082 -66.5193025586384 32.480779106077364 18.205648528680456 94.04392031417038 75.26507535937515 49.73793119291821 87.85312384148736 
-29.614256832009318 15.214437389499011 -58.53758743296105 0.8082868889898691 97.43639000586924 90.23900150105649 40.95418731161743 18.249924847111743 59.50366986651591 41.8551847316713 83.64186298520721 -22.87858491831649 -21.136657411272935 -71.6984071031046 20.479421673074683 
13.852393438672124 13.467679247417735 -8.632364960793694 34.37867744142861 -98.66427854838884 -74.12010884015908 42.210849350146844 -8.338237055353659 -81.09653685027511 -4.802206819611385 -64.59540316184227 -11.204100623826818 -67.13610270117965 1.7765662940594922 6.159190898580036 
-93.09581970323637 -57.372090433785 -40.29752720339048 69.16723932741931 72.74660683179232 80.40233874198032 -50.08811949071617 67.97732471533018 -4.776379425682052 21.14252395893206 -31.825537636928615 -11.266189648380418 39.04049538487146 30.269967725910703 -0.7742068457961722 
-40.520604164339446 45.487346289623105 -51.74121492121655 -72.65269131840306 87.90904587156814 -59.43910716890901 99.60429959716885 -71.22292051859063 -16.666846184827833 82.92472386870259 26.613173138978226 31.13073119702696 -48.20157598847739 33.459043536944336 72.68242553866227 
43.65150909911674 -4.038431326791695 -81.45039547340758 -48.13040523785863 91.56327681695316 -25.744686340795056 -66.85404164079483 40.68972935592748 -14.649535627120542 -39.668062937891314 91.1869157113072 47.133601449460116 -81.09186905505663 35.60476814686356 -65.37401951596408 
38.93699402991541 10.49300516488654 29.088958573378108 -90.15859899457888 -95.2106497898658 30.595894941797894 -22.353751096486093 -92.32680178945057 73.5253821006832 -84.93393328145339 54.8969168242221 43.180347758984965 41.73775274590349 -13.073098506011831 -26.555623585660655 
16.18634303719162 -66.08639770936927 52.290561128280245 -43.680503428583805 -44.57867253702534 -3.203044950614938 41.59119261167021 -3.3734657066159457 -35.34109711383016 65.15816710879224 73.67682674745583 95.6010130693771 42.79830596953042 -5.439184363078837 7.157688884770238 
52.49496363954512 -74.80698171209923 -25.01199687139939 92.28603259471191 78.17945035290333 21.587070363228293 -10.483832411874232 10.873741311389011 65.52223092210485 69.54140453629475 30.916338293456903 14.85459145836694 -45.969652341667164 -30.548824891675807 58.815513566413046 
-11.292779812844358 -63.326499024123265 21.987301518773393 41.889716357783215 39.406253633419226 52.561238180422436 77.68718483772221 93.63755215744038 58.113611652375425 9.449023580874425 -13.148682493120873 -56.31817289661858 -96.1270644870335 -62.67173698400723 -69.20499069335739 
31.964669550584404 87.36387024283084 -22.90803691909285 -14.49875308884296 70.36061970763433 17.141486352278193 65.39559438228142 -44.92139195861802 -80.88886227170191 -64.45227818075182 35.99817305656438 -15.542673757860243 -15.702569075385966 -40.08220527316488 13.703553225677041 
57.69514326484796 -23.611528985025984 -28.40654055146112 3.766866925545841 -38.78250029482966 91.63255114957872 -36.98515524100865 77.13062751313188 -2.1669520512174927 31.55788414441477 0.3043425773016679 57.688485228588775 -54.104609583550456 92.07705518203497 21.521779040318506 
12.820610149736126 32.84132534652841 71.1517002609441 -62.16982883654132 87.32549834418896 -87.0464549893682 54.45262993067246 -42.90398343989881 99.9042729818197 83.88913537357834 -98.20151731912334 98.25888270930756 1.5937440066919208 -57.35153409455489 -22.688859980712152 
83.20716561604624 31.13648601576662 -65.92080543103577 92.0244386741573 -39.22843736349031 36.70524871367496 -46.70425029854188 -86.56399591758812 61.49402045843871 90.47254029508451 87.35017388272951 -48.35296581237603 -4.1437429310376785 32.39703550285503 -77.47521245063447 
78.08793239441701 -29.60395501679818 -59.299847356729174 -31.367755776901035 93.61422559827628 -12.928506423949386 65.93394152327963 7.676208781870358 -48.33892424673702 34.49815682621977 -60.280605121031684 27.738888584917134 67.83704537389389 -79.22927315317281 90.69885149481686 
33.84294767228221 43.184956504154144 64.38354135207422 -46.4562501546929 90.03436382599449 51.45121431074483 84.76219684468654 -29.40811436072464 -71.96780791013839 -9.000528893379595 81.49142373900216 -13.42270465249355 -88.67098130312532 -34.91251018701857 85.35818061305741 
82.28081160749844 -37.10401042346434 46.008191808943934 7.5763061837453165 22.702049161280584 -15.900561953582653 54.84213142620186 -88.48845220799346 -1.3636251831288888 -72.79528084070165 99.39844977349122 -85.66437089632406 19.880089484644145 -27.925391539425945 -6.349417636194431 
90.61166515446916 -3.8645265471003256 -36.36587615663125 -36.18219794591824 63.30570027454999 -75.33001260502454 50.40325145882113 -70.46171429744992 14.263284769423578 -56.19962757564625 30.063225024227734 26.26625360175612 -59.62801415596451 -19.496017750556888 -79.32188795582991 
15.353788805651774 21.98584727957551 57.03285668809016 2.999201386315974 49.87099608232552 -38.79254973242223 -49.0084911129322 90.97584205895132 -62.61779741004181 -84.87843341931875 -11.338883389876614 -6.783692441687933 15.134523847271538 95.84550767595215 -39.33404724691909 
85.39306133969777 -52.47691282782709 77.91260096759552 -63.09956872501257 -19.54996675024509 -0.8474975213221398 -10.997475472807821 9.766244823812258 15.047993406604292 94.8223749799584 61.647521909325405 82.99887486472869 48.19086615283217 28.084825572594383 -23.07936406063078 
-33.01800436468368 13.07449794135313 -16.7430491873844 85.88464097183146 26.03331931390602 4.892877063186418 32.85191663582191 -81.0401911254389 -38.339576484719 -14.716245111189167 88.04478024877957 50.73172733431849 83.89479150800986 76.40895051354954 60.018425038879286 
-93.76722725152969 -91.42006559732366 54.12538758140502 79.16656029673678 45.21986802651759 3.3935805761707343 22.039266297602694 -74.10563762354553 79.16503419226629 35.209231801606876 -99.91002210289004 -69.92706311149067 45.9380595590269 -74.42468081577336 -98.41950647956466 
74.63673968159276 -95.08497852672697 -45.18629067919788 -2.0319406311748622 90.09539755896395 49.672801003148834 -28.903788962060545 33.46913831897248 51.145434602181695 22.08206522502401 -58.88189491677889 31.215715595757388 83.88720922816552 -41.12493437858908 -5.479190373965821 
-99.70890531618937 27.38592478457224 -44.29819255433421 -27.86837123021526 83.44664297474299 -23.575331660621373 -5.12340667446513 -98.58972218034512 50.315068744997404 -54.81337226309692 -70.69847490652833 -43.10062062344029 37.3607931784438 -26.161084552297112 -75.96905792931963 
-87.07726180650289 9.859693868480335 -56.882962373167835 -90.64724127550816 -9.3074685161385 -40.46070659269476 -8.623747580889656 15.748883951958774 -50.20341847312355 -51.109104787577905 85.52262427629063 -56.50569379229176 55.944210862294625 29.350585760744536 -13.972973191665176 
50.29756988968913 -93.06271012921272 -90.2424827720808 59.39003864417609 -63.34737581692269 -0.4300129237040835 -64.9186260190383 53.893670187145574 -76.08185739178697 -51.7284399393128 -73.73565622379377 77.56042995633555 97.51385069420567 -9.403220405000766 60.6156491471728 
16.405366346139274 -66.56510871060868 -57.4892524501907 44.940398702013624 -29.146970611622237 -85.56829195003117 70.80218460776314 -71.6691158857528 -23.679026087972915 -78.0675006963404 77.22337886745154 -25.895465620319086 53.93505375437067 10.658677972428052 -43.87317496905923 
-54.032166169246 71.56511106845954 39.19141081754282 2.463592079321657 -27.984813497576482 5.312307551872493 -29.476518482995175 89.96557116555769 -69.49814076411394 -97.63823879339802 46.708162840738254 -76.39823027327539 45.474025663308055 -40.708173910931265 -19.463677099999927 
3.4669283819795567 47.979145130276436 -22.585245100436552 -55.81586142819588 -4.752315510424495 63.01603638222477 -29.587411181411753 51.866666640451996 -35.81294715440484 70.86329317422505 2.3725407961032943 0.18245429943294766 -13.828623430968008 2.1192141717796886 -55.96318323394327 
-17.550105070859942 -63.84136621266465 30.70131688495951 67.93070357255289 55.420045534019835 34.00271761483842 0.2561583893628807 38.94924492246011 -16.957873295840045 29.78649259718202 -92.9672814198542 -22.297959147838014 75.48296497752006 88.33887077230813 -64.84091656678302 
-20.88071396929689 -78.94527828495492 70.784498735884 7.561856475826815 8.890697508743145 36.74343172661014 10.717047448424893 -47.98944277093544 -64.89625440601506 -34.041384025063536 33.15734942786085 18.107809911182812 -86.18792562201531 -50.96742333192783 1.1114101672773984 
96.52956171164581 -28.275928449031667 -26.45168950060703 -99.56435027204027 79.90329184495187 -73.21693466889357 39.70835860464567 -31.710964167979938 30.11280118798078 0.05296354244359236 -36.625698634312045 -84.0979787142917 -2.859715511562783 -38.50547762498893 -33.290768144365686 
59.661292306670475 19.45613802785627 1.8091055457756653 52.0134922765387 -10.755575598692076 70.31325890630367 76.00424727459696 29.707377904692436 -15.102690089975667 -45.77725199819851 92.94185720002315 -81.93090178350815 -46.09659200045626 35.733116786224116 21.561525082453187 
28.664548274050475 -14.362125569305604 -92.48942255986164 13.20753190683564 -49.800510997799854 -99.27990144490431 28.369395704791856 64.33014373614324 48.42063949564877 82.15713600229509 25.120531590954357 62.98353577614475 0.14969634768138462 19.61245183953386 14.817650628649304 
-30.265467926319545 -14.316114876187086 -5.684052329915133 -40.97390119109991 -13.876915515514355 82.78084227198877 74.33183944219886 76.6741255026102 0.6608123486956572 94.76922187192031 -73.77134398995753 -44.39407765757015 40.94688216476459 -94.52605992565806 -13.476575873448866 
-33.538017216656485 -73.22636998448115 59.721980471415804 91.95747284328078 -32.17579410257798 97.3443467850999 -81.09045927585933 74.85613064961274 75.97203168830836 -78.06456866573663 34.15322885147586 -39.881539532769985 -46.609423342256505 86.79882117019889 -8.886761917446037 
-22.421709141144447 37.291285074065996 -8.890370652181232 -62.55493011382332 78.09112510958533 -55.35343704416984 14.185665811441112 -87.20927260396734 -41.25829325907049 80.54227804797483 -1.8188119417824566 56.555986324574405 17.589725894523255 83.5606865133918 -91.86182181230234 
39.825573332099964 87.11798308538513 -84.77716799748222 -24.058053160777874 -48.49689836233762 -14.325442111086701 42.34791707020014 13.266301972776233 -80.05005861166264 51.2082579097779 -90.99040081301742 -90.08855010423274 -21.238715011655927 -44.4889486475029 2.1686876386079064 
50.74691878754359 34.88451297610615 15.273677795831247 -89.74955398195925 -83.7501635405905 -76.7309311750733 -50.91197380357171 -8.890233824314109 54.98564175239113 -73.66345526646907 50.21131147906908 98.69305273441 64.89871483292754 20.462336570294966 -37.09947766348529 
-74.50956974720857 84.62374678512342 -9.249599866000665 -23.55603677751101 78.01668863276444 94.76951866637117 25.609891471212038 39.48421428261685 99.66586953953296 -70.78440494058881 28.138635196519175 -51.39634139922986 -55.34748043072104 88.28293115991806 44.64393610946132 
60.18306448724411 -52.920379510773216 3.350067991128711 -95.23319611400478 15.430634990300945 26.91611365025733 80.59529334670893 31.683573464165306 92.22450857949232 9.838008622108418 -76.57654175455411 71.68422566474669 5.610186752239883 60.110094828757724 89.82048918109237 
16.29972429076163 -99.42202539152088 -72.14380624720735 -99.93136178445734 52.24841523397913 -1.1710294354100057 34.19948630611654 -89.01563031517827 60.975053907546055 -8.587859833264758 -73.63848873371228 -25.55897745667049 5.76741275412742 -74.40950087030127 3.676659590678753 
-68.6205514695353 8.255640397915045 -14.914257064699427 -4.142317059612282 -73.25887439276727 -50.342947089265365 24.990423167389622 1.0391843580811866 19.826813889802366 -82.79256616133222 43.22263734745928 42.89453512060689 -26.100077425694664 -91.75985848043146 -53.4670637462574 
-84.01659622083342 -80.85255368463768 -71.04831630525743 24.57315380768577 7.9009997223699315 67.87645719961998 62.8389478157639 35.81534338426965 74.42057542508485 -32.59097788983564 -64.14405798535597 20.643560616792428 -50.116046233697695 25.591459747843686 -27.15606315940569 
-18.579414124128135 -15.175176695281323 58.1682915216775 -10.306633695084628 -51.90838464042287 -71.8426713876126 90.02034094031188 -66.57671692620002 87.40896236512518 -34.561734740693126 -79.55176034681246 96.95135531652195 78.78861106791814 -38.99864052263504 62.7244289591745 
78.1046403415171 -51.28310664704525 90.8410395612182 -28.26040027031415 82.13016874081407 91.22751693009587 88.09957086780037 -74.6723062546805 -78.4249688331465 -59.92327989722992 11.029052378767076 51.73015751776063 -7.543521460868433 -50.08584895357331 80.32915682318384 
92.48793952978295 -88.91697762112261 -2.5648750059826853 -53.12667922152028 -86.48322783712763 -27.28696100309169 84.18208613167744 -35.734879693730036 33.937983025533754 92.95641871353598 38.968039949364965 -18.24925931150881 -98.61244347091602 -78.70361716004018 75.96986512784034 
-81.49304938968606 36.846456666249736 24.886215512558294 -33.96576827172973 57.76429322785211 71.69551802560161 -16.1316910314971 -15.0525911276644 50.554374466171964 56.42125267829215 58.075430501554536 72.52424582054138 42.28198064268781 -11.44620055023087 -84.76320318844228 
-48.114342300209145 22.16631543451446 -24.548199602423864 60.41660524922955 -61.047324831813164 -13.071227973900562 -24.251336474768152 -52.08977700177204 70.4589574769268 55.41252641805875 81.3217927822156 -16.786164265673236 -41.64725909525442 66.81665211322482 -61.89694679764308 
29.58491088292888 92.04600356052183 -94.44557742914495 82.84552123663445 -17.17349076623826 55.51395295029383 -71.6997265324683 -58.46165707467623 19.948389134640365 41.28517488154978 -35.8781516825571 -79.61184978368826 -76.7655152105863 48.685098618542725 52.31342399643674 
-13.695781670417787 94.68995290642417 75.55915763683362 66.19692439423827 -46.46335502479282 -50.15537989597221 75.7618393780293 -68.37056751290226 6.298360270456399 -67.85591475163974 40.784857470596904 -59.90420818351616 -12.444742477425933 -76.76450771860624 20.588744861624562 
-50.84910837776688 -44.86753449046954 34.233702010062444 -73.46227436027027 -19.195008456498257 37.33494915537514 -75.39172732750805 -46.92649390828294 -6.585825854768018 -48.889906168495976 98.07055247178613 -80.22160806314696 -3.219899950372863 40.000718062069495 9.6577920028097 
-99.80295633865236 29.942526889227707 18.600524801965193 -64.4545751843913 83.56677643470917 -12.737174930564436 17.880284772933734 -42.34057251561656 95.32830122230365 -88.51144671183859 -12.426514256421697 -17.587878312690492 -49.35549947937583 -66.1459521108773 37.74789034637226 
