-15.236739309523074 20.262047847363277 -50.758929727566304 -38.99954752296184 -32.26204132625932 -51.76874179732789 9.48115332337764 -2.553395921072152 23.189499039349457 20.083906971700642 54.863460899199055 -91.16567986914498 68.27032766173332 96.6869144742252 -51.614732229364016 
79.53276324896055 -10.797447468935871 97.62134333568542 -34.83332509530112 -47.31107630797666 -94.58034910989961 16.42945002523342 58.409631265645345 -32.07472301055789 -87.56366734180912 -62.299273499192175 3.1874199990885614 4.633108542538665 -12.2888348631989 40.48121682322929 
-83.03243962827192 -2.7488027528889063 50.41245975875722 -91.85769342468775 43.55346340684281 9.282238012928318 -49.22487162748781 70.18914644580065 55.29460894161062 91.52879169593263 20.493555450371744 32.5315890129298 -16.37224232063342 51.22134099971737 96.52414220516539 
57.53350937571915 58.52439233703211 -76.64637002431883 -41.364899528577425 -94.82575919616964 -52.02956951175943 6.579793700102272 -95.46682706748906 -22.284789450994097 -62.86541531228096 40.55899855619603 -60.76953817054758 -67.23918245596764 -64.6274571538888 -92.13012118824007 
80.1434135358873 -33.52189362607811 62.17081282713494 -52.02407631154911 -98.12268575249652 -41.984600712213016 -5.788515349597745 16.28496738708924 53.875404727150766 -26.219296184799504 -44.4319825104835 -96.28715923987328 -19.566449162995482 11.434821945417937 97.87937508949435 
54.695069325081846 41.33752886345218 74.14802345472705 -97.10023362781743 -59.35990551502057 -4.557092438796317 68.23945751915099 -65.73061001454968 51.537864297478166 -62.361501125939455 -19.86583590517445 90.04486375163296 63.41207204169328 54.497524060602984 -90.46567252780198 
-23.202353822862506 85.19091664946149 78.39492374965351 -12.528437600447802 -65.05617009583855 83.1993851644599 -81.16357217553389 -91.58280403940088 43.23936276252377 -55.62732698714547 -94.99178810706725 -74.16304747250419 25.47150386066184 1.4098232957688026 -86.53372686831591 
60.986792028439226 45.50496683152471 50.049001607655725 -87.23968916918999 49.11323368214525 94.15625519924859 -7.078741676575049 -36.13553223092718 36.7529590944884 39.49375165143738 -65.03303015952804 -40.24198698911749 32.20122163372491 42.9778868856414 90.59568916769481 
74.0942913158421 -68.3579834404805 -90.5645705243955 -93.623357701793 46.31234514327778 19.66835531104752 55.446761284585875 56.009310872856446 4.029516930417714 -97.70055379597258 37.16723742711983 10.975860981190394 -33.052452018438586 -83.21346696154453 80.17622171404173 
-81.63084889192862 19.428139657496473 -87.95720765392379 46.76440243505698 79.71686715960035 -69.30679294764548 -2.294523323746489 79.96042534016942 62.782739782052175 -2.58199554166643 -60.31254199520322 -6.494522322493296 -82.82876668480894 -47.93636528095724 59.096933753500764 
3.7733847485734486 -25.388768546110967 -91.1646981214141 -88.39830574042999 -3.856494837758916 -28.62599761940521 21.728737164154353 -55.68354582858986 87.87963381749276 81.34476474954178 29.025024726094017 -48.345612150295935 26.561246191734995 -50.505683683732585 28.431065912962595 
13.947640147888649 44.98415247967378 -77.86707876188139 73.57770419248715 -75.97462991564832 -20.765055032380772 -77.418187107354 -37.2269358323585 -23.131798647873964 -88.0277747632821 44.416008322738634 30.13949541300437 -62.61833425057102 -59.03412676883131 68.10207937290093 
74.29928060478287 -68.30902214699348 -7.73310124115261 -37.7202135823014 38.872582080288 -92.8360478920193 63.986447071444445 1.2214051531036745 36.22736897054517 26.42651757505554 86.6051932310688 -67.38134539141726 30.472867657069855 -82.90056936556307 -1.4682020431384473 
76.02167443992028 -20.719524477277588 91.26592949253401 -13.230586539134649 -53.371053899901376 71.96347982828516 -58.90474846889513 -12.31794139762026 12.922247749503583 -76.74839905477131 -47.65834164554386 -0.07540413460334605 34.803501843921254 -3.471891931457975 -81.79447714942232 
31.23219622283719 38.52512173164985 -56.684223890194964 -34.64987453072483 55.860458457412534 -52.201115226988094 67.74707940216632 8.806389346864194 -42.10278076664604 -33.93544620399132 -80.13803642463898 56.28604923088133 -92.69228246727512 43.771090616700945 37.67603426974878 
61.2673971969765 0.8891071736345708 80.88769202278306 3.1130465890694836 19.43552543912719 -8.397946215113777 -2.012883512506008 13.309702955016704 6.70328158454214 -45.266882646843285 84.87727708569798 -20.47511954990773 59.84787252700559 5.1798672967092045 -8.8105913868378 
-64.19839531971421 72.04951973332317 -95.8945120802946 69.23786288515004 4.218330522176842 64.99897258762658 -92.7177597615863 -47.95154539616397 -41.424025978064826 -78.69618188940004 -58.95905214245509 35.84424179074239 -3.8898358368991524 56.09932802723648 36.564762918171624 
-87.87981753286947 86.03929738972761 78.26311224226961 32.95226926388031 47.40372757513697 -37.6388763135042 -91.86097390910133 25.817119244633787 -25.725908701845498 13.452822191848284 -23.39210957254923 -96.10075693392399 -79.64231567599703 -78.07433527218473 -8.200411948710467 
50.75660284615532 79.86094330737495 97.51893720130192 57.48274601475626 -79.37336604694083 46.74546856312273 23.632185672989607 48.21253532316487 -72.22184034762725 85.06962671422355 -59.75867607610177 42.702401922727006 6.900938542207257 39.5157994419277 -2.851893461053038 
-39.166930630016175 -8.975377007567076 97.72286819003523 -83.36020101495949 -53.818127729631726 -2.8517539763442556 -83.25715130280832 -75.29543346777604 -47.99074452619894 22.79752994383213 -91.4052579209235 -51.13591149587193 -80.73152671389543 -86.8119698357348 -55.14721858013172 
39.17181940826106 72.62347898993286 -40.17040365878566 -56.74047517684975 28.071322797718153 9.263351531293608 -3.612525790635914 -68.66344214289776 -71.22357593611031 54.87864871277688 -68.43104285295402 -57.25851518032057 4.188896731593104 34.09431558966949 -5.843330239052634 
33.430682130953215 -96.7264974341853 88.1583776709439 -87.18709237545772 -8.401376941413233 0.39384982230501464 -95.5239206135248 -86.5849331448745 -75.36910809844468 13.190780066545216 44.73606388311501 -40.91319322086071 -46.77531605658678 -5.341472434203112 -41.74207041861446 
31.833031308282813 3.6131443337178695 24.315731234112434 -83.10370757662746 -33.16978692487464 -20.643072113625436 -56.68878795629093 79.32422388336707 5.622184802546499 42.179577594735036 74.31103967141604 -44.365025343502865 -36.94379820139939 81.5830690343372 1.4736365696212488 
94.79229774925383 81.5906172778457 23.26760160362815 -75.61853246023486 21.04701851537412 14.752231773717256 85.13172268590111 30.39565149403083 -39.405964809655636 99.62440095447644 63.72437501173201 -39.20681303566913 -47.545252760291625 -89.57206298238765 -1.857463489155279 
-63.16588006984685 28.88343758964882 -47.93477151614978 -73.9923051489187 -72.5103943489174 28.909295298261412 98.61326570590293 52.587228758042585 -72.48658414123013 -69.13882073856941 -57.117657289599656 94.85619834822998 52.815966962849444 -34.31878821812437 91.62734377992112 
-12.683003387231267 -33.27048967323678 19.73974905105041 -76.04226210605107 -71.40495427997533 -51.690860535921935 -74.67401753227117 42.648843368200176 73.21121745299169 49.25412281722322 -93.33173470725748 16.603112842664075 81.67212410236596 23.632031742749632 -25.24465686863533 
0.5113845944064224 -73.79762742872217 -48.15306735708273 32.44095099070981 68.58897760933073 14.415054345023037 40.02546112058582 -0.21620499004448845 26.447785591506218 57.317035449550104 57.040255501124165 -28.60520416387331 19.47778392093022 -51.56120052831559 9.623106615921117 
-98.80900931951678 -85.1995748964766 -42.30096973366324 17.074381260153615 -67.44795352515551 -43.67943124535243 -79.26514614132374 -30.71778364961402 45.83647549412632 -79.53408693861789 89.47558944638413 98.03869762013099 -66.7269400477714 37.05001729477709 -72.64916899535707 
-93.38107842923849 -15.853784653435326 -29.717704665514447 72.38607487385511 47.00607334482322 -92.54996599802719 -49.19094806144593 -73.23474438725547 4.363907481512584 11.74451109329111 27.68108132058707 -78.79894611057324 68.93884677031579 -45.453019305389745 82.57186571317047 
64.32911508922328 27.37178254724195 68.77942104329401 0.05800400901027558 -57.53770472133874 -39.81034955353626 93.75704863080117 -66.2812489376033 -24.855202174914723 61.66327860858203 -33.716597822185676 83.77707088380998 76.49801562212852 21.944834418035867 21.689063591628738 
22.131808508335425 -18.767160330685925 97.5141253696689 67.53581845102678 31.84521239755358 40.5786659464236 -98.65203619381239 45.793786165019014 15.478768338020842 -40.614059821439106 -11.629656025360902 -93.39571974646601 22.735430655392122 -42.638405865831785 8.944026278290139 
-56.643798700218674 -59.661613680331314 94.71159484235363 68.49171631045624 28.90587552881351 -76.9437386558927 -72.38268802540475 66.84376155861628 15.575483001003661 -13.113566904529478 98.85504309774947 87.46713579221318 -9.514443717721676 14.832924074261712 -76.7849893658985 
-96.93008607873375 -79.97781712910945 95.76052707544576 99.64959340768502 -23.884878265917592 -97.59208307908057 -87.34667408392912 -1.0862468034446948 82.4429229692065 77.80383282275821 59.66992861137942 -62.489423812859116 -6.253262877374823 -59.78084767624485 1.808858574958336 
73.04056586513286 88.89943393747265 88.61901724688238 96.86354675937025 90.36887780991677 -33.255973702352975 23.01903838573469 -48.91582290859504 17.201831404619668 6.972222229067853 -84.20592047877511 -70.76521116507766 36.517385565757706 86.58765225026042 26.19985339888767 
3.3688595662202374 -81.52986463715648 93.02410293242764 32.536851634853576 40.959630745314485 96.36248890447487 -24.4314218290135 57.17420370882735 -92.65074848466351 89.12971085921521 8.964618051168145 -3.339873663490067 76.68731758128581 71.41804121503134 -91.90567851789963 
44.8630664577922 -25.183151865369922 53.29433041861978 66.06477821860756 41.633074019263915 68.7659022588912 -91.52106099343995 -86.47531068448345 94.83093419869141 55.43429853428822 86.68786525922752 39.62930093181049 -75.0725907983733 3.448329561351599 81.13143132946459 
-88.41411505853047 -28.58734997339532 -68.96149697427963 52.753036305193945 54.20935909104031 62.229570711500116 33.984495911548436 -76.76301762862306 -97.43298988812539 -88.75239579497108 23.24991464380855 78.75931304261186 23.67835823529883 33.022129966146025 71.46567207110854 
-57.3213781008218 55.11391807055037 -56.7620015724337 14.296936932401792 -3.367561696858658 34.9582866366498 13.519543844569341 -29.716610209726227 35.0739300604661 -47.67288644276564 60.8770160720305 -80.72576558617091 -71.08171343764556 -86.38520716021152 56.075241331510455 
74.71744456518721 29.412570921741946 -2.1134394657374713 -12.385643171361437 -45.54900951564602 -92.35543021813672 -20.21422841285569 70.99390371428683 -92.09488598299578 25.533547852387414 64.93362749298086 -86.44330613661597 -99.28625735397756 -68.57144427845586 -81.06343729074598 
-45.62072855984189 60.843445294421485 94.0650938348681 97.3058469427184 -76.46953452417931 -80.91365998851911 70.57647909219367 65.60561223849075 -38.02155611935169 99.32205812547159 83.05136831828014 18.533220873360406 -65.09389129249696 -79.5082498110639 97.90572611121718 
-68.24322438417937 29.23797880177679 94.45002786578684 50.74484971569072 95.34912137354934 -75.47225450887166 -1.513468996369511 -74.98941251758018 -10.497465198926719 -8.443689641968689 89.492374816427 17.42341462765853 7.661063858446468 87.44535818743071 -2.886420469203159 
27.05588852541254 -28.55410642616782 85.40094292191392 -40.139938606838335 32.13568748228178 86.96349090614422 -81.0999407185247 -60.09269799580799 -7.874339156573512 76.79370848214975 56.73811346202592 51.70247826563451 -16.490826692887865 -76.76959480932479 -14.315214271347386 
29.230724206385133 20.40841332099265 -8.78196424273088 51.26657271059622 -25.422756241904935 95.41655334424044 69.31015769422453 98.46052471062455 -31.494288056242766 3.068207208887813 48.29268343555887 -57.18308418109797 -90.85943166533106 72.45369534563903 -16.650215383330718 
-65.29902233855788 87.61378359424751 23.60169659660727 -23.971017985064663 86.0317651827774 -79.44681722577812 36.49112719715052 -57.99014284798582 68.4890802817063 -3.597443551044435 30.15810938530913 -56.8577969704573 75.25687785612007 40.90946036829524 76.7923035064145 
26.730867198415126 -84.32866505681342 30.30326207180906 -16.15951231196759 -69.30858561493434 1.190209361611295 31.545119433146027 -89.77695546396298 80.84453379316861 58.308027101810325 70.79360538994374 39.237685633431795 -17.25393332345655 70.23127835777484 54.23612537421522 
-8.649435385045877 84.1635213386264 -42.869412848765464 -33.554105147120964 -30.659285606094258 -43.000755997091055 -56.69021508412291 -48.734151414436 50.606548880723466 -84.14721579390132 43.26099534009188 83.09502823745018 48.25917808039915 28.75263806888148 -41.26582505579535 
-5.652162276784452 -10.54505038882894 57.72206202459094 74.573631633789 98.00688205944451 -27.00272349906949 99.33246633909235 13.391681902699773 -18.881272356538602 -24.065405319232383 71.56670405418595 66.81843331882854 -40.56072469462817 -4.977616755921076 82.66547485445 
97.61779922390195 -15.182048500008932 86.65628721782147 -77.47875495026372 3.3018390405375584 99.02979362519679 8.161666532426068 -69.8386756277243 -55.01965098575994 40.98280339165754 69.99880071517566 -37.46462712120451 39.07451045985468 47.29970748533853 -92.85600522630513 
-76.73234273227784 -95.60323267564704 -82.46269374712232 -86.70588329462767 89.54665560610366 -95.15336774252519 -9.82888017555365 13.678670532858234 94.13953076643432 -84.03288159036939 -56.81224348183176 -27.319809558619568 83.47280549245772 -96.21829219434204 40.68377539019903 
-40.96088930863746 -83.10834347096731 38.05279353454486 45.73602967316535 -96.608081664677 67.00312891013985 -65.99309756643089 -78.88883967800811 57.72291038403628 0.4159608018877776 27.98688047916646 -89.89565314984151 -24.54981448396147 98.4058101722438 32.874651835720556 
-79.78223387284476 -20.582497101136127 57.639842031922484 32.08763127419289 57.16484740236177 -67.86963936954814 -78.85125416750903 25.72240091588351 -19.906074241765666 -34.444368540005726 -19.063213838637964 86.49451816032706 86.35878242556336 31.613292114488388 80.41237930430009 
-5.151210686209183 -12.118062744904009 -38.25222714007239 -48.41667828576881 -71.37804830312153 -60.1554358867177 -64.20248675908803 63.7315769876526 -48.5667312997147 62.50399681267723 59.66043901551535 -35.38445908730796 38.0121790244327 12.1960570050842 27.217000469571275 
-75.5099850679801 63.4744884926391 -96.13729328255998 -60.66374610190692 -82.1574303159584 29.761971617376133 -26.620249884272724 32.84205979831765 72.45044331680529 -46.03841647008202 -26.350240907679364 68.72582637137282 95.32036147411603 -74.07489105579121 72.35180854871672 
58.68728803759896 96.33100250811194 -21.5063816684262 -44.08873039669432 46.171665247635644 -10.100649465079712 81.51660265464784 66.75554874629762 -98.80310410105946 -70.64976020557314 60.47648980038932 54.905534496793734 53.65984445502713 -34.084027963364605 -40.4480562683099 
35.24765879631431 -40.51131990906962 99.99273619781042 24.855905542294664 75.29661370951598 26.965845990674183 90.0821266325151 -9.752572409680965 99.70912576752804 -54.2292846823286 7.2578066249181035 35.64416980524075 -75.5000802818828 23.37808994334742 25.88694064137907 
-11.752082281330615 -71.46209340400198 -48.57525686638024 61.103755842893236 91.81406383740958 3.8264813684012893 -11.221476381984544 23.26072053345682 30.139750407237955 -50.84912246780186 -12.811134921312558 36.44157602913094 30.109600828626668 -64.33993258735828 -46.22262470102931 
-10.274287266814852 -44.57774806020534 -36.68271091664892 65.7633328068288 88.230978454353 84.7648338542451 72.1466316373126 -28.012132518681156 -19.980646233433504 63.272769252278636 -86.83125167971242 -50.49459590496228 79.68907030802254 35.882921888187894 -43.911519569657706 
83.88622731771449 -42.54356087391646 36.514728502754906 34.295729217603764 -12.672685084513091 66.26562303355422 0.4978075461719982 -87.17770734322522 -22.101749788314137 -77.31790454964285 26.410798994380016 99.07643506490999 86.1207385364039 32.69338953387046 33.39399257572407 
-20.77155829392632 -55.78383222380903 19.5323720398395 51.816123809460095 -38.64755059668536 45.97053232831561 -69.49934147097821 -67.91952105314178 -54.8951277980404 -95.14352340509397 68.79588294197333 74.97155338404784 28.232357811427732 -78.07985196643756 -3.5103855103558033 
3.334351466954402 11.39908971624493 -68.34842051604633 85.76882747037999 -80.98185280324033 -58.97066503906103 97.54766785423746 15.804221685398304 93.32454957044652 -61.666866081218544 -27.781413890580737 96.79071323523488 52.37834073858758 -96.84621661081721 8.231134336622688 
-69.10768203633495 -72.08261745764462 83.0225469772883 -67.35758066176724 -6.6209559236279745 -71.46004006767245 -55.37500534068383 -11.86037530384803 -45.08608926014441 -99.28749315486243 97.48600619796409 51.01687911384752 -4.891886586733875 -44.24816241738212 -94.24825684630586 
-54.72002020811628 68.13341567658685 -98.48043093264873 6.705224915492437 57.48056247303941 37.27255180458704 -79.41876269969953 -99.67056401784235 -92.12948238637237 24.885251129541047 -52.929605122277756 -80.60102635936275 68.05850282903884 -3.850584289801489 30.550095340425827 
-55.611595823129804 -25.012255332489985 -16.25673319809367 -46.71096427908046 -49.78071458928363 85.7033399278098 39.357521496691135 -42.60506474267189 -60.00322779495142 -91.2660766437187 -55.25783904627202 76.25372538429804 -47.86730817119531 -64.96197142189516 82.2894000580824 
5.237953867703979 38.33477619337367 -18.1182668527899 -93.64047906654451 71.50883088340586 -99.01801983952762 -41.518630096895336 16.358805577596883 -58.4166339165636 -40.66167174716422 -73.9763805886192 2.800175933514069 -25.43263143591399 8.744371400408156 42.35697215719895 
56.34598098709793 -96.30365033677887 81.21139542919155 48.47167448502336 -30.235126104910066 -3.3961922426229023 40.93496087700987 -50.12269687358932 -66.53338555841142 85.83718697285406 3.9779418539879856 -23.60772660181692 -98.64201570456667 33.22080931425117 28.13984055190261 
17.061854532685444 97.72196315379716 -99.41164018605295 80.99717505827974 73.46369849262507 -53.934182607137494 -19.82764106019144 55.60111778270996 3.6676777599685977 -39.318994521142024 51.70049001630059 91.56473946026077 -22.62291554138409 15.135814713617336 -1.1016202083555129 
-17.88932715205702 -26.83764276901981 22.330712742922685 11.57836542941007 -91.22448963767962 -45.291185279674664 81.69999696226688 95.54896499126332 -98.95180912418151 47.19224323785471 16.07772647610372 15.068071602416836 19.46125078902176 27.34673971576737 -41.593835030283486 
-39.82834502842032 52.629240572778514 60.086746197629026 -58.41373925320654 17.765733272530753 -73.40498512287112 -81.87836507109398 -99.34876457382371 94.3422025372812 -45.18069092991912 -18.6793328103076 73.61106667525493 -11.144061048270586 -25.449141875118315 -4.69205928986365 
71.52744375323434 -46.61981323297284 56.6072008160684 68.62957231152146 -26.550547813508345 86.66203248983186 22.168751024251463 30.421620602825783 -53.92088133201132 -16.967251809790056 14.669616328229807 -9.616851077330878 99.50277269132397 38.59218544173581 5.015688029304883 
67.07062114194335 -12.960530200295722 -58.76046906052008 -40.57310823513933 71.41132065759365 -64.34162029879995 -69.93423191000159 -49.419204550258435 74.57941905229194 -60.059900662596256 -89.91584887418793 -32.60150277887068 57.3908369827688 28.658704102205633 88.70494534471575 
37.18440873458454 68.93804567532138 31.036879361821633 32.348681004262744 -99.7327589126945 -18.598335290389898 -74.4751740461957 -18.241493070254577 34.43089647340847 -24.968933010004108 24.914706142442043 76.35879421843683 73.6578656311168 99.8094285094624 15.116307457522254 
73.32613389409565 -37.793507711084914 29.864613635427247 4.352873473946815 -3.4916410442570083 -42.66031875443921 -83.95370602731646 60.7160408032222 59.92971988642546 -2.2616552737869 -41.080831599367464 47.01900853357185 -77.77513057829681 76.36336563906889 8.645578830693353 
73.3993484835461 0.10820150461358935 -23.490632190355896 -16.119174550443958 56.31080863737844 -42.06149036040334 -98.55380956702626 -36.23378668486892 82.1454908509842 -88.53132281265815 70.68653094087395 -44.4446095074382 71.48739603585707 -18.69966511203272 15.888972670651484 
10.41612961310095 -15.947424884531998 66.00453393260503 25.162723344858364 61.62070635170187 -71.65929811792601 -49.826146423144465 -24.48357446790861 -56.59840456334888 86.8156432218723 -76.64715481572168 -40.24872942846412 -29.995867609920836 30.810541415038642 1.1173894132248137 
-70.09106533927516 -76.5754671054707 -75.15227503593943 -58.16857700622862 -38.6229775168063 77.19197882586585 -45.04002913666565 93.81713845224132 40.55866462158329 15.867718165184101 16.43445521392188 39.88406642872749 87.75395976671459 -37.058427795819114 22.459112655060082 
-89.98344708205717 19.757093705596347 14.26327237256632 3.8944158546835723 -6.510616224552862 -90.38002445356044 18.991994278142045 -87.9623694013785 -61.69274384098193 85.29018568696617 -41.79112326121022 78.0964154285941 -16.507245378609696 -82.23922508779575 87.43885227301666 
-48.3422686073125 -61.15803828800841 -33.344267994146165 -58.30552835790619 -1.316768112138746 68.55399586774371 -2.544063742750467 -69.90863976701456 49.357756817766244 -26.77589433204261 -42.98520376590631 -77.8554232307535 -73.22072218329541 -64.96126350246176 -7.91906649126031 
-9.720434252455746 -29.117432114025448 -28.333081467022467 -1.6233122292435382 76.02960647353294 -17.18028209919143 -98.79685133213624 83.2507516236465 -6.533048772593816 -37.48198195397996 49.57579106437356 42.858329515407746 6.026907531794691 85.65924187462491 -38.707523784336594 
96.95586051335886 -56.704711974833444 87.03059038254844 88.84887022920068 -59.433795359882716 -76.81472912201019 16.523634874728472 61.50513041618581 51.448482593188714 -63.836884317617844 -83.76893619031142 -52.78219227604208 -64.021294451612 -57.20481712689791 11.18629011123511 
-55.60311557940321 -77.85897757170248 54.60816976188511 -95.33106023680362 -68.75052090361248 92.02140104396835 -57.523876239136726 20.821293458250906 -64.16419583238505 -84.7925840555257 37.65383620675604 22.274775958446227 -55.71753604447318 -4.701751080786039 47.038628352656076 
86.84652205367115 -69.10279399776466 -56.60219636474937 56.522413396016475 -85.3270639415621 -96.7745598530067 -44.42889661112797 -0.024851004352228756 -19.73327308483573 -69.40175291552887 -41.79952436285388 15.558191440749965 85.14460455298206 3.4688144440472968 -6.182664700188866 
-78.02447562644319 64.2081175522857 -49.726483509504284 20.960167389517025 -64.65111621914257 -65.0120977563086 54.020015213684815 87.8857609078174 -43.79723972852094 91.99233256264259 40.832002284254884 4.080167229266252 28.06246029551994 50.90902811153941 92.67997054297803 
-12.582148324640727 -20.574046713335164 -73.6066293727627 -95.47719247004206 -25.076916416323286 -5.633057245829349 35.341639976014505 77.98020909423167 10.319640626890774 18.725820270048004 19.491040406856868 24.378680230256776 -61.180167394021346 -17.444634519847014 92.92960878469506 
-6.054784412351012 -59.27815985580565 73.11619290284534 60.076301557902525 3.9395315954972716 -56.601137701770114 1.925164630244879 2.2863898995771876 -99.0932255935371 92.57441368771774 -0.7325255523435317 -14.05665135145469 -51.31222665389612 89.167019365209 96.28828061447484 
67.84925188567485 6.609811218672775 29.97723806387819 43.8350590209385 90.61191886247937 61.11879136759464 48.45565943966338 -28.329114066454423 39.55590759791377 38.58236221149497 -13.673768248432651 66.44638351988246 -71.64773676441797 43.90544758770824 85.97871766746508 
-58.439838668377256 -5.1246334673994625 70.15944257491327 -55.26747361541404 78.83935930732241 23.983190101427226 -65.24940105872714 98.48030674207965 49.14970200198982 -13.751260231953836 -59.577923476441995 -57.86045062566121 -42.99302643917644 59.70306102211805 -84.56814114670306 
90.87443065428997 43.277252736291246 -88.7850238700114 57.480646191678034 52.27383208160953 81.3022271673938 51.73928911076405 -22.38734188012262 72.30856570403259 -3.874433554778591 74.591023703843 -91.82037198527655 28.117141358047718 62.048428858956214 -16.877405030834552 
6.202889803810493 97.54807295160813 -39.19322524772062 28.961409427255717 -65.19330808736584 93.74799200823296 -1.7105853346589157 -34.3794843484565 85.5328869016486 -90.93309400071068 95.70897617895861 10.094143144775899 49.024136140701756 -42.923525926186734 -39.29666448515441 
-9.03859679006787 -20.593367320518524 45.034717449017876 -40.333028583296326 -3.978896879052158 47.58464035637763 75.36755355978204 74.74346536993005 23.002042333043278 57.24952165969498 -18.992686000129666 -79.31075323257966 -21.81658087300653 2.9981934812991256 -2.3492123339388513 
-87.67690047772703 -18.134811491850968 69.14814767433757 -62.90634502137904 41.199107845348266 31.128156325239615 -84.28018756286393 10.414807841534483 -49.13904069541029 41.824661449233844 82.80163293806973 50.80121719266043 21.228065735149144 -49.46898979084791 58.58272061222206 
-21.12508522750322 19.254596576114835 -49.218351128523665 -42.818382789187545 -49.57716092821423 -10.826227044562799 -91.93535230796172 93.41700080850956 -44.16785212736689 -50.54887406334734 59.70668091456787 -40.76781923504562 -5.523194630747781 -42.82999097502977 96.4189425315671 
15.034815045270733 96.99264887558641 30.3706143865233 -30.784483351445687 -41.45850596463387 -63.78991420865743 -56.124259562166316 62.91292568513262 -80.21937151119766 -21.33656759317701 88.63459456426992 -85.6635658410812 -2.2659672481537996 -7.229472983126399 49.777759015002516 
47.57504886107682 38.406222817359634 -79.40518231991693 -84.12220872978028 76.52137823276567 -10.3229943618379 -15.829373322224782 7.5031073736062694 20.026514520259568 57.59209306151561 23.61157294598985 -61.034150865347826 18.63632554605816 32.196939613156474 -39.500962396470804 
-21.60234538446231 -76.10248201756738 52.28923266352902 -66.80042258689346 -24.449088836360616 16.044661459876906 -33.946532493005364 68.68511688859729 74.00600199233708 -80.18055903960905 -12.690298877443283 91.83403478085395 -81.72702658137973 -74.05370007839079 -32.56824084598043 
48.35273557987105 67.33241345263673 77.78170518027906 -7.488768926117345 -43.068231321480724 -39.39963383121263 64.37493297849889 -97.6543067844603 56.66844205554469 -8.479396835773429 -21.878608731222585 -79.95779257365928 28.25275519055407 -33.95516973255003 32.00566939809275 
73.14341252173426 0.20100687407985163 35.10984411636352 -28.248271613354675 57.49568369722036 -55.08380882712747 -11.403412100819878 50.61151505736777 64.14520005587525 27.67085919276768 5.572567288027528 90.43419607020013 44.18053218735918 14.340219906136582 -16.958486238954464 
65.57204663025317 72.1734314885926 38.99558790939602 -12.180801697180968 -28.466782345492447 -15.671366832107594 89.78961055126032 -56.90185874237954 75.5516456764974 -92.88995976395829 -45.23275982914716 91.64435419216375 -4.364588988178113 16.6939312175475 73.48525570719693 
6.060324228016739 -84.7085326169007 -41.94113506638553 91.38616719489534 16.84863754469103 50.87172690543329 28.45291004386621 -97.58145559775232 31.217748126209926 58.89328521763153 20.17709179083127 56.95658311176558 75.95635735165419 -90.11633141455277 -27.999346847056145 
-0.9307526283648144 35.524834525147014 -75.9087835812229 -94.83337884950657 16.95030238581856 -76.31806149834867 71.0980200004484 16.71236148432473 45.18114596787649 -61.20201236279901 -86.57181892247547 15.566508006612906 -70.88728643148654 86.24480504578685 -26.19832040476531 
93.09419611973567 -25.456517919968775 3.498453554425325 -5.048359357086625 -22.346475140441086 -57.34817173235787 -57.40984308102011 78.87593969918467 21.537023495258055 73.95044007937713 -33.6592479745657 73.89337952913897 -1.077155584224144 -28.19140883706814 27.400327737151528 
-90.03132345258584 57.88715777896786 72.57717694568419 47.61718237611424 28.767318934797572 -43.81029910062655 65.16546151150243 11.56755578554332 -27.876348900751452 46.728022037763765 44.695211628783284 -74.17117648618361 -42.54946266242534 69.81950590538403 -34.584546765802244 
37.68320975359231 -98.7380662224552 24.31251887508519 -91.90339748464002 -20.259225720502087 84.62314866347435 3.631721502984192 91.99321428697286 27.878941028372736 97.33007511067328 93.65837248093825 96.7302774276312 -18.522272440758655 52.99103639705885 44.60088436832055 
-75.39791887470928 -30.447991914333144 -42.14403473954802 -22.28107400623331 58.85397688139034 24.396016944123105 -62.3160257429437 -71.02252984889074 -82.01403622633308 -4.753404744636342 -41.64586204068992 -8.85771789513224 91.57710183472031 85.51696989005845 86.66436502472044 
-78.79576247350911 6.812087190562551 15.732776095585649 71.20208748423701 -81.67439113087468 40.082889608579904 -35.11293763200429 48.213176144144654 71.8475234971537 68.75771458561718 76.92411805503755 49.828899759446074 29.937696255341876 31.936925957935046 52.752626453878236 
-48.75335400287884 -50.08950060166393 -20.139318355053405 9.151216896574567 23.22781898221868 -48.88322302601513 -30.703196842872416 -65.33407991533198 36.66880698586732 -65.2062651422734 -24.88853543316698 85.60754042234339 96.67807438268602 -94.21884377344998 -39.91872026911365 
33.38676334552741 82.6620431222405 -9.609861128232211 -14.297495979593222 -6.341466312079774 39.06675541212206 72.12513699709987 15.77879889528539 -7.988651822178625 63.866900809647404 -25.008817566165263 -75.70727884826394 -45.82217103098147 78.85910704891984 -34.433738968132374 
28.954781546552454 85.24648454127953 -65.05766453774886 7.239761489622552 -45.29191247073763 -98.10263101928831 22.843051556534903 -66.07534716520986 -98.1503132035495 -85.75709634237592 -26.219606840145175 -18.195613546532698 -57.129572349704546 43.562368695784016 -60.16377581485164 
55.93792435580892 -21.95071244888686 -97.46567383271658 18.917798055075764 39.04759826878353 -91.709956322919 15.020455651015226 56.29618402286465 -15.480536765520213 28.461953814673734 -96.1000021407206 3.261215826681635 35.928197112183256 -85.04514605921494 -49.663823806930594 
84.98950678115952 83.26845153628679 -51.609089328586236 18.39005892512921 94.68559125158222 63.39768278248087 69.00184900089823 47.31793120563711 81.73323594709797 -26.594824642150726 -80.78268004923119 -18.51116751590942 -5.1401402661498565 77.797125021299 -54.62291960192553 
-48.34186066302173 -39.59348440235453 77.78749674391477 56.75241615489696 5.513421767549815 97.58832172955783 -86.70475570427978 -0.25060227415151815 11.7787658194558 36.98117161337075 90.78403555102113 88.38873153327819 86.3723987029239 5.285222079821722 47.43752709334487 
33.115726170409204 -80.51760602514375 -76.16953551243776 56.633706249678596 -3.9663161567037974 57.927570394939295 65.3941066925465 -19.488323205116018 86.37708407839614 -93.52608673402283 70.57977096325635 12.172637468790427 -57.51142103220717 -62.115725509484456 -44.7211211362615 
55.037136240932966 -0.7803765835258929 54.47882438042464 -36.636613228082915 -56.60962467788884 30.79180385898536 -54.882084691973844 -67.64935284700064 54.880930844950285 -35.40859603669442 30.782536762687357 -83.69356600250126 73.93397997245188 -62.04600087233138 62.50549707362413 
21.93650061180972 38.98227541630109 -3.795019949480462 48.580180874276664 2.308990630274593 36.936626080458524 72.84707079576748 -20.62832821245466 12.258160520539647 55.72158935875049 70.46258007336462 -54.94958666487837 -67.66157097260803 -47.96462308384444 64.33222514575459 
66.20507982536608 -14.511522004406132 -12.258321033772972 86.42234927863916 78.37314528404698 -95.61763244205612 -99.87691026113525 -24.487621018370803 71.20647382064456 5.3949485566839 -1.4184948055592628 33.89886527654252 -27.218340943659754 -57.788893232498026 -45.59837718487864 
-50.5471439964724 -58.59418645195949 55.90166977709353 -31.139259056314245 93.12780910428381 -60.685312965446855 -28.47273081126953 16.668246667366475 83.19280731796235 -16.53310386092251 -10.25030994723079 15.652770421413507 31.815513572902063 -45.45856361329621 -24.50113430651264 
-71.74838073813837 91.93923583382647 -25.397771268862286 -31.400800954793453 93.21555385973724 -81.99777668592354 8.091069638852403 -95.85426843708129 63.238120227601144 -90.32837211378457 25.232188324718024 60.80574305047662 44.601399859247636 79.18815618903074 -52.69782527923002 
-60.16635284228116 -54.12722270471109 -87.66097406283163 37.94069372580125 45.234629050210174 24.532892016796822 -89.93263399438148 -96.58059530142 30.762482992793082 -58.25354172189936 -14.363070516119109 2.5721403445520252 -62.79005444355321 18.931759021442815 -48.46495919623537 
84.51871809389652 2.803625037903984 -91.49203337388377 -69.27051774372295 -65.8444582669063 55.300878576098285 -92.72077234693708 30.855250319261557 -5.830292825820152 92.6256846273767 18.477537525414704 32.38253533129253 -93.79330581053694 -95.3056842834727 34.930367943935124 
-67.74578902552355 -46.48297580807781 96.79288512061606 -35.6988042748482 32.9025781954295 -98.9879131388701 10.6064308122468 89.23599985907543 -60.93815406972012 -93.55699692142466 -41.53690252229658 -47.54567827629308 -6.329025895352558 80.11672562351623 80.66024202368209 
-87.10626899314249 40.089935747257556 33.41541781314922 73.59001634923291 -7.3018679584136095 59.642926932187436 -67.34063204899834 -1.7625858673734598 -23.456722775155868 19.752559349435302 13.133073358676128 -95.28020945248694 62.23704957119756 -1.4951389776463202 28.06436663225486 
-25.04188435850247 -86.66741737016031 24.233498251664003 -88.1724987044469 -83.00681856452859 -46.877795967229005 75.44323143016496 -89.27097412925062 -12.657343124773888 -83.03501436340534 -97.73861202107392 -49.44785346380067 -73.65591165410703 -6.547282949864908 18.2730256736873 
43.85052118675085 -93.71287175828836 87.7142821448642 61.54799001093903 54.70476172088746 -93.00850484462156 38.03897740726222 9.19699963670621 -91.9854845960813 -26.282772404424776 -87.71210629341203 -32.053934575637896 20.47704579436443 -16.125880531648406 -13.762246266954193 
-62.97902400508837 78.45699907512892 -80.67359941228764 -88.58034993556214 33.007978430674086 5.349519192201697 9.187062514093341 -40.03757073852447 -77.4949060900418 -11.34044584815392 80.82126755533528 -8.006754453847435 93.3091036014489 -66.20713708846723 -29.818522653999906 
-30.352144094572296 57.22545883043705 -19.41835186567377 -30.32844288214045 62.5373255999429 -52.63030275189931 67.11725341029887 41.55623318662745 -88.25711688482298 23.374164648783548 -7.739008418057637 70.2965875964934 -77.74198339384009 31.070401589702243 -89.3560505618154 
5.513653297680719 -95.39565575158701 78.0082533485267 40.08425472621181 72.57685055312825 9.0773518083044 74.8147984109496 61.517905777852576 29.660349781175796 31.30408077716936 -97.43982400744993 -13.778232857388886 -6.268776695019923 74.63154082046378 88.45177164304192 
-67.38895210261296 50.023217328193084 80.80976985837714 25.016021195172982 25.493780395511095 -33.21677075632272 -35.40111404343911 61.3092079336499 40.60508464489638 -92.09145468964503 -39.825277279199646 75.42906105718714 -6.493161099275824 21.049256378066985 95.74272679858916 
-46.23045215309669 97.0139957263261 19.795821786034253 55.29365988461518 84.37816385612723 -29.3010618281576 -84.99355253260804 6.8786490770043685 -39.655420344494715 1.0228653689623428 -87.13555118974874 -70.74825698582686 24.609540685589877 64.04114653011922 85.21862560543792 
21.1516544521604 -52.31782192607659 16.785623462679794 62.43994693696473 -76.40314938959314 16.8709136574944 8.517488612801642 -66.55365496627566 67.94200771607962 -59.45036242947577 -11.481246630088606 -54.84028653189637 -85.82736179264809 63.6854710594632 73.38007759844857 
51.50701363278344 -78.89083071998017 -58.592225531348376 -66.57195183716777 -77.3616676048961 -69.33654714581138 -10.472423483416975 2.9620566984535515 14.498216570375817 11.057244570083952 -96.79990836243788 57.714991628338566 -1.990616743305111 -31.89000807281566 59.634118593415224 
-69.87751883342786 10.671120971447536 -89.73258096882132 -84.3447233925455 -94.69138032990733 -3.6320099367941765 40.487413249276585 13.440080651723946 -77.18323806178506 -34.959343478594946 -94.55330664602819 -6.340409391812457 21.198395202190227 -58.01748521253756 18.636425411925188 
-40.98191543136684 57.30293491305159 -9.71794980027947 52.59600471341531 19.78160032203897 83.12446375135781 64.72031049487379 -98.86800448706514 -78.345069904376 13.06887662870038 77.41728310202808 -16.325151335524495 -56.46747149059337 6.572256467119189 -74.79378742795002 
-93.79443310625828 44.96096054033339 -31.91531985913724 -76.15646215250595 27.914773227446645 -16.27324035779327 -27.148348032098383 39.62236281161577 -73.51941576122684 -51.27505659207334 94.81906372341044 95.00127540835129 -52.840669641883764 68.26048357448349 -2.100898889262865 
-25.34769970901884 -52.20097816245144 94.62304863193253 -85.38131996941584 -45.80175663580206 -14.6646382801964 20.85406625215998 -80.33251170898188 91.44551451093562 39.46152472592837 -3.154371989880488 72.15562585365262 -95.87592903298705 38.92231362506854 -37.820818609424435 
-62.297095756742294 45.77598346519076 -3.6338324024685704 65.97815845145954 -27.12604753901597 93.31855116565814 48.47130240207835 -12.958640561600959 15.998865315133443 96.57111976888535 67.64411161176076 21.34999530648807 -69.9552310653542 84.21278861756775 83.02222301862332 
52.663460650667986 34.870786098084665 14.988230684718957 16.19153743094644 53.719525374076596 31.53924758198164 -16.859944260180512 -62.49420120422302 7.764429454226857 87.18169917147435 59.79422936982422 -49.984663669452466 -59.51691014115112 8.069946341637134 -23.84731584403241 
58.198150252229084 87.93410676426606 -77.05962917756513 81.89485241883219 -65.17733030115019 36.256868639865274 -17.06837440211683 -2.407495596898343 -60.35130005148663 49.95887632385006 -1.219176329678092 9.038218038770111 -80.31904242911732 -11.07523478771381 97.4627371356467 
-0.6645573120541428 -1.3051566175725355 -31.17357690793017 -2.7716476053332 -52.26201536343551 -63.00258949657929 -20.504895133289835 42.54816491637769 -58.24965990255417 -87.4454161656832 38.40390319132521 -0.43867517893573904 -18.466386770843997 -22.328782949194647 -88.44340851473966 
78.1555048214255 48.57264969620181 -76.08300603241852 62.609344911894794 33.2387720432329 9.807723818683954 -70.62763028067556 14.20482338650271 52.1126541431168 -65.62484401666364 -70.16918712008803 -58.10538023537983 -73.54818894898443 -39.30851303456553 -25.959193038698587 
1.1856200170967384 -10.382092323963448 27.436665295489732 -42.987498498232625 -99.34952314331397 -37.1991079314349 8.006953102685529 -56.11599556272389 7.7942950541616085 59.20734038702477 77.5977190608092 74.11312719472733 -99.13714016779616 19.887269484011142 2.5107989457116844 
-55.48405952905504 -12.783749475094822 -55.66930973382629 -94.61385241115975 -30.339354929730106 -93.88235920004027 -86.6487506614517 0.007563303639955166 17.781945214267722 29.55174038043009 70.16309317651351 -41.71862274342186 -74.4639890544861 -60.016732301430984 -59.79060741207496 
-54.85325246557715 73.72153895332977 -99.13596899643689 84.94431526388229 10.133529953814218 -61.1337542186656 39.159889869568076 -84.68379851562892 5.761715486303132 -25.199946912297207 88.65801516752171 2.818231236143461 -26.68323524126292 66.68028313522635 -42.33345852270589 
-5.937911017048236 -47.6758322665684 92.46009562025301 -35.75352586147838 -72.26070687165299 40.97736921930985 50.07665113602076 -40.20132792231013 -47.67100332896479 5.644649747148975 49.56055694374467 -57.443774725748085 -83.96551069038318 56.98127349881702 -96.4106119164744 
98.45132141545878 78.52831275515615 -98.05469835389289 -78.63275971243942 95.87901716219568 -93.1369079554373 91.71690224833463 -52.34311552274073 32.30392427586219 -1.031365959047605 -55.226356614315854 -85.73223503489527 -3.417763163142311 29.99685862590863 45.97069128683165 
-75.18983427681869 -79.72456103454877 -30.926804529659236 -11.398598078546016 84.29544618518514 -55.586054426451746 -4.416802243670716 41.309658895059925 -34.583053710312356 38.20309035313156 -10.112338947416859 79.20950821866478 -28.793722029416017 58.69997751123242 -50.970675255786716 
-82.6534766652538 -54.88285316299945 -22.399703027138315 -80.75385734695104 -81.70390231412449 -91.20831078685951 34.793777714027385 -30.268727252809043 -44.73851679993221 -33.83108714391636 -54.016869121142165 -2.8641558440713197 -66.48059941009507 -26.55236143579785 -35.09235340104493 
5.48366228564214 9.683078686291907 -71.90730727147674 -74.80654745049927 -55.54841253760732 12.521553577189408 15.013184768746399 -72.39996488466456 70.74325957428454 3.749593209288733 91.3831769715515 4.473268335075019 -61.13852357944949 23.14103271871393 48.18531102997713 
47.4121229767818 53.79951790203313 89.88978481239397 66.92786008056487 92.83336853128301 -14.567281540939803 71.5052390343636 -71.51077532982674 -98.52503264256936 -56.61886070282092 79.9614876909834 27.786901521877667 12.332478085511994 59.32101546287271 8.850039765165604 
-22.36572212407549 -69.39919488912261 36.53516563189808 59.61903444959023 37.493135840738944 -59.033031036729724 -57.0964942743585 -37.72047881905316 -43.75180077265084 63.189368381322936 67.18202228859428 -6.506396056270901 68.65658420525443 20.399559881552975 59.23767823561931 
25.62897769905507 -49.675734187500375 91.51007386594415 -44.69241156945329 -56.476653904669824 33.34975260986343 -49.386655907134866 84.34807357324675 53.59702221810022 -61.00540698217536 -82.53127524287432 14.097159915605047 -30.31478174851982 10.935606641816122 17.462940708348015 
-47.30792248568525 -70.39260208481434 32.81575382622833 87.75654572423164 -53.74060995782914 27.35760509549185 -93.59548395079842 27.068424179152743 -90.64683592743756 -59.682483408292384 -21.422839985923588 49.28730965169336 41.01776109411472 -98.92559046716309 15.186732290769214 
78.21982831648683 79.23839661281272 -18.564147424842645 19.122093181867015 30.445050960445656 -67.75505642899924 -26.75142872633704 -23.980497535771093 22.00083938199026 56.453513246011 -88.37583518927855 86.39442109253591 -23.106710672465994 -86.07367793816005 -62.59781382177776 
-34.14002179828461 41.67298072560348 37.26700181007351 55.43406809247165 50.859717338741746 -4.744206928559279 74.8019429072639 22.98186152254067 84.20966065847458 54.47337884416049 61.94406497152585 45.81344906080912 37.85844116901143 -23.30273299193344 -10.437290794783834 
-65.77797380093608 6.999187400294019 3.8146619447830545 48.474509727509854 59.339394331432004 55.06275774998937 82.77011799979798 -39.999114360036494 16.762440936820937 24.024913508137843 -13.471872925205687 33.73270804570828 76.9151524389342 -75.6393562842961 -22.024073086710857 
-57.08896377265547 10.95819037177941 -11.715864675110964 -76.0983445504496 -53.28587108273166 79.23006443362468 58.47621666386996 -4.41472813959038 -36.288289955090946 -2.5692019772351387 81.47053751692087 -3.2330656151945476 45.939809247766675 -56.27967559409599 0.34685672480812 
-43.408394044020284 13.747685484440638 -42.775612144799794 36.34463808637739 37.409947190282026 36.656858538251356 79.0699596924182 65.99305228715909 11.530320230838626 -45.04632551739125 49.03804027464324 76.49839567447512 -80.47500292735148 -41.93293599964936 -27.55145720015865 
-96.7916083305416 -45.80618464093291 19.18176248241066 80.06240822919798 57.10576304967421 37.39556448774323 42.84098549076302 -9.96506060929967 79.90832830634923 -15.84715562226691 -68.23917055740446 87.60793197530182 -29.518704145021886 -84.1714123455334 -60.20525583207077 
47.57303780662534 -98.58372039303521 52.35642523459484 60.22926017087272 -21.530352593829434 -26.8688595690342 -81.79832050499576 -78.93817401815546 3.8286547305523158 -3.6158277230419174 74.16040495520201 25.357901894478758 -37.31915168449422 -69.8465165931134 -87.63355427846666 
28.497619096450762 -1.3464146391315666 60.06886333861624 87.56555173457065 20.921930320430263 -8.335432035832696 -94.25546422560463 -81.52428271745664 -59.90346745763531 -59.76374828539504 -4.817356524078505 -95.97358813977334 9.85644021479564 57.99434701250618 30.260812824505336 
-45.8658677828027 44.46907651947134 -52.175709430493036 59.221264265045306 53.2989048223391 26.741438662709754 36.24828483393375 24.994587238007668 60.08174826128766 92.12715659797911 -14.722476470242782 -60.178368328554434 37.43080598774864 -94.40581551313416 66.18037026635878 
-3.0667174930076158 5.177902811251187 37.69940123918997 0.04020120928814208 24.10851338643279 50.15717245177595 -10.126321147474243 36.78363919761014 3.3223093769925214 2.1977480771634816 8.840112045598943 -90.89761844531634 -36.349015778344615 -97.3350335694997 -27.012589894315326 
-77.35707055807961 76.2883757306613 -48.11364936892106 57.42628061271557 -84.30184636106284 -41.13783472529497 1.7918079811085903 -25.958249969610094 87.95265393379103 -21.273600239382546 -66.72094610005495 74.46597162865118 10.52365544152272 -57.13564844819046 -56.5289558914893 
-21.90724274090701 78.33165164009714 -40.648384493774834 -69.2390837818245 60.043937286546935 -74.8630235861876 96.84107663235193 67.27728880118664 -87.75885593083976 -85.4965978626291 -50.49827281555734 84.14440612850186 1.0308051513391803 65.96728232888705 15.268820056538956 
53.02731501357454 45.904163770464294 -75.93035633967335 -79.30439140193353 -18.62714440368333 -34.75089420207999 59.38000667738572 -16.200431535394017 31.9513184268763 -28.335243376665332 -98.30053335173572 -54.0227420094276 -43.65018071052469 62.546948311205284 -33.602276902866464 
-94.77903690812452 -81.89938017657215 -21.578135549932085 23.399935744140137 97.14721750157565 -63.28733643522577 37.51189692514629 -86.75308740465108 39.42294788002914 23.8603188929102 -97.76382852450405 -66.23057418746272 -79.34044073630517 76.40672134222751 80.59871847571944 
-48.01395552116436 -52.0258252226506 -75.59275882168063 -16.863583019111772 -85.41043534091457 3.238601077878698 27.01487514030339 -26.1102866183289 -80.6015961699309 -68.40490882998193 90.42593603456416 -39.89484803538899 0.2679344530695147 13.471630048080058 15.045997732688264 
-5.827032606709693 55.8444482938161 54.059804693129564 -15.771607923033486 95.97913653181686 -15.477251853927342 -87.70357793885728 -15.20644785577386 44.94726101688153 -77.93153566246116 88.23188444160695 -27.346280616105375 90.9738441176064 -48.314298545293966 -91.93973336153107 
41.94581158805187 -40.582298025127585 54.18897261955132 -86.57088124963279 -54.94962763042943 -24.578936461973512 -35.98021405627088 -34.82420112597265 71.39630909939666 -73.84348312374539 24.01111316072783 58.08599639583883 92.60322089258125 -38.561432289716 -20.149314616909678 
-27.249764462034904 52.9140379913093 40.971191735310384 43.1974286688461 5.632345940612325 -9.622031385479502 23.095783499561023 -83.00188642847665 99.17080234438617 38.585092908141235 34.124966720229054 -79.56040707211567 -12.187179380237282 -79.936624492895 15.41834306410668 
79.951384251185 -14.359732951720062 -21.661133710249715 -48.75578209056148 22.36492918432336 -18.108870971502668 -97.07785109670546 -90.29260998762336 26.661126307002036 11.07730032407379 -37.27536166247927 -86.999373681267 -96.19921256593744 -16.255882630413538 -53.90414494738427 
-87.28567934779699 49.15769543797509 -62.90376350949487 75.9947968886867 53.2044048015282 92.25580837631904 -27.336070199050027 98.45090624247476 7.172754741469987 86.64043215234406 -86.12005322106357 -88.32835558088755 -29.473933923649327 -88.93446694368629 -63.96445374092137 
-75.41566844821983 94.01285563616767 -84.47321109037551 93.73219550979437 -17.264184240951025 -28.924179125102384 -51.00073410209307 -9.952206161118198 -58.645868158381795 14.647463026791513 -85.31134442021437 -14.885665695800142 -32.26687812220635 -84.31828813607893 16.567507130213357 
-16.250991226947576 -48.71511869167715 -50.85463714297658 -62.86708874409752 21.99465597219175 -44.977383207454366 -64.26660687046868 -48.42491031501432 -96.85044359563982 -86.01824693395199 -54.549214822153935 37.72504029297113 -26.026032472356334 13.198180517164644 -68.04428888819818 
16.19643415580792 -35.43069772619543 -0.9445547345955561 89.09054800308346 22.52781483474537 -42.30970020447591 92.72636711236711 26.01221832175544 17.551278504423507 12.581700404179188 19.147683869860074 38.113875042570925 80.93368143715873 -50.15130648838129 -21.537939914988982 
13.768928914867644 -39.87891533560364 -32.919357955836404 40.94056035443282 96.89613282077005 33.671050195872255 -60.5715524677698 85.62416529396472 -44.362731478937675 -4.870751528562607 22.912816221564142 35.73979998187596 -64.15989979953802 72.53961197810716 65.97240181582481 
12.642162609998337 41.894860054415176 87.23316859429232 -88.04151941433626 -53.35607066007564 23.33739124564937 -68.53300601007801 -38.569264170931184 45.633639548330564 -10.368985772526457 -94.18784875798156 14.148734363774196 78.71838628350943 -0.51249120954337 -20.967350079816896 
-47.49167489673949 57.44505157967916 -86.91504232913245 25.729411185418144 -51.60480432285395 -11.9909691732435 2.9533156974943893 67.63503328147385 9.953411211931765 -65.43950795894432 53.19751165740249 -96.54314315832777 -70.1667676045426 -42.35591825582763 47.10299036310005 
36.61669513546653 -57.08138432924912 9.236766764223319 9.043012564009103 34.762248300184154 24.778296261362215 -39.69165391521705 80.13984283107575 30.210651147871346 55.27851514916071 61.23736731747576 17.58505965045589 -42.478590284572995 -67.3564830347224 -3.429724914572546 
63.49102703297396 -86.81829408611044 71.26095541771883 97.04132542230812 -21.516911049123806 26.094557109641286 2.9398145342313313 -80.9434434870506 77.46393539920507 -79.01766099015381 41.35998659475206 -96.20535807939964 83.88886220731897 -54.26454472840978 -78.2651148123813 
-5.1594051455156205 -32.56907078649425 22.068903208332273 -67.34712115940029 5.657920702284571 40.510014038588 94.76590608405442 7.200703513999414 -21.008665612164606 81.70345434753398 92.35784059720893 92.92734411741364 99.8946026409123 1.4709863528934903 -64.45082393207485 
-37.355394040109346 17.20581063735696 -10.091187910139283 -53.61369461273786 -93.96021946854984 -28.619249695941633 -92.50049720944547 -60.226444964600766 35.002952087065864 76.0375385510784 -99.51250568800698 46.83166039634699 83.05240956771499 39.630238000526845 74.8418688855715 
-71.67824351613473 1.8601537878622452 -27.8288454694315 97.82807413512487 -56.9619394172439 -28.565935512176637 -64.95234590313486 80.79058516688147 93.32514981704668 -12.092764850046777 5.504906990888728 26.273159194083433 -54.694617381347776 -78.04379000057267 96.33393400174245 
-98.20020789443424 -20.08348815511556 75.14237195539374 -91.20518240948408 -51.737310595115105 0.31320200388383057 -88.60027146099429 -53.66969805954791 34.2425108020534 -53.43314642520236 68.9878305124268 -33.08909166765474 -69.59169602369903 36.728372906642846 -44.14849810511083 
98.43900084369156 73.26394951270055 59.14503056033519 -53.15199912948372 82.85953190113375 -59.84778431738573 -96.61707657045476 -21.170707902214957 39.932281186069105 35.1208854139048 -97.38806591859404 -94.69622211044246 -97.82404715213384 -76.46945578765329 -71.04624605597337 
-75.97365161547876 -91.60025104496054 33.22987567780936 46.99447049809049 -94.56948004455221 -0.08546807276093205 3.7985231243254276 -39.851377225755115 96.06479023147372 88.96733337426406 -19.707605322067508 -3.871643404888829 -67.33732992863222 -69.41685018702152 -45.39608005233138 
-95.42452693291703 -98.39362909147651 64.06176271298258 -32.11506632731829 94.6917707617902 -18.525512269849955 -62.301932752338395 -36.69236065488774 14.898773622966033 -29.78308814774209 23.659469263426686 -84.17633578960098 -46.99536691429156 -32.15057848538925 -41.92032064396298 
3.952402092987924 3.6709070877810888 -95.51759902772659 91.67985366681134 1.782851265593905 96.52650711555091 42.57521676111992 -48.19127348720673 -1.7600748173016427 -64.79679159663203 69.18746900109673 -45.35144797176418 99.57741980331957 -28.23901995519695 76.01770969980416 
-41.68551688621371 23.470568158488405 11.111532618825166 -51.33013315201362 -66.32940725503414 -88.77606530907904 60.66861277533931 31.80176125503175 6.318758630901129 -91.54642438009171 97.1823788831191 97.27063565561349 39.097937358557715 -41.64548674000419 -36.62573893310375 
45.22704925908329 90.79694946673581 -4.266624217504457 -75.86355508410819 -51.06887566392753 96.42238512407334 -3.3656926361515644 -66.07911085572695 -65.94868184526446 -40.08316092531538 -78.9189020075329 43.35689233449364 -5.711350527248754 -69.92435761828095 56.12380216983658 
69.03722770738 -15.169072679894953 39.27339172908398 -12.85233155633307 -93.81570834900295 -1.8041703126612703 -35.97995018308278 -34.05204531407071 -97.34277571804218 73.76890322740533 76.17327138490197 -31.83886812324255 -45.54409223259761 -50.541485755755964 -94.11175850215123 
80.1123069636619 92.18613571781543 -59.848406432558264 -58.857918420582635 93.17842631485507 -5.533459227033319 92.70031014486457 -63.39638830929364 72.04260086812522 -94.26237816019376 94.52346438658901 -40.809472248702974 -2.8489529562701676 27.568422219974067 -39.65841909973762 
-29.769027177613253 -5.096088454743679 23.687603424025554 -31.74308882113435 -31.55081920951494 -14.660029929482192 51.193513045709096 -46.16832850223667 64.49022523423571 -15.856256543833425 54.7381011103343 -59.414579594041996 -57.585224249014246 86.06025466445948 37.00876812692539 
83.66259054543255 -54.83559356202712 52.521794541127605 -34.12010960202238 41.486310499534596 98.36533703787467 76.30597303831331 -10.835275896928636 63.462604279913734 14.583176379579484 -67.17479443546597 -88.80109658666501 52.469751800580866 -9.906177685380584 -65.79352409101617 
94.80999755101479 9.627912876453365 -97.1674005036766 -38.83222662477088 -38.35125199580525 -15.032547553497167 84.50233707632412 63.4760209179359 12.285468404994631 30.488098855177384 -54.15366686170753 82.89852992672903 34.41512316389131 -39.94618302072021 -16.27240893043546 
-67.16394583345009 -76.42857211783891 -29.48097361795176 -64.38632785375097 -44.73909710169677 -34.342313385384784 -72.15423057762843 58.650796285895325 -13.319504324672067 91.50942357984545 84.38325117886706 -15.49641978982892 -19.078928753505338 -7.5602408394413345 -82.7205694087902 
-83.57494072181602 9.517684687698761 -63.690374488929045 85.7451715087831 60.81561093834074 -21.919409962898584 -40.81869536732994 -99.52234755644047 10.171745529487481 96.36604073937804 23.884285249340124 40.11076903614398 -61.20310902563095 95.05312528368509 69.44903965250063 
-17.3265591743949 -55.947019399100114 -49.90315462823474 -91.68736968933987 9.95260208128721 48.776129195865536 8.073031704182966 -49.353357392689425 -70.69624635469901 -61.326923759279865 71.01848582252813 -81.01675915561408 11.158018357410654 -95.80865199985806 7.9128314611836 
54.886948188327494 90.41968434989721 24.567796170747442 -41.655830285771515 -18.969800963774276 -7.153772031008728 31.947511518111327 26.40325989395103 89.1747765795732 55.440181659535796 -33.583837711912594 -31.209109857032914 -50.350687992226305 -27.209772116740382 90.0026746569535 
-32.71339788644934 -38.913244308677974 50.99466749565272 84.45578838185764 82.9398142008177 49.9879993140745 -77.20436779067921 63.34230170281498 36.001780641672184 -28.627764695042174 -4.54800061381107 -16.629107966688068 45.88317518408823 16.740827983688234 -41.34440519185143 
-20.700565746378246 33.29251646378697 -44.31928723441092 -41.85221385533278 -3.847057821013493 48.36500420826616 -92.6145899987038 -35.398149549731144 36.8940017099855 -74.53622785971628 62.61006079401744 44.35736266340646 84.95074902715788 -19.877873149277065 -35.16178933705605 
24.663043782329268 -85.67079444100239 -83.76873160168319 -83.40929270416402 -52.30505859532026 -22.34300289003758 91.14657418995364 9.85646912125884 -35.04251527962403 78.5895831197106 -62.46799384385338 -32.74908318839714 14.516484380977545 -26.952365251480927 -21.26472738420844 
13.951454477170572 -25.91192166294138 12.847935358291963 -61.110084198476564 95.19904012133213 -44.2960012033985 -71.56270068071481 46.198693165618096 13.868917980094153 72.79577819464095 16.698164485903533 -42.95233742325073 75.3658811359243 61.43696021017206 -84.89902149562263 
-21.025164959347393 8.36883186104565 52.04630158144468 58.119942907337276 38.88312168383305 -47.59252434545929 -59.94117939650565 84.5477763887327 69.83740962539576 -42.543193196633844 -11.085605085356235 -41.8964720519533 7.731050619127359 77.32867181376346 37.467205510041765 
-51.699498422406066 -91.80092021531689 73.03056645041198 50.04414341064506 -21.396777595742606 -31.113320718795308 48.79949656223994 -74.48899491524581 -74.25707765200194 63.676357549092614 61.59244977427264 -41.58331294610957 -38.71892404479394 -37.36731319448303 0.2579695968425426 
-9.701143039909724 -63.24765564514292 -71.64026160836963 80.35275413273263 56.46393600374688 38.84966922898198 74.1876055257909 62.10162016243851 -78.9865937004641 51.520011293689464 -45.38046565937548 53.19807305802743 -80.25415578783992 14.625651998100125 37.94729288813582 
37.527214001232096 -57.17136515553418 -56.4167192968658 16.68908556181033 27.51489130660238 19.232100083392424 53.030172024765164 -87.94929251699253 88.8838651150163 -59.522056690202895 86.72940585933779 -90.3307679261028 -42.86034980978604 -89.18436975409776 -72.20375171329252 
-66.80491155777631 -57.92954988852408 90.7786947953044 -70.28198482190177 -53.10222392593862 -68.14104480333873 20.299454048232818 61.72532613675591 34.55851068432153 -45.13925347449248 69.208015819042 36.14284604306107 -96.21701233728987 -51.45003363658232 27.515677319724645 
-84.69751308788551 -7.782048571003003 41.18740532042452 29.609453083792403 -53.66990158438809 40.28937793034066 -65.60332232960451 73.4523331669595 37.43594535863636 -14.165660094892374 27.32592725234106 -8.907713647816152 -78.13818842437624 -52.991693130896735 51.76423722831967 
-4.223822374539736 59.83165596097635 20.39798833272293 12.659390073542582 -26.865473579707583 -97.05602938773579 -98.960113060206 -15.48178075175673 -41.21949930296325 -45.13687861864055 83.98133576552394 98.6025186558669 -88.40283195841666 -77.52921732629838 -63.25116158521349 
42.98993831014727 -76.83377617905076 23.798957736576142 -69.94549976355289 -57.75980400506007 35.864274159946774 -41.67032239828461 99.93093734071294 10.440951563588314 70.49789764045661 12.429210225084248 -33.10828105594143 82.62966167461755 -33.9541383805057 91.30496636965674 
73.44050648713213 -35.01183574537967 -3.669538522764455 30.593949286220806 24.101178299628828 55.20784325414246 -80.49198377440048 -54.745770984518316 -21.343648282423388 14.368606575397209 -81.88590607458188 73.49490435865192 -84.44477677268378 38.11544531029523 -72.05558660591463 
25.54211084148899 82.47640751247641 31.526661865734553 65.68869200132977 14.508366235247266 -12.655913511939062 24.537677387093936 -0.9036500068541784 33.163460767640515 21.065970363813904 -13.351726238016454 -7.469036645583543 -88.15189890921448 50.715949088748175 80.15730430955799 
87.36987534425927 -64.60326609341153 -77.81241052875649 -41.949854308800674 -38.18461631505707 56.24228621062849 -64.82070105788597 -93.57207698093484 23.180878881381005 -7.3618357862672354 0.23463437137851884 48.204728455925505 10.569543201448312 1.3558623846070077 24.98133235248507 
62.303617230030596 -2.459663131868581 -20.07032038321124 -44.02776322164363 -82.439120699119 79.9211430044275 18.865363648168355 -18.578038313785953 -80.20082347278307 81.58274753818651 39.72547292797702 -59.66801868946623 -56.21681076042571 68.81165685361151 -35.390910601801 
43.39880152385072 -51.79268761015776 60.59607537981202 -42.54075183057668 -37.74859634303562 -24.51436509892136 83.77190036772447 -24.471149848789977 -51.18629429698658 -5.631296198481152 -29.261437954918847 -27.474249770786386 -60.14233483625016 -66.88445504221397 -48.95022085156499 
94.26995287757796 -97.2962969048113 -36.1942552998852 -74.25397829094562 93.85473227291192 -15.333146925172088 52.269881331434846 36.36261989767408 77.85125609013835 -40.74102341605557 47.6326519128894 -50.62392798572153 -70.12539476872463 14.560429628957806 -38.5861175858287 
52.97112819978497 -8.356056405533124 -3.529785032840465 -52.74909788667475 -75.89291466076067 11.531103278825043 -31.510038199803432 -52.192167276805044 -71.63932525158998 86.68026309104528 99.9465299315201 96.09396117708732 -23.52891889844264 53.47374643748202 66.42145441590182 
-69.67241223727967 32.57670392450635 47.74730592199481 24.69860935480345 -87.86567770520901 -93.27828582677813 -81.45794709069978 -75.60987288430985 -24.504742633068318 -24.022341576503152 94.34099040394835 6.342532330742728 25.249095826485174 -51.06214141717666 60.584662387143965 
-17.15279455952492 -39.06291675779325 -8.902347352669281 63.08817934680121 -37.20490169008768 -84.87123382117932 -24.417665312720317 62.19047095262965 34.77751838509738 -72.3846272706071 99.32228368745712 -48.91661407794259 -47.487490005369935 -76.92722325316342 -42.58744718407026 
-57.656170982308865 66.60629923649071 -38.724307785325315 -4.467681283667986 13.782860603703753 42.46100208766336 -73.40980075597497 -31.397324743168895 -1.7033613973486865 -60.304210582274024 39.92808802688873 -22.449448608338756 41.106709445280956 92.03450755502763 40.78795073008138 
50.65690777468143 51.97007719213258 74.68635207997201 36.1961417722969 50.810946686325536 95.07828685887606 -75.3271743012976 -31.52892768494462 -39.81162541429364 -28.383947920999447 56.62255112160378 -88.9606471832044 -17.95377673053649 -32.60915424739281 38.8740707997338 
-83.26112166121284 -64.20554858823107 46.59662585563396 -32.31725899516822 80.77256596786125 85.78208659174325 -41.00202540930569 94.82269941237146 65.37698703162431 -81.77258744227376 52.42905091918027 -16.81907060174555 41.637768974268965 90.68781127059927 -31.97826016746086 
-12.459638816701755 16.83773095675238 -74.31499544299456 -17.484949364933414 18.935328161929576 -78.98502316163243 22.06583161652253 66.16777356187796 93.083919230493 -49.15687391583323 57.93781685712355 27.495812935412317 29.122256511453088 -87.42610488406525 95.51951233642316 
-54.51752541195769 -11.541625193142806 46.893575888436516 87.26654935853611 27.610125377723648 -94.89676301523318 -79.80627333139772 -59.89812893092476 -10.4622512369193 6.310382367615446 68.25543861105749 -29.749581860021408 98.77061617766847 35.1201360764469 62.451230722747994 
-56.40693586291019 -27.067888618597806 -86.45001040228017 78.96278841483826 40.359986237522605 21.342115962230793 -35.991302973088054 -89.93078439916293 -16.896257503117667 97.56121555580916 -47.147273476951 81.47911851660311 -92.81777344315398 -26.104660921147456 -72.87667000959473 
-15.701695401639995 -20.589553767339424 65.62845242377514 34.471400153826835 -96.80511388470332 -84.44926153129117 -17.990626378023975 93.78021676301796 41.922402021946624 -65.99662946349719 -19.28209950406739 91.89401049411211 21.57615363921974 90.89860074733085 -18.90700673199423 
-69.50713578706467 -43.64413149065345 -26.596115985238967 -33.13301377929842 -66.59742843703555 73.11306861063485 12.91603407948925 38.739533160604026 62.57248663486084 42.41502848524553 16.319891282298244 57.712873084526336 -42.32294169972648 26.11343125159121 8.559080015199754 
-22.264755328743348 -8.221862692748246 25.015669579438196 38.53762168052123 -63.55465898711796 13.571413849102257 17.488623352316353 67.04958291715661 95.74198355458361 -0.5969963091651493 -76.34665519640589 47.646265324271354 78.42910828815158 61.053792227887016 -35.136982769165726 
58.598101630653645 -5.246406087417284 -29.382062516178962 97.60946293067673 -91.02059442911185 16.07575546157507 -17.939311804904065 -13.24539379778318 97.18812528846524 -45.372074795574925 59.958442962969315 -32.40452387757338 35.71366964915222 91.49536949640645 79.64010139488354 
-46.3915368873975 99.32560685295218 56.33590277340045 76.83111922783462 54.95800957383605 -36.97178050755083 18.76540093818413 64.3312942925171 33.88912267775146 67.0514514699147 38.82984572327334 -97.36363321969579 89.27854195563188 8.153402007673208 52.82942389741919 
26.473932904493864 -21.96473514156058 -91.55447494624838 33.695018530831135 60.001939242947714 10.929041043108782 -95.88563193643628 -84.74577180134419 24.58673838172257 -33.942474664437114 -52.24004778339009 93.25761735359254 -99.12052891311822 72.60147679922079 -44.67511432628628 
-4.24460262860984 -50.802004184903616 91.82253914265306 60.67360310988104 -16.161139583085514 2.1869054784746425 94.07869000227532 39.61653466532351 14.601809670783211 1.7285391399797732 23.648633868628394 -76.43274253150287 13.108328344129916 59.26968658778139 -10.297112000209864 
-27.001429564826495 -87.70384224651455 -72.69917818817657 51.234951531584784 -4.431598435699115 7.649008338504686 -78.52778260044047 37.10103706531697 -14.506369566395378 70.32732382193606 25.135230670336497 -58.472348603423406 -85.19790533854301 22.567844318935187 -16.40497184690433 
8.408026276998925 -96.0447660775065 -51.878957091458865 3.8522066549392804 10.5141887493142 55.92023965627084 77.24157924940843 -90.65339619509358 -39.454010225579374 -15.286579164537358 -1.6292644067906963 73.84136459458531 -21.929635046265062 -51.15243501890892 -92.51975400859955 
47.821306635707145 -41.799481361939186 44.4652593852374 90.7771413426174 16.788015311184566 -4.06005454508491 -97.795540477149 57.08523493235802 -72.75685201659465 -47.02528095965155 22.436509651829056 23.045921065215765 19.930808506835575 -71.99922804984078 -60.716970762650014 
96.07055550641647 8.237474380436026 1.2094452136064433 -36.914699734091336 97.26758470607282 -39.72707849850063 35.15088908230081 -35.984613204897926 37.31036916602534 66.53597588777293 97.75410923528648 81.73597686262934 58.382295474057315 26.84241329006376 -93.55753185635439 
-84.03467014593566 53.69422995802077 51.34873475355761 43.22967161095994 87.0753955910991 -39.04385426846939 -57.71913495853875 -39.03812596753138 69.7564605790104 -38.706063927060576 78.31836103169289 87.40190484771088 -17.16824698077248 64.81202772846018 -48.79435098823397 
-9.398376604717583 27.424282416734712 55.037228574051426 -35.24141644636809 -53.275314079598914 -62.98089156010289 -32.53213070058645 14.329638489319805 -91.49937602461186 -12.929862077092565 57.472235617074716 60.17935034975068 22.98071134934365 -60.70989694809994 -60.20990237119235 
-16.387663110413214 -26.59993260115165 36.84718838817108 68.63901649497609 -9.093629267161802 45.27615938219719 95.71162806118357 -47.25479949839189 37.36558666822333 -15.239321679563673 27.721015606873166 -21.557713165625756 31.614090856585165 -67.98313799226061 78.93242537327382 
-39.05342580635565 16.86443599066743 -92.88592876742456 24.485222859285642 30.62055250708312 -44.40561289064537 -60.61744206022639 58.7965137172323 57.37726336304925 57.92994289569634 34.37094500429413 -99.67661706441011 27.302603853537576 40.66793334547992 38.191712370356186 
-80.97455022579166 -32.20733475998881 86.33403974592687 -70.03917862092246 41.18147705666689 -16.178077898342295 -82.72756001786485 17.408338929084934 -92.64985959415316 -54.501309802788576 -73.13068840132726 -8.532368751054946 -22.032981664631635 -1.488640877354939 -94.88242046107878 
68.62418986154222 -77.50303072653216 65.21199180427053 -15.996557374946548 -53.18919912061346 43.669736550899614 -63.81191461239837 -91.63568708629997 82.50038308484835 76.07243091141214 29.746169299145663 37.18948664520306 94.14767890169128 16.65567223280742 -84.38279597859481 
-55.79824689878949 25.334747131703722 22.38826344596518 38.19182270712963 80.67481673930888 -35.47410135556636 -46.82393853924624 -54.220352743055166 -86.3910457338923 99.9431267837806 4.753022807589375 -47.21173990774621 63.691666110252555 -72.33419248505135 59.993380547432736 
-30.101881688027078 -82.89832946154539 -22.966172113927414 62.883057745446905 -54.68209692912489 50.46548152900772 -69.51146101405543 58.714135931351905 -89.68300834773774 -64.8430777287727 -44.744068094279044 81.16283544503486 37.33211557217186 95.68611017361249 88.27122766524121 
12.816941089475861 -57.12964690558921 93.95000570614872 95.78096094303206 34.44039572046327 99.2518297360709 -2.1514432133861447 16.957534841320793 -28.171697757851774 -33.61030010928974 61.163866712676764 -88.24767387701739 -74.30466514051622 8.302697242039116 3.9045026572716495 
6.322185607480392 -76.97882403358176 -50.19728525960463 81.69408405361116 40.91558827955447 -83.99519667538924 37.77908332167641 -81.63548539503918 -89.32901342924795 25.636849232726377 -11.560816681146619 -77.5365982806319 77.60352413969102 -10.73662562663256 88.11938603515821 
-82.13432835204188 23.83368027596981 -60.71491875439232 25.908501582954017 -70.78709928165274 -64.22578057342497 -14.398550919778003 58.61492962078921 -56.53417527905616 -69.5002797214758 -59.62184777354984 32.81879246763171 80.11143666610357 86.83114862760698 88.51541765047045 
-49.89492732313874 -2.5479944539495705 9.497709521090641 9.028096560197469 -1.0659555354110637 90.12378771759558 29.413284347899804 -50.141766676166895 -36.54148531715202 -65.10296552241184 -16.603697676056854 -1.8607802804065443 17.924871872920306 70.73830323277647 5.640432437762243 
-8.986109413470118 -12.382093047316474 -18.753063175197468 90.89350251078008 25.542915514827186 -54.52317438497267 66.00920683106534 -75.02111733311253 -50.87075741018317 20.625833323969417 20.924666892180994 -23.989305116192 39.06385379678409 15.630511775335762 26.721877231318828 
46.695823907466405 61.35716219107823 -82.3570985278337 31.218929021085614 -58.78117278067796 -93.04553654931101 -57.122499913667866 21.975413780076323 -93.47240656309792 -76.75863012798058 -95.91028657491401 89.85518538696348 -8.96238099340259 30.787735756028297 26.918142034878414 
-21.927047861380046 82.10041530962965 -98.80782100479514 -48.19567746291013 -42.26086282564494 -52.899161006056076 -61.94658933984163 18.09047822131626 51.81309303730896 -38.929580240008654 61.63189033942896 -12.87235800178263 -34.068340380926855 21.323205014879676 73.61295377310466 
-65.93838539201506 12.453455496954803 55.99016861366016 -8.83598923698095 -35.787100838133924 -86.60472399597705 86.67290515769 63.124439319431076 56.4767799959923 -92.46622779237428 -26.475279157693436 -24.950373524753928 -42.072402335088576 -79.1494911362035 -19.285306819444386 
-42.88067133521118 82.04689950932939 -82.0340177535493 36.07427224031758 -66.57248064211097 -61.122795694273215 87.84021136479521 -35.89676938416633 20.672926302081706 5.177852991879234 -71.77655303571906 38.9050821979358 -58.47934158432013 57.40121830698598 2.334589113216353 
-0.18729221329630263 60.196023196139095 -40.50711859687253 -60.06079389703463 -34.8347214534503 -25.181306977423134 -89.12347630456918 51.257851091595796 69.9785813803519 -63.06932208520417 -85.41397101227197 -29.615699983237803 -53.20028004963755 -23.892492785090198 -18.530155250628354 
5.194818700803921 -19.497649694263004 42.51094156441221 1.5436057811764101 -82.53300668361656 -24.971805333187703 31.572410115336027 89.66511689132176 -49.27494430875261 -14.859549198389345 37.954513881450055 -99.24091987824661 -10.628902944756717 -35.54886338983859 -96.03560413160521 
27.704845153707723 -23.034246507870208 -80.45347827865834 -92.9546638147366 -38.30126828895948 -55.800022378512026 -26.542114426639785 -38.332072355696155 68.18786010311192 83.51440148434867 39.35336771484262 39.097288126372916 -7.383848697437202 -74.66419398647912 42.768128601436786 
72.79617222543101 54.06268291213999 93.19889925134669 8.144573600897303 -55.836306414682824 -62.73632909750822 -75.63254784297042 -4.010145383259385 35.278056481668074 31.70888158974097 99.89628604996082 3.657474380984155 45.69150463909705 -20.52971081844126 18.84814895612763 
-33.38005776323372 74.18678418404355 -45.179862437489746 -51.161153469808426 -32.21537001612464 25.64831506117038 -62.094126116865844 89.60172012358638 -38.18170734835464 79.68081410958067 81.38530134621169 68.80589391524603 38.25140312197277 -1.424847336700168 27.17440439921097 
-89.52744952415594 54.31964562254049 36.13453438792175 -27.31269774062912 82.40693653238901 78.84004014392079 -71.87867300798104 -24.56017937393669 -76.72495204581695 79.32836825175227 -24.729645153381185 72.5036941893263 -95.74860900723911 -94.03775007642261 61.335354943100384 
-4.902528148288582 -17.23395279773716 98.17747745677775 -22.147696249809414 -47.204828048141565 -91.27161173524703 -86.72957703170128 8.429188982487787 54.46749824139417 6.653691246127423 30.33293568675299 56.96353237800167 88.73705953177137 -29.456288407494995 5.136427468873549 
-66.36818346407527 22.917415816221578 89.11507805921173 -21.400707621681647 40.95138061446647 -79.11855215369927 -98.44046523362908 -50.1951051415662 -53.55112640397921 76.08389676716374 4.760369082948614 -81.09871180364345 -79.68270418162204 93.99515026912323 -24.665166788378073 
-15.960694171588344 60.299116036322175 -54.308202223351174 4.423385187636271 6.120191387695058 82.24119703620806 51.349266003168395 76.57325325001054 15.158090697300793 90.2322037296234 70.38346107175468 8.240288765614821 -54.83187350094087 62.07603210033656 67.29830357299284 
23.64476745153563 92.03359610029099 -85.8102958107625 -23.300720596512576 9.6839192730571 49.96242122150616 -40.10310360197069 57.09308123442395 53.95356312087367 -99.91757824589035 -42.2981515244941 -56.3963842855421 36.8279630551672 19.257034953381094 -38.55747936411724 
42.390949878654425 83.30301443873125 18.51957248912808 94.42898874347787 -38.58862259902986 -74.57685154886495 -64.20294711690644 -54.52341921541806 -62.30225552039794 37.36785408903842 -40.828101569809185 -30.87780636237008 9.11904438166951 -17.682885505432267 81.89394801577143 
73.41207305204188 44.326981295582755 46.62038811311916 -89.05879336902136 -98.23352941077259 25.025647834957 79.03942750995441 -6.4120124084434025 -62.94426972419285 4.701203299958351 -89.404420223002 -12.34026871021176 -73.6282009698561 56.90587766253191 -53.832377102828445 
-84.11533361790582 -31.100088652996433 -20.084182248053636 -86.41907600492794 25.214284848221993 90.88150016092129 -46.08330150435369 50.36593199350358 80.50862852004406 -57.11499418116581 58.50306651798135 55.21790190033505 -15.939681016824963 90.6975277153978 41.80094611076987 
-76.32795537563173 -15.389975166532778 -37.14397530433309 89.56160732945008 65.00856786669198 -98.2885247544516 -88.35800839395749 83.8335252641931 90.72129523343108 -29.754091524847112 -11.950974938512843 -93.47194001794361 97.12255021329977 54.45132013291979 -65.0472437804329 
-97.78081060294367 9.9499044408484 -32.955895315446625 40.55179262580225 -26.66016225490604 -49.22129536131248 -82.60153945405699 -39.4068639095938 -72.58079878599067 51.76163186220657 -93.68653894184543 -8.983892729071698 -81.48774429833097 3.067992557877929 92.10455014341588 
61.072459280074156 -64.74471427179296 -7.214896347935223 39.33532576498098 -10.649961188404248 -11.9469392951669 -67.95447480207928 72.87371480590389 -53.908303622256646 92.39903331649597 8.522281960145932 68.29616727906199 -30.03580469457856 53.06847201273709 -20.632272449024285 
-80.121243401688 19.02086712238902 5.841764735292983 71.09173436468612 -76.83135377443735 -36.998408686898145 64.93219956074762 69.20321111141851 -68.89635965313411 14.126049057135418 -16.320442552410142 -79.96689066335384 -51.03284244528725 18.630192126892453 -34.49869210232521 
-44.12954913448337 21.84296148902635 6.579859297881583 -76.10358089184021 84.4979551088403 -39.57914886530383 -77.72400946027031 31.954420012356877 -61.0803183140544 -38.8768172524867 73.33105413459714 -73.98452180879542 69.18930775539292 81.80537858801736 -42.31887726206946 
85.8176911602514 -16.222349463744678 7.1489018201751975 67.80775302319628 71.14741114904248 -65.63788001404308 70.13431030358424 63.11863371844214 -70.45491624824211 23.145987491497905 55.937679166356816 -45.42254690190648 -58.46561547324767 -67.77478732417579 94.61585642757518 
-54.954859474846614 -60.19066554757235 30.894042233954934 25.94219036773022 28.769535700323786 13.239184336314764 -23.39811507267946 3.183802602759897 27.438380141608647 -83.08083300506443 20.872485832260622 11.763713496736287 26.22021880498518 58.848433801690874 45.47348865639677 
24.59492928159075 0.913805113888472 97.38728093209005 -2.8706575967345884 -82.72762049529788 20.446183012849332 88.71172949173754 -52.50057690401555 9.965929233514075 81.6609836589092 28.53932670090302 70.00175037903159 25.200830984549 -64.54349103059653 -24.719671449339415 
9.501942472079023 76.195336612235 -36.30850206026377 95.03521119989043 -10.210904446609163 -59.72162091828312 62.44974997447085 -59.62446177745409 30.63008324024591 56.47205143980304 13.791545530153826 42.628611409791176 -53.77699210354905 -28.77851103097082 75.98003306776423 
47.11841779974509 47.39508215046445 63.705861253952634 -53.390518578731296 29.099843287436016 -26.175113644760728 50.14854386892503 80.20278567683562 71.47874957175765 -23.759861982233232 14.636737972605943 -81.7826715519575 -88.45717267900798 73.6427734531654 -19.36314914599528 
88.39860507706587 18.315233444950053 -45.287287810913135 83.72306829115422 -58.462839615340954 68.66552943753021 13.994540990451327 -37.52015229578498 82.79004687323993 68.09087762948195 -96.7295559334035 -67.35744430531518 -37.75768593594064 31.148442402756956 48.14852141534402 
-42.40316726956645 95.53736874385189 -58.049861464683914 13.4439172312117 -43.53956347532137 5.9960753253765375 -23.911525224878275 -9.259619544757498 17.34545603604036 -8.591958203512533 -64.28061288207856 -69.59193865760432 -65.41102866531378 94.47394938026048 17.88616017334705 
41.990671972787595 75.18903941247746 79.7342723820048 -78.42688833995939 91.22565055297852 98.54098904661245 -11.78289091898705 -66.93374947846712 -68.73627281050292 -24.05592277909308 -92.77681349908423 56.78908114821536 40.00984431639458 -78.38214617884682 17.351824858359464 
58.9812160589139 50.036665455476964 -30.71970281475207 25.49404996969737 -84.10391913946292 -40.104280106582294 93.43050991136028 -64.11201692384964 -94.35958218994902 6.070667121305192 -80.79479390196167 99.96588554355884 -24.87132818748276 2.35645981561899 -78.10776000602067 
-61.12001627705597 92.08372837876973 79.50503354205887 84.5789318979584 36.1778612296076 -14.059033215716752 -0.06246744378695723 61.67037822735074 -62.71334058003251 32.13041846620234 -49.69559556800358 92.48496740137807 89.06532014986277 28.33877893803492 42.66030775738707 
35.680636909994064 -13.915336007823157 56.04449824687603 97.41247630611062 44.45094294887011 -72.18317731137279 84.73002072327805 -64.39451120238823 -97.7941168318786 9.495769085095176 -60.447543530858084 -86.70644581378266 -17.811847217465157 -56.141158538590716 -54.897890601348735 
98.96352711388653 -80.17638494447512 59.23467567892723 -46.23202008235183 87.64542140984841 -31.219489030914474 23.94876579479231 28.997518891204294 -83.09243446967531 25.636054796921016 21.199754717655225 31.245039190786315 58.24923571116466 -55.42949905293055 -5.017641240299753 
99.6039652359297 13.475614944648598 -80.98955136268094 -22.905759842229784 14.319460146996363 95.86301698457228 81.8439892312889 -5.154567752252433 -64.77453661126836 -4.592107944307841 -48.595245495614535 -81.27655570864823 60.02392916268025 -95.40006739653187 -25.63495799010778 
-55.525049924242545 41.972388347929524 -43.4393967142727 55.29330060202554 77.69270846217589 -3.15638343364175 49.951586737707714 -47.25803233973209 -4.090840663904643 -99.86173675241135 23.13460845533608 -39.340738764947304 64.7432900423085 73.6441369753471 -86.89251651857417 
28.19207808532667 58.41593150233365 -77.88500840229891 72.22858452346276 66.84288531582717 -15.604262027479464 29.79003493367395 -88.373987226862 17.6321627271725 7.89932586010687 8.93678733176013 61.47325323942988 80.42857204586406 -74.84608861277698 15.434022822950809 
13.602619073131407 13.992851657482547 -71.5775109770844 -27.781558037549758 -24.042119653041865 -0.18574024661788258 -23.436484491581894 9.257353035448816 30.73568332833284 -30.882515748531773 85.30407208310297 50.30672434133254 61.71534100409792 -45.7115701657459 43.75619453675611 
23.90370506310839 75.00868678944451 84.85993136234134 73.02912608938544 -63.40226705947136 62.27854438732848 -20.479076849974362 80.99153728193588 -37.50391086385172 -51.0709122619696 12.365438350878705 1.365767807946085 17.94474920774411 30.593809317981368 7.13310278555393 
-82.02010829447579 -68.06315575780604 59.404270191234986 -2.719697976990858 -55.49037509966859 52.02439985304312 -57.01008980287992 -9.37347363150323 46.63867458246685 43.361477543845126 5.849422267766101 12.208420347336869 -90.61800043663474 1.7513107220225663 -44.442062927311035 
35.140643729488204 -93.25469131427487 -82.3097697574105 82.56758779032995 -81.56053188496986 -24.555503231962362 -99.1798831809953 -58.281979521543924 76.30650782540712 -34.421657978587874 81.1812828215738 -54.8034397828193 -63.35848203867758 -66.22433715111633 6.050293984821309 
7.343738490285602 56.010457525997765 11.743713854148169 1.538919985020783 11.726164575592406 21.933250977268216 46.82395259372035 3.9734098700664617 -48.234312147529046 -41.64036432064333 -40.56441506691668 97.61213721442485 50.92416954858547 -41.84951232329499 -10.794800260213776 
90.57908610783878 -96.43251890348942 -13.582799168122122 75.06660334350391 -92.56544585807 -78.90683569686774 -56.04691500685619 47.0745399025042 86.26643237071198 72.75982426350296 47.26061557960776 96.67363915778407 44.03126322802839 -90.26317606714358 50.79569685367903 
-24.24033010432214 -74.433372559455 7.41068863373286 -74.61646085925753 64.95250516526184 70.1554174028465 40.91723699364039 61.403890372539024 21.434125076331668 -30.317755325120615 97.20283705348686 66.67653637516514 -31.989111169760704 -92.7929906134342 73.50166488433896 
69.07990222618477 -33.64303393932255 -53.709312960753564 58.055267628683055 15.9022539220325 95.47364068870127 26.671140341288464 91.22566754931222 -26.59223560744475 97.29096869357932 -10.888115917080725 93.01256071590996 -0.36742432544167514 27.696155970126753 58.36324693861991 
-86.72291726095602 23.464361007869556 63.13179207191686 47.29638852394268 74.8546919280906 34.476162078365206 69.95432179286513 -34.771501887893905 -17.12546624351414 -36.47278040712387 -44.7725220541173 37.40892431355053 -82.97964384902438 13.868563309113767 69.12098378403226 
-79.41736159853212 -49.726100246830754 15.212313696921981 90.71692649161747 -55.69843874622682 -94.81583364413598 16.22206265525267 -95.40786974305455 53.51326560340485 19.24021695516531 70.25538686808562 -6.454725413192293 99.97536333735471 21.21554914886177 55.85190728971537 
22.69758337010579 12.746627789040971 21.84063577914847 -61.862865145717485 -90.10639999490617 68.34520200700999 0.4852130412267712 -67.3511709370797 -63.95423008067518 -52.414266903271375 63.8602760577634 78.0057650407739 -8.298396155309078 -48.85984811812845 -31.69380684445852 
-28.099931907823873 93.19321289193459 -22.83900507365631 -91.55708107948507 88.33338267028469 -32.0877916064953 1.419756670521835 -57.67624662108548 88.63812216883372 -16.692735728187145 47.79959476689109 7.4586572726005755 74.89195369096001 98.03590668974749 -54.9343709914534 
10.126694703461254 61.04523979784247 78.69327427978345 -16.63955467177543 42.70155776303028 -24.651438909696566 18.683886353720425 -43.49123299509336 -52.43137338539236 90.69363732380381 46.6380829795861 23.384869463090368 -64.4982131732486 10.014326033485105 -61.43526272634809 
5.532315630204195 -50.26670603458181 88.30278405188935 -89.88732046420753 32.85422104830508 -16.500183624218238 -8.262937919175627 -40.2942695422442 46.248684210118995 -56.319592357838474 11.116871582859986 13.484773034054598 29.001251295285726 -50.691921336435875 23.495141328353213 
56.0805862578633 -48.314072133052676 53.75941082638684 22.92966169118371 -92.0854465115118 -65.85189842144513 -38.222333229341054 35.55132097380516 -0.9748136545854038 -41.63595507789432 3.4509616244779124 -39.31813341239374 -91.83234929007651 -24.9046869972056 26.439694543457733 
