76.14098199474066 -14.16292049298309 79.76668233721364 25.610662864036954 -61.316359937888286 -84.13929435709635 -45.03814479123347 -28.78261140974223 -0.2650387214850696 85.42944097947685 -2.5325591435085215 -63.29675096441074 59.13680500934191 24.982263577546917 -44.430860083238485 
8.891335606747901 -72.99707686888925 -94.39006973449047 -54.931352992412144 -29.936378654652657 73.03551573971976 90.7060256504339 5.802622579867318 92.2253190091159 -24.769576191387685 -88.204470550053 94.83342222554577 9.732482812969906 50.69202556155267 19.917285455108342 
46.260799646703674 66.12843433518739 69.18696848869627 4.778263921452776 47.90598007711273 0.8104453690644675 -23.81490170094449 -27.208576775373558 -43.47984644337928 -20.57966811344474 80.103226857436 90.11315167466779 -22.19912342236232 -26.289627916412073 83.41565386580103 
-13.603937778102562 -19.511824821268675 60.50163386267582 84.10944960701167 -93.95470863061905 47.18633423958448 -19.72400860787664 76.97637947562751 -76.99357974004033 87.98258944416233 3.7951559592179365 -70.55193834314674 -31.7447511995923 24.900395083295308 -18.208608000193166 
-8.51273121164617 -47.820939805139126 59.465329037516824 2.303401319532526 59.42078678571778 -78.69035590033062 47.41469772850286 -42.09734356718471 19.339049727882255 42.46030142793299 72.17326014205727 -45.85243697296411 -16.761531164938106 -12.750365054136026 81.86349772994544 
14.017411930287622 21.986236502949822 21.965122359473582 -94.19572612011142 -77.54801609269569 55.78079028276724 -4.5591085881558655 -23.824685221395086 -25.939431744425107 -6.902287049610351 -25.703329594013738 -34.38346157024061 -0.7248125997362962 -10.665396937977818 -78.80381182130039 
-54.19117763314074 -49.98154338717875 89.51025299003058 99.10983602101732 82.88824907247624 -23.43170631487439 82.04489896019493 -82.03896130599841 -65.7425778939375 60.1163902789024 36.61527750738085 55.32421638319971 -62.04860139548531 -33.91888317779245 -17.96871263499922 
1.2983897916045208 -7.91705162011101 -97.74453700896892 22.995196794677227 48.6275377610433 2.456671915157756 69.44238362517027 -67.18320741550139 12.1277638610281 -9.299603357571783 25.222960714812757 -38.942885691634174 -77.52703181894394 -70.46583286479138 46.66757176553219 
48.054072444250295 64.46210424938263 -55.06801814580964 -56.56732271037832 34.72204701608541 -89.39515414540311 55.348259167407406 -76.70739555947748 30.077514247065807 55.18349492288877 24.229556546130368 40.41610644190686 -7.85265820345289 -67.62627585410377 22.653184349657465 
-52.379309116066985 -72.51772378877912 -72.56851267572966 -74.09685115089755 -28.384847933342797 46.44499373683533 88.62413146088818 -68.08066848906932 53.51859746445055 98.61648914106891 -69.93086033447868 84.00490082779132 -19.90274925251711 39.081578818486406 25.912065651431917 
94.03206504391079 9.606726636135392 14.408730589205703 -17.055749513064214 -95.38868159753508 31.036917838075908 26.158394050230797 -64.16688769939748 -67.20218861172648 27.87950367178624 86.75116981140488 85.48712200236815 81.06710729573433 -55.658076817514335 -63.820414198221975 
75.02823851535408 50.37395941228678 -84.18788429800384 12.119624252456873 -29.46180453595116 -70.97317545341525 55.27016995984624 -45.70296845993238 69.7617990242492 -95.32527429635628 -30.20494869493737 28.82208160760956 42.489016425518685 -46.9858557147423 -68.86754152363977 
42.27299804745036 54.080003074805006 60.92108717732205 88.29275286182195 8.37309232475232 -52.38080149408064 -64.11275188467233 -67.53049826257819 -17.834612627923633 -34.48788735597164 -19.605886920268816 32.17431683944534 -28.45411741733959 86.83608961576442 17.753306502476306 
-29.56576135427926 58.52729727550195 83.76707096988079 80.99430225010755 51.03935444635928 57.788105399079825 -48.62436919334981 43.42571579710835 -24.328587846710263 -52.091032967822606 46.681502870210124 -23.999940619899178 -33.874731592160884 -1.5958725255683675 -36.906931636942495 
-5.601330357492927 97.2599102344713 -48.38191610650102 31.644752854710845 -78.18333298842973 -0.2769110547139064 -98.91565623093443 -17.310881356313217 -90.2589220740222 -65.85316665379088 -90.36119896888606 1.789311342933587 -62.48903700659347 -49.567541426671305 98.70912956269714 
-31.069721454651457 50.89649501349274 59.81221805046525 96.05632266750874 75.95001371008976 -1.4101830916104348 -44.94772608531934 50.251820844490794 -32.018966025942674 -17.709521929171373 99.23187654794884 -30.134602505635158 6.6149142235494764 -27.13467052898382 -37.769784224009804 
-29.782291075123794 -38.26653992303714 42.54307894526113 60.95234024739807 -24.041968189418995 82.58342013956891 99.3240022766887 -25.04690110093229 86.59562700052663 -33.25090410943237 44.74936478086508 -24.769656930401695 1.6574368634981909 -82.30463557344794 86.9152360847493 
86.32448452373828 -74.55317806693728 -19.86965994279987 58.000263836631206 97.9124056426092 -31.451745555315 -14.048511041921259 50.28063559101133 15.804817360413665 -99.05456290141981 -76.43915576418318 -30.09364002895684 55.102213996772036 -84.46043384890356 85.96051326795347 
-44.99239012332892 -2.096285471794829 -61.910709860107474 -97.3262226976229 86.5495865182323 21.139748805197087 -17.917304969016087 14.315456982276345 65.40491464066343 6.9239295571609745 -26.119109077678473 -23.807543177056317 -87.96604555124887 -61.32136493612681 -45.94680813497878 
-43.800001714368754 -10.52037350152439 -6.714480061907153 -99.44773636231999 -45.11777007419011 -85.39883825754168 -73.20437548242367 -4.567640021923538 -88.14147623279167 10.473294982757707 92.1453004216292 -74.14375171858944 87.6839317546131 0.4529502823544789 -22.810746186318426 
83.06830737803847 3.2633542627491323 -66.40437389514523 -66.6896873220371 -58.805439155008024 -54.182806212215226 -25.65946320668961 16.836654884890947 -68.79208653955956 -85.46628006657862 37.3775887048302 -76.10473476802457 21.986610531950433 -70.03103541679889 75.62341534760836 
-6.452979419401615 -68.18122581328028 45.70728996542718 1.3554308853436225 -86.89425468747771 -0.8797991479385416 69.98083807259158 -74.77056859456432 -25.300528764174587 -76.36500167435173 -67.56002801222482 51.472267467262526 -25.115282625126255 29.81420301819827 58.00959269676159 
-68.15537396056271 2.935764369681948 -28.40246279959169 -58.239612927698126 -58.23459748278652 36.71208359919319 -58.00693911240287 80.99391285894694 18.949104727346295 15.732998752882281 86.28936754632682 59.48429053028789 72.83786332481677 27.660010523841905 4.376366443793117 
-69.10772714388463 -55.22503597936288 73.40654605563182 -48.626495203040164 -34.14620819540136 -73.1779694403955 -26.50531544184824 -15.635497875447072 65.88246816605036 75.6932304713294 60.79500880496937 83.2452960358203 21.692332182285725 15.58140502991543 -78.64339499548723 
23.539843024788865 -68.38475629463075 85.08035067951215 35.840752675160076 39.974149186118666 86.07052872762122 -64.8521826351993 -83.58563204544825 48.89735891813777 20.324100484965427 31.048947023008054 -23.334839302280173 53.06851305471852 -23.894937013367382 58.71523827778245 
76.68457690294616 -69.84535895029438 -70.88568103155445 -81.65833138578935 66.9883324709019 -73.7261199402121 54.014196685240734 88.4369001816282 41.22364591935522 -50.56503255832836 -23.4531568695934 -75.94393545908045 -95.86432283504816 -9.041306019945878 -86.82136629181517 
-40.06712825403107 -64.26107899424292 15.224518529336194 89.07345013358642 98.20638854098002 95.72124942835941 -86.17858276933414 90.14780992676481 -64.93454152614959 41.31130883148924 27.28216272347875 67.67655450733574 33.45833707535019 52.20851597964602 48.2308478410111 
-42.50158323911728 -10.117108437974593 -5.64097989788597 -63.58198799008152 80.56578634387262 93.33583977064882 -31.659006739159906 31.001405680281408 -91.03645733025077 -88.351971902825 53.729357287011226 66.09042223866265 -64.5769645137165 -69.6894504158424 -71.87796124250934 
-37.97943829077155 16.43829434720898 -69.67448133347048 79.56787466184159 45.40653226925909 -24.2096071658963 -26.637435329556027 12.907557904511904 -43.51849304253903 75.56114031048506 62.81912330307637 -30.779399489713114 85.85033100602178 -0.5061261565589632 -24.293308929889236 
7.854873981166108 -32.16632311906122 12.130388070164926 88.36085690898972 92.24298550518469 8.88898725098916 96.21149668721242 70.02464894300263 -87.77243817136069 72.2237420911787 82.19855552767854 -14.968227475746332 51.33618028942578 -17.286739385604477 -72.2435492915341 
70.87340398574014 -51.4820087162299 28.82038955716942 65.54557425489531 -36.781299560845305 -47.40460105762643 -0.42131749566239307 83.04319839053608 -34.28402693717388 -13.51668186168284 -35.51570351005438 -43.413304398348586 45.702925843843985 5.256716948811487 68.50225855818965 
40.24125930612104 -37.64369846684814 85.05559598842012 -33.726319102598936 62.44882582396269 -93.82872270871658 37.83127235406346 -94.99246246378081 -92.04903423636883 82.1243483741388 71.5068236451155 -62.167967339155794 -48.05382684670016 -57.27236847788764 -65.29684285375302 
-19.845676480092564 60.04269967126933 -74.13247953521156 -90.71743570568975 -39.116561262725554 14.423450670301193 -76.1949850680219 -9.027361001840603 -41.39040462993635 -53.90315738556539 -16.340478093968684 33.573873655753005 78.29450614694645 -96.36900933858159 -95.17928766066814 
-55.51729593391239 -20.854356604176843 83.92510302456898 75.26413964142981 74.05425129824499 -92.1356809654863 3.3354036717246913 -3.2560025054530115 32.06907545535185 2.0766758625284183 36.51168656834588 39.57446564903182 66.6770576050805 -14.932602746993922 46.29060411362727 
95.86124184826764 82.01123502327249 -60.508446149868874 -70.82337714880072 61.587622341456466 -21.540280378642734 38.883057106548506 -0.8618042295696995 7.246637469805421 -20.388267738937515 -63.09818614746394 1.0944717304977303 -44.55602020865346 -91.89102448305056 -34.77219093659711 
-35.15371656135548 51.05308556827569 -71.60627557566079 -56.12641619630254 38.073096273868146 -26.29409830095348 6.229134386576646 56.553615939584716 -75.61786673192094 31.06945316040236 -69.12973941540713 72.64088554757978 -98.71005840274513 12.381330251807299 -57.001100222747404 
-78.94866851322557 -34.88830709822595 2.242903087270335 -25.1470168705537 53.69791243122995 -99.24258789762142 -55.04959040890971 -5.3825720792875416 -37.75309394109956 44.454125529759324 -74.30623391011736 81.93576323705486 -57.95690530115915 -7.73350743332945 10.630250824043586 
75.87340242425543 -91.95257207294432 -80.24140121801169 -47.21032576943889 16.756341186399055 -97.38968838853587 80.45814685233458 62.79615915854325 -42.569061391190985 78.94259092304151 -3.7434125392913984 19.977172760742576 2.7161405973773185 -36.405871442177286 -84.39523635138298 
53.47745459981678 95.84518569669166 -87.50141786048667 -58.49329625326196 -86.2173766373993 29.66413911522983 -84.25037939518974 10.76775653224314 -85.42218596999524 -38.39198142899167 96.2282760888346 94.2479585677693 -58.823497716116194 -35.381215167131884 99.54588768631737 
79.0882078271415 81.85376114936719 94.78897573008675 59.88330312690019 17.827027559161635 26.34029220638257 66.9761601362139 6.091915508314557 -55.35911065770986 50.701095085347504 8.260155574289342 2.6583294672552142 71.67081862084416 -72.16693613047013 71.88714162688564 
88.4206914728581 47.38187630343148 56.50992759589221 93.02671548802692 52.8121324132928 4.3936613788081615 -4.012219623599208 -2.3717026394609206 -46.89957467107071 -7.8413351566812395 25.74230516212714 -90.99650290123844 -98.24890627122511 79.84854888686738 8.561130671723106 
35.26256821773953 71.99301667489891 -39.87135992670565 -11.638696296585522 -0.0746064725500446 42.01866989386696 12.14906919089971 9.151583514908339 -70.6743258056838 -47.97420545935525 -21.84657349387598 29.093001250709364 -27.5151472783175 63.48042473308831 -36.37701984276491 
83.82510014769423 23.365785952176907 -61.85868623732635 -27.52590456206461 -27.734717471769187 -71.24992006832606 -29.750272946785444 -54.38376674747363 86.92303790895045 -0.08316892234591933 45.113444521124904 -60.81618025612523 86.8907188439224 7.7447995282749105 -21.016380183045484 
-69.02396887577278 -76.60960043903755 -74.01936609153199 28.24132982065109 -12.392295937240164 48.864250173435664 -18.196735749895893 5.483588341101097 80.79898422814523 -50.709967755859545 -18.71452539918681 -32.15228964449382 72.57820282363136 77.37847844814544 -12.174693110342801 
-65.05894516880764 42.382974897915574 -17.706043956552392 -25.42191327796135 -28.25920592744282 -11.89013327839848 31.65799146231859 66.34688560846118 -1.5962024066295442 -74.59303388866334 91.95429359678576 -16.20528895220596 58.35639274643063 39.307614258354334 60.93565461373706 
66.79196657706649 38.876326271866105 72.38030416653908 57.01504801623943 75.85517720862615 65.84555639978035 47.82024100042784 0.7287632286797816 -78.95888172005591 -51.635004594234445 16.564436347995425 5.4941962757771705 -5.5117210696958665 57.134401833220124 15.203110622302646 
-2.9272834217084522 30.687909247568825 -81.94603545107391 -34.948694554472965 34.76503540772268 -61.519959349541395 -36.23003847140449 1.9495591797329581 -10.125820151344044 75.50717669184758 -86.95481598551831 83.26932144236395 31.776695256510976 -67.42924393156724 58.35206001947114 
9.432429188684523 60.667856722508304 -23.12656391543939 -11.979382767919702 79.9606042706256 33.66631922612498 65.82238133068944 -53.09123697512905 -61.5460481005887 46.009204031036575 94.1368091543022 -24.273325152519206 -12.244713503663519 63.16386215980131 -64.2761394993081 
-31.697768105119707 -67.66235199575218 37.72391926215997 -18.528753810728276 34.102355341674354 12.927213846899292 63.442563437837634 74.03036576651056 -30.319875966680996 54.28409498259177 -50.9703265167667 -61.02565432807654 5.918675012246524 10.910171859193426 98.46880283031066 
38.02949658740539 27.60879190066656 -17.460337334854216 55.04348417427022 -24.583227214017995 12.346798233930372 -94.27326596912616 -84.60865605136236 69.76388175012985 -32.734773834030094 -83.56267489064804 43.04228602116507 65.89864678017386 -94.78100369922034 21.12338073539368 
47.39653691391959 13.22880561323339 61.40298398184757 -79.78436991060391 -12.38479950913569 86.3791808363203 -4.688380309636742 -8.072626087448853 -6.692183703560687 -85.50485381798303 -38.457793944448724 52.234501798916995 4.824402173378942 90.6942445231638 -54.444149559530494 
-54.95544955831626 -94.39433750209764 27.120340094219685 -81.80833928801445 7.128386424678325 -62.79798543513617 45.408469146114015 0.3233657324364998 -27.734861611496413 -53.1417360565978 -58.407262162897844 -86.19514601817096 47.2189363179661 4.331146655226135 92.68162528483083 
81.82977885705577 -24.064238627041107 -49.567583214852064 -99.30406486249834 -30.092754545579538 -94.12957401842002 -89.9585578679629 46.75883620396283 -93.69213263047152 80.30826183755116 -45.946875245937925 -17.216933263423 10.987967228857286 -80.1482360349742 -84.27861218403643 
41.152581312146566 28.392864611443912 46.49148717831278 -93.25594830066832 23.644981417790746 -7.447539885237205 -41.12193216932165 -7.799793782677881 81.13445494086625 -86.46803926487266 83.87012218989832 40.87518737850081 -37.308260072853905 13.784845571327068 88.5076950351702 
10.0566310668126 -84.24633792957283 -21.893361950002358 83.85743156602777 -68.05607899239055 -69.82739205214617 24.65832647770985 -24.8234342783433 78.59525791423331 55.50294275964595 -40.545472755664804 -26.65985041514469 65.72892995588168 10.319708543311833 -70.00111925619163 
24.94138297918198 20.894392637840127 -0.1757116825622802 -34.44486400121913 -98.37760585097537 13.849919364918378 -3.3398975577882766 31.78003938445525 58.30248214979716 12.588988057883938 58.71521695749439 -66.7469365700282 -11.855632077951455 -39.65881721548352 -49.423623908225345 
59.74189159059412 11.307340237949944 -24.956004476947925 -88.65340424439994 85.73308057393606 88.87554077404391 -50.537228985148076 51.04337845745778 85.25635160076658 21.2591600842337 50.59898876869781 -70.50588319664371 10.463352095908917 -96.86845418092275 78.87967672576156 
-49.99050195402941 51.79919195446092 -60.44158137286912 65.83103380570873 37.65728664730145 42.16006014069137 -83.85817373050861 2.680499113708464 -44.15120021167309 -55.46361846266641 -78.62728645551007 -34.377274917039614 -16.174803613999345 -96.00613035184232 -22.2786301666152 
-65.88712483643863 -8.459049164352123 -88.48124278816093 56.58796697163808 -4.754327261198469 59.932314238478426 9.238079903876837 -16.124047898067673 2.128628582706952 -1.8127973620655382 86.63626578480847 -49.684929578959625 70.4942851596686 -4.739750751980949 -46.65328379884266 
-97.05661246994059 89.87743988115332 86.4807124828944 78.65524666841449 -81.90316679643752 -50.72840316973619 -78.83581228065648 -69.46355247300832 -41.26166075246462 21.894914072771243 55.13469187639066 85.23753339830219 -77.97765286137846 42.25899126370524 76.55806644102634 
73.15284802147937 -7.997379572017408 64.3237103868214 35.89074543134623 6.70909174284553 82.87631011508972 -18.08444367706383 -56.993373933259114 -79.49634710675468 -76.51734450332484 -12.64513589381366 82.8153511277448 -20.454305879567755 10.054566422013792 -89.33651347888846 
92.70495320680428 -56.25128312417553 58.90832271187577 84.28585129794942 -23.199170939805853 76.91926240478764 -46.772263858219844 78.39772370050369 -11.05090268525852 -16.16912291582318 -83.71621042542961 -11.158388272116795 -8.169240338992623 62.58437571463216 9.47559929819495 
79.62926216261624 48.07241329188528 -1.200971294004745 50.04592049373494 66.63593835472275 -73.99076253781026 -12.804047621592957 -64.42131193164889 91.17788958029982 71.36379265119743 68.47815378895476 7.821014011332366 -69.30434816389264 72.2709979751032 -91.86424123523287 
40.76568332367293 19.90038370757223 50.105459973283786 48.220634180872395 -38.12673427868667 -81.54937551601765 -97.06283509001929 29.83275764216944 96.24247681049326 5.828547965412028 1.5111273187936405 -30.284130309157803 76.27282705707617 -1.1653261604513716 -93.47285956251783 
24.460057618549797 -41.401231178713346 -19.587195462506045 26.96615189873843 -19.44380810122975 -95.84057299803659 -28.291575518603395 -10.577534197497698 -61.90802355257152 -79.13714742509252 -28.375438690976452 -69.33670234106071 -18.205881565274225 42.98950538410048 -46.600352650747226 
8.229727855749374 39.61231100947623 -1.7019972942665902 79.52063933782222 71.50028449015534 -19.656782160865333 70.87232655900073 -42.52066060464508 2.8540823495283263 89.64620231766983 13.276345069222131 -8.531881510333548 67.3977595014905 50.91505467525306 -59.00970978717564 
-69.73581126470006 -6.990549778932959 -43.453192160917965 -99.26203338889113 -24.965371580068478 66.25107793196605 -39.91423852478111 -86.11017645837083 -31.146904297431632 -65.69671348150894 -64.83609027904427 24.181892417383537 76.34386647158863 -53.799940052882555 -60.43007429510254 
65.60707494596514 -64.35459479008756 -53.9917793846221 50.70560051697345 -73.62497742480025 -4.6362669192622405 -69.82661724249182 99.6746482621511 -67.02489322188343 -3.488955049385183 33.48311601083671 62.574050401733274 62.60560848766198 -45.41646485480406 -63.10215297543091 
-32.90734554216033 -86.30269353821207 -80.3623125748859 36.50186817575417 86.447195203076 -40.53709000506396 38.46230226458178 -39.684816315266524 -48.30491216406338 52.29634062044079 64.00171187197586 -86.6710416348751 73.45717681342009 5.108364262467703 -26.843349501520123 
-1.4647987485847551 -9.277030482220951 -8.467801754326103 79.71358574916431 76.46461906720654 2.518929101260568 -87.5124071666187 0.12931478731947266 -63.49688506129163 28.76129262069395 -97.26487075553003 -12.767934076339202 79.47195879624485 70.07447750142663 31.627257305003894 
-85.62674107680373 90.54795365738607 -70.29254161204284 31.4303993245897 32.24446315161384 -44.56444550934753 99.11140661116497 55.86763575930732 85.1237542166497 -75.47482210300245 -72.97198231210456 81.40383864332267 -42.29379798466179 5.515374223990193 -80.60196521926301 
16.999397265230783 53.4000067047067 -32.191222423378136 -41.089713009904116 87.765099008204 38.16866197066139 27.11868506358566 6.240758086836124 -27.305524475490188 84.27269679001404 96.63432835799958 -21.071123525763994 -37.93393958880951 -16.83910751094642 -24.096730144695485 
-61.924495077758614 30.351053675626304 -34.693191651098275 -72.51437992907879 -64.0889550913601 2.8958470039464004 76.35339305682825 79.5888451883286 -9.189297936429881 4.399587563263864 -46.35759234763776 77.91439692900761 -27.94148657887831 -35.5505447638577 -33.97295228343829 
-14.24178879632177 6.216515022737994 46.244925220328724 38.91255300605124 32.56751061374351 27.224136496384247 9.62161062988234 -65.31740028480289 -82.85067783332359 90.8445962661547 -53.16951883495853 76.82480253384287 45.44512687316731 -63.4143253437107 -23.705469684496833 
-36.10734238559425 40.747436344672565 66.6741836565032 -19.379972571877047 -99.51670979939826 11.37299967837781 29.038829065212383 45.79193282194652 93.25230031457724 -75.98302001090659 77.8356193252335 -56.16055165092864 -44.45353916733552 -69.49315752250871 -35.931773217378634 
64.0715372979956 -25.533470238927862 50.260686572981285 -42.158651510838595 53.558322470419085 -54.14443384919907 91.26310851449387 79.47772711996782 -53.765391723288936 3.1146011711661714 30.159604946843245 85.99429233413849 -49.38363418474005 20.469725528517287 -0.9162072026018109 
41.07837399613416 -57.337776113562434 22.952510043913676 79.02540544163801 48.541780922936624 56.36945297273576 75.43001352511624 36.144395816236795 0.11112980900875868 -63.65844096265953 -23.20620048421189 -59.628426934348376 -40.180533696111254 -33.614467042103556 -12.383788190864124 
71.60546802998365 -19.240632468218706 59.0059328230453 2.4878532430431193 -80.30296221255938 50.81476570281254 51.312480027176406 -41.99035718861428 -94.89669596205854 79.93225562640305 -39.417558699999276 -17.71656994070608 0.3960286946159499 -91.0737982190245 -23.92954231145761 
88.32735819136141 -73.25619761681033 -32.6198910123253 -22.958996665018844 38.634959938087235 -12.74888977227053 -1.9415709854160497 18.030551000385927 -55.74296842407313 -24.767020148643297 76.37603279101603 50.188240156356585 89.48148728222617 -93.3031649244835 -2.235284099677969 
-26.137893105098414 -23.69337409180605 72.91604044592 -31.170942665951202 -3.5599540228676005 -49.409616289132074 87.86976153294208 -56.27605932346058 62.22023944537233 14.474355101928225 -36.385801710099926 -0.8653885513187873 83.3466951145003 50.501577283262066 -36.8081579391371 
38.32510037325227 -40.79478665897432 -23.653686090782713 10.317017918989208 36.93584373022861 -42.06286732665055 19.245749222604005 89.55218028464415 -30.74451185025042 38.73325272298439 83.14335627183112 59.76913977090959 85.00632653465601 10.70613078794753 -85.63880674056823 
56.917656844197154 -3.3482194134824965 -50.27886153386236 -48.500307404572276 78.31798744184718 -85.38194458362231 80.52787935037645 85.99808109836226 13.197166354030784 72.89611544219915 46.72508693073061 -23.302661236507078 58.144988835187235 -2.385102023227816 3.4571506895309625 
66.22783277302813 32.47834817143976 0.8249743440639179 87.62805303645706 -21.689907931262383 -23.91392249362565 -10.946024412478891 -68.65526446303946 99.48715313235132 16.81857402060129 1.4131539536429472 58.94562680446964 -96.91852126929076 -48.30225504008825 -48.314046328561425 
57.03714027877612 23.44364765773736 85.83192186724992 -58.716411384036164 46.75766376840102 74.00299693656771 -37.35309410240424 -48.68329060778531 -38.97462280609152 81.8275641099508 28.283709469061876 46.687830626500926 -45.20796555305275 30.75474008611016 12.75481025684968 
-36.37622154809803 38.107734504587455 51.28056752021561 97.0955186877257 -91.17997599563753 0.5813906967444069 4.937881013951227 -32.102680702623616 -35.58905664155654 -13.485447398058284 -15.512019100319591 20.304901699890763 6.878751804291582 1.598802977452479 2.058756713400342 
-29.999192183508043 -21.302156675383216 79.67740455441461 25.931406889175918 58.886585481940244 -54.40762764598872 92.98411842811112 86.77614665430235 32.546414942333456 22.490684673021974 9.971639909284022 28.19815391989988 -25.741339233280442 56.581258437858764 -34.289197973817835 
33.19086761818971 -12.128792408234418 -0.26474820027272017 1.1869815394574204 -1.5579929270569153 -7.655433494418034 2.7382670772491053 5.438385899660105 -40.50076935082703 16.346828056425778 70.22857836358446 -25.302335435930075 -41.06900642440521 -88.40187103218686 -36.15957847252358 
39.3627651503929 -63.29876975735493 8.074830139228922 2.704796947218526 -52.69557604573125 -77.13591614118853 -50.43432103417067 24.751310164264467 7.965332790034623 -10.448513394256409 -71.41199111846632 50.898423233513995 82.4424831811281 95.97677122409326 48.1196080715132 
-43.33135607790355 -22.49798057244699 -16.61591383294507 -91.75105587823728 -72.21121537512627 -54.16237839783871 -58.17424273258389 94.73096450598092 -83.95664026051773 -1.65721865461326 14.269802606230584 96.31071395422165 -31.296755553065353 -11.805321432242934 -0.05602948089220661 
11.719107723750838 -86.74998030602181 -34.792797772721414 -34.87146647917827 68.17129032871662 -18.376486972610678 -42.76056947134277 4.316786364009957 48.49604623052585 -11.824986932582917 41.899600324217374 22.87016843720376 -57.528886113706925 -18.300749044475566 -78.00948655806232 
-4.220614503281368 -10.05243930147222 -61.11782003625179 3.400021180156699 -20.561910636004413 -95.74829591317086 -58.75919309272004 98.45069310981253 -31.71829334150182 -61.30639528811814 -35.51629004374183 66.40242765679116 -32.89220077515394 66.93850943096521 -59.921188556434025 
52.36166584395724 -14.962750858069825 0.7464315888947084 -13.629036956266049 27.184565562977596 83.74772947225358 79.74687243180944 -37.34068881632737 -77.12200324678645 63.950061367029946 87.00954531431836 -32.035391340781956 67.66679517547615 -28.576500504801714 52.52346952114391 
-17.52301656270008 -83.1059716828398 -20.522632903792257 -16.96889702907569 16.09273298205804 57.88598530635315 61.24453732205791 94.24160161282208 9.669495278594752 -43.24911094026929 -58.319972868819406 -69.43864130750464 77.61074460988516 -79.87840663114412 -28.508254903062593 
16.567118526065357 31.966485520956297 94.17916434137703 25.044437914679364 -51.74344344062754 17.795035663160007 77.3375728796195 58.26849975456298 -65.83718484958914 85.89537076109016 88.458682189929 -81.81497439233733 88.3115973296953 10.454884303361212 -13.877967118529625 
-41.57858678267499 32.33951034501359 -90.3649771398662 -62.280526424339854 -83.3225818409245 76.09629550548576 -47.31604146767621 -28.439903959868346 -28.852868675456776 82.89935384559567 -36.97833700064797 35.99575827029872 20.676764307409215 37.402133777302936 75.5616613343081 
45.23478806620312 1.1529515595622826 -33.35301848795302 -26.469629130763053 -60.13780869300622 88.57981561028748 -35.08810843177095 -18.91825999455581 75.95657195254105 83.67988282296227 70.37195117263059 -80.88870510638695 81.08823073879427 -30.292787232719306 -96.19696200044763 
-18.621996583298596 -18.03372123867193 -49.56084122784225 65.93822718548182 -2.9272426649857124 -48.516101589656515 2.136242079612231 69.48918258802587 -44.95544850242854 11.382230210535525 -62.94095966624133 56.25845289097998 0.06214705460654102 -1.5061219435369395 -37.19868841232148 
-28.40621600868569 -43.268220258906595 -74.87523456137276 67.70472143792307 -73.74212511881377 73.27851812198395 45.52760209234839 -61.59722863551338 60.28321102693357 19.592706653956355 38.860141681996055 62.504619290756665 93.78746363121763 60.198884478210545 65.66150503000753 
21.256611115154286 10.256890749627274 -48.25555352599733 46.583037446633114 20.91099291576846 -22.196257054474543 20.373695509108217 3.6072394143433257 -18.64786588130991 59.25965717432257 -79.75564966075062 46.83062386986728 54.61195656249416 -77.09555933794994 -64.00357359137308 
36.95120280287051 -10.975772537846382 -85.99536426539056 -53.33304475704554 -57.689874820914035 22.617012434268275 90.41330344111901 73.89264921189755 -24.105308585356156 69.83622177275385 -61.82939510235155 -7.7789417174080455 -8.468468363820563 89.00129721477941 2.7887604708649576 
-42.63608791821161 -6.421585743831315 87.87539809370926 44.21230420546047 -5.546495913125057 -95.04324673100703 88.83901817942831 -59.07882101465538 -68.65779167052193 26.514490686252955 86.38653054173011 41.4377635481641 79.27395115002881 -21.632314862139523 74.62442524470069 
-64.8683005065514 3.770843045589544 50.90962166991534 -86.04734972580643 37.28932012435638 33.199302895268545 -79.83119237935995 -0.609310774015043 -1.8714713229417441 -94.42920600179549 89.3254591423586 -79.75964024051041 69.73128020325768 -15.615076819092778 94.09602104598574 
13.553848761712302 -23.27632221743545 29.596171081233734 77.2305578902428 -73.16162578918505 -98.70814281616677 1.533168390952227 73.93874201972397 11.263075748061695 76.18246927493061 -55.011894379318015 63.34444262093882 -22.145373061541733 70.4385628479605 22.199772669550484 
-48.76321284095406 -46.62152909521935 -96.46527230632513 -7.7235841573785535 -30.722426337805047 -64.10026839832497 -55.93132608218055 58.521516965771184 19.579815932124873 32.40726712415446 -31.37119908999624 42.83482869972087 -77.47538948586282 44.3051486689624 60.99780990465072 
85.29751580371266 -97.61972674437946 84.67668032415483 -29.265710584728225 -40.309447059472944 -17.505293564187625 72.21720063360937 -9.736300076081974 -1.369545596035067 -39.194947687279495 -43.499263302530224 16.621798641083174 -41.35144257757886 -8.221276833494244 90.13368956767044 
-45.255687323705196 -26.69693442458467 -73.39538765040649 1.6989767882915174 12.102618485979548 -39.3664812069644 5.85298822362283 18.791901500118115 30.986699916909174 -48.48619380096806 93.03068367709128 32.64383248324475 83.63743022655746 75.44052480234453 71.86698507763373 
1.33527199691639 -0.4716751614958383 84.83370040468515 -13.52388177281874 -50.314850147182625 50.690410525635485 60.194028386522206 -24.289070615254715 36.93948690669359 31.724560691635816 -31.514356900337475 -9.932386110099458 35.59600184352519 -74.29634477290585 52.10375706408965 
13.138119217950944 72.66225028555397 37.750825774093755 23.2571899826375 67.1952112110479 28.1036159570113 -88.5733042382872 -28.867964099502046 -19.498364039226402 47.70980920288429 68.53437504684612 10.67785240633006 74.36991731452162 12.953621270215422 -24.164928867775032 
-15.194066855720806 20.023882871905414 21.148951664468086 41.72647837558185 65.4985964157816 -14.707426198402658 -64.56363184477014 3.5898253703332728 -99.12865143433685 -83.23351759502012 -62.97519240172795 1.370842063635692 0.8171982837158254 -58.05445031689953 78.96182275351717 
-74.98474213801829 -58.60218923059606 89.87149813046335 87.0749787449769 -56.179320221133125 79.49732027808935 -64.89868380263479 54.84789008417357 39.37569647125517 21.047022573669565 24.209542207127456 14.699085908991975 48.381905893909135 74.0925624490728 89.4166598268009 
-62.189899463698865 -27.330035907327016 -16.283651847488613 -95.4127716497266 26.283927818806262 -30.769662542867948 -94.58706499237141 -53.61826310892815 -42.21250444108697 -92.17186982755243 72.61183891726932 76.44759588301918 -95.06544166203739 23.315772033477145 1.7734489421352038 
-23.488976804407642 37.5414598180723 73.91868330348518 -74.15252202442362 -90.10027402689431 -99.65026727155637 9.601555674105413 73.26722481667014 -10.369682140343372 -34.613366116016266 2.2879306991980854 -87.58214211174855 -3.653276862998055 8.0416322776953 72.05031226878648 
51.27099017175931 -71.39208887447764 27.90121058107225 -36.174213396466804 -34.18908570276784 -9.239747350507741 -64.89727606464152 -41.59159677328239 -25.735151283620823 40.650059921797634 28.286656681436057 66.51332511268384 -10.209720607033645 40.20715167553982 58.18425482256566 
68.71208308185547 61.88379237866246 7.656444178789144 -4.236422574103443 -58.881270994278644 72.89949687104163 -34.862880355924105 -67.70014508560422 -76.81568049309568 19.03186294750097 17.862652269502476 80.53401096789764 91.4513211702538 -98.68649781732466 -47.403442297893086 
0.7423994810664851 18.341419550080133 48.84058542847362 24.444280646525968 7.551717435391382 54.29753645469151 -61.99234452402407 79.73412892855214 -78.46494838683424 -32.006512306980795 -24.633709109801742 48.58509312178927 -59.66031557698148 -47.88704117504725 -56.99871185478826 
80.93375660446782 69.17146401986255 67.79404904227542 -26.521133336865788 -29.71252999332583 44.770003962751446 -5.776128440739228 96.73705723769342 13.952063522594756 20.831735778546417 88.68774870435868 -32.009884861119446 32.51771666219466 -36.298833220288195 79.31642610995604 
17.738733663841998 -30.88489160965655 88.18931699376986 -60.69376687225556 80.92277044700134 -39.64202928238407 -38.86170573906937 2.9565109525621125 88.90955086848405 13.216884410690398 49.20802531566818 -98.82373541684375 33.31247914699776 71.26882305567244 86.49919234109313 
74.27572720176153 71.60760359453286 82.95739650712864 75.11153708386843 86.62611614340327 -64.83547111350872 -37.02385175270999 -24.828634306053317 22.040558570966027 75.78830847313696 61.95981972039638 -30.464162865935336 -7.435692479005709 55.32968430729875 53.87636607627476 
59.84327098193944 47.18076399199583 37.911121141264886 -78.15022895288604 -16.84901477578893 25.248587741945343 44.078425577733015 -5.425071644055322 97.59043504926092 81.99720181658256 64.42235155482697 -70.3627309598856 46.88310775589022 8.150875680953632 -33.58577026092449 
-52.36846882325494 -76.96939512852848 28.333549443063617 -56.08732989559206 -64.36502347312336 -13.247386171109369 28.689440290728697 12.673502092304886 -54.94286496981662 -48.078610060688185 -74.31120305834864 94.2460833015609 -38.25273140057153 74.72128329817193 -41.395303578771305 
-92.18737071301462 75.69595268457451 -9.234347717230236 -91.38405931164122 -39.654698076209094 68.42863788791973 86.20244005815479 25.17459992176066 62.21838989520242 35.01273655187319 -47.14271793870479 96.92309652964067 -98.60616515031073 32.53321377308387 4.207122742777656 
7.58382263772377 -73.02345357580668 -99.22709193472454 -76.16442503072993 -63.05624118443281 33.49627635350393 88.51824376947854 4.493244591757147 49.28423575625766 -35.89492189585668 -89.9537653886664 -39.84497296379273 -2.3981070306395367 -90.83488429760251 -4.025625095096672 
63.53730152023627 74.15919468013149 -5.964995025026582 -30.969746266439046 88.07204932961866 27.941216432570414 77.74982777342333 9.886959958552026 -80.42074764386768 -77.95109498806248 -71.59220375964033 3.628914501558029 9.035513542824418 94.75927872471573 -71.92239981179311 
-80.58656706982333 -13.66736825906112 -5.43195083825232 -10.325916392955591 -4.293145790902074 22.15580706488413 84.56065500115545 18.50708031563599 58.56953217904706 51.66062955643417 44.63029930994094 -79.04980827231604 -18.811860853133354 14.352493662418027 -86.03977050006819 
8.550547370000032 -31.911503304398295 96.27937120739836 -16.584919531066163 -0.029914688513812848 22.725777771564253 -61.69011878426587 -44.5021225312102 -9.1139366905102 -45.92315299223977 93.14850042840985 6.772989233646626 -44.649834284273204 71.22513863129487 29.28484814592923 
44.7842682103969 -68.21866219302342 54.371614039961344 45.988615878117514 -36.694771256714006 -3.2143585605397362 -30.035770572699235 -69.29340918576636 -92.99271198310525 -33.925429621011176 76.37957475914027 -6.918962213711893 63.31079412662507 -7.8201187779934 -0.9667613016117542 
-21.144827585164094 56.43160913004962 -29.86317029645862 -77.04566272070903 71.17624033194423 22.78547873113412 -0.08301810253441033 27.5353584806074 90.19479347968957 58.15508709235607 50.69052325812848 -52.875569721927526 -66.61464012537911 96.9544512130532 -41.67588216540486 
67.91912863254453 19.17751683620648 33.29886722586656 5.816329972907113 -71.26112728542947 69.92830365616058 94.2791282068979 -37.085482185428084 -57.49335903647641 45.00297307013946 27.264045751913415 -78.3259443186731 51.70816675708659 -67.07406344441264 84.33082517903978 
27.41724860434003 67.79843794856691 -53.70555206601304 88.39701640584397 -46.70856228838227 43.83043777936774 6.694727619895119 -65.39358295654083 73.76198626785833 74.13299117338019 -88.26688056470402 -65.04240790466372 76.38254597742682 2.9248630187516085 62.0580271873348 
-25.102846877527355 19.361044670424405 -83.18878760882512 -92.30931810431031 3.474758913640713 -92.39810783552554 24.6803083983892 59.96183784464509 -10.512170103595338 43.44231383955088 46.22420534220393 -84.04912156106504 22.453628607689268 -64.15132139772538 60.352992500935414 
-45.48618752224141 -54.50230875162987 -98.58591124909846 -13.657183257860225 60.561618172315605 28.570621789420727 -41.49655914224655 -91.3528837964299 -44.21301309323593 -33.75981479435919 -33.984615791735735 68.9490879189417 -66.31984239044324 -36.57050547960312 6.190171520192877 
-21.643870740252936 96.23024418278942 87.48440505380788 38.34115340383383 -2.4784732910981404 60.744030150053646 6.927040513553038 -68.74853443607401 -83.5611031580413 7.7171586536383785 -35.39886996950756 62.296787737214544 -25.483562148718235 14.857810617411843 44.48765167230985 
-91.58509395273731 -93.2822386636069 87.23902566240136 63.666386049946084 83.12711514303143 -64.47797884568357 -86.46592187054856 46.753272556577 -62.24827274544103 -48.705568151494695 -21.92743928841041 -58.1484050211331 -37.20044284604709 28.811547292245876 -19.317969324281364 
90.40904679615488 50.250448267708094 79.43470018557562 -56.428965296778564 -49.01138430392815 -49.21453121289818 -17.24176634321924 15.01557892524849 -22.0612182102456 17.3638118526668 16.906639589953173 -73.97455054876241 13.734092806674283 -6.063571907052534 58.04220047687994 
-39.56373693964756 -75.33648092134794 -6.086172656187401 46.39108708964389 -25.473046401902195 -35.477068129596205 -38.482363784250474 -51.44876823163806 -83.42608736619505 94.28842494780926 59.045521248155865 1.7959600904686255 -21.90756867362562 -73.57657835996064 60.608879364354664 
-67.95029504854054 -68.06910361245492 -80.6136800828235 -75.45558878088185 30.312382190617086 -49.698885614255616 32.617132898081024 -88.51385566611665 -18.1668748907951 17.11730332236641 14.31039090835695 -36.82281533703646 19.01359003412321 11.793622666752029 -30.375121046083038 
-84.71012448421686 1.0012174119435713 28.39827212394934 81.49618623142916 -49.004036753979264 59.58355986725209 -39.47899753392685 69.015597705082 19.863392301855768 32.192966513381634 97.82808401850937 -56.62253522792069 -54.58237526581782 27.10586754980953 77.82627518803474 
42.26045550847044 -59.18355527510934 37.16494794066233 31.73951643179359 -14.368757862706332 7.749369361318543 -52.0104776138018 38.324194991358354 -34.19383125221003 -94.33191145785452 -81.04747677155022 -37.18556641271049 2.275627057848695 84.63153646196747 4.70968637573111 
-49.532824847060944 -92.47505929462403 -89.68878050769928 94.59119728833812 -63.4468545349969 71.1764902536371 -38.297384598974205 -60.442842208874346 59.23974363655202 10.947536854476596 56.36138004972992 27.054382926194933 -97.92316631695101 -85.72439924324658 -35.6806169496265 
82.49197866503161 -29.97575982763732 -20.48040365234054 -37.86601357438955 -12.008530962004073 5.683970664046939 -93.16981284346993 81.49535522675743 99.46472501420894 0.6220366758366254 -93.52574721352171 39.668368294616386 -13.173353590819573 -87.06324377844096 48.970240890021415 
14.537090205297261 -45.08906093488574 -48.20679095721001 68.63800657350981 35.034702330034605 86.41206887829415 90.94132318858038 -49.27621689883874 29.132195631156918 -66.87964366459629 -67.9841113719213 -65.27564638612584 -30.617699006639683 -14.555033334547261 28.98485020330378 
-98.75075615291726 -27.852642246375908 97.9225683748887 -38.45720638040224 -5.908125460215999 26.21084976627081 18.523867910633655 34.5138540480539 55.518885996319 36.60503527920011 -9.940380464944525 -25.084869376213703 40.58347048572213 -80.17748903706644 -97.67056298771197 
-6.15105640687004 87.70304341711778 -6.678002812798226 -27.58642062964809 57.939936767075864 -61.034839524560326 68.52160641054923 28.198696349919715 1.2980728292500316 48.91908085178531 -57.99688063470769 -89.48304444273198 -3.5755052926451043 -92.82288744733465 16.632889458339292 
-0.1985915119739161 50.64906358037118 -24.65222362326014 29.153948064420433 -20.81266633158316 -2.6674567261668187 -13.621338147487492 64.5221078657915 17.328560101324058 55.86278984613821 -15.370963320670555 -7.570120022478392 -70.75733298151057 -87.4560756643047 -65.73207190283745 
-15.01593979558858 5.94503978484309 -50.83962546251848 60.31269007414562 50.04482890395238 77.01414267641783 43.2458162395925 -38.02446626246052 90.53540558742014 -16.7605419066561 -89.37830854676534 76.68984411555456 -59.68564090178601 -97.69287827692683 54.280894121334654 
-26.61385347633815 49.34797681115688 -93.34610073896013 43.89652842852274 60.00344428801367 -69.73048521972362 -7.9069679113893585 -92.96174246281682 24.087802725281477 86.86715064199933 -30.64812264306329 -45.78533993217499 28.87913955321517 -79.7310109688661 -79.41024833044727 
19.521663071770007 -43.97392912824569 19.99122750459601 31.67253158411455 -28.733291809443458 78.67763496527479 -41.37398797053249 -37.83049184950313 66.34865964533941 -14.507069430846585 84.9896221538539 -2.048191858066133 -53.1241309896546 -21.828234342137236 77.62632465990205 
-67.29953015530424 -24.328137645897385 66.46451090984303 96.13923845175933 97.53418709572836 51.861369446794896 27.648300051586546 -37.00020436303297 98.76807291874658 -48.46197582289027 -4.3220977416001745 45.04714726746059 57.359636561864704 -46.6027783440635 -80.19671466250777 
99.15483370868088 34.30359342500185 9.034067309192679 -76.94660556571733 -82.52092520842913 88.16961698804096 90.58280560034294 -35.23333140150244 -30.554255301173256 -84.0079543703957 -82.63876365712659 -18.218875265394743 -4.142996928543539 -66.60631021881076 -35.65139595556161 
-37.08134133539356 60.93262426377589 -81.3876142439708 -3.9210016798030694 74.68018675056277 16.395165903784317 -36.4628021133514 -9.066845520151062 50.18675713144819 30.64651126169028 83.01713217974606 15.709764280587919 73.21975145462304 21.780096432099555 -1.6008107892142363 
6.201211540078688 4.33711251964526 -15.212033362150294 -62.01901091495192 39.097514176931554 -6.574853957819229 -74.63284746936645 -93.03306294526324 -84.39667669037212 7.6306598803977295 -0.6407098061760337 -53.68686948276667 67.10791773764987 48.11288383288195 -89.52776855971169 
-87.39698068801431 93.53155045800895 10.165025604124153 -17.308774565132694 41.77083652289937 -45.722419861973165 -67.98252266377358 70.10278780260901 -92.93087679178763 51.302512255070354 -38.69803712877926 -33.16387148491033 40.18838755859201 84.07172547345965 68.24565120142023 
37.464434296763926 -71.62536949013882 15.108472740917264 79.47242575393437 51.63995720582378 93.75792250092061 56.80650966771091 13.741316042535502 49.1892432428148 -83.6187399066514 38.268585229244536 -49.6400195261492 -1.129212293208525 -10.698243587204175 -62.698978486113454 
-6.809498065912308 -25.647269212433173 -28.984937393187977 -62.94893493047395 20.76871824135283 -69.2704091018624 69.95257413113231 -75.13809622081575 91.54744486832084 -79.38195122637953 20.151812639362404 47.198514047247414 -19.568154917171384 -34.5977622431852 22.7597448742696 
-84.83248583884703 43.725620418856494 -62.94983992300407 29.031550332421347 25.41659770027674 -66.6196415155554 46.620719346168016 59.64807863246247 53.825573409381064 93.38348290597662 -0.044124602784805234 46.227941029134115 97.82094580256958 79.90947838520952 2.6922906573020953 
-11.241102127397625 -21.110073967418046 -24.637828349109142 5.793907249664372 74.44073720632863 52.159687606976235 -91.60599537929821 2.573068707003358 29.90707741152889 -16.7260515342184 -57.423748499184214 -29.672214423431157 7.780875057679964 -34.74747111738709 -90.76949816021771 
12.05801009319589 -72.29219593453358 26.65449669784357 -30.06765058616874 -95.24474837736162 9.950361079222333 -57.877917660111876 -37.32898461550893 -55.890500006543235 -80.91940523589811 35.007571447235165 -12.618260361037343 -83.00239898005867 94.58700874096172 11.58904399159924 
-85.47437817398315 -12.225625142656042 8.99760232921885 -54.27487697845652 -48.65076297411524 -55.23850571643458 92.05162506938188 -57.069833698150084 1.4450907292701203 15.683071800233677 58.20522803924021 74.63344178671497 7.830381716872225 -76.103442364426 -63.434316331113735 
-31.577459741103937 44.27867916968552 0.3385372117355985 64.4864122001776 -8.1513623360145 -59.93298456590941 -80.71484128587323 64.1269342885821 -13.19837421546191 -9.583548796071838 93.73015205313567 91.78299139071675 -35.083491847284606 80.84777817398344 -1.584212574145809 
3.9840886152229302 -3.347325937283159 -63.61068134929513 -57.82681867577688 -67.18393675077155 88.66655958544169 9.56490967539358 67.85580194214725 -39.43496470336132 92.27401089861175 -41.67348234199149 -31.935545969895145 -3.115247900342098 -66.99043816169745 79.05021981257696 
-1.5893805493069095 -97.1458883779045 -86.31098664727051 -58.9970607373139 47.8174815226501 67.53122964170868 37.84206131136639 69.55155949656628 -23.658180668034106 -33.622938884351086 88.76684649172307 -51.53846771842667 -48.815796182183256 -58.989637239092076 39.965609963549014 
-42.0132841475928 3.2925750427094727 -55.864645251475324 -55.89302936310896 69.8358631428874 47.800238124576424 92.41778757559936 -88.57244085555105 -15.022711771216322 97.8999296692692 -15.681453258513628 -10.291681041838245 8.816752343663708 81.3782807629913 14.892071342917518 
77.2458572452851 1.4205167886896817 -93.02608039180129 10.691192548935675 -81.18954745630687 -47.59093472019005 -26.069955792813687 98.52780720729143 -71.96808199154007 71.98123670380488 25.278628778810514 97.37201980348951 0.46973999671936895 -90.44190843087571 -85.40870702198107 
-25.548561180580464 -69.37583019862466 59.0015416985776 80.66241739397273 31.413824024399247 83.2644104623948 -65.03745602378342 10.800373567239902 7.452772170724131 -79.02388984418337 11.200299165324552 -34.9969698108284 -36.02162278362315 86.29109970101536 -49.93165568961424 
28.04916167101311 14.809541706513428 12.713570967820658 -70.04940612691718 98.27894500959832 -13.586240183256649 -56.247147592181655 -64.98294476859084 53.60146439851161 -94.55291075348904 81.32459885020705 -0.01955846567254582 -79.20174420393609 62.425492382135275 44.730731455575636 
16.89433384708991 -97.94793447546088 -5.523778910013391 52.51446425093084 30.851216762570942 11.712794802846389 90.74441274262051 -96.7222604561087 20.04554470188735 -83.20777929603487 -69.9820461626506 4.993171556197936 59.07880026614501 -26.047498999617844 -23.454733574066196 
83.06922783035151 -79.70842738445336 13.816941014940753 -14.759143333614318 95.2361009746241 24.410820448085374 -82.32943424332255 2.6369971182309513 58.3362800451645 -71.021270951991 97.10630105280498 -99.32159701231139 21.736730415715527 87.02044223111312 17.934584022924298 
-76.5289015136795 -82.5354622690341 10.996495957465854 12.612792367490755 -93.46627454607483 51.45466183170677 -85.251167832795 5.61080066105248 7.366521003210551 63.33510631238744 -35.13870849720317 61.65857773516444 58.012473337190414 9.89788912257265 60.34587656804936 
-90.9986502766087 -68.61189240317636 -30.87405509920474 -97.30399295031714 6.086508647523914 -54.79960961876677 -45.53356060008753 21.011114155970347 -90.33048692569052 1.3041037027384732 35.98204312814596 -39.74261896955409 -43.489379736155634 91.27835676226746 -9.941995930194977 
-79.959207754193 -50.50077008032243 17.83630961615455 -30.216607359979463 -66.08866457188307 98.01248330878678 0.2619576304156084 84.80226377718287 -98.73022634446417 31.816499942310315 68.8787516846835 32.93875656582972 88.7727399198543 63.49386310992807 -44.40790112977984 
9.414907064353855 -76.85383331963374 -56.38662348085835 -54.45166495692653 -31.737252434240546 -52.783292364510004 -62.66318345265067 9.920133731771358 60.32332540408987 -22.816213859702742 -21.640867925236606 23.006482305898018 26.032069959301367 -82.72486601440781 75.14008131655342 
8.355889418062418 24.90790318728955 52.26798142269459 75.41234136651477 30.139322576999746 -54.00069630789639 26.39305297220531 24.88638074429197 -85.61223987552857 -6.737526159582586 73.88972848621748 -79.00850955423493 -28.07668140492285 66.8663262109454 60.14778147564243 
2.9473542225764646 -67.30930361482055 -83.79765384071192 -92.93283831482286 26.911285231312448 95.85203154593941 54.68391697582041 35.871937923423786 93.36326512354077 -18.066643256277317 -15.736329920646597 74.48793456743888 48.41471430447194 80.13556620709414 51.65920269363073 
79.74123942349638 72.47782986328448 55.651044500133025 -88.72514232742404 -59.73404347881544 27.548583330354063 -18.76439977146748 -1.166931392024523 24.244383151596423 -88.15573794760998 50.17264881111333 37.87768379870113 63.86762871357283 74.78565329785641 96.21209967773714 
-67.50306561711344 49.24648806491899 89.6347655568409 -43.04642437768011 37.43516803238168 29.1732449436536 -22.718664184695214 -52.35340444050118 23.16409288895842 -98.28618496291675 -39.56999407957091 -83.26729539909309 -68.13198205697009 -26.459957551097773 -69.6221445101386 
96.69163518542706 -88.72487640307116 81.72111581542455 -16.438830292049204 3.5726273179298005 60.2857356137321 -18.510812597354743 67.24217976916876 -46.98091593100706 53.007053423730724 79.11724877400098 -99.40415515706695 21.603060695484615 -80.05400976334388 -68.46757963631975 
36.12577827376643 73.30183632106616 2.1374781742912887 -47.97101104343098 -6.624774279265623 -63.064041032808404 49.17701787343944 72.47752405911976 -72.47678392228873 -77.1717697940669 98.44382481553433 -95.82283882314229 -45.50018902237323 16.957455272695427 43.694790315621304 
65.41408671996908 4.542615313674389 -37.88175287108382 -34.19688672117243 -59.3871267005573 5.241694367259541 94.9145858399142 55.25115259286116 -80.14377812647606 -67.7982223792207 -98.36947647699421 -23.98063038790697 -57.13435463747516 44.37135094741953 76.23301223789667 
-43.28695180627946 6.884827274282685 -99.21321207055168 89.0054093635346 -11.880069359881972 -67.49190491197069 85.7601245260187 -72.70236913256491 -32.08644431305909 -23.938549921618673 13.129507582744111 98.3764977536984 -18.520005571858505 17.740773277284788 -12.97095830927961 
-55.742820985553806 20.819886148777968 -87.90966294783536 -58.24291563969475 53.159909160997216 -60.789267345095396 -28.2471473706086 98.03817504645116 -87.03259535631034 34.823599332748756 18.97971162896357 -47.71413114790124 7.4609021787118195 86.90986775815966 -32.21257602619643 
-18.39536281242742 -91.27269230154249 -82.06381749342601 20.366045589203324 56.99724391849503 -24.55914588469092 -43.34704627239607 -41.031201908516124 21.78808406348452 -94.47735531839562 65.55904861677013 -80.12946753959085 28.974857701751716 -81.06487514841191 55.02146091228735 
-17.304835020558087 0.7134764160280866 93.90387379601168 -88.00307163492928 -4.468266321567256 -46.59367055619386 62.97065054865013 -16.790120712058638 99.13650639233117 43.18562645667686 4.385743561953163 -18.97532300006486 -46.55181392089498 -27.54917182997019 24.54783493778521 
42.53721838333678 -95.40189134664791 14.59300899318798 -94.49006780891689 23.267674000211656 87.20284342299439 67.3679438613259 -24.366116514342636 53.15130292858035 79.10700801218664 -56.41818725703131 29.346922104639503 36.26744668020828 14.778566415247354 -27.301654763382828 
11.869360996586536 4.022805741289886 -4.039104708569141 24.39904113693916 97.91599073780685 -22.619793277757367 98.39852065438589 -96.77112743677014 79.7139008745429 -14.879120107732362 73.50111716568259 26.178801949255416 -75.18149136510009 37.39789938004179 25.536507189923057 
86.59373728045156 2.0639048201446 -40.745293493833486 46.13319996396041 12.943558721865855 -36.26071604151875 99.61427621891136 -70.0840721223247 -10.639663278866678 31.240650705149733 -54.07721933526348 -21.501851370341953 -39.00205368782559 25.802385068045396 71.62070459218475 
97.02335538907923 40.43220407265201 36.074919613112826 27.488621943567182 -21.75142572426232 -30.799530549803706 3.262863889855211 -86.97335367817382 37.522170089826375 77.05752173550928 -22.8577459736712 -60.91070522221318 82.48357913170477 -77.5142914019123 -34.26549855271746 
-29.66171025724921 -2.0263999004945816 -24.923573612939308 35.940255369655006 -4.8737880653462184 86.45563766350634 -62.31889869582658 -15.986153522009118 20.753097624978253 40.501745459504974 -80.46949466335809 -72.01499819749775 -92.89192120092522 -21.812252858512977 98.23112802254855 
62.42548328702952 19.886407694638237 76.51864021166821 42.697051586878814 -35.68441686442296 -7.610815382163793 -57.927521154538475 -18.10668486534152 -66.89147307042637 60.38410187305374 59.348195201734825 -74.06617877277999 -91.05706554283958 75.34237964592967 -67.5999408540732 
65.67678945144965 14.925300903391843 67.79264228403665 8.965429072410387 -79.11710210865107 -80.97269686498083 14.157519209516138 10.559811944676937 15.238153777380404 46.0805641599934 -56.68694365064544 -8.397563412101178 -55.48057359785532 72.60350043141966 -41.47580016513381 
-65.1760387911108 62.495780948394525 -53.324894579547745 10.635367559399427 25.399789805630775 -40.60616667180938 94.95275855070861 90.9842949895762 94.3440156615631 -62.420028870485545 46.41636006292262 -67.38111572762016 -24.69470763667492 38.54465886507407 19.113150660724102 
-43.521944989410066 -57.59624185441745 24.71224669665972 98.4647795330387 -70.63138655613429 86.04725087795154 -35.72823149607498 62.40694947571063 33.301680656804336 -77.72948429531846 16.073664040036277 94.52768005632365 -69.03526784311833 11.787452888402953 -58.63067418897978 
-13.487820886383986 -49.18252934007619 99.73664687484037 -51.233989558239344 -60.877384980831614 -46.49227221275305 -19.484613346789416 -71.09152596630196 -64.19069556895596 6.675670506274159 77.1666762364159 18.709910674083858 61.2115243575721 18.183209654275714 33.02334316184488 
63.928141416018434 -82.66850744163781 -82.0486117330268 -92.52787846332562 -55.96135751716162 27.534046762590165 -0.1138943649526567 -15.096236335691415 -87.16481285647998 -21.444553040270904 3.891463627056339 -70.62620177757816 7.5805587783717385 -11.40904860460219 82.97048385063817 
77.7148892897824 56.745320346216744 -83.06787379577834 44.291946211460896 32.612062843103104 36.24248120377683 42.17416384654348 -23.606128710789392 92.41541490418376 -82.71016882331195 42.60401662668218 12.900733400234571 -39.06350738805126 -78.64596611738703 -77.71345318365033 
-96.23928094522638 12.738045850274872 73.76014514337567 49.50373025254237 38.49122291798338 0.11270703837389817 27.43721483007387 27.287356017032167 -75.74530190116167 -93.2862877759528 -44.05681994798274 -61.46795622334247 23.744567281570994 16.405134723900744 48.838143403144414 
-5.283677206404988 -54.19060955443238 74.58882749435091 -30.038257759811344 76.09703994977988 -88.17053138672864 -42.68216934191731 1.4647005217778997 30.234146184039105 -31.390688506082952 27.84844085893978 -92.3325987048648 -14.136752533106318 27.56892893280974 -32.6106523484077 
51.0041861144079 63.89720930518067 -14.709556920381488 24.750191122363873 72.56044049480127 -37.859731602479286 88.22940860783964 28.51342812809534 63.03114244722681 95.99355539468152 -39.39648475549122 -92.50836904105257 61.52781949590985 -58.60568230065919 -43.27690282579535 
88.68187116268464 -55.28940992241071 -26.985464215254183 15.00865430468366 18.36325250862845 -99.88392033781999 31.54896334627199 -69.99900382294648 63.06677870930511 -21.234289304147495 -85.39761739100548 -12.283635197472236 2.167033509239431 48.3476811419238 24.5115189453756 
55.11973134772518 22.05372271381188 45.768898564944095 -53.7901879379914 -75.86748990156885 -54.819132022604244 -62.01348444477228 -6.731475505808433 -30.960221985179516 69.54523633890412 -25.299795508878447 13.540067492229241 56.15856750894369 -44.94513394212234 16.34575505054086 
-13.768346317842273 30.70907512133033 34.82602801086199 52.66251071098344 32.588528054251555 -96.00937674878914 -66.26622819154838 -60.23595775996897 -22.102028419836287 86.53023323974011 80.1828371118599 -50.67396865433784 -59.151454738059186 73.89819885674558 -98.1330067016799 
-11.377358355108797 -51.48849144298659 -32.526848371471345 -30.350842301960498 4.79146880917196 -45.30792539725339 -45.41405069514097 -11.045347295095922 -51.1210265584499 -81.96169063947572 -99.45625779466482 -65.20819523409915 -81.43697577549747 1.0344373979019252 36.5073667187107 
-33.21025609910579 -5.864656957097125 -84.85044568109541 76.12697939156854 87.57374475561707 -46.65807728060165 11.599514450880662 -57.692319336657725 -7.970168493725936 82.5341597091936 19.989886324122153 -64.17057023474877 95.92828998098025 11.92285146103788 83.5197498483893 
-45.5537213334251 -48.947239961029524 -0.1786965889716754 28.857998926917418 -71.4486978833041 81.9889649852399 -56.51873620646486 80.44283675599434 65.09621641316309 75.6838153839779 -42.21033777356491 -87.8083966889532 85.80178428906308 32.22287331530808 96.80517095455073 
66.20511831890471 47.801906273840075 68.65997477455491 -68.38404581116501 55.53703425035644 46.0747411041167 -64.72194172832577 61.902938109748504 59.43300016153657 38.828851463984705 70.78463824471035 -72.74820733971754 -42.55156722659772 -96.37518639725369 23.617066006124873 
13.872711732450455 -33.86035771029263 -52.67121868109881 -1.8541816207838622 4.284504235806438 -77.56605525899033 92.50302963971347 -8.334468914209637 -41.06936604693736 63.38537769053275 2.301114059014921 33.86031748906467 66.32463971364965 3.426892401127617 98.95265338534193 
-93.52127651709267 -84.82874760614851 -48.4591516879818 18.113350927836677 12.646925406756182 97.50818555382287 54.71596756723403 14.837556379601608 67.06817773894954 64.63832920795093 -12.686655250651938 -96.67428442509787 85.6211938712998 -92.08485274801954 -6.259486806197316 
-3.6941528414353684 -36.07037024824178 -33.36599748784809 -3.395563548080858 23.39202809495879 -79.95013660983123 84.80890719213536 -74.18857031875537 4.11071902888844 46.25944397711061 -56.21090464660499 -9.115678137030088 -76.245713083304 39.738551769294446 43.64790101491184 
-82.2184358726432 -82.43096407486128 -31.689103128380467 87.66948619992684 71.82464404800572 48.238115394548345 -98.40864149356095 -98.5252858568173 0.45421061421716047 -13.84039652723439 -45.57283797007119 -43.13596750561537 55.603862007837876 -40.392271723310344 80.2869758878048 
50.70040148369037 -84.46710588213757 -33.166905792612994 92.81892006543083 98.40838002706147 -81.32232612453771 16.289256519330664 70.9323748902365 -87.24054166902924 50.53074469859922 -47.03714481692778 -29.023953436519093 2.38965752008653 -60.24445327891599 -88.97766591051428 
-82.76831208204686 34.31638884925786 -99.90845000467235 -35.732846583244864 39.64208155395886 16.81403722035006 -5.476592139122033 -11.980179224275233 83.59868004352194 80.43616972044279 86.14246417222569 71.34664892581173 34.388189960432214 80.30479107948042 19.44624877250105 
-31.351050945435645 -89.40730000816623 60.89349062995316 36.51835246054125 34.93743527786148 -46.79240277167946 38.74649486397095 45.48916260081751 -31.404653104315372 81.52256556828712 10.985689890609223 61.27740293228419 -49.82646822184327 9.413021011485938 96.3925838085012 
-7.363913143384508 -94.30944053507287 6.207027940581568 -22.631141304900964 20.956463109192498 -4.8140869724607995 -24.055273904874326 -31.565807423168508 3.141085391265193 -31.011804172002087 61.83015347603785 29.002912919730306 34.72566348846155 96.90034789371882 71.43590013946314 
37.43473042943364 -40.156097648190766 -94.75231923527025 31.940662283090916 89.30502363138675 -16.224987765410262 -92.9883142982931 20.411942318816273 77.73172548974301 59.058138235768894 -12.348652218832143 -37.20102484110721 -64.38313242431605 -74.62420123084581 -38.54854919080735 
-48.74329156611841 45.206724284714 -46.59084780628082 -22.04973970527398 -93.18786078821945 26.81662301875636 75.47298959925246 -5.785951188573165 57.340023577491166 26.657232127136936 42.00764600806431 87.78191902099155 -33.71550838387947 -90.67276291134525 4.733176208006114 
-63.620382031807665 48.83096749462777 -4.433416144924806 -35.776521132499695 50.784404865449915 46.690733558452166 -1.7307921763315903 11.858059685519436 -78.13860413838407 -93.09201950420052 -25.348263543188594 63.72555298377523 80.26690053060165 -25.898925399457838 36.03651134888415 
39.02374155741268 -19.58770341722102 95.2755288662791 -38.52014085676163 51.303187962799825 -76.43240505358793 -46.07218696620774 -5.460872262657517 -59.74028328668175 -8.658854512746544 -94.8729804312964 14.726297808647033 44.608078710160925 -40.7661296778429 -36.74009741311599 
-37.8177125996999 -49.89833015520622 73.65327567076585 -79.59906936076774 31.789893672641284 -32.374232449189776 15.317639325613499 -44.73860631124125 86.35584867330164 92.2240182380778 45.13904672945458 -6.705726655926284 90.05330194313188 -83.45918163804348 82.58449680538337 
-55.15553954263752 -98.06631657644812 0.08403676200200039 51.563599547411684 -64.93839596322488 13.354060112610838 -62.99580114148362 -60.47012440019353 -62.76079797161631 -56.78403897349755 21.590211031430556 22.609450179584556 21.00809317648931 -31.202914093267893 59.01984306664866 
80.30118643510593 -29.111280265739993 -35.569196727019545 56.3391919424775 24.511500847584315 -64.68303917325784 36.43598613557313 -62.149510105536734 72.59890884380494 -88.6754140252389 -56.0751429670729 19.071164445095363 -82.23932950406525 -32.4130569810505 -79.1149867845684 
80.69771007300028 97.03084241129076 48.93618055035057 74.797250784601 78.95892903663542 21.566848704920204 65.74665765437172 99.16471175035468 -42.30739761701416 -30.935866665802465 9.499091160556048 -30.12960620313902 96.15046722971684 98.5812751382334 -26.155611153668247 
-96.01144164044702 2.5167268277088937 80.19707295259923 -31.18804879489052 -71.85825047662198 -37.978915501946005 5.44119994287729 -65.17357496756561 43.72569464415099 -3.8679447836481415 30.3577363275065 9.173072231745081 34.31602273541503 73.63764170861788 -29.21368169762397 
-10.997971835331938 81.65611057853624 32.50256495872404 -94.15469686753543 47.03149537017447 -0.44868019982892804 42.357541320923104 -31.372588069663138 -7.115652300369106 76.67991992576731 -2.0511036451541287 70.6633955781291 -42.18677188743809 77.6416311399025 27.10775816739816 
44.74477610276 -30.04196371960954 35.53215790026928 12.981370817296238 89.8297514724079 -28.247270927473835 0.07960327247708676 12.18642750537417 2.2221786192755104 24.172794375270826 -28.435588452837536 8.836171740823858 -78.09978261777442 96.20608600439513 -58.977088055841634 
-77.85471544866816 -66.16862150198293 -86.08357745792681 52.75645419127625 38.757286959840286 -26.792169388478655 48.98689158337015 -14.596785916152697 -42.23586895486373 43.33087828658492 -76.85355233114011 -88.60920759682529 -37.8949437979486 90.41817358468901 51.21799562049611 
-3.087850357207202 73.59792735733782 -37.98740867993515 -29.826032544240007 91.34253885933498 58.33792156977481 -56.58368220749994 -92.97757696325976 54.01648486977882 -87.53096774381407 -40.274422276068876 -19.047562236000132 -23.197170385734438 -28.68007704356448 28.050299906899625 
69.20506781190329 -74.41273407121011 91.12504175559525 22.29618315316972 50.853212429505305 42.997449163564 -20.827982616560178 30.864333195618485 -30.40457910135268 86.18217346730046 -82.58093183847642 -16.107899935916407 -77.31109162183225 -53.69173774087077 -7.704216333438879 
-80.20051666216692 65.347589792773 -13.41544319428074 -32.65140852698573 -27.255055028786785 31.59317311443158 62.23826500340476 47.23745083450817 -33.39473466841159 11.506169941431125 -86.93851203253439 57.906167132403226 77.7704336563904 -92.07636949424183 63.09777828032179 
-77.70296068776608 16.277637559562834 -3.140501431713915 -61.829975253698755 33.27588687150157 76.37863374982823 -50.719451543523306 68.92692088899494 -55.11154609277442 4.730178816382676 68.00963775657175 55.057793413876254 68.10387339139842 -76.13188456343639 46.61185520465975 
-35.42761225558513 -32.15332187242133 19.30418809976935 -85.53387717684674 28.55496246427046 -87.48736342759275 42.16744000700058 -26.172753081304606 -85.65776156290796 -73.12387598763648 -82.40004908317759 -65.54094295965831 14.192920372650718 33.87138340793314 -22.518844408843066 
-13.728442606383723 51.36078464009023 -68.5596176932323 -13.937054161479296 90.2261202711403 92.16084327340087 -26.255146142714977 93.08157391872248 -12.873952509951764 -51.93342584160008 -3.7198219550355134 37.18040185408918 -85.46882063520513 84.20070446360276 -25.14759100747777 
57.77533991465447 -53.31638808824617 -24.783013494487548 79.58705799195081 43.74373309499029 -24.22573610869017 95.97980660681992 53.60296241915378 -10.947386538686914 52.44071913081285 -54.09525820361078 61.390367883185405 -60.04533753236885 -90.00882101848148 74.92213795349096 
-95.525538088425 -76.47804493849847 -28.58920356018693 3.6751992118803543 -19.506210795966794 -18.426625053352623 16.951555995804313 -71.3649504448375 8.54009848024873 -24.588029483100172 -81.77534291779043 54.63953422441537 0.03300495242967827 -93.41269346160068 -99.68727096746817 
-40.25899399252988 -35.954539085624134 15.909500199365738 -17.540137314246664 48.41460517641448 36.152635207174114 7.9572131338788665 -36.01829489835213 70.12383962859647 -14.993859572404759 -39.859291027221545 -89.56528459816163 -1.4115404339050173 -87.20291131750302 -76.2748697665018 
97.54165265481177 75.13424757161741 -43.30230337968555 -53.27611082914498 -8.214562193708304 -61.99299979130504 -41.64809998899348 41.66819055583403 49.61692439629829 -25.847265982491606 52.30553306107831 -18.091502635390384 30.620604938433672 36.49432145656007 -5.092098964091534 
-91.66816435018437 -71.73701034996239 15.48772037814767 -90.96615866893325 -55.122780118730844 41.15278795676761 85.54078528785243 56.27101315886645 -92.05853308585709 47.980880580840676 -8.881615211302133 65.04274675207807 -12.526680680275476 62.72858758651279 77.1392361243575 
12.898205721570449 39.00258736634942 -89.99832198507818 -78.94205537980197 -58.267658386460596 45.97641479151139 -74.40348958486736 60.57287631944769 61.745217477482726 -64.78988986807583 37.208200775206706 -54.037959713133276 91.72254427067523 10.506276695443887 -69.3035109233943 
-68.93429891682783 6.891210031216488 48.892862429963174 56.65297916767551 61.53683328193088 -6.460208864601526 -48.11245900015735 52.095828661289175 -9.369061361597744 -57.989836687525866 -17.288202493576478 -3.737540025182895 -7.628240931941761 5.900390709060005 -97.38681183855053 
13.206277408658408 -20.603169314786186 0.5769854443514788 3.7559403221833776 -86.69014139288535 69.87627281531547 49.49218540775237 -1.0797159816618347 6.642460134828937 82.39920389341921 65.83108599090431 -44.89659429586747 -31.194838696014273 -14.439982029236845 -34.748627864231054 
-63.416423392900676 48.98914968772391 50.08005702341313 -21.38931818057263 35.78104183937822 42.58312166654855 -26.569855019615645 -55.37117629747588 -21.020119691384195 -58.53948098548547 -90.67032746103524 85.87777155095768 0.5710433042970919 -0.8962716631670418 61.16052464093161 
-76.67194511177553 -96.54845979030154 56.304025802434495 22.64752227656311 -60.21896801114743 62.39745778579427 64.7429887070046 -28.509559126596542 -24.14829357452963 -92.71174461877958 86.86125208754308 -41.98113220981343 19.11750241245609 -53.32788697163329 24.066665293936907 
-53.94042424800494 -17.030949828437187 61.90094937314433 2.542577577776072 54.61773379082422 92.9278574416756 84.29947422942209 33.65242066209484 -74.19721620284392 85.68084642002282 89.41347330800522 -52.49016933931614 -93.86813066980777 -88.3461056208703 57.60786245287437 
62.90975397167361 12.225846606630824 -5.0364128553917595 -99.43622481948542 10.774769170529737 -6.069089720037198 87.54055913178621 -36.19185104912237 91.81926810491433 60.10685601106286 52.64408722440936 96.83210184719877 -91.17438252768571 -4.338765285436125 -52.93488216540203 
64.49048061764685 -66.36357638372212 -31.23016494241719 3.1084991274427267 -78.50995227854546 -16.58942494717037 -2.0726564267914824 -35.591548388038234 55.10060707001122 74.3628524230071 37.482281746367875 -89.32465941317874 -67.72499223289682 22.674707697269298 24.496131623132797 
-51.10984644437275 64.6661469157396 47.2977929965472 84.90380291620733 -93.43689939297334 -60.08107948886134 -35.72105361003588 -91.59359782210443 75.28702723110442 42.602930420794706 34.04325887445202 -1.2298149500868476 -51.738550948998395 48.579364035703406 -61.43342810772155 
54.075047957166674 -54.309404229373584 54.82959241875568 -19.47403305996032 -82.2127455587043 -73.72071139550398 -19.917914576432466 21.152609683566396 -8.307779822397876 -37.85174225859027 -66.09705541766881 -17.9699534620851 59.334960638034175 92.8587014012497 69.04175592856845 
-38.15056860267634 16.28819563513524 59.47594446976018 -3.5854331300095907 -14.350233394328967 -12.34562494079529 65.13290562986018 -44.08401685723447 -19.323173162893497 -41.19381267894424 84.24794473136512 51.09817828567688 -88.81990517750089 -68.66298037757505 -15.414177732909366 
-25.881608665194264 58.30893254578186 22.955662802264797 18.806528795284905 -44.81589407722919 95.03499788708532 -19.921498521768385 -37.17017515945473 -46.91116658610937 -39.09159028980558 34.8819616363501 79.98353720737512 1.9209129081978915 -94.59407662905978 81.8078049126658 
-67.05558472715182 -55.2175676598299 -60.01802956032654 -53.91003870023856 10.385407545786848 -91.89558871108954 -59.368475586144 70.79634626752014 82.51552757041912 70.37962946227643 83.62914071592519 96.15673700177922 -77.08001804001464 -88.91189386246498 56.4713058141009 
-63.15695192337145 69.78890685179087 -34.50833651849268 69.08739049250812 63.077201266302865 72.28910304443286 -66.82387210469653 -29.585140757784416 72.22215013473814 -25.95531775593649 -35.87240665827345 9.523091373812136 20.019965797057253 36.63589497581634 -19.345196799570957 
86.28067528418131 70.10321611044844 -3.555081621324007 86.1991361397707 63.94993069463669 31.085509967094964 -78.17048891333071 -9.102373808299575 60.333211689742626 86.52367579350394 61.76682893807879 -0.10815174558828744 62.88697049462559 -71.27057401030548 64.39162363339491 
79.34558884334285 49.0409763749048 -49.775022935499024 -0.21111099069921124 -40.19824857580618 -73.20984014212928 75.45911159425654 -6.724305176088791 58.2950244394635 82.01974053798014 79.55732433903037 98.89529300470471 -96.57064202678478 -85.82256794945478 83.34932531231985 
-6.1184002005982165 -22.782722046389267 13.168194190597248 -96.80723483508325 -93.6029827597564 -93.69606365451675 -85.15154082543523 37.853007598770546 -7.985089215337382 -51.27435467990682 -93.901685816609 79.65940663419582 -20.44877179448821 -62.189925686123736 -57.897510939231765 
33.20631448530051 26.160862840774328 -23.849261738172473 -9.17144427425167 -84.70038871457994 -8.561240960882671 -10.20647938900943 38.06676702504515 -22.65897613834653 67.9929093783748 -64.05257253835919 -44.85322524964488 -26.587882871451683 27.827705856132184 -97.96249138310489 
18.781327671179056 -59.73344908485101 3.54920945675012 -12.06657317623629 -94.61534478319282 45.09955032629301 76.87289575734098 -26.482270720960983 -63.14196154312985 -77.65266941493441 61.43245720262428 65.7538527436815 67.63230292076426 89.58400358906707 -21.39554629435247 
-94.77795636522555 -40.55724833467498 85.83021673255391 92.56627863935907 52.45668444319827 88.1668546919644 83.51672002268614 -74.50940276755777 25.36707850154714 30.32111600636148 39.05696454004479 -85.18343900001297 -18.751924704622397 9.339092341706646 39.731782421662245 
93.87330408010087 -48.267860725871635 91.56243653229058 72.38273725449974 -39.54126860272773 -79.88937556494038 -23.50581492205319 -51.82938916042035 48.31151649447847 -54.743307605718904 5.251775094573546 -49.2647949923188 -10.97677269701262 26.529700984836666 -68.17883251390407 
25.757482674600027 95.36611675008712 -43.587425197954445 70.14876087332252 27.914962390092654 54.144198190266536 -12.87304436809076 -14.547712324998656 -88.4386438917099 93.7711158154714 34.59305881445323 29.67444645501763 17.822094860453518 25.52508359851886 52.32945193222554 
78.08330591213635 86.27240358507046 -70.54862787380699 -47.79761622401737 62.434983234429694 -77.57493244839542 -0.8393585715281091 -37.58735334121701 -41.738398468539195 61.83376458840567 47.047063167639635 -29.84186139097595 -4.058266662062309 -17.63695484352064 -54.65160467358121 
-46.62645182953724 -33.24423340658413 78.68271059282901 -80.04487226981219 -59.6570844964615 -76.27387401602974 29.83469659148747 73.23174441349596 -27.819770214356154 90.12484998491081 -13.040087145361355 8.283113457271526 65.914636903028 -92.04801189243746 -49.08005750773752 
-57.02254726706939 -57.98633472401031 -5.587864381521811 61.30971113445426 74.10946101302955 60.84364423832119 -52.08797382621011 -41.918933182255856 -23.387855239584596 -13.389221605059092 36.735396454196064 31.14096360943094 43.02377161497097 63.16612186570413 -57.749668420547515 
-58.26197889059641 -74.79111365128752 -76.25596246444321 -1.6811134590706729 -84.78735840883611 82.9227926678144 2.015353871475156 25.154480397696858 -59.66210231466418 96.74515554026442 95.61020221739719 22.302403037362822 -62.41401132569499 77.4842741332611 8.636437421202217 
50.380447584577894 88.04962701495256 -74.66280878962908 66.37893810484917 39.3303092549865 21.72585007605305 -42.66603630766787 48.374536048430684 32.476186057990674 92.01382372278377 -19.80325417468461 -82.98207758912339 21.18714632845966 52.18313621855998 -72.00428921704429 
46.42457705434637 -65.39871326222892 -27.167199643217188 81.93544006535214 -65.835846713498 -30.26283494247653 13.458821496037032 59.23919862518247 78.6029161743584 -23.855060476779784 77.69300320044988 -12.401413303613978 41.01898137943613 -19.358211253040054 -29.66119111150462 
-49.99474137434821 -42.388265462263284 26.893080861586867 3.598087150714676 -22.491627855958157 -56.84694447497507 -22.15528142238405 94.41697492705688 74.82951769267294 -47.10786882328202 -22.278178402495215 43.76650606808417 -1.0993046516041716 -31.99585638696665 77.04608401026223 
51.33762636884319 65.23071940577208 -32.69677919985379 43.60340958900977 50.87946577218551 -82.6011313018026 80.31528401450223 71.68968851477103 95.17148407318598 -64.98906520112509 -34.655639418933504 -56.13201907460619 -60.03561453880093 22.264963840066883 -16.429902538933334 
-2.6049725866201356 90.17722935076105 9.66797671336461 99.90705585208761 -12.708700514325926 89.48450779393076 9.153435010405047 91.99734779548564 -91.0437801275624 68.20849430523558 -97.61527016266385 -53.418319822203976 -57.39993757948461 67.19620772872182 24.620593196174426 
-93.58705892037753 49.33004282598256 40.41469425277691 -32.132280433166756 83.27313027481748 40.4494433364153 10.13750237489603 -69.17615741683815 41.32918488077934 7.866555934543172 -87.7898788065364 32.475653919238425 34.62775375075543 -99.00776429884222 73.2352611060129 
72.18112221666536 86.78239178914959 -41.93137153417241 -84.3149022779005 -46.276446461850476 -36.12744394310734 90.63351965047644 -24.230242545264574 25.698308059469795 -64.69955305276609 16.341200788293264 -5.671123108023309 -37.65458489520399 64.36324995962701 54.73273364005004 
-58.37472833784039 55.32719407268948 -21.12765481259254 73.89528333207141 44.78365349613475 18.52506515329931 -39.19940351443576 37.17304229180661 -63.58715705841025 88.47844960770652 -62.09238422181831 -27.993382245423405 -67.29390630762859 98.96880397540968 -98.04004461492102 
78.06729381680461 -50.827491206491594 8.080760774188178 -77.84984490702378 -9.353784188883523 -18.141323609197386 -28.551694580639108 86.9907983610926 47.3656008991469 75.2282080102016 39.44310783659381 24.38357415239048 -8.381853405417289 -85.58619010220801 8.197410348972383 
74.17612051325037 -75.3440709395876 -67.62119325763408 -51.85455188398049 -15.45578872201034 1.4481981339287557 -84.66278088520912 60.78771132343209 -72.65978052140937 94.35120788772485 33.805053364983735 -83.09112673335693 24.200922198613767 -37.01051773411026 -86.26395856079505 
-83.07182717221565 -42.35001222429873 -36.13174632362119 47.67013636600913 56.28277863995331 -40.99196088895556 31.909210604012628 6.720191877212471 -48.87545397428663 -47.26224930792902 99.39216434099859 57.984711049886016 31.410474219489146 62.49257234767131 -85.1724909291057 
-29.893317797421034 72.70550632988241 -14.822288388472174 55.209321641490874 81.78289179401017 -77.86641534254255 4.956961321413544 38.201351336777606 67.55330271044744 -38.85398975807435 17.112650716203333 -10.787750040446326 47.76900217610921 -67.2276440712995 37.58055251783398 
23.62215824961831 -93.87959866691217 84.36189424766064 -69.05538199625755 48.63455351357848 21.712275404599524 -19.786325470771146 16.91275058701565 -65.38570036632387 -79.39836256854795 -45.928855602115995 -61.9958199465076 -46.27584858471812 -31.018639429935973 -36.27073915308794 
-43.45601210801555 -13.787108382016598 34.8832231379958 97.23317436906865 66.16156099825736 21.724606570356528 61.030987534979886 43.75288928186464 75.45610930749083 -45.54599254255329 87.74447470999311 81.54749489390841 28.930597980867958 -21.74251867809049 13.657948501677055 
73.32904992754251 -71.05370462514298 76.66645638532597 51.69830825814705 -47.03664146128783 7.362099021696309 -15.84946491553292 79.80034808867867 -39.2253986329985 81.70013795120119 -20.75822880724847 75.99846068633852 -0.6053477624275132 -50.04845191397316 25.136137246378865 
-82.76430547404496 57.330760235653315 90.93910650869782 80.80824905232356 79.14302752907844 61.01021014867092 -86.27143020271686 -90.13769108389675 96.21007887605674 -82.38832805979497 -74.47067938044401 -78.84463681305158 13.820207286213048 68.03048869270717 -56.02422186404734 
13.30107596017271 47.89574129446004 34.82215234648095 -63.502700874092376 -28.402021928778225 8.387594760042731 26.861455071777442 -91.24812001183167 -12.360546981246443 25.59236267324698 59.63836946494621 44.73115900849885 -42.37272805511054 94.66972456840844 -42.096438156703144 
-60.29862763936058 22.345780812333487 9.993583823335854 59.768040197968816 -60.260360707667715 -87.73734795007739 72.75930487286843 42.08773800732749 34.62838699266689 52.817929100566516 -80.46026479705277 87.33977189128595 51.54354523644679 6.870869504772202 5.243195365805292 
-91.68819424472545 93.9601505433038 28.55826293583158 -68.74833747184768 77.17985957681273 -35.027141680609546 31.297068808461916 -68.28420680410193 -18.541077537352834 65.17789270909788 92.60959985575218 -32.9508875396898 13.822999206268818 22.429281206215762 -9.372761513038697 
63.83558733347175 90.52433493725607 31.315397828139623 -45.950523270903346 97.61361641847105 -23.539034609050162 70.02081663275015 -97.62981685620875 -32.57033156895844 67.40242517385661 -66.15314907245832 69.90740350119958 60.646201235536665 91.3483700297038 -55.79221967543422 
-98.58447140017148 95.66078886067692 65.6390914293689 -87.93432679300037 -46.7100744520849 -28.592111705814943 -73.08739265785367 17.100253208109265 15.803307758435324 -42.97911292439813 -63.13414276222928 -23.425032174230935 -87.65453980042699 -46.004452641663704 -47.36494011152885 
-80.75185255180561 -83.41272371754334 14.963365153278431 68.0177532609562 -3.4813446329722666 89.35471506733944 91.1574130661323 -55.8618282454262 -47.84250755240072 -15.895148049628745 41.26489538469238 -20.225524944500634 78.8143077846947 76.92730703201804 89.46210689659466 
15.455375117144541 -25.933976391628377 -60.69674317718305 15.300341709306096 -31.79384891400305 43.556731100236334 5.3318444958134705 -9.336204169734287 -76.57951030161098 50.065535288315516 -29.115849236752126 -63.40248223212648 22.64128314992422 44.104631089855445 62.95228800361238 
-95.61625973796608 47.44728552747054 -14.385439078636068 58.70889652038636 68.3994724961752 17.664330572121955 -5.4055272435097805 -40.22197291225433 -87.8694735779721 -18.806535686132307 5.868492463624349 -7.833269753641318 50.84254936537042 86.86057942921735 -51.78343259431075 
-38.74623735105005 -4.463127374567051 93.55106094965998 17.21154180829498 29.660135741314832 45.31157320888798 99.80624131430059 -87.0872881232885 82.6715480695807 55.80223437102666 52.238782439533736 84.46037907339905 33.623589073967 73.67021797659521 32.83293257725191 
-26.490957453484242 -90.65187321389703 -30.706185925632013 85.01462528878025 -88.82789045174235 -27.20612313672774 -30.96651547233293 47.76004432544602 81.52519959588793 66.44845090350483 95.32731911508708 2.793599991289966 46.60871414593322 -55.44068006249729 -88.20691535053629 
-18.093031024385127 10.312772492871986 -10.303823905096365 14.6343999125679 19.567287445916875 16.41445096941672 57.10972699037191 58.4467812449241 -56.04869983789504 -39.944405476616836 -3.97426233646911 93.86065104799746 77.35597977750686 -67.38712628405383 -62.17336233217714 
7.481211685631024 15.319010583691536 -51.09195300406806 55.70521205285661 -56.87152750493056 52.805597554749085 80.32717984155357 -4.731775449076636 -70.24312194500891 -4.970319489523263 0.11084574286034865 17.547410892711895 87.15797458630595 58.26929549685906 82.54982675551622 
-44.44980575702304 85.24580692620935 -38.437901175799084 21.79105542916753 12.267803800540108 8.27205056769212 -38.59492995875718 90.71976335188768 -71.48523870028035 52.692938666100304 61.9184913591825 41.27007641389008 -45.027380375616 -0.8690294373406005 -27.716669136581018 
77.05218835031795 -55.66261944057016 -48.79075652890248 25.79921082992894 87.20468643308726 61.9997728002042 -45.83684983439262 33.10396779120987 -99.63552678436733 25.799304737813216 15.661449911913877 31.955569844119168 73.91307588682784 -11.344815827012738 88.62098414809418 
-48.77452745064854 19.79971418255802 -92.06828437595152 -26.91140927334608 -49.43924050857231 22.045188624056095 -67.27296962672158 -22.36022935025504 30.959651057601633 -45.24885437213801 56.55278078323934 54.657615984259735 38.69538202877888 -17.64719727415094 12.921985010749879 
-58.66406017100974 -74.0526582721648 -69.24706469797746 -16.914206224104007 2.215080971551359 89.67576939418939 92.92214523150096 -52.01443374945831 -81.28647409367568 6.118038120691523 0.5324207241301622 98.50724664017142 51.39778682555669 51.064847894183686 51.56198562751277 
-41.91380748831506 -24.64196840900226 -25.500176470157115 -24.78573896985226 95.96262458576052 -84.53153500711173 66.06048552744434 2.9016800110522922 -82.281807862854 64.08775686664649 -17.43198626948876 45.16680603265402 -94.34202190380682 -29.705195076868705 -73.14373402690251 
20.40339415710129 72.64053506441519 -49.74529684083207 26.569697673777767 32.4835460755242 32.356327158938655 9.020730483702266 60.997178894272 93.0342813559702 23.376367836660506 -69.83192819717807 -45.83880245886678 57.975022181770214 56.42555697193973 20.46874557861824 
88.8707791953469 43.7102444754255 27.00611586954362 -15.110059835957983 26.37238655393756 44.21530726741173 23.67550091033624 83.47655503139421 94.73471107005304 -92.3005491998297 40.21152145637933 80.7331694756123 38.121263072755795 -31.87086228454838 34.952984245415905 
-22.112843384935516 -56.85042795621686 -28.27916949346674 40.99717044396925 10.64227832233378 -97.67244921677091 60.10187277985406 -9.24331970623966 10.447770717844335 50.718920555602494 77.74569365999096 70.39243030338153 55.86656131606139 59.626818011883586 -12.10425616082884 
30.414893452683344 -36.870256069606434 18.08687782737175 -27.891558306985402 -6.1937650177576415 9.569801971211817 71.14978788066881 -29.216826028004547 72.79268992311921 74.83119561494101 -87.08531131191006 14.157973488963904 57.866488616060906 31.490807284769886 -58.61564029943802 
59.03725156298492 -27.668736449771345 -56.7726830375987 90.36185033863012 18.313567122250603 74.43382399244604 -23.852497525321596 -30.00095068844402 -34.548141537886565 -81.29483239746678 -72.49741770314819 -77.02266926482937 25.39840522105017 -74.49839483422032 72.30345881776287 
-66.43420412449359 9.58848755772604 -24.646723293069 26.65820514974419 -84.82842314426031 19.79211682029667 22.88008405565816 -62.35508364309623 -67.10621504302324 -62.67647543972854 -78.74417898606316 -13.908140959649813 56.371665214616144 -7.333078230334394 82.90206720614015 
