-6.302431864515739 -79.01673505570668 -78.6484778121393 -84.61301604468554 94.73636238129313 80.09672026201062 -4.668583711052676 -49.907563138455856 71.77043027577511 -37.831498415367015 38.279116018728644 97.5591761408966 26.532976136113476 18.063805251521472 6.728822985992423 
37.917807193885665 -58.18578907450571 -3.528879380164966 24.522323885247104 62.288745998007954 89.44091403419259 -60.82807691024945 69.21175507498106 -31.042844103458407 -34.13036900716091 -34.9146975738132 35.09327805655454 22.4247141264418 58.41694909032674 65.78714748554194 
-16.754181340237963 7.532126292904337 -16.117842225252318 92.64757581080366 4.973816960213767 -75.38592630398512 -47.19708738260078 93.69014151905182 78.45330127147707 61.28757050086705 49.68196167316387 24.659785436660655 56.81827868377647 4.619062879705552 64.3895607569383 
-19.025644231143772 93.58380724855814 -85.49625996943834 -5.270138619257224 -90.56385364349013 -51.18172068545701 -2.2775724246030933 65.09833163709956 -58.99711965900705 49.23833441763006 59.168709809072396 -73.44885398976098 -37.67231101722259 -64.71045561424249 -90.43718972193248 
-61.99054721475035 -58.82919150882924 69.54739400619778 98.04811194347073 -34.42769814688327 29.82551882097374 -14.868941652576368 27.77902835389436 -16.958818759138296 0.8667464807281249 91.66077865092029 -71.56215049065837 24.634024543999814 88.35062617264194 31.7302408355726 
45.0626518647112 -25.240910100180855 94.8369783592614 18.35745700556342 99.62313130486663 80.46663009311038 8.667254654997294 -3.03070400325889 -60.05923259431067 3.009565919771532 -99.21849709560195 87.36202725083305 31.993961380411264 -20.853425946466174 59.274787347576364 
-15.923934524942567 -64.56002144514086 -23.02588151905131 -63.14106621894491 80.61569398930689 -54.74478917092887 -38.1712996918053 2.719355338853461 83.82863730349004 -18.240506977139702 32.58320387509707 -38.05349000138081 88.96218258001207 79.92585599589103 34.85701794437813 
31.346478537413958 -45.92905585212461 -52.3416487748755 -0.3954894747452613 -27.446353820674375 95.82629478934521 81.36388843623078 63.25429444286959 -22.4617675424156 -19.536705502371717 -72.99500167496632 80.88426510359659 -84.20712845682255 -70.59767657358245 -35.642488313645345 
18.033896944262167 -8.706827918981148 1.336243966316971 -17.4046127223191 -50.05845785616769 -2.6392015560099225 -25.495175915156906 45.78616208440843 60.80112729047738 43.34426026033344 97.45907721108586 -93.59388419538493 -36.272260478521254 -96.28695211528981 -93.05485908362839 
73.28996580558544 79.16745054839188 -66.20836789113156 -99.99035877586384 -34.037259361328736 -56.225929606806325 23.74827822309655 -22.563917855981643 -38.30091938496834 -78.24595722648351 -20.273720082391208 68.81594205468755 -62.969799143816175 41.7980851606134 -89.75304575097832 
-32.96380155647516 -53.9379731121469 -99.31733922091477 -69.8614981855149 40.5644846019851 -14.713186784834932 -48.57126699138477 -25.97487472265226 97.1950034518351 71.21751456889896 -13.529783667603866 88.9299956606248 -39.044449304546866 -40.70765104912655 21.84090860664996 
-19.179834187475493 -49.030056058170345 -64.28893235435567 -30.709996735111474 -99.98700429143514 84.65469118312348 -8.210672297681668 77.54290998471598 -82.11211353676242 1.9206638724226082 -37.945711093929816 -81.82596608872274 -89.9802712991641 67.4914438559205 85.88433025220445 
26.383659817739442 -60.40621150435741 -31.89911515401991 -76.18095448771354 -21.519720495617307 81.47939977893094 44.482846710477844 55.87523770561688 -42.555225801240496 98.60681957091467 3.859517359824764 28.507753558417164 96.89340191928605 -33.85306842287537 89.9699631755579 
-6.650130386824486 -77.53446102420394 -53.52252187652569 -21.61134186081142 54.12434121660965 -85.22029176804156 -47.107124914908425 -21.29374642812965 76.51660275349573 -25.05241679658745 -0.15511078234007414 -73.39418872004329 -87.98311789966942 -59.725691073773035 33.61190765135984 
44.79747968285679 -97.0590034519446 -94.29404910024974 41.960891361983386 73.71796903903916 -1.969600141394153 50.46430562512424 -87.09143867331326 -87.78800765914035 20.362783605432824 49.868519272806594 29.48682737410425 40.63130442474227 38.0499436869662 -73.93268953832461 
-11.851573720496319 -41.63204936603824 84.62260218315433 49.17324742119885 23.619652731776327 -70.70465817001869 -31.850420200702786 -23.522428683046485 67.16462850124984 -37.72172626489834 98.0379558479242 37.94089090871847 -40.32665229716075 63.90257993907588 -73.5158043480449 
-24.010511774299914 -60.57981100544432 7.703713954575335 -87.33510924646706 43.67948670472893 39.71970383509327 -28.132615675087976 -51.47593835116493 -28.85811793899404 50.49904536698449 82.11506088640704 -3.654700518425898 27.223658058527846 99.31549275878498 33.5509439480376 
73.29697598654053 9.375639049958991 -50.066495918018774 -71.07429132397698 -37.06989742536033 -2.164673068472254 8.605028769228568 32.49686049958129 -70.901583711688 -75.27193280986444 68.08034493497772 53.99954584048314 -69.23593900558953 14.144648556678206 -86.15902665874316 
-57.705406566863495 49.714367923922 31.458637249635842 12.834341606537663 -7.188647927306718 43.635054409518034 -90.67394181346819 -16.916070862360712 -90.39730066386886 -60.748020266318825 31.016257741561446 -9.49588139011857 76.64805260827873 34.42077847021898 22.5595397448853 
97.92247589458617 20.17487430161043 5.4175026933535975 -10.861476307153055 -3.0430152179707477 99.90313570413687 59.09920963453894 -86.24255836077405 51.43531114284127 39.91711940939015 -14.020397221622162 60.76983384668466 -57.898767347926004 7.818536259084112 66.13908768795244 
46.99359451700718 91.91405618125438 -66.35315448611962 -79.05385848762769 99.43548942767075 35.2349590155994 11.438468055265531 87.08639939097031 52.24596315315131 -1.2841050678437824 3.0003287326510133 -42.391714696185986 16.938026401431785 17.21655039810446 8.634515968887513 
-5.732955804749508 -25.53548899661557 -5.5471977134446036 17.546135492825442 8.384316441851155 15.069818512114438 2.1966993959136545 35.57692693785475 -88.04339357316762 -93.77340717883449 68.71357973622904 -8.409774694772338 52.20391808534936 47.101428018378186 63.411274902712904 
6.594766281661663 3.7736071912122213 -91.89555810397019 0.1336666403346669 70.5772669460292 15.063579381335018 -99.29638769798834 85.39633948973372 -86.95362701095462 -88.01996294180319 -2.4519191782865164 -84.99540005929464 44.84949407231548 47.06642506858958 -91.47682260916565 
-57.613047027313 54.775533645786766 41.72580688179957 -2.7007894090860276 -77.4930998557557 80.69742089735666 43.095178466219494 -76.12640269943343 92.5615647340239 91.97563319608085 -31.77375846624963 51.69324581161587 -43.73467522683483 51.25526349146216 99.48326411820466 
-19.857203640084876 -13.015793325580375 98.21116768465282 -37.25935943419552 83.47030557890699 -17.62069397934711 93.39632309704263 -16.099290891893475 28.149716390729765 -31.317300420363665 -77.18615004597021 -63.201868391381396 -23.6566264951243 41.39191327681371 -22.407492946276662 
-61.27963053051333 14.196267362755805 26.829123956971543 -8.129109291656263 33.98432724317189 79.37575078834203 -74.87027893849789 69.60317937512016 25.244015775002055 -99.60750193637466 -40.0942152861802 -73.71712124633567 -27.345702842205256 -1.9969658695433168 1.6723694987520616 
70.63177804024349 86.97132805728717 -56.540634312346796 7.047860179486193 -77.18316601211939 2.7635797521296155 15.124745637892744 -97.21618872120908 -21.336123499988858 47.857715007138296 1.9518735136722256 82.25451085510016 -35.54257811642967 -25.745116336353718 42.14514060382521 
51.174619881805 10.763599267970818 -28.625246543883193 -48.38863476024318 -31.92007450231307 87.56856070579815 38.50168187284626 -83.13727552595178 -63.97141176779782 68.65989388661532 17.8319169111288 -31.3675823060305 30.14815769454634 -57.46415760131573 13.10764440574684 
-17.986101348852927 -93.61764409577205 -48.7103098630564 -65.8863702992349 -1.0508677375350715 -58.21245980646255 22.164467536289862 48.137618981507245 -76.96862567269285 -45.08163879359375 -86.79518508536745 16.085684069541784 -84.57380543180497 -64.47100532565788 63.49125353529135 
-90.35299896959548 -45.089793690516444 -69.4375581923331 72.06224826010745 26.321209279268658 -81.68733680588608 90.47830671760732 62.399214292637225 27.925941068408378 75.89818069538794 -15.93729460440531 44.900557643724284 -89.72536806636637 29.26177582171357 16.95188345381105 
-77.13537507391317 3.7444972250630286 -73.50119691224086 -66.71703694178643 -66.30385916054935 85.85048911886102 58.69203817091784 -49.10162925835917 87.30505556484843 44.73357858635424 -74.74432409826765 20.96548011529707 -63.626731734188425 79.1326972742261 -57.173828235729296 
87.86923586380095 23.41718031863489 -71.14810183121061 -69.62382930437387 -35.829464472073 -87.73844755920308 -31.28822061398948 -82.98783000964653 85.72961102532426 -27.296883669046352 -86.58772093764782 -40.966290088906554 -36.721911369665605 18.098895364414687 42.79596634881946 
76.88982415705735 18.490329574314018 -64.03941840198222 13.801948163104186 34.39175026058771 -70.41094913225405 5.7512931453696865 74.04064670908167 -42.60252702211989 97.38931132302508 91.9667659422405 -11.414307077682494 -81.19560880150678 -49.88444547557718 25.23714045613383 
13.764578670922049 21.365632957667586 -12.041045705764631 -36.740810803057286 5.320856457877738 -49.99104469493017 -7.138740216005573 44.43626219414489 31.52831343960844 -16.91560297963717 -85.51720713349079 55.457650393112516 99.8519522661887 -3.2544207748503595 76.17483016029033 
-45.38612504357034 -34.48813829694363 95.13038677670357 -3.085180999883903 -75.67315038233717 -23.241289147192944 43.16288749175473 -80.34896904997319 37.876049064928765 -14.321231934560203 15.4781939628634 80.85967542300676 20.41667702279861 -46.21312891480065 -12.020168694297851 
-56.399505777729985 -75.73116023578677 35.08705878788402 -73.61779984910834 76.14729234926858 -42.502850045415165 -42.55173806304873 75.8624730796391 37.98953887187329 -99.05023127040586 43.21213596523083 -96.21441946128742 -9.33109135254189 88.8419095577043 -58.64667938192021 
-76.24034992040755 -80.2814718697958 10.405315676485372 -17.148234314443656 -20.684139977049426 -73.16967112535974 -69.3994151246339 35.91723549004928 91.85038296141545 -83.97832455131868 19.15319050010531 -4.002061161660507 20.27109068839772 26.152998386544695 -13.423383226995526 
-67.01735064939277 -97.12880487501346 -37.2435146855016 7.191263903982062 -7.988221829659878 0.9810030152548563 -92.98755766612514 3.958582627536515 39.70862039570068 -10.573452610019629 63.30631751096726 -3.5464136847647154 81.69534984655294 99.81246651644301 -14.188133752520102 
-57.47805419861534 -93.01993020219479 -9.537583758184226 77.21375407358391 -51.34123078623589 53.446493531423954 26.35496491922069 33.32695298705812 89.38750487049973 97.28912852732017 47.37109448363523 44.683536159159644 -26.423327701382988 99.05731429154096 9.111723922463668 
-51.47725304891997 -66.16424799280611 -83.71216547251869 -33.58095310193467 -42.81494861966686 72.00048632051187 -53.28481512689645 36.23098121309144 -68.93673926307386 -28.885285086520682 86.91672586536058 -27.260956188853285 -86.95041419547375 49.575606900060734 99.7330931612091 
-7.644417145707777 20.968859349943486 -67.56423955846898 -91.31914013703229 92.16472806524177 22.630763760189268 25.742705424414297 -80.55357981254932 88.65895485133396 32.85321356727374 33.317026545158626 25.36029409138969 26.392506427934094 64.93900743971989 -23.657676950020942 
-51.42920384138829 7.945430501428461 -55.0367923352568 -23.24535096875249 28.2838729508249 46.177919209433384 -7.568606429285325 -75.02289587378424 2.6783889727247185 -1.3564478521047079 -87.8524090567965 -23.4794624270001 40.76768550707689 95.79900162630511 -67.36146695065614 
-67.86644535273096 -54.55692300206303 -23.91502134898363 10.121391609374768 95.8013941245255 1.0817391185932763 12.475105469540807 77.12583180376859 -73.24761571490069 39.94605438342191 -69.18728436859693 -27.37859640599207 35.08935902779328 76.47855059837923 44.974798775145246 
0.8372472174852845 -61.38067329858736 -10.606827977558765 87.05336114719466 75.2796446355546 50.45153657936123 -41.28364806284903 -41.286639176739584 45.9402560784676 69.40434521606733 73.63866553268372 -52.305994291958434 -34.82713520827079 -17.073318648614546 -93.74048101034191 
80.62617794316807 -95.1428023124956 52.16670455441724 20.047689142348204 43.739752018693395 -34.36517105949943 -14.815016786247682 -25.18999913307931 26.741967323143996 63.95146375255092 12.229152209365154 -74.73845091419358 11.776189447330097 88.5624005492379 -3.651650353786337 
-82.85808424380383 79.42341048738464 69.02593682528436 55.694351917892334 41.37955260495838 -16.344309192583623 -76.97235404061642 50.561021126595165 76.29034675145812 -55.34510251688158 -45.130194523400256 74.08098641891564 -95.7382207807288 59.59522566657219 -94.2133791361293 
-2.6117788309888823 -7.212372673012354 64.0409895395718 87.85197762145438 44.960555255572245 -41.340878224211686 -51.53112144501235 88.56786147814114 52.36458228587037 -23.89196129595757 70.9188839103764 -96.40695925007377 12.128896553807621 38.05018276945137 -94.26687164602035 
11.758030343481423 -1.548196293076316 -76.88523471741189 55.201382746817615 -55.86424688087364 36.06337682643991 24.67438105873741 -5.4635370303683715 50.53500361001886 39.35860839871981 56.758464012955756 -33.982040764250115 21.35912399564259 -51.92546815138315 77.86388998551473 
5.499678972898607 -31.882556209176954 -28.730957667111696 -94.77206103393567 71.6125163330793 20.483229114674202 30.148553190285412 -85.97016045168778 -71.16332339476918 -42.83954294825594 -68.89068640138728 -95.94477136511372 -47.0323429761373 76.29880229066242 22.557031744623714 
19.493722207447945 -97.78750668907061 76.52028138162595 -23.81175756070357 -13.795506962277003 -88.93419724134839 73.52291718597971 35.838615468562296 50.657727884047574 24.50178139750905 -68.53888147492827 53.32173134674986 10.158030132827662 77.2394712489126 40.5955577895449 
-82.47251667291123 17.64247198146998 -35.08980852021976 -95.81167499850874 40.706686717986884 -52.64447752211223 93.6464191939329 -85.9878110917043 -24.525078861838637 -77.66793894120889 43.54483102868184 10.666772273082486 35.81617865161513 83.93916849778785 -61.32274840198375 
-93.28373761555575 63.11944310185328 96.70557451104045 98.38121056457464 -13.09963024711756 36.68055364485082 32.84404098276147 -33.98513843854556 -52.07523921997736 84.99588638656735 97.08833716280338 58.34044640980994 1.9845508783591583 -4.2283015962154735 -46.25852354923929 
-79.19920410777496 21.327925803782847 45.56054501845455 -33.41066568159883 -7.906344609258923 68.57486822901905 61.58410852387419 -46.87076418482681 -63.56331099210188 -11.041577879340792 -23.919850910105794 -37.87002685635845 38.61054886303995 -12.121289156474987 -43.32287122048477 
-58.5718489783081 61.40384924358949 77.77685477967268 62.66168618855181 -45.187405459212094 18.747563461915817 54.846370163247855 -23.649321292581305 -64.6847958705799 95.08464350046404 78.15821253364521 68.65210987470238 83.96004686700792 20.705234867636847 -92.6856577187963 
88.55084649888082 39.05888556696701 -69.63992164915666 14.744733941906745 28.448025409671743 -73.36308353069327 -83.26819208724436 87.53228893004007 -64.17769033927914 -68.450441028497 -11.635944945098501 -32.774845571642274 -41.57592144762749 58.66939802723772 -10.295283863854522 
8.112957424403007 -8.686522486782295 -2.2289097923303416 51.42080296960643 -97.44713894524757 6.17774137614542 2.9412195822832388 25.747039521265577 -31.41420368782471 -16.681396023665144 39.53073700830808 80.2107808941868 -91.47696317722576 17.58934423261138 16.433898211717192 
-20.42399445449547 -25.84640990861402 -17.67053459760588 -79.24192510697645 57.515390380088235 -17.81245959411916 -40.53068966038307 -9.389889641430017 43.135237040321215 23.703302459404526 -27.898077678345828 24.393319391613403 -52.514725894137484 -52.764204350183405 66.61712314330202 
52.81651104012735 -18.439214115320055 -34.01316871042968 -44.58075300388175 89.63677542058335 72.02679285429738 13.470718826301237 53.678744389393586 0.1923819599448393 -72.42233631987068 -48.93522039434741 87.89840818940141 39.09600052786567 47.02116393493833 -18.543242605530025 
21.306520135915562 83.57979491991546 -94.46180811901728 79.0701875701713 -54.07538304604429 -1.6632673628602817 -28.223013237152912 -47.55487584221443 95.41227738839629 99.91548417074284 -85.8024466880148 -99.13522330246734 -65.19548947903428 75.23305379467365 -32.19019035826285 
19.39599476504941 -80.39499474189253 -90.78337581012288 -36.735705891351444 41.21802865524049 36.78611192484087 -80.22541942113475 -36.19865974853664 71.57152640740364 -64.39311797594738 -27.35533270773209 -76.36706311375386 21.87468735245905 -90.36350479659036 -17.397129415639398 
14.787541378701903 19.58286465541302 95.77855742896415 -5.84615660174488 12.12505584799159 30.46406731624984 -83.59243292289669 -37.45414035630912 -8.9242852016705 80.0734680067188 -62.2757597661312 -90.92800930411005 -33.646779239934915 -53.484620787265015 -16.296094745276818 
94.24947524451059 -21.477750929019606 -93.47241936825455 -53.005945753568895 -48.54174728325293 63.71587528906139 -55.46427763993045 -59.66110895186772 -42.11456233126898 -40.672237971864035 74.42873090593991 -78.42824121818475 -25.81849119798241 75.13587091928201 70.43685429428513 
88.7139446006739 24.168025986739934 -85.2403421067899 61.16960106646934 -59.73061522954921 -11.215170786818646 -69.502969154644 -55.150510236446394 -5.758051608657524 39.06241193173864 -15.109569590756493 95.1072437331459 -99.54012161086494 83.27547462750658 42.8820818452387 
13.970393480063791 7.389316363588534 28.440570713388297 -57.66376021061603 -43.75023358622159 -51.42036156459078 35.13867908824935 -13.028270254218327 -90.81166102096441 79.38019618737164 60.01658206236098 86.75403985752195 -56.24224190566236 -7.233231680223966 -99.56564501101093 
-67.57022419626198 -51.083960691610585 -55.30399382062361 48.417607140970006 13.633245992044777 22.19454441767725 51.13219245187386 -58.04079201854717 89.64807769659652 4.433439055068561 28.446136046844003 58.61809925200575 98.53975374712797 -77.42091659446457 -74.65840440565248 
-47.41115491172834 75.04164078295642 -9.613495597598188 -89.80825245475882 -5.136448069944393 66.08363129734568 -23.253141040038926 40.78646255246096 -66.25903166362959 68.62674521096989 -58.359699698804704 91.83290987030756 97.84372391851713 -68.18849074539912 -34.974304007332876 
-69.73284596586367 56.1459161265461 85.83851515173097 88.67371356415953 -70.65780853367893 -64.77310849932152 43.798726217303226 67.16157042166566 23.142878337793775 3.0925764999444993 -60.2814455445148 -73.53484630206815 -23.1148789278308 -84.53859089566271 43.8811025575221 
-69.31145254991296 -18.62900997893165 83.79670294018865 60.163356374619525 -4.053074192941523 -82.26870845653556 3.5024348364790967 31.697421335922627 53.4624111430216 -48.565337488499914 30.961158260497655 76.6535572813113 14.102930285336072 98.56641004693199 -38.609032890135886 
95.6229181343025 22.333407426089252 54.743992300522194 -65.53490850065242 8.706291556914138 -2.3946863776184415 67.99922876767022 47.33100429988107 -57.356187250079806 -65.71779722969637 -26.57686937886497 17.713401573916812 64.96472885811275 47.23176310078176 4.641984571733218 
-63.84144876245692 -96.92034795737932 -36.3374782995098 -63.339364311020915 34.30193332349259 35.21562674495914 83.05618869528317 18.608127934610636 -8.916042194746993 79.22230625001183 -85.35010382625596 -14.27342606535285 75.92467140761278 -80.52528712141583 94.8482523663096 
59.59283421990335 5.91801005890116 29.19195341076096 54.99655780942564 19.771238012720687 69.47239924599114 -93.512713350184 -8.785713970398717 -92.11285732443193 -85.09653495415495 74.54970566904123 -31.768009048806704 35.32870271993673 -76.9012833531686 17.326446532401178 
-45.20442972727419 -91.0948339336875 38.97554703599789 69.67847656620185 37.817466549386694 16.514790971899245 -20.2328211168751 -92.09950077950553 16.241718637020327 0.5503680396264485 63.69269882019793 24.651569561612718 -0.7097051900890392 -48.927788757896984 60.750706179450475 
45.76044816779171 54.958605123388224 14.462097556038017 30.787903724244956 89.33744581023868 -5.738881751545705 86.38215025509672 88.36412457439934 -63.607676378305264 -79.86676900328422 -7.1953850147846765 55.238133984492094 -36.081202370391566 84.24197156501819 23.123679306056573 
-73.94416487544098 61.69988553583056 -81.56730024358161 -52.5667227567008 72.96195931575949 -93.62730409986553 97.19403019395537 -43.12166722950761 -74.26323853965843 66.99437089303257 77.07528348495623 37.58237089221274 -52.52499310117522 27.751448028978714 -76.15853115296585 
-24.86469347191435 -26.014162147636227 -58.50863266568469 -19.077846501272973 -20.017366624081376 -17.466530999813813 -78.73147974522745 60.88095068767947 -51.93661794284283 -73.79869322892314 10.653273875542936 72.82768620195466 -16.843347231485993 -91.18829931671972 -51.25971171535666 
-60.87231414413981 20.615332507585805 -12.588669758963306 5.2904996786535605 -48.89493137952981 -87.2015922926892 -27.07528995382988 -52.963361999695046 50.589485257243894 59.84587485566493 -47.533454708666966 65.04513431292793 -38.97937729313874 -27.687143858686596 -69.67034252626789 
74.04415164497681 77.96463640511271 79.51100940854212 -62.00313788776448 93.60522355176093 -72.07909154256052 -34.615544676935045 -88.1703796394188 -98.03629409004763 -65.17277268331142 11.528373027265587 3.4134028847021938 0.4147627705017243 -56.168245989459486 51.58707538363947 
-96.42409560582938 10.439926638972082 -64.36846638491352 -71.36647214539963 -74.47209772195296 -42.38437582142556 -58.62090604370245 52.79487414783793 -80.40939526468745 -22.89569686484046 -73.93480006876374 -33.760364834551154 -77.07851451910528 -14.505024011114955 -46.361759249931865 
84.08632898113581 -37.56857874265418 -79.8260694606573 3.516565047180208 92.43263435267065 86.1567642412586 -94.90255783440918 84.94391626383947 -39.344124321380235 -31.598304953515537 89.40881933502948 -17.84394109351996 92.26272517258221 19.076716729387115 -8.045311303120315 
-22.95071085717879 -69.35993051129887 -25.49658898459535 77.86906757148458 -0.16978861585872096 -15.106296130332993 -68.28049956681676 -92.62015488851416 70.069174137175 -52.794906496577276 -96.63323665035841 28.181341251476766 75.85149467492295 -66.69387296918896 -69.13894638851727 
66.34673944389672 -93.31295765563009 -11.975395347429682 11.471053247012648 30.200257296473524 46.50856800926644 25.411436636730627 17.654411886831255 -6.339102660410717 -65.34334949620217 93.38321705770457 72.78167696319707 -94.61755871502469 -99.88034641387624 57.83018325613935 
-79.55424987227006 -96.55696987489762 76.34410911426215 -85.23974258997254 -97.52137729074757 -82.98442149631629 -47.46170700502819 -13.157620649582952 -31.096321269523727 58.61394734941686 -79.5655461748122 63.565856257263704 -34.55046259012535 48.318856579914495 72.96685057297984 
41.530908265213895 -26.178980878948295 -42.17120924135291 68.49926349290084 61.18488161989174 49.1748656006591 -68.73494852944913 -92.80847446535535 3.3632551543571765 22.321884055557334 74.52216572160143 -11.201774045530641 7.168901131585301 96.47747911147968 4.583863038473538 
11.352514508681082 -23.426851075648173 -43.181613464717316 96.37174284101815 -72.93092447136598 -85.94234056986645 -43.94112419856733 40.468642590225215 83.32403599271854 39.631261876542595 49.89195297676295 -58.63587960422303 62.15808045406024 -40.06227566602336 -71.36629884532104 
-32.15351154487473 61.28016857839586 -20.108528346526015 -13.308680264320884 33.10972590749094 79.14601538988569 -93.6684409996632 -82.14250943805064 51.833390084141854 -50.91855938854564 -51.36820458991198 -11.054941447268178 8.052711943103901 27.464963344081212 9.850744663102475 
-20.817930287689563 33.968485081866135 -23.564815774775212 -56.23037786070451 33.29935583167435 52.075747692204374 62.81197844002469 -89.223253697603 -78.6333186302644 13.51865180346519 -48.62667567931851 98.5370956130368 45.977832948411645 24.334346970990993 44.346138972073504 
29.90103641399736 -89.218102438891 -24.081970820192012 30.463259389749197 95.12682615009817 16.90915738063279 88.86040672090388 26.62523667915704 -84.59064164881912 1.0602149222847856 -77.18314830873197 94.14877449063565 -60.561555975868785 82.80962746374726 1.4913303033070378 
-8.99441398906653 -87.81646218390182 21.120322667720103 -63.36275078539679 -11.79003120030832 -29.004753383611998 -1.515437018471573 -25.177986678938254 91.88225265443276 -48.32488776142505 39.37629602565258 33.18849437057125 86.26218728190261 69.85742288103123 -79.82974020663723 
49.069304935470996 68.58992590129009 73.50486527660598 18.58263219267542 12.752249120404585 -58.751924328400264 -37.37381556093453 40.29516470352149 72.48824432446423 22.648475998451076 58.91824068874095 -91.42759841058408 -42.83455284361259 -32.39485336431747 -48.633563337754815 
98.28077921883889 58.15416068087592 80.04885112986645 -47.93904608816886 -17.247705609568456 22.971489685455197 -89.79596221997718 24.195674775642644 8.875692353243096 6.115283499680942 82.33418506308522 -25.19869529265266 -55.65770239487 81.05807196521658 12.24563404324887 
86.24057514145304 -95.19361028862625 42.75627738657971 -4.523585619060427 -69.95312119461623 32.60815684678673 17.471548736912055 86.40354205199469 -92.40711629004352 -61.28458275531161 -1.6141392276943094 87.41993989073234 55.93604863907143 54.40817527431014 -76.76221294252849 
76.02349879135156 72.20582692481315 -3.8062269699843796 -19.177723025280088 -27.37411549000231 1.694654348936652 93.08083028452245 98.42354614461016 -46.11439358579563 80.8355956277936 34.14734692602832 39.2792845880503 20.378683430289882 2.3820376938344054 36.45988568947419 
90.0606949606123 -34.60198112659083 -3.5655565933444535 82.84778218811584 31.5187841518798 42.569982892661386 50.16564052200508 -91.85236345428633 80.25534571688237 -35.17447979856465 83.82072404304705 24.890312889739647 -21.058958695473024 71.20090742727254 47.768535524365234 
37.22303658328926 49.62504474532744 75.39712851555592 47.51844137525728 67.38459436914533 23.329275480359968 85.13670171626379 36.832587296226336 15.258499409996858 28.83851379531137 -2.1884696262323757 -0.4959874389571297 3.554926164063815 -46.42299007160724 -20.221066702077167 
-92.5629732344101 -92.4834978875268 28.334307279616212 -35.544220752503136 -92.98713488685763 86.13292728494534 29.242543242424745 50.45594616520529 48.95900842176184 -4.044104662453265 53.109675878260475 -59.325219295072706 -74.8015200759604 -3.473610146100853 6.230364283679293 
-0.39327471567585803 51.459475337107506 -72.58426266829193 62.29523042891384 93.58808500142317 -30.38948385220695 -1.3767834995076242 -4.567928566628268 -2.1417270106454396 -97.64428645511182 78.29640114606832 -15.172607365944685 -18.782685414741167 89.10239035777917 6.535921364196739 
51.03441409899719 -23.49502686524542 -91.05315942474672 -24.43565880755652 -28.972595471808972 23.30200476428108 -6.611416883084445 65.5139015698401 -73.46360234902163 84.72546876669699 -32.74929827046486 15.585963235593894 57.45532446509219 80.94412804605793 -97.61136549897056 
-28.416081037541915 83.7908380331161 67.92041479120891 -70.33796762689657 22.069528104698747 83.84924412623724 -68.90841009654821 49.77662052743847 42.12683424665505 56.904750988641666 -5.635722700869806 95.17732615743367 94.45513062592397 50.194866844613614 34.41227094415083 
-4.8484290610840475 99.07452559438582 58.63030908517277 61.40692531315858 -82.69001702167648 88.56328251951203 -15.782254417325035 -82.1526595168038 -29.688460011719428 -76.9286807496802 -2.9861367582529397 26.62798757359488 71.51661338178064 12.248040472821131 -83.14792351286985 
-87.10350196414815 95.2713313342201 -36.678078697526814 -21.24093185866252 -57.258805224502126 -24.234370358385064 -14.003933208997637 -2.9256865224862594 -48.87891828363755 -36.907171281151776 -2.426057206803023 -0.9570156384914412 13.075999745233105 74.4921728691262 78.70823637623943 
69.81854279224405 84.8855366119426 29.229778464170977 -10.708820395038728 -42.18062786033343 74.08639111042598 -4.948574002378422 -34.62385514048103 26.11427201112882 -78.0791426233638 64.76227055197995 27.16250650607732 18.712318858290544 -73.32991346403925 -79.24557670421706 
-0.7498884703477984 81.46348100163559 -22.70436575561483 13.365743655334668 43.28763268006395 71.79191246129267 -15.422842101140915 39.244375521762095 48.08922837258197 -15.689703919316571 98.72079432707142 -27.575351998491016 -22.034784010171876 -4.91550969983922 -69.94947962358142 
58.277381457496006 51.74577865474714 -59.34224743042922 -55.23355391001017 -58.6380403056437 -25.965980300308786 -88.94982861797432 42.63637249512624 -34.13126577052272 -50.019121201137736 22.670064945335014 -38.64926846228079 -69.22750184256164 0.24228495927648908 37.082634674712466 
-97.81316625136114 -11.769863370830308 25.654418535615847 -25.23718992948578 84.6457721935781 -91.54289370939155 0.11066633767278233 -80.57691413845806 55.252998140876855 -31.235197392077268 -66.19562514181709 73.80132636228652 -68.10228666666481 10.577217514058404 -93.80970257687676 
31.263536815611843 10.615315155812041 10.612012606844743 -66.92383974149092 77.77198712315572 38.41255754606004 -56.409016867521224 -52.05664915952817 -72.5043052699584 3.7155059858170887 81.24133045330495 58.48447374240902 64.06015027600174 15.127559196405244 -94.88438096163854 
-12.30912148476078 -41.07524505370748 -54.39710272759364 48.12713296717527 -0.01548009123403915 -42.629696336956194 10.302776393848134 30.317055105383304 8.186052311521564 -10.465596333725856 29.841049466394196 -3.208771665934563 -58.220486022374196 58.80173548369123 -26.738508532719393 
3.2751382682351107 -60.00695474150668 -42.897139043636145 -53.641230333593334 81.02605431792139 56.794100269312565 -83.87636046112274 55.72126554289184 -45.79615223619666 21.413504698075485 -11.984866100272825 -47.593272983735055 -15.896155587687176 6.607091868593741 22.298955869588482 
57.545986322457566 -85.6411962276824 30.969233663588312 15.838779360967294 -20.771506697655994 73.43552753021865 -14.831955436155653 9.011642768697413 53.536796529405024 71.79219489629614 63.980017240762294 58.683135679107636 -44.70643659059728 3.9011948908263605 33.4430705345944 
51.906533894274475 -39.50918078976824 -46.8948256875209 35.70865734107596 -16.10240212263811 -0.8537278693947741 -31.92225061762774 -3.493883979338136 -31.865291427652593 -58.29539022765788 66.55961623078636 26.995369299783192 -90.3813652487539 -2.080639195474248 -68.48556445167604 
-43.67853189637814 49.34897166933882 -53.10678588885027 -43.42940638438017 29.77664616407236 -76.57006974270983 -42.671997467429755 -4.169278554258597 -89.34194459351998 -74.91730471760908 39.62175968289955 43.88379668270562 -33.59855662466467 -81.73281191341542 -62.158524578080154 
-18.07062774556161 -88.19725106927623 -10.18664768526017 59.19618543044035 90.51023563390777 94.40946811000103 -29.857654954484488 -84.34539455940941 -11.936145308963944 -7.93104785495575 -52.9294503573579 -32.46283431053692 82.32411205462839 69.28668340555012 10.934642479207682 
-59.743426599930906 85.87793536243797 -98.29592822951543 -37.272743714361376 76.73024315999413 -47.8240806670098 62.8453162365351 -1.5547219587922427 93.46371594492652 33.129400759252576 -37.64381603201639 -66.3431316155663 -62.69450012292654 -80.35289558110122 -27.11499412362339 
1.0941751156298096 -4.516724635825838 -83.13235790412396 -48.469767167678945 -38.070505280208366 -85.03705550886298 -29.30251220877315 -95.86441562233621 -39.58858797406706 59.56431612049548 -42.433697715686435 -19.414768635965714 35.041610340669735 39.75714876333569 -80.378773687114 
-4.580530224852623 99.5251082384462 -7.910669689875661 44.204998541794424 -93.3335400663925 -56.45610390585149 83.57116070775274 64.71210990495962 76.88104373728177 5.5488401417465525 52.48929674256101 -55.6137531777481 -51.60580011855815 38.81659275366337 -70.28869367286488 
-12.467838684640967 98.8262335661401 6.401993831451676 84.32009342799688 4.712497730410334 40.934783325429464 92.2991045164209 -32.64729997821287 -26.461635720888793 53.58766542049068 -46.94870407815619 87.76942402892226 -1.3534190639239512 -44.35602642711156 31.195153555983666 
0.025752149993849116 -64.39826961029245 79.42294259024604 -51.88775519305 51.73632929661528 1.141154647290449 -88.604767885413 3.353830086265191 53.466180792990826 -30.292334082211283 58.53880006727738 76.00267229744031 56.668640467548926 34.67223254166831 40.42022646464562 
-70.26590622516864 -22.956759864812298 -98.71064716472395 7.814132831281114 15.28655223811397 28.748496264659394 -96.28047187132785 -5.963504523592505 91.11738611835514 25.776234103908592 8.83956146830971 88.8635676457753 -1.4902179105244215 -48.78104247564181 3.162231433443523 
-70.64442830246551 64.72947866874469 69.52850687110475 6.5574930375246225 71.163626574306 2.5367061111007985 -2.6935145838328083 59.35829971508187 -91.1083952828762 -95.11660274471605 31.271029280951325 -37.94376842839051 -72.22177781911654 -20.85499003407672 -9.133702091959123 
54.311150277048284 -37.359425081836406 -59.99049431432184 -18.91122079885794 -48.15527775360937 59.562761168431734 -58.24996824050581 12.357492678387956 99.31160022702349 69.02563013403562 54.79397567580355 -24.699704973429746 -99.56849707128916 -35.030209355163876 31.686559483333497 
98.37723732680757 31.915554877924137 -52.367464259301364 74.32519943572271 -3.849238497423599 4.496387250673578 86.66988971924005 76.5710035596183 77.89394489309757 -91.7972096396862 -10.263433821196983 40.45712130597502 -6.1017415618709805 51.338318957077774 -44.35925056804908 
-42.13833569006815 -73.20024590770598 -97.7708334343158 21.458507152689506 10.174962769450289 33.33185538496488 -76.8821717051197 -97.35419366980835 32.61758758052281 -4.07676694864611 -74.66325800897764 -29.441172542180013 68.18171762816701 12.258231431354446 62.81204734170029 
6.246601379116939 -27.708955780037584 7.02960804438446 98.3696151358717 82.0641435687013 -17.844237453644695 -21.44519477215721 -65.87134973675276 38.69971215279725 39.92809996438041 82.0375641790871 95.15344855536628 75.75828390585806 -59.258878677680556 96.87423326535924 
-47.03284084384769 60.148726251632155 57.87485719713851 -35.678104102570245 -5.200950858870399 -23.433560766309583 -87.92624205786078 -20.29550272096023 36.65196596645549 18.04198572279239 -37.3144429435653 -20.89967943950792 4.135533916865654 17.387192095737674 55.69693591890143 
-28.725818706991447 44.94543246426883 -10.183991143948077 -82.75365294764714 58.99175530640821 93.17928669192528 -49.57167116418886 61.364060323826436 -63.641212648234415 -56.5850135901653 3.777390527905851 16.145482901474367 -42.94993523518749 -17.356043098779537 -45.473746386960755 
96.07002435515997 36.60285113970875 -23.144079875809282 70.02914843010728 -46.340296527715765 -3.977792406850085 -67.59114575824638 82.37502248033312 -9.21534587298558 0.5317345007957357 16.362778374463986 28.23385521375252 1.0139107447925113 75.86008490604564 41.38951658142096 
77.92220318876625 -66.37782967268278 -12.12145538678027 81.86652741008112 -68.27524219010421 77.83140184606427 -36.16220890003752 -6.370523481322763 30.035864691758576 -73.8193441766704 -32.56855353641967 -74.38224867813199 1.6623435390472991 83.25751299928294 -50.71218080106787 
80.64243430378352 -60.70783996802709 -80.56254456373031 -50.98128846856196 12.652223241871766 26.589763307536685 89.67847152812482 -81.83520853891349 -73.01903626513362 -92.81617946226946 65.38765852951752 -49.11967118927787 66.0721642895557 2.7697862162236504 -4.1601988976521085 
-70.119697022329 17.439396773613097 42.02725457912385 -53.755252301535485 86.09058650653566 80.56644912244508 -9.986128694441575 47.58798653272328 25.055354589535412 53.811945583803805 -27.301178121342005 67.62708137313473 -80.56777642698584 -28.842878121668193 27.617747768593233 
31.37264702445046 36.28568956060215 -0.3866089072477479 0.46615972611820666 -9.823884760449772 15.311516695011406 5.006559994111441 80.61714923842393 25.839915824259904 -36.918719803669894 -10.60966046884559 5.8951395562864946 42.2744761246293 21.76485448517485 -52.499297995754326 
44.40550209666526 16.870330315046587 -38.58891072055397 -59.78327959890226 7.158890039267021 -59.740583876855766 -51.868615684048436 -90.56417993056698 -71.23957375634888 -64.30858550549077 -54.96051638271757 53.992484435001444 27.24709868870154 76.41103266070462 -26.067335627125317 
88.61215449850562 21.742901550391423 66.32283916803274 -46.245799016682085 -54.6152340427416 -33.25948931797713 -20.127341189183824 22.21243949231051 -27.902726465491128 -83.27492451765453 -58.798461413319615 48.898890563116595 -59.3420166547967 -0.4998988788713632 20.251049461523536 
92.87006156053431 -26.720894190706446 74.60795379572212 -41.2482529067085 -10.146890286743556 23.52103469694795 43.659253037251375 74.96006459776171 56.7563275275827 28.135418614938857 -24.850555705441963 -98.51298919639903 -90.13053467743113 32.80504092917755 -61.67628947605004 
96.5879312985995 95.67837492028076 -42.009290496845786 21.249530938729805 57.242465737475925 61.23689746458831 2.8670687330888995 -95.31651969105275 -20.01037738276017 -70.2853581344153 -26.197267933632816 -71.39565980695046 68.76522106111162 28.375925169374256 -11.081732164409331 
71.12600605736188 -63.39999857330834 -24.04240537406031 -57.92741381697859 -63.28243599757515 -98.00849025630609 -27.634387477380827 -69.28028374439812 3.1303793269724167 45.86397974589707 -24.80470425490789 -94.05964387841688 93.74536490624718 -68.7457518043551 53.83915993317447 
-16.212049632476422 -71.74478692410493 32.45015430645813 16.560633063224458 59.068318173535914 29.59737425937817 40.919656055238676 24.247323563049477 -26.076467494958777 26.546035214901906 -39.58004731931726 -71.87558111912516 -81.66951767959132 -0.3387689484934242 77.24473257056863 
-94.7929999751754 42.83164730098488 95.25458140503719 6.235317230225675 -15.158167964552007 -55.58755180601569 -41.36265696596897 -99.40876844146223 86.60960693923522 -83.37503329280361 9.033398228995097 41.0711018894757 58.07962402871368 -10.78568322359375 -72.19648085540021 
-33.668540040541984 -6.350389206118564 -5.026594060481699 5.92893159828742 33.214444280333396 46.37484791770191 -46.28280683989958 -67.36327692014075 -12.667567822547142 80.75783686420698 -66.85986007349564 -35.1030644990708 76.6615536191575 -7.041281841884398 25.721304493486358 
28.08149823858318 -8.229666633597347 -52.766635833282564 2.323965109059273 43.85354118040945 -57.780494383268646 82.62852153350534 42.21193829066365 34.43706165798278 80.23117467800168 37.58769023916864 32.50910051216738 -50.48492532082483 -53.963530273327166 -74.13499817831122 
0.2426259937614077 -13.459323026936843 26.32309549815173 73.86943018984459 -34.183539391925024 -69.64529934420523 -86.10113039351887 -21.561768176505566 -46.249515309284206 -60.91758600170121 -18.051604405676414 76.97281377348938 28.961675361552864 72.40418396564655 -20.302836807242983 
-29.209931513351933 -7.346369956340084 72.6213721265924 55.840653005076575 74.32072242347775 67.7938761156683 86.99538060950607 -17.197168101758734 33.027150515273576 22.370168223432543 -10.856218260702349 -17.512535146704792 -23.477398420569756 74.93251824011116 -97.79091520606435 
-68.05496535834581 -18.76581571691011 35.19902349069122 -26.608461078226824 -81.08116814786456 -9.676127845396152 -77.68012486775044 32.62900613030294 72.19472303554079 -13.611754024252605 -37.85906343672947 -86.95523698323915 -20.831358824117686 91.49838517800382 41.20834458155957 
-61.91498336413937 -68.27428798371409 57.95493771610782 -77.82794232574777 0.32868715972786333 -73.01399182350784 -24.147245327098517 -64.73507876021111 -89.19407887713993 -20.457755570503465 -86.9435448054368 85.95024206384213 81.3602709724347 -92.89442920801237 27.17209156475245 
97.62890460193222 2.6641090564420296 30.74418189177635 30.84063196010598 -79.74402256388402 44.69291780870216 -25.6589297560905 23.91190929275217 72.51819685685433 45.374520004672235 -7.188054954561011 -86.10228252090877 -23.21093654235426 -0.47060516599330526 24.44073363787416 
-20.45746542147198 -8.751412004277668 42.604856452679684 65.52274087094233 14.745918688843958 30.286259206111765 -62.42909951873881 2.9493660132010433 -29.6097436501161 82.828936189178 -55.79772204160734 -37.5046342504886 2.826218644106433 90.27836658532138 76.514315755826 
-30.83173426200247 -71.89972221429697 44.17006603604787 75.38129712183837 -33.37423360826473 95.57416314522143 -75.94012383083204 -68.96688132512728 65.85757327776992 60.652354729254796 -24.695908468948602 -50.37199114969877 -57.205983559829335 -53.2069566908838 42.505853847110274 
-98.62634870593772 -8.738540503696228 33.844128141128266 36.91699442654971 -32.66670818764163 37.574839025394795 -80.10926811418899 -57.30198401343542 -12.84055337888988 67.55023961546073 72.1684611790867 92.57760752269306 0.7312462234316826 -79.56673224351319 -75.87537172138812 
92.9254151921948 -8.190870401073653 61.6666223770448 84.37101878304438 -83.57021591537004 -89.767288467162 -2.3822054706986933 -4.883945852583423 46.8772845562043 -21.675802037553794 -0.8125130709680946 -53.902403915084875 80.98955787687885 52.2764636544573 -26.233515651195987 
-17.673819678938884 -60.80800092842542 -64.26491725376854 -76.15181431852697 97.169359057209 8.22853506181535 92.04237186238433 96.51663617893703 -27.95322990772202 9.262723666416079 95.10524280803932 36.427124436898026 77.88847734627066 -4.353937560041871 41.07558030558485 
78.40047342688021 7.353179779210038 96.81449286245922 71.58772858364065 52.118858592660956 41.69964544797446 -67.68994858625686 64.20292555497613 -50.246438822411335 0.6493546826666261 14.925078158119078 -81.69835729535713 -15.047395295306387 89.35537051181598 94.48414736039322 
-15.326562746736784 -55.498225798487425 -79.21891752761292 62.992070933060035 -36.076393446655075 8.019250933929726 45.10653697363253 88.25625088274458 -16.528786508365982 19.357794302550403 74.11139239475767 1.7687387480012262 83.89552712621037 98.10550000925676 10.651516693009214 
-23.852610713315656 83.24286490567644 -54.737626573939146 -78.58228563853712 -79.31654553028424 61.341142394961764 19.066873423895387 68.03690820069471 -57.858210594752116 -49.905068764702065 31.024984026629596 -25.59156593264295 -79.97005016503576 94.18292101891211 -29.312446792348723 
80.97956177533203 29.19180348386982 92.83850994030087 1.5018973794907566 23.943314784764098 82.94376610417461 72.37497960306925 -25.850608134242606 85.46864492273076 -79.64287797076672 49.58174998757488 19.151819610899253 -56.91676529212788 -39.19545326189557 17.492482008778637 
2.5990436075337584 93.95969192218448 -26.01819831592509 -24.28709647130647 9.256366710754762 -42.61910143991328 91.96876528168124 1.122399094940988 80.10922629151582 -36.058198627944904 23.01790215449975 -30.16549092617629 -47.74030786837351 -81.16256213138335 -63.92498649245266 
-85.52242062812776 -72.26519443491401 55.91864954358667 -34.77065121339287 -56.06002514010899 41.06143322862036 -17.061344320257547 -42.94583064560447 -90.47519465394784 -44.573905777537746 1.6686748661988418 -40.538411322206834 80.05522831162176 27.267839057346066 29.09665140952646 
-68.76262114126115 82.19040720368099 14.576001760787321 70.42412660979733 89.21283883511282 -68.36173423568059 20.006598156080784 -13.505241982294194 -18.04624134264823 -42.66093367680068 -24.095646952124866 20.55665341560251 62.11937726386688 47.89966971611747 -15.353806639712658 
-23.3589947024295 36.096598101373075 -68.71206555664553 99.72179017777015 -22.91340745808131 66.35860130383898 96.90850355952742 30.08135643270029 -10.653821455307693 86.79150093806595 64.81991228621274 76.55903844376343 49.16284815445931 -4.790756024268688 -87.836406469697 
-48.06279138436207 11.166147934597717 -52.6151996639582 -92.61520235847004 13.224483978062523 40.72290401814851 5.493017901492166 74.32921611967882 -51.059301197749775 18.089584206876523 -50.85222068400685 88.89724041660031 69.06156713599538 -68.97208324658533 -28.591489775483183 
-69.30101851731803 29.59426836328069 58.253931525144 -12.496416139746188 -30.206219899876956 -28.6737669473536 -57.29070893848007 54.06447151125289 26.96038716563838 -30.35468713961005 3.234241591892143 40.144216453425514 98.60075335107089 -19.372417371079038 -82.61004818482157 
-85.6997003247923 -51.57742554038754 -77.05487021899023 -98.59347937305971 -85.47709167640569 -68.21143035961575 34.190317049885834 48.03768942681421 51.798362440904555 -58.95715642843948 88.02736479964358 15.913455925261317 -7.2936791966675685 3.431950405238851 -50.02393922728574 
60.03989760582772 -88.96130105052804 -98.24338388559323 -20.097990035414483 -88.14037773240568 62.52719262760749 -55.94944389360295 -2.8959163803527304 -12.316567202803313 -9.4010028926714 -99.72759743396857 -40.05968955587347 3.1693711293988116 -69.66648087114453 -5.362624751672016 
27.33106763235382 -54.65576950600506 -24.10317675851026 63.83985354811716 -82.5218921050544 36.45763244600394 -53.45436043708143 -78.63925406569743 -47.66154701728775 41.26647609075198 -5.922933644996704 -62.76851396330427 -80.37358803510115 -46.42182583995016 29.06782585090272 
-66.11898244918883 -29.3451145802008 -74.16821918496868 -28.0800693180382 40.57315591508697 16.98564778741327 76.68885305725334 -55.009843918306636 79.20534336220186 -75.95362869443142 -40.71009771194707 86.39758777825625 8.259432701380405 -78.84360283727744 28.91226548312372 
81.8894746742319 90.74904202791132 22.531130636085962 91.94878956548479 -77.6472666017263 98.45674265358252 7.268625460844419 57.25108414377698 -87.31091197494862 -32.3723122609818 -29.440114091577854 94.828945392581 -53.11184814689594 14.484497798800433 5.612454840301481 
-74.29341449427926 95.30555006413314 11.786632031916781 -8.397330996941747 11.188718009805172 42.327901346327565 68.1040211108702 -41.97336248811672 -69.70181623297776 -67.91143467229124 83.60372661418924 79.16922425129647 25.813493525860864 -44.83690268450684 19.431103476347445 
49.09016032776577 -13.724095417865968 40.10098917223155 72.03088585264882 6.023730700155866 12.068636777354442 58.30800241997932 -80.65204301287781 -22.740536973572077 45.876240153196676 -20.133367408350082 -4.7620910656704325 -23.625462277023757 91.40308508550368 70.14591276262885 
-64.67310264480466 33.96763265966288 -31.797856862932633 38.04370143946147 -30.465291964386324 -31.669981337865252 -58.620636673580194 -40.81596522076627 -56.441678601643176 -55.199682002271366 -41.64014321360641 61.23472690184991 -89.90656342621482 85.10347435322191 42.02031267396157 
-74.98448794144858 -72.41138469051549 -45.171953327797645 -90.99120633005333 91.32047883570317 79.31637205569692 28.650036025544722 -72.42404309532677 16.3375746562141 52.19537171414967 90.55822591845893 -77.54878400671406 33.234622170018554 70.9949443270852 63.01329361363156 
28.676308053415312 -21.68185427917173 81.16766867073108 -12.789999537302904 -44.25116703961285 -18.499787271931623 45.4187128794575 -59.295672154105425 79.13489973170536 -55.74275775670201 99.95862972013848 10.522759554746997 -49.210998234395966 97.3503781591495 -82.9389931971664 
-95.28589239305145 84.03694366959775 66.15402124913993 -32.31757045022243 -2.9844736128128915 -79.95101009934785 -30.895334448116515 -43.4325478654567 59.54338243440151 -69.83361864452395 -83.79278674885045 -33.961378465799854 -21.700658548595 11.141860009114637 43.18872475032768 
-14.81427436793878 -45.888391150469474 -87.11757764654689 -63.30500609775533 46.65168880384073 -77.79983062663938 26.52270125729224 51.348779497510066 82.27401718694495 -92.76548118250065 31.406305482385193 -36.648656877302166 -25.663931799094655 63.19822531799841 -48.247346502212785 
1.792752708257055 -82.44516421571642 11.734198565621185 -4.947306884421067 62.35347087733041 5.412861417622295 55.40742315718924 -57.99382679694909 25.902743008231724 -72.25514900341679 31.488351517572454 -62.238441452975856 -8.04319541920664 28.035160273330405 -14.090327355517346 
-78.24164665748015 -52.39783028448151 -3.435443009613067 30.384958275438066 52.50224801569689 58.05398462308818 -60.66480536725327 51.36728808317392 -39.51387278698144 68.05674648401035 -99.83105207041905 25.126160297952964 -61.96640075161761 -83.29153642963638 15.625586951763083 
-60.64673547431243 47.67445309559312 15.761750171613699 -98.38292259193699 86.43159882605192 -88.73570389356071 -95.61662380328445 -26.351570399312706 32.5652238392843 -67.93842472094926 -25.825747998617516 59.77071739701782 49.321951413267044 -51.47542287712752 92.1414647097925 
50.34362145730137 72.73188850603535 39.83410796216043 34.478960544829704 -72.33920309959043 65.83636853188492 10.110842660782765 89.92456527728149 -66.02971507702264 -10.077796459687136 -38.03045905325939 99.01922007360275 -37.831468428383474 19.07428443160623 -45.86318009141426 
10.530579212897393 -0.5482971109957049 99.34382981496006 5.543195742442421 36.61718656531167 17.49431219454189 57.191067975827195 62.86036231929225 -39.02195477613895 73.32198687760845 -42.599694113878606 83.07577568536476 -8.266503881433678 30.775330436024007 -70.8836219574039 
86.47489783991031 35.35168085739912 -31.62201268954243 -55.078519107073085 -16.544364182711078 -26.182931483170165 -69.48736276301348 89.70544904744244 65.50101992452275 27.791506576955044 44.20546616250235 51.351442509813836 -80.75254688416054 42.500046135600655 -3.2896868498929877 
43.41616797306071 7.143938389448252 50.85580669360371 3.8493005970300374 53.848458617384324 -25.359302875118317 -31.488022081404694 -7.307195589401715 -5.8857865381641545 -0.6377728670558014 -57.43217360775758 -44.27532772992031 91.63747575098685 -78.60066520227335 -19.31599430175301 
32.67461983661411 -19.553326817499794 34.276554461336474 -32.00122799816387 -61.04155860056719 -85.56893752601871 34.21417668237547 -26.875053862930898 -63.662817381570335 -0.31358598195095055 73.70659350863951 -4.053173915700128 71.33132281993761 61.57992751999777 -84.41677786584829 
10.870664680976844 -65.29085518180045 3.370942610808086 -7.625324914459952 67.31024938774536 88.73280663080726 -70.32384551445293 82.75868849516309 37.23903419793473 -33.85549006789634 41.781458813036465 -37.60233587619268 -67.91605115744625 -80.58451403253484 74.04383681415541 
-34.862215523659245 -50.172183348786746 20.454744880885613 56.923461555196354 82.88633088740121 76.52459066520458 -62.28599269709984 27.531141880134953 -48.476878921305634 -34.53115133782296 31.20869348261246 -44.78407354237854 -45.12215508726625 -38.41646188372012 -21.534224315455134 
72.73343382791711 50.84777408226364 61.447607804125596 -28.766308412096578 -13.341556338860514 -20.874582940737923 -25.737123377048547 -98.69329566071092 -67.45397794573566 86.09458898279794 46.16691526756145 -74.78605677549406 -70.95690886704716 -52.43322644806811 21.08611610888292 
-62.45744850320947 24.722219061952472 -98.80818887536154 71.57355552492791 -63.8638592802812 93.1001510198486 -5.317987184303831 67.58501973462097 50.37064418018497 6.205314438678556 7.83825281963837 95.0065894430098 -25.03822614461984 22.780377302160588 -6.659459961180886 
92.34157253333831 -40.965556551405456 33.00581875914321 -77.33134969576685 -1.0892377378086877 17.13253766642427 20.568831423586815 55.05855284534903 -4.800315202383771 4.514155720496788 77.37745917178108 -81.46914684399265 51.96716732741717 65.12728232922638 26.029614582408684 
56.75624457598579 -89.6043572872542 70.31744732406872 -65.8240194159425 -73.7428152193994 17.92011074551428 72.20823781244493 -83.9393062254179 -7.723532174636844 46.71355669835725 73.4792846024798 -84.24041966758273 71.9113130328227 -88.82628765599905 -19.35739458438681 
-94.45466180158009 -38.10246112417537 -74.59212787331944 -81.78127293226132 -2.1009682783416537 82.94323309408122 -35.64737057937745 -88.76900513794892 73.03463682345509 11.693221844512621 -52.76610006127378 59.60062916230814 76.17424154292291 78.45264782874969 -14.778402097210574 
-84.91829131207018 -84.39450585401681 -45.0238076311648 -93.16630638008634 36.4429179581812 26.820839069681284 -88.5014186352101 45.6106138422779 -68.5566538207438 -3.956893978255451 -10.758943014492985 1.7231433708780486 -13.249193442202127 -75.10289756170539 -66.75704774219176 
93.76441652502416 -5.59161879655818 55.01887518751255 31.99860106848709 -85.66411895904966 -96.1049061608986 7.967762559157407 97.42579559593213 -33.00911838924689 -51.915672233859645 83.26015299262605 -76.11231692987268 21.03273068733185 94.04953597669149 38.807016807166434 
70.32902072017373 71.225579083464 -64.40540035800409 69.74713973530305 19.842186270549206 -74.33308186329006 -30.423319570007052 -6.954699814847004 -97.80963212723084 0.32797445943938897 75.28239242060269 -13.707598359672147 -70.36727194711608 19.459993403743738 -59.36820533668625 
-15.674869748140836 -77.47047471409047 80.8679904736149 -48.76447052794575 -77.16688839180313 96.07152320830116 8.180662927118803 -17.719748912818318 72.00222101788981 -44.29981363414508 14.843719575796158 -3.2935617095235443 71.77902942368871 97.6112830442008 49.43165538399302 
-63.80990379939544 -88.31400561443382 -24.503941860308103 -67.5177749011656 -88.69472054673577 8.756192349732146 -53.29476805093749 77.92553133788473 -8.012004139360045 -62.13628186045259 53.259063947646155 4.142084873651513 -11.313111144208094 -77.9199907997563 31.653627050443163 
-27.293922837164658 34.38150713069709 5.193132816956236 -59.71051658537574 -92.91070265010246 -92.65862996086622 45.165957530499355 -77.9927482769535 -77.7127013670028 82.4978914289756 4.849002338460394 70.80658317200923 -78.93584046936444 67.07374992212672 -53.06736859826977 
67.24628687053522 -8.080402205763832 26.74271817156493 43.33130441532677 55.53529723923219 -68.98484837389236 25.770684779819845 -23.962251476984278 39.16043085127811 -65.49124110787682 -16.986898739487017 -69.44786702760604 -73.5442080961606 46.621431940295736 -99.31321658956749 
68.11711811361332 -44.2449008904316 -66.44010296605634 95.39251067662045 4.207491616983262 -31.059881468797926 8.58968945242458 61.65341510059679 -52.083099912664906 55.924299618250814 -55.083728521397624 -95.30111455134076 64.67523451826273 72.12215628028414 -39.31847929841821 
-0.30614035540435225 6.600012606211521 -29.971235274983627 -40.04122319032841 40.57839710285393 8.355166257338723 25.1112694710599 -85.46388626585097 86.57076003202235 13.90052405032705 -55.813990382270504 -85.10279103103655 -74.751878659509 34.15669819708938 48.178642859160504 
-55.19447107076074 30.472411520593937 60.91888154959602 -33.72589304251352 -87.32475543447487 26.509648283348014 64.98199663216988 -44.81387207211696 55.88467467745647 84.53123532640862 -28.40171451879388 78.53365314002116 -12.090694397214378 -55.331431367936304 -1.8890307584196222 
45.38312177275682 80.39580443714809 -18.1047511832884 9.01546701206324 59.401655149715566 -74.4047441309152 -57.306192323266544 98.48019401893816 37.82086004819499 9.501845708144472 -43.147404099500996 -55.300143270014956 -52.43420195106221 -74.45421368896831 -84.14649854219985 
-80.39742907189682 -83.5032602328961 47.80797581479786 88.90151549293614 -58.35469547039595 -34.15212666437 -15.964676495300509 -92.4542433472628 44.15189467847159 5.745859174312855 -17.1238702432007 -28.724664105624413 71.6738573516327 36.673304073083756 -53.87565569641551 
-64.59632179267996 38.88404944326865 13.019657453830007 35.04574553755185 4.545409890005672 -33.063647569824255 -25.952042523163144 60.8340471632564 -62.256965140724404 -25.079177787026936 44.848518815371506 50.500661662229675 -70.7751392591232 -18.830190866970085 -15.085391253032682 
-62.9615610722223 26.7883471096428 4.560925519422753 -75.81786014425336 -96.28184680317369 32.999297574777984 -55.39873687015486 -78.96674939402735 -9.077109695320274 46.199671058208224 -92.9365815933019 -12.493403893173038 -91.76329147355867 -2.1938990981085027 -55.39328889862596 
63.62593791614938 -54.99515126415155 -83.24582926965579 -6.420487761416865 -24.74097130566794 54.53599866415968 23.415341490208434 -65.03022018627797 19.531531321058807 10.541123526542691 -1.78026708403236 -24.37538632754203 -86.38857759489855 13.673383738156701 20.04959284085865 
58.24485499074373 -70.95797825352767 -50.285996843278014 30.600962170477516 -55.24922954300517 -96.80779168335923 88.5427747953429 -17.31011400282631 46.257181210298484 64.03472455382112 8.661841398172072 56.99407199473487 5.560219709066956 -6.279905103243209 10.898564560693558 
-37.309257042463415 -76.38066609302838 95.59594978677151 74.01509476915297 -62.612953040612474 57.31962543418467 -85.81030560134776 -36.10395363075476 26.429144979227488 -80.8394111923287 38.60399818431907 33.2479979824725 -49.20401602760829 95.34725750611537 53.33361700662954 
68.22277841785797 -62.99474106446117 61.794269655512124 31.511316211827108 4.531930039861095 66.01091930022744 -1.5403584515080837 18.210838928375964 -56.915581314490595 -59.68908752597646 66.57319042112752 -20.09523399888937 60.44715094859444 82.78069592928432 -45.92358182459313 
-55.50200000011951 -7.440460137654824 99.52538985349892 -61.775233924668015 38.26891880483572 -39.91367318256764 58.66075424402993 79.56706878520811 12.044016441526708 -75.66257033372345 -58.595739806990196 -35.945229816984096 93.05427279211318 -27.273437406315153 -50.052602320706406 
-15.260630506651538 -86.66891917999541 -35.25078206882513 -76.07878556293717 -68.79602674591523 -27.403183452157734 -88.67308708741194 -78.73668150243415 -64.77529972522251 -25.521981594502492 -40.008828006778295 -47.153677015442554 -84.45488154147793 42.858372140917 -56.41340976535816 
79.5526840405885 -68.84402573661879 -1.738163173421853 -65.56373920788229 -5.134322014780807 -19.030997403684793 21.14967536212569 24.558122134069876 16.504948792324598 82.70064574011181 79.03502357296523 46.773179859374096 56.38740031633952 -92.56393575152045 -81.33389739407622 
0.7762740896657476 -96.1412925707384 -62.29235639579915 35.965474104474566 20.00043181355906 76.01490893538957 81.3292434582219 -87.87838314084024 -21.285687342326682 -71.65244299072253 -40.277125638711134 79.41333519079006 -79.77245651092271 90.79479603408393 -88.59379309261747 
-37.251000859508856 29.17687480879391 -69.42688565191968 -85.6642567206379 -55.56647676289428 23.39770131377739 65.7854818586296 60.86557714382752 -81.4940297652604 -18.57695755335655 39.59123735722349 77.11821600349936 -41.8836722115526 -23.150831980884107 -12.670971100620548 
-69.23958167880605 13.638262278420939 58.85638638361027 60.65963708347539 20.73609916455304 74.907428692416 3.6676842939490655 36.11681855909822 83.52544482093626 44.97165132843105 -66.53980434792146 21.918034933001977 -95.51486337850723 -20.094647335676143 36.00099667752272 
-67.4486899257805 -75.03663221619601 57.82176339999839 77.04668166290261 -49.510050355747715 -58.34866958522016 3.7282678729096546 -59.956523178288855 -98.80218031212473 75.07132033975554 66.93299285997287 -82.50408378578024 -41.018320204782285 43.00553997338653 62.925417888765566 
-1.5177592560787616 12.061182422247867 19.75646776697708 82.68179534469536 72.91989580342556 59.725850687096425 55.559022372674036 -88.36937890674534 46.82373929267615 96.48871133735014 44.197079695178445 -13.60948811300932 -18.920628767094968 44.81948344043954 -36.58171620734267 
-40.97825548632537 45.457913268558485 42.61943934622346 -50.97916280518709 31.059369821068202 63.314728146644 6.090778071154773 3.950247584798234 68.8301810055948 -20.335140827542688 3.894450925914967 -99.59145010547759 64.69130356780937 85.02125133085025 -2.3700737303864656 
-35.957909128390654 21.288471057165893 38.040816232296066 -15.20715570756876 -39.81438041509857 -36.657245228927124 -61.19331498167928 -42.661008052270645 31.458488060192877 -96.13440471477905 -63.57375516334647 34.66661008331329 65.70153580055259 54.91888533784541 -74.25339376778119 
11.415282800006437 -45.087875616566684 17.243524621371975 -20.860334452248267 23.214793779123923 -37.04476803061982 -0.6910380001539096 -88.8821155663959 68.75396961381165 97.94306372652315 74.86038265445788 -20.742385450172577 -11.377812647772117 75.10261101099874 -60.1819177453498 
-96.36361455332694 -95.5487629921848 65.46349092517875 -30.204136052972473 -45.148618950473086 -25.35217675502524 -18.578335786708536 -52.73202833292474 98.3012582660524 7.664338423757016 -47.80695776881701 -45.45605061704654 -51.71634749191465 -0.9949502671425563 -33.588640578793644 
-60.84942228999306 58.555149563305605 -19.110167219240765 -18.89669970461992 -54.050528023313895 -74.79636611803429 -96.79052189999493 99.34397137686753 40.206334001212326 46.22783065044601 -17.371225644365396 19.37847436830502 -90.33195542039594 -69.58591200057927 78.76030893277829 
47.68229322738762 -43.385033474202 -93.44843855730618 46.358786334507954 -68.035527168396 33.81368967329453 -60.98133565872945 -1.2231369289817735 73.38794039874728 23.762790670552093 -43.70596620117411 75.98526639189714 -93.64586257492901 -26.952069541941242 -42.84342425899803 
-79.11477772174061 -21.058272022765962 78.03115846144624 79.94022160245197 32.577606870461665 88.50546918480734 -22.96331666445954 36.88790196301187 64.17322812247428 15.147171167024084 -99.95680648143852 31.455658709968986 -67.2474091793363 -67.60646941760986 21.93774318339466 
81.7457071804669 86.61402121719459 97.95342696118027 -2.7813440560191935 32.16055738653631 -17.73131876913621 -92.82831533598046 27.08062031917808 -92.36088302909202 -66.52053737904225 -26.176856443205637 98.24948834065196 98.80543028127386 17.241526612400776 18.92555961036271 
31.41954238234777 11.814953519692367 -92.08151294546185 -96.31559570813796 -31.10756824077056 -35.710188375194434 84.08649664865482 78.87782878810381 32.99010156389451 -93.54762884802474 9.619900475636285 9.68497896941949 -82.0765139382741 -60.674771767963186 -58.727032907140696 
39.582081276473986 -95.12061929129713 -43.733468171992705 -10.585418878635025 -27.41432028717719 -31.451308987468536 16.501461446041034 -58.859941403351556 -21.370199777690928 4.121682819975973 86.21823598836883 -61.58284099675975 -96.60477665483623 -37.9489883847683 -39.884390938042415 
-93.49856900609596 33.980491801853674 -53.67718236896364 -19.287142423846973 -59.142995053492456 -86.82302598906819 -95.6758329590665 -7.938069533469644 0.025749862394363277 -15.2850374105479 -42.391963027526636 74.80157785198358 53.0230474927819 -25.45247878616972 88.66917651533498 
98.95217564196787 -49.169279646581174 -6.99917882352257 -15.476406451169794 41.890314189061286 91.01581629431402 59.0918475467748 83.65071739160979 -2.5764181668808988 -31.34797103731522 7.144169273654626 -38.020530664623294 -94.24362719482818 37.50018127800777 1.4760581336827414 
-4.446510307216883 7.344155127292765 -77.7859396663308 26.5577404624417 60.07232403038108 68.22244564290799 -87.42040977410083 50.032126076949055 -59.05189166920746 -97.32382956204661 73.330976099087 63.10917798728855 96.3167660822649 -33.69945058082784 23.258609107312438 
-62.99881758587929 -12.948986146922763 7.263256073119976 59.390361827309846 7.076520581456336 -28.123550218795046 -70.29346822965177 -64.64979510374172 -95.49503598945648 -15.857049305744212 25.501404229844553 7.962705125589835 21.124818533445307 -31.62763844859191 28.236858217595852 
37.8926611297569 -77.9859840992565 -8.645935350133513 -79.41011432053406 19.183479573162913 74.86896987834191 -19.504346463300067 -29.63893753483309 33.435414206772265 -37.564278642659474 95.96962694017435 73.93508932905056 -36.46024919509105 -71.71247975500785 90.52961450696125 
91.83776005139492 -19.585933380343576 -65.13421305044514 57.08105702843926 -52.148851145114875 37.85997991644348 82.44569191662987 -75.66603330665578 27.543318603725965 -51.48628913168487 -50.23112123297957 85.85814518150318 58.64722274080506 -36.819780861031546 6.192516019734157 
-90.89355334356296 -4.549033002319149 -51.68876725576512 -30.052176211861493 -18.147403104622526 38.60920701096353 17.560460432851954 -61.880005925158656 -38.72441868809145 -60.1266215529465 -25.386598737295003 -71.86740045401973 42.08878356941284 -44.90850068833381 65.59270217372583 
-48.93046223346098 -52.34348501401234 -70.13587321854826 33.02237474332361 13.07654989814992 -70.30364908069701 23.365263131405683 3.8208928172583256 76.569848195102 -72.71237286725467 -18.594297766485113 -67.99657006025794 -38.78171067299934 -93.10046358176022 -28.83117642676416 
31.55900360921723 -48.06599106893468 -14.456121094340261 38.797779763466735 66.08604326379529 15.104786297248097 24.647359048374184 78.5344941069165 53.40741942049951 60.46493287378618 58.34313039142003 30.818400769909033 -29.98519028787348 67.32100484653083 59.19808437121165 
23.055810401767857 2.192612868264419 76.74869657050237 19.501160520270716 -21.919724638063173 73.62102040737034 42.24860933845417 89.32322575044759 -77.1613656500258 -70.32965887767328 -61.01981505450254 76.1826347643416 88.96120567906723 -20.254464504814578 -49.67863602625571 
-26.226114073305283 -33.57014937390228 -90.14164245710721 97.71219358687264 -50.261591744819036 -85.391740081328 -55.54848478559493 55.88183971364077 7.663035589094136 -19.604873133375406 27.2047313827442 -70.4880332960823 -77.92290337934557 -9.723647995936886 50.31000673919624 
66.40056516148317 89.05170968442371 -12.68996441465869 68.08057911275347 41.15260618373128 58.42540489368841 51.38140896101427 22.0893997953699 -93.96685485613045 -21.316525606729343 -42.270980277943 34.96860046646324 -21.36747822016865 71.4680599192526 93.07404350521941 
-68.32812406464569 -43.33594726327708 -61.79436036838675 69.36886609627456 -52.06516478754892 73.18769670461671 71.8664453510238 18.323184753280387 64.52513481785104 -43.91169917770905 25.790080601969635 2.403249366059626 41.72389044091446 56.58308732372973 38.88681040335848 
53.280003437020895 1.4518770707979627 14.490881614419223 92.74085317704521 -90.1081766714394 15.497894094602557 6.746485518658702 6.514115896066627 -79.14228646628266 -10.059433522183596 0.13118723731240323 34.294841771571555 -82.9156404544549 -79.09766686006276 26.97087008955475 
-66.07118362230442 22.428433882003418 23.804858444048605 -54.99036995144579 -59.77755732374415 10.544419914245466 83.07370482519536 -32.31701281928527 -3.143602485395448 -15.777562716285033 -68.40108338550425 -74.2016680824572 20.96927527938483 -9.00302058027323 -63.53746481682627 
-63.4430269936282 -62.18513189462098 73.3400983357356 47.435631360102235 -10.807304643620768 -3.5747142015542863 25.26647066812771 0.2996978880768637 -74.02731305474151 -26.383717132241884 -66.18032254550184 82.25809020620287 -98.10197676732304 -64.53387169963752 32.12809556454789 
69.80487454495119 -17.48160597523642 82.83998273891171 71.4288080291565 -55.95376047983691 82.94228960565101 -5.321998282825831 69.4243625228759 77.91045446287154 -96.65000588911887 90.57629158719556 -88.2296143071088 -89.09162984780221 1.2026682567073124 -91.22296906661325 
-83.85219785735494 96.71275457920939 -70.33383220364892 -37.92031166784764 -27.699473266957895 23.7471680723836 -47.06539326537842 -33.25238352554875 -69.38692323262492 -51.244754124100545 96.82929549828674 93.43618344706229 45.45999397058094 -36.96642085960002 -4.1680113295254415 
-83.44031856236245 -4.695385203975761 52.581480103659345 -2.3459384215321677 -95.75068094990493 -9.565239295729327 16.609878964715534 -42.996822847156444 77.34356744494767 83.03187854749393 24.496120886661558 31.09472288402597 -76.5817959201603 -43.54167067866916 93.56482317728941 
64.78040106671833 72.37503563182764 65.57798340596383 -88.74230677299246 81.21338463768834 -88.09292298672837 87.29891683025278 -5.654872694778888 -25.724086641385753 47.25973746407769 9.863456480294701 67.2237351324057 13.660215346872121 89.42346201093397 26.75545904959671 
-12.80086797396882 -93.11429278848075 -34.33681386872678 15.992186301285315 27.097523912311445 -32.68671776975869 -51.48127793288984 36.13296936725638 0.37154845682417204 -64.67048163360663 40.52551625180422 -47.59376491164804 -75.84233449720193 80.4343811696204 -35.870935294710776 
-29.536904625307912 -64.05505429666593 -33.530020062249605 -62.75164210151325 63.031367626978636 -97.56322010971815 -31.195100441531693 99.68163555655187 -94.75590775112425 65.1538960708757 -40.054479276650646 -41.552185722050574 -91.24180500736523 -90.85870869227972 87.24240572961713 
-1.6696768695623803 13.801232234494549 16.553368432438262 34.6597937479178 -3.734219977966575 -32.340017250087925 -28.85262068508372 -34.35537541183406 13.353004349509618 -57.54968152683484 -62.36513455903232 -24.930626658111848 45.298684657604525 7.615833430224654 -77.82818736383015 
-75.04699078897676 56.8735590890561 -53.515996033944255 -18.037935154175244 -21.900909667491277 12.51155699315052 -48.89441549448039 7.076943914561269 26.56930777583017 81.56775310139798 5.126393176389342 25.983826618653836 13.420425649478034 -4.773726716835355 -94.97828758901612 
75.67326652518221 -45.15223018325849 12.68876082922148 91.46938911456851 -62.33912850980312 -70.7334522805126 22.8887378074393 -36.064313125976625 -59.148517663569166 -61.62937257933601 72.74989970097971 -83.82401435687956 68.79818419499128 -33.10546351919264 15.999318711983761 
-29.445767122614015 -44.37683874292333 -75.94669758077792 25.71922788832812 -2.7585814594573037 65.05401270544124 -10.114441745868547 45.562673310220276 -93.0087316487541 -44.480397965936326 -50.92182043339408 9.407944910799685 73.32321820870251 -70.74427244839798 1.5579370453563826 
-67.69236249026389 0.7266388609068315 44.82414727607565 -98.20445089362507 -88.8741270373195 -47.94203035049034 -92.60737705353922 -46.39812587200718 39.663510886285934 -58.89741091197147 4.993655898032841 73.4900125701831 91.95543668820358 -73.72798485575737 -4.853416379942871 
27.251207959217112 -60.758384557295585 20.28409491462088 -15.49800644290184 30.44461453191883 -31.7401717816129 3.9590753580599483 -77.89715768933148 9.94803076386448 64.57444655408625 37.19198697874768 -45.587245930236044 53.22192511048604 -13.632486739600608 19.30001636377429 
78.7642432396828 -83.18850182262094 -66.14440238164818 -9.623111040278133 -47.99595103901857 55.61817021980238 -60.90638897174794 73.70956059086268 -16.24701009618066 -92.98151613328866 67.59369979051368 24.81456050469815 -66.22020038716643 -78.57438086497163 99.55881893925397 
74.69355033301886 47.310628557782195 -88.3175693533552 -64.90592847798263 60.244702469582876 -56.186273047547154 35.12185215135338 -68.13924124613493 -18.053534260900193 -14.884236953241697 87.51240100176577 -98.33552549182278 -75.20702610327525 20.438084128435662 -48.68414287145249 
30.27606682790625 -62.423016255815675 -52.19608234366624 83.84778134423416 40.88151025693233 -83.36935918786739 -54.975149159829414 -84.90995802877634 -43.90786510009321 -99.08045978690281 -67.66033302883292 -23.28710830486041 -78.02193936123874 25.051782936445505 66.34654167444057 
-78.40496597997767 41.67546276662256 69.37775477553481 -64.21158565858163 88.11362861008394 15.769385402743083 -7.999265857795805 45.426828686602505 26.48514502487909 -88.2737437059632 63.790896578469756 2.498223689225341 97.04871303951285 -66.55098461820421 -89.16757044233037 
52.36010416423463 45.78595242435969 -53.379353605852266 -90.87554641167806 4.952369136131168 -9.641965552669191 -67.97228942812407 7.768920632079258 37.08386475073729 85.6073372666869 -83.70404692613755 -78.64685761733753 -8.763039493248655 58.639958874319575 82.94622170421476 
-16.050116915753378 35.152569682721634 -39.40757873865988 39.42970165571083 2.317904066737526 -98.48695713509986 -7.933549284694848 -10.450496280910414 -5.305735849795383 -16.030270071996824 -0.7552390441132388 -36.41737521910029 50.398072192700056 23.422610854640453 -12.219021539651138 
60.165362029686975 -18.561834655961107 75.67851586288413 82.56239453347933 -47.428278712863836 -39.85742454760268 -59.634820628130036 -10.655196939456758 51.37752204172219 -31.22948562763419 51.98457787832035 -75.32723777638012 -5.553177757868369 43.69335229570768 -67.61678023630478 
1.1143876755973565 95.06874226847572 -95.66957387407211 -71.06660891623451 -79.60153575464648 27.878983328197847 -24.722008247418415 41.136061981889384 -6.563028141565326 -15.396358031151536 -7.596806947940806 -51.83336918841648 -58.079834841337366 -89.16831024214937 8.121899645835157 
-99.20405028448782 37.48815087911325 8.537399333955406 -70.49831307588582 96.49349464944618 -11.527171880006563 -88.16230002725447 -81.31279183168112 -45.645529861094914 83.86012183066771 -11.550043794128044 69.94650879305985 -54.547274387393266 76.82198842181018 26.15627795579367 
18.77828736017652 -56.947190027784764 83.67436851245799 28.24706261580542 16.057099754348528 -32.31836648137585 -3.823059243523616 37.23339725847177 -55.89687609908014 17.541495845065754 -94.99675771688439 -13.41281993705637 66.86630676126367 27.649078405266934 32.82663288594637 
81.75467737857653 7.033954420457505 57.68634040102057 69.9394897734449 -78.98810395791394 -45.894273100529624 -40.18123321140084 -45.561040141772246 22.8605447349904 18.602994781832166 -10.98602451622628 45.56471369825351 20.134929358476896 -93.32073229730698 -25.001026917316537 
56.79077737666083 -21.765782432657716 -99.09583933806718 -18.785767746867307 -68.89732375431214 65.06534445009126 50.05913068221065 -71.20593680150989 -78.92167840436066 -45.123826115346 -98.13215927007641 65.58496744881012 -23.923065267816042 -53.21413853003736 14.163404953381203 
-40.71128954452068 61.41878650032098 -58.62920570184822 2.531968976099307 69.6443094307979 37.29016755498736 -31.043101022471603 25.683470274447657 -24.91688986235785 -13.505158556989613 -89.07405235019326 -66.0584539798714 -34.246665050626945 -1.2392683068719776 -72.72512293126736 
81.17696461512048 99.4044042690368 5.581958693631677 -95.6495879226546 56.39224679383349 -90.65339709271248 -79.72229688290425 47.62913715568391 -3.0611388297067066 -71.97055317389223 -28.899810138685254 2.1511694487187754 -86.73817170040093 -2.7559233259517555 -11.078142308806889 
-79.97443733862437 -21.901716262574354 46.22995182241425 7.370916664802806 -53.53807058451439 45.021321666071174 4.063194572092343 79.81809157191518 77.19326998810098 89.8295784357278 97.4792209818539 5.354271222875724 -13.161425843545231 -22.690030747784064 50.444213092303556 
-26.698783960236923 38.92755010839417 -23.86427741186965 67.78461018723493 -71.9267370891078 69.97391219106737 -71.08325390509037 21.89192830147995 -29.390658724997778 -53.24055270980359 -11.017073437017658 60.65437642370742 -33.943332862583574 -53.47711422832211 -24.882099096328233 
-81.34830819938924 -53.927180187281955 25.424185209933484 20.43965004751287 36.191108406212095 59.14861625662019 -52.154225992676054 -83.74581289068036 3.2944970575203882 -92.60786999544581 -54.968298531678926 69.90143618497288 3.5476233291203556 -44.01867732458691 19.554374186155513 
-82.77359882099759 -63.994084051486965 -42.76187408039769 -20.88415276651716 -38.701728908466684 1.3129821055396746 94.73442047018753 -14.735779879799566 -72.36149884770575 -53.782528612088186 44.731371935706164 31.193038866733843 -82.62385407549577 -7.340895661135647 -78.35470127260666 
-14.821097852329302 67.34583462901702 50.345837872632984 -28.53466607414157 33.310348846407294 -86.33634739250091 -23.45675388516726 -57.66511846191098 -65.68981706376141 -88.71197957503732 -1.3519323787093214 53.869078756348614 -42.96395835352958 99.58156604265375 -24.266881657646294 
83.38704205643705 11.442363425379426 43.048769211467146 -0.2842015893748169 57.184336223900914 76.15095987539996 -84.1192756286024 65.63915189639704 -68.66374100869932 -33.426529595882954 95.24415823307532 -17.687895571903482 -69.53021926057693 -58.42533506399317 55.11842157046394 
59.7515490780805 -19.950744982215113 41.07480653183012 -37.28434501761326 -3.834779567269493 -41.62033820390229 6.206541696141812 -91.81179574811422 50.06999657622714 -35.8045833104389 -57.13316370965585 65.42104497204542 -16.658330230586998 83.59607467925235 -34.2490202742006 
-92.72021647041404 -78.45370136863338 98.97797241412962 70.33785085423546 24.005602138344358 -14.2549776406385 -48.63182228937717 22.338319437784634 74.06829196456195 90.87089342815929 -43.33182066500327 -55.675571716408555 23.525328408136176 -5.579510265980133 -81.2786793836717 
-52.91791264670693 -47.33539431163856 11.996325629239152 -63.52498113890148 -2.822559064730129 27.76042770139955 -6.724312312616448 -8.161896186769553 -38.92158745160812 19.417421938888182 86.19789627833461 -56.27991098871243 -72.07518325997466 80.2658410584441 72.08254957494208 
-27.786672949958003 59.67728343817919 -38.64639200255606 6.291531460428928 -75.59889364122405 -21.214298299191853 22.063377822849105 13.639568646424067 89.53354766410686 24.304655168043567 42.637439088955574 -36.24894398152942 -82.76719028217755 -58.215133925737206 31.519723529154163 
-29.361140089038358 29.45631661743417 -16.348899859569727 -9.741194610449426 -76.53251932636351 91.74481393469168 33.79936386901315 12.264154160537629 -11.787356989696221 -48.81579079165381 -3.3071503880743194 -72.47411607369017 -10.85964103982407 -72.90691828455283 -98.9332707023904 
7.666838970896393 -51.73120251314289 -7.11091377960382 -93.76539821045296 -90.57952703819801 -21.675895773387353 58.598322295561275 -52.90006709390804 83.98837746871328 76.9921640113684 -95.09480879851402 -31.522953174758015 41.31126774146591 -28.344476128489248 -71.88125255961242 
-49.24797192670567 43.38059907414649 73.97582368943912 -41.30049413687986 79.2327623602518 17.10628592910885 93.01639903577325 1.7138762176491866 -74.142705343308 63.642773908666726 56.71338045044757 -26.80177925790612 28.52994274148284 6.010423033330994 4.994646715257318 
46.23136782942146 -52.35205684741495 -91.03216370359331 -42.6096270774367 -55.48617669350262 -61.83609089439277 79.84715686240867 94.35454115056683 60.92168685695461 37.753071269035985 -66.00354540161588 68.14956325595759 -31.550887520610175 93.46856354875058 -42.44876280863732 
5.355420674058479 -1.8446739003056933 67.3426225937041 83.81661214594655 42.9295783921975 61.03575570744337 -55.47845726906229 52.40961995639023 -39.31275370266578 -7.359565338292072 15.538398036271104 37.97835834676579 -69.0233437929334 -97.88437786128148 97.42302626604388 
-41.35447657593123 4.910950480942702 11.735382929562505 42.585821296592826 48.78365924128801 -50.45230408018793 -30.547753144586537 -30.413597149900397 47.786005885933406 43.234013631788486 0.6489714199013719 27.615809653265245 45.407721865494125 -52.55436744436031 65.07634448372826 
-22.180103196878193 -73.81130504737868 -18.495415860641714 29.143555409839934 -61.638406961491214 -4.105328842216352 29.822209612267983 -30.86102388223604 -98.02858337457265 -21.729227572838013 -63.59390651053525 2.0698730732715376 51.02329793668338 14.834509091293555 64.48713550858452 
-79.16215304263581 -96.62198187202473 60.92215407807814 -43.4253359104456 -69.93254669003555 -14.778805351520035 77.76482809341172 -58.91497907015355 -94.77657545412481 -22.211519049985768 24.830430214975678 -69.1785668852858 41.65442379469354 -78.10647166973199 12.818203356656639 
41.23441269848024 -41.911815785443984 -37.577707039108944 -82.38880382712446 3.4399707505984907 89.40406490051868 14.263159187100925 -6.214603698718776 -0.08730288565510591 -63.74259805235765 -10.250861996784025 -98.45738235645712 -77.66914257497241 -37.79496747126476 79.50573483481796 
-30.289087709365717 -43.573559844986164 -27.16925857552532 -27.14135073189881 -28.572057311121554 -93.2774661317873 -42.59758620781378 96.54827641276108 -3.2351936877897884 70.02235851900096 -33.91736635062243 -40.047963791819164 23.791037490294826 69.23909923881655 30.794530369065257 
-88.84551225211862 -97.48298766441627 59.28696266870156 72.94143049290903 -62.124623688481705 -62.335353701288554 12.11322279276446 -64.7332519815624 -51.14556372714523 66.28401780882365 28.934680978965986 61.601421738413734 -55.8490281381824 25.035547307181204 34.93882334920383 
-84.83402839510185 31.987546282886626 -0.13965723029262733 58.544472479361076 -63.362595395354894 -28.90695866919242 -17.7875412321836 -53.111390198498555 57.087625054175675 -11.597381675753724 -31.10806669543622 55.645642630575765 -62.377847508324976 37.021108378037525 37.15504061323807 
-61.81746030219053 -93.38095932919211 -71.49149790581237 72.29303896651862 78.89000861862726 -1.310971491117158 -49.08089325315201 -90.01330538994641 -62.91770487789427 37.92139579965186 66.14111555615548 60.4044987586002 -26.096660763783234 -80.29772583195145 39.59684745017938 
-25.53690617203128 -2.656323724411351 3.2712049057048063 -86.38958213882464 -46.12270225483633 7.126465560825807 79.71589441117439 -74.97247855826792 20.038605742423414 -13.998497889237527 81.03551664287815 -80.54000960933956 -6.244365001232396 28.067017970440872 -72.87548867174856 
-65.09952305135454 45.579841968314696 41.920096908304174 20.93563518730636 30.147070324105584 39.147693911079585 8.559799630817395 38.75546710872814 -42.01699209061989 52.339251988876356 -67.14008190759074 66.30662971852769 18.919861589987647 37.225217586138484 -52.91389372805349 
-90.47258809987106 -74.86885629325039 -72.96964505863966 -20.083169718266177 37.92885772843729 -33.94341949395367 -26.79023380020847 -33.77382330740069 58.15616529320826 51.09222503947336 -50.482408970003846 -1.581335166793508 -91.10602663212255 -23.84117036398304 4.475905469811977 
76.50797317712093 14.870700097472067 -68.13435249446795 -40.40029773592857 -11.089500749498399 -97.12809160476303 24.110323525840244 -62.44343101398562 -93.00775182140538 -3.12871713227554 -84.88973378926192 11.740556353379247 -80.6204955223018 -70.5869142536087 -17.201218080346052 
-29.902964701391937 48.36877840661927 -93.7209627030916 -38.81982916780908 -32.70369423862374 13.476362228365815 -81.15030415805408 89.46356703701895 47.19244917139221 -25.377582109740175 60.13100510332944 -68.35944683484757 58.960389543568624 -97.83648447328159 -79.85138893258723 
73.04881450961517 92.74812217870988 55.164917026931676 -59.64351197917301 -32.10591548687131 61.82983536306847 -71.65995809456615 -17.093396292789762 20.9365434861879 -10.013968975802271 -44.60075292785937 -69.28715779617865 -80.52589653572142 43.59928957826449 55.872796020862296 
75.16959103091475 -56.430260263044495 50.82369427397359 3.726662862644517 24.32411380701376 40.19958642275057 67.1452528729194 87.75939896723622 -68.34885971392978 12.716842962720094 74.97585809578459 60.44563831317265 -30.85865479069885 85.57760310544384 43.623873672718986 
41.87817616495121 22.433520895406645 47.146812579798905 -96.9143996617472 -78.1492703148536 71.35585495995542 -47.29410644997054 -42.53972069964129 42.14010699203999 -79.36671828030914 75.35930881324302 82.28900361916462 -17.525237999368088 -36.24250193601321 -65.02469469303635 
-85.09936420033839 -25.559447088456082 24.31768417310502 -49.95321496521819 59.44137510418025 94.15352311754748 87.72238714589037 -97.61811354660782 94.20285921632242 81.35941161375405 61.26531005868276 -21.95207326643238 -54.53675058933132 -5.921779769640523 -11.846824451345682 
4.656383987811978 20.415677516079285 -16.539388374407025 -30.421111183201745 -85.13139358093058 -98.62577091693664 30.136695080168664 -71.39595556072318 -78.09456293353048 -15.668405143758491 -35.438153956918626 55.30246144630499 -20.808768720519353 4.462526194706797 -95.38732503614642 
44.22851832318068 49.42326882469865 22.186762961263454 -70.31952613074711 -42.479132671492394 -70.68474991405071 -4.928519222966287 74.12244606922712 71.87486061955906 -87.91277053762359 -56.186891183185985 52.581546874489646 -58.746869383948884 -96.70256986631361 -59.222814821826255 
61.941751595537966 -46.37347062807735 -89.27854414861105 -96.15395573601437 8.362264329423752 69.09998040531627 85.64203583884137 55.44203228192015 27.291686231206597 -85.58789820093014 -37.27488472281954 -2.8595184124651922 89.42799090704398 -33.24809557046183 -86.91566330886118 
-98.01346467996457 -70.91140840137996 -74.00687070251627 23.036512443314578 81.19648976294172 84.29388366004437 -99.81581064222406 59.809216922593436 -12.24432044176011 -3.8501348965714897 66.11192424644085 -4.690213942444132 52.43750399050131 39.83738341521706 -89.63130196959534 
40.571393040008985 -49.38623760785117 45.259647272098306 81.77534743311014 94.52770347447967 90.6537398661556 -45.477013776069185 -12.577193427936933 94.20942415404753 -12.996385513433921 -41.18088737833085 90.00281813768979 97.55941054458438 31.202063269275186 -9.382454759822977 
