-76.31499809810785 -37.95432480281964 -60.84285797029505 -38.421150966731645 -33.93258112460566 -23.730287261993837 18.21809483762695 -29.41933357589808 -84.3135485991146 -11.948117137750785 28.255632642967186 -93.42561487282082 74.29017566947064 -62.13759396585772 9.776336908681586 
-2.098325430870787 43.80265445635138 16.2431557229675 92.40532897719177 -85.15221927143442 -43.27235274882717 -77.1296904363501 -31.647678459403508 -95.61550519104567 28.64941293374602 9.706123295764186 -81.02239297402826 -46.6371900036773 -42.85964927895669 -81.48563797205013 
-20.811983835458165 43.20637658515355 95.65415837126028 71.91567734463194 -26.39797380409776 -51.260177315820066 42.002557425456104 84.89146878090244 -48.62049757947986 89.16852367409643 92.50335981027422 48.52984481796071 23.864565166894963 73.04276210143931 -16.8008500605781 
76.3491381785366 -57.83675905290713 4.4669497834324545 66.10061277789902 40.43484853384288 -22.921908559982256 3.9172119117797166 49.44920795119589 16.899599682289306 -21.979949811915517 7.8813640432572925 -33.18083406197421 16.63541489263649 50.13253250460565 -30.140695205359805 
-34.33999893969897 -84.03737412053114 60.162773276603986 67.17849296311519 -15.223191462338633 16.592551090540766 -4.124378300483443 48.930276978171236 20.51646574002146 -85.87023516155384 -47.81761671590119 6.551934095553307 -97.48292223881315 32.359954090019556 -43.894142516710666 
20.883540787108345 -7.071605266205651 -98.49559612945433 8.666588414431459 -77.20885343740484 9.427979393584778 90.66999240038999 -49.39351876978662 13.51594192069328 87.24012170931397 30.298036284842965 40.99799178703799 -83.18750202787442 29.350792110971156 -33.69910929666035 
-76.20369619255978 25.779732971011754 94.97127586331982 -0.043070910964274844 -48.746406004172236 57.78167695097386 39.45747394054686 -9.093387467102602 44.77732930813997 40.329602408088476 -66.71132055160294 79.1672321116832 -25.414476771356533 -19.842060918806652 97.51950890638147 
-5.476881996386652 -65.08746293109215 33.51816820563167 6.699645375264524 93.54910244968517 -52.3650343147948 93.36152209736787 8.484303892476802 -31.298684779889058 78.24509493720689 53.75987225564549 79.06338516608525 -21.24680237504552 -76.9703371678016 52.13970962436463 
51.31567426381474 -8.978779477115424 35.35395723227106 -15.417337345611699 -76.5119337174027 -39.49715342099724 -32.961104692519854 -13.057732142465255 -36.52055278160855 42.06851873890531 29.971098719850318 -49.64797774845986 76.07183169309215 -29.600375590039093 82.23763072028578 
52.338275508249836 8.338329564767804 50.913141649880146 -76.02762827965086 -87.83143762161392 70.7856770909427 -95.57483065343659 -37.98034786045357 30.77483482842024 74.25941248288117 -74.44553297094305 -2.7686442475870763 83.93172822078213 34.53253080577554 88.47817436797902 
-31.82631697488891 -69.95353850820523 -0.8996170938218029 43.09472938839667 86.60299457462912 -70.93102826110338 69.36213545234844 82.72576843787562 -64.20603576742438 50.517926469509604 37.96919352165219 52.99134025206763 99.53434677180923 -12.808703847347076 -3.887324865682416 
50.168259032127736 -20.719577389647156 27.42761833106306 90.37292979137229 -42.77056641344137 -82.17328011329525 -6.954341160320965 -90.50706955129526 86.98956878557686 36.56780968046155 6.987747585625129 32.71467631667727 -30.972989777651506 75.99351662550646 34.27543424402421 
-94.96017045487616 -24.08118460794006 15.561618605104385 -54.029071785910745 -45.640553093138216 31.19104447534997 29.619930898366732 -97.42892680912286 93.37182764132851 -7.545315796944351 19.359081449984018 10.538115094745649 -64.61414912335286 -75.79658059589009 -57.08936144952463 
62.51150882153033 -2.481538793412213 -26.301159391253663 -95.01714103393195 61.407569884961305 -26.208324945017523 32.19505711362527 -81.05362686272863 34.27983383806853 -51.74155993851832 -81.82666234614852 7.349688833177964 34.69795710080206 -47.95034628834869 13.506095757752973 
58.585485904854096 82.13593506334794 67.4196848129699 12.107255914694719 -14.290383508574479 -24.53425269462761 75.22475241825589 -98.7239873282685 -47.46472530013817 60.63592979462925 23.743962016157653 85.47654790236464 -53.95174899390474 8.31196181605003 -0.6083047938536481 
-57.73128621183496 -26.968922070011843 93.11962016002212 -33.65758636676726 34.70312088928452 44.079998561751125 23.8800599494146 77.49382302027661 -91.39656101789467 -69.00255520040872 -73.16356472116374 65.54458621180052 -19.398654331117342 61.36736639136819 17.66905343899016 
64.29285167491031 41.62721667480349 94.21915740285485 78.20960379911841 -56.32352161445509 -37.05458222796176 -93.78654182030226 -49.59232926067083 -18.659581854941877 71.50311693117712 17.87180489220927 52.92743867144716 -25.737254621782583 57.30673792079378 71.31080534573576 
-43.90535469260093 -83.6528336468004 -66.07054163628499 -23.32728867579614 3.493697459625295 80.66377205123146 4.340178195766441 82.63063889308035 -77.54352141057956 72.2707929962599 -25.25351968619441 -62.506806472001685 60.534811387204854 -12.799642983141709 -6.7824033170526405 
94.01423697529975 41.28869384532251 16.880775931681825 -79.10650967352954 44.363983734637145 53.64718561092482 74.90628688525211 -65.52750622227651 -13.08735156503272 -54.84001140729482 -48.91582591862325 18.703949075108213 50.102866129829295 -99.04678186000733 98.793900108954 
-74.43436486040575 78.21046743426169 -98.99182448118924 -46.165435402774534 64.53196670792377 32.79823411951202 -95.15149027204404 -6.638931470342754 -39.23691935293372 68.2741168398191 -51.210915035001726 15.372230606513 -68.35906011330681 -0.4059985764190799 -6.904999637062701 
98.14410556182312 65.82226993876967 62.049809727537735 87.24865771663767 -70.50042933977487 -78.67417128534397 -25.37064291820397 48.10271024928346 2.9680754383290235 -74.45180373888167 -90.91762371695735 46.09879394132719 -42.560169452190635 -56.39579823180352 -92.09461112643777 
-98.13274393665627 46.79520120957048 75.54393009688619 -63.09641640706509 87.56756774398656 71.14395822320446 15.214760802032345 83.61228000376428 5.206143098708964 -82.27805670308598 82.57595908970157 -25.834506951181012 -92.00237846480388 -60.028233780930805 -74.64701153522375 
15.493362361219283 64.3940689332843 -91.44322812320758 46.50795666996305 53.975966136501086 -35.81456960590876 73.64706121444993 -5.8860342997289194 -72.68577083927866 14.624343246985475 69.81392801764989 80.166038161116 -52.734005392094694 -72.61302415561461 31.496329982720454 
25.699674026072245 59.67910603647175 -24.60842160370838 -65.7092699712826 -25.158716785903295 -73.59964317079977 42.012678264143034 -18.159692985085016 36.200702789731054 -78.52105792313608 -18.18516264597514 -10.472412534254545 -38.93661083565985 -99.13166410206757 86.40543636765986 
-89.60920764510374 57.45490086498896 21.1824435234154 -21.818115675374997 -12.922370104400187 -68.43607815252257 -85.34202429309694 -41.98641097815503 43.09206240351392 -69.94976539655468 -10.78731510776882 -30.64878838255916 12.99760520912048 -7.779702963646599 39.81600937256468 
72.63538456977182 -31.573741081397316 -78.72355439160688 46.22433517521779 41.67101197076542 19.041247316094513 28.39593288068113 51.503996870038435 0.6565448632862996 -4.157295170235514 79.12415709992291 -20.150957215334884 -94.05671146070725 52.998466551715666 -21.446346275129045 
-24.591918287430772 -1.1584675670429903 -9.856570306120346 25.162428756706362 23.25851989725993 -48.30396388085647 92.17773575902433 95.67399592337395 -79.82719999394175 12.715396307560738 36.512080178908434 -64.11490108770903 64.16398742804174 8.95875265086326 -97.66725017557978 
-59.551684421710014 -54.51658529136163 -30.293016034088453 94.7371323537269 -38.43407075736343 -99.17255472702745 40.8059390406828 38.51404836319091 79.7131909744657 46.77403861848137 78.56972004676695 87.59236272534719 88.57941610989423 -69.86501138089325 98.11495638980227 
86.87771086643744 89.98055571057051 66.62815005200329 77.37962705470957 59.04615852386604 51.74598574971978 86.8582285276348 -34.201013922002815 64.46171247016892 32.802986929921104 83.65925354114546 78.0089783298503 26.74406270375735 77.9578630709635 92.0654258315426 
-96.35935152835611 92.11553625508836 -45.61459894405451 -0.1296765874839707 -70.78618599042912 -50.10852289510615 12.33963840895018 72.95869477210812 35.982868420768966 -40.17079549755911 46.587973728221755 91.82322099155166 39.41459851060364 -94.63146885769802 85.22779641578728 
36.487558899710706 15.231102256124558 56.95600356535775 18.475171388398167 61.70591457657099 -70.32878337221639 13.64722399993994 -62.569049209722834 39.0159622907197 -65.99006340716292 60.275738938241574 -69.6571819645404 -76.85496758911034 72.79717414891883 40.19323094028519 
-23.22875372232278 -15.600948053179081 79.23235165667506 28.832894200875444 32.34421996632736 54.692307790914214 -52.200341573429256 -1.9692845851047025 -17.887753674089282 -79.59500538056852 -73.82702269943498 -78.78031035552542 69.48032585703547 -81.13735933379755 0.5903598013305924 
93.1460284245631 77.99641036722045 -85.86805145954357 -59.01746906379262 12.259119014712752 27.71677027986226 36.177255540621815 -92.53880743767056 -50.219764010553035 43.413220401292136 -78.72424631744121 -8.757197921857667 -52.0074821357217 8.755627669016718 90.5036226804425 
-55.63677633979278 65.55636367668549 82.13922522309662 -35.492275807612046 -24.21667089566921 -30.02866842358071 -55.24236149033601 -64.27961778135823 15.68168208740444 81.11169530186467 40.88826590178897 21.235808728887235 5.130876095972852 2.006130474761065 13.078978152612805 
10.635138432643913 67.23220177087418 -9.981351101464142 -48.57538524434841 69.91748093354701 60.1286452762196 -83.25840970067915 81.5850739612494 28.246956300630643 17.18157258554882 60.618017805769114 73.88596293551478 -34.81823147070622 -15.02449272884958 57.54634590244987 
47.1249385821061 32.40128326894222 5.891366576185078 -26.028854999458773 -33.75999355855235 57.08830326590612 8.878286364606168 -63.026797083230846 -60.039829255103385 77.0747354431638 75.02126259612831 -10.726201323790917 -18.64734417506628 88.05302580145548 -82.93338766516203 
-52.93075314245148 -96.017090116315 89.71562765630529 -59.195159974313974 -53.95279886266449 21.544541040277096 -88.43675970298827 -81.42806907298761 71.65073463545829 -11.408929137996012 52.939907695557 31.32303941125295 -99.95317133545028 -55.208991821151685 66.1416482407121 
65.16080372504499 19.762043789958568 77.5861415106815 -42.2161610759201 -1.472787319845878 55.2953310679286 17.56500321746732 77.37120039802389 -32.03473643826014 -59.0242777442348 18.993847255654742 -41.27211402886868 -48.02196463666555 -77.67133837248565 -40.803781429492616 
-62.530410914850876 69.5299317697658 -62.892454393246 70.60666602192268 34.04973903582672 16.85229002546278 -34.69501539828596 -32.59372823187357 22.27017476233955 -6.479903399156385 41.03645842091555 -4.124947605190783 11.8276174799053 66.25034890916211 -19.97971512449888 
-31.792412181863213 0.14669765135712964 -1.4865392950773781 -43.7561706078879 33.166738983556456 44.79341742442688 -72.51502810625325 -94.70884253798049 -62.10468107864546 -14.116504848755369 57.28392944835127 33.83490432371801 40.57109414007019 -72.01628635999919 88.3742025945026 
-67.56802812318254 -61.66799669111276 32.88677203717535 76.75974986160094 -31.316020973084107 9.015743489059574 35.41385771756245 -61.77548114950886 55.9004673764729 -18.01459875420224 -69.01665465890481 -87.8215267096656 39.78364132688802 12.40245638679977 -1.996854016760551 
94.47600325281886 -75.33967541909408 44.97863864832422 -36.68864164250654 34.88466239846534 47.520948391895615 -60.26324141952792 -49.10370306811227 20.050939524163553 -22.31736650159013 88.52716090770227 78.91319201353096 -25.426231956795093 87.48385083242442 77.06069332511962 
-49.017060452971805 -48.38204909613897 -44.08453672082964 -59.866394273411295 -80.88197430338981 -6.4679221622747605 -33.45333031967772 -0.5018331658438626 -32.015584079749175 -66.87121715346034 -68.16715049425554 50.7673223885169 65.50959457317305 70.0568086243199 1.7590507200346224 
61.0404833697967 37.64187335093641 78.88840476813746 -58.000775189088614 4.144420135169582 -32.77106784428926 -39.383100860742324 -65.52489340454704 -39.57045652651592 -53.1405288698086 -55.369256080421756 11.865848366635362 -80.11357024242955 39.00130877100298 -21.08134229238425 
-66.66531144242992 32.17380167761354 19.64391834652568 -89.33189597564977 -59.13738273937055 -60.80947967792439 -57.909550229855775 51.359288516904115 -22.039510517740354 61.68984139916128 -12.210566076602618 73.98549431103163 53.563740110989045 67.92839929204547 41.58785336580334 
-81.63582249876569 -10.630121014807642 -57.84765822528553 -27.722959874932116 -98.73911742746174 -67.90001529314227 -5.704046490632209 62.66587317785883 83.62014790587492 -30.249826598695947 27.40433547826811 -37.582763730032774 -43.899792380529504 41.981643267574185 82.32404101492205 
87.93562548523471 19.35024987964225 -73.97624797201317 -63.34029792739004 -74.70692688557266 -72.44139342459408 97.35243297908968 74.20405800302112 -96.70717032754581 -70.73283297813468 -64.68154457775941 6.091458675428612 11.486475651292977 -40.90790359086935 -24.195484858517233 
-12.3082144669104 -67.20301669308742 81.61071675752873 98.80242136635096 -60.20627270696717 31.220355668208498 96.87781664346701 50.179207299280364 -45.04151028583392 -80.59432231505798 67.95309718022634 7.1124499924672335 29.730111785803814 -85.53533422027151 46.84626824903424 
-76.84789352595314 41.70002954352836 33.56717229592056 -86.66107404054097 -35.89561207690272 80.24098663665634 19.648081267450436 69.07596123978212 -23.597872402060077 5.346470022264157 57.498340063026575 96.3925928096088 -32.713385565459845 43.45892793947738 97.22588441920036 
25.875391646640765 -52.007277869185465 -79.55897166587988 -29.246903418966426 32.58346212458068 65.66854748872197 -79.13162922936476 -96.47569822676058 -94.72384790248162 -86.52084202660856 -36.1480778028286 -34.450895354630646 5.571643001334834 -66.0584677347412 -41.92405229457312 
94.33332488411676 94.07242205985645 -41.75468099240067 -54.353853948581545 -50.595720499133435 66.65008715023163 -41.533827055874404 61.06286855175813 71.18879668082565 -82.68286954623565 -76.00193375646157 -56.42803069801592 21.43981347137216 42.5204563775132 90.20484740867764 
-46.703542975454226 -81.72172632870416 6.190594658147248 88.51120306565502 -59.569518393579045 20.092530202652668 50.659602274765206 36.46267147103376 25.67791158292681 70.63108551255138 57.92718688877699 2.980684108196968 -69.75808599930247 -60.54833712267782 -72.23440007286707 
-16.392885156839895 -11.724777784388777 -8.853204725936962 45.75899905205026 -22.632301337585048 -95.02252351852445 74.83364355946074 68.44154762497809 6.3855350712617 -35.1760991369257 78.26123227691437 96.94081279259396 -98.44065717062016 66.7550625711159 -48.169926772775476 
85.63613823962021 -12.516488264210366 -88.55441081878948 -80.31915381929053 -10.485790043927267 55.720017834127646 90.7138815005332 15.660646776305981 -77.01513489164552 -40.5177341417273 -69.06325544190422 31.532689030424734 73.59151279092734 22.9670777595296 48.22553604631884 
23.520403560960077 -28.703094677917875 -94.92599933058847 -21.33549771560314 34.93889908720024 -58.572557318075155 19.89341334178998 -61.04221592595289 39.59157136020198 42.758391547970035 -14.367831343652 71.20091726720662 -37.36424197834223 58.14240518923978 96.01945322818273 
0.9562005602572867 -57.31210588840121 -26.099346189320173 -54.58167800722909 -64.19017298956422 28.106996056833765 79.72197232255499 -30.234470308615528 25.721538744222556 67.93161130757278 -67.78932707372098 95.26681809976009 -4.881795255531117 81.7837618712627 33.52409456558257 
-77.6245583447099 -65.26608249515718 -7.443812280038301 -86.97516983496081 -55.17543487926753 69.75442355699681 -51.028070381071736 -61.76072593570596 94.39083306348473 34.37032198661484 -30.905487126238327 12.700592374815429 45.67780928650541 -19.654384380299035 -29.203454361009747 
93.45544098414788 -53.9373598523833 74.22697756058085 9.95315602059199 68.4101186588984 -26.310796524374226 41.6118157090244 83.04679518197554 -38.683306991959924 62.32348344390314 -42.932779979659315 -78.51864732611635 -22.95913303896613 -39.31538213064955 22.685233153746267 
33.00893168596477 27.044219821824456 -25.758250184269585 -56.998275170618754 -0.9502848214177249 -84.9349573629894 75.23370211673915 79.89617001429679 49.30984086911977 82.05439305973377 -89.22783263205851 74.05646172655892 78.38904064853435 0.07179965521306997 -65.83560638364125 
-57.55838502889017 -7.1854225146732205 66.78699439238247 68.72726447548936 -36.58702552797504 -95.54005393793565 -38.36089616269855 -1.161071186987897 -81.64181537712984 -41.43744073991877 -45.669323720059275 -97.44272685287055 -84.26050629510802 -13.414139052661639 -98.91206810320543 
53.536060465023354 16.722771353246358 98.74951822791203 28.950004834706135 -86.94279283763886 32.13114128822835 -20.832327048146126 -21.72637168631229 -33.61608218062493 51.88163225454227 -53.76199890219713 -56.2103268602558 0.8329670578174415 -12.932015081235875 14.378303183562565 
87.93151568195898 -11.99825712640434 -58.7620224708818 -58.8742482204061 47.04066737981222 13.672822194362084 79.86695185383513 -17.06775273228888 -13.754333807842173 -72.90745702592518 -10.682156274159937 -23.783166221470182 22.395452966686122 -51.19571777292724 99.18230563471724 
75.24083776218052 20.965621851564947 98.50398106317408 -24.375427259499133 11.631880434654619 35.34842855903321 25.877977228191014 62.982255900757764 -95.43000576878889 35.11681111889965 68.69352373118818 -33.05150812694548 12.632183879115487 93.45857132319011 -44.092787858674384 
45.71148680449164 -37.387581080061864 33.42374226714969 74.03261268080198 18.182166852598996 4.739851020693962 58.81341654097909 -95.17057094256319 -37.411379273527466 -79.74365565223466 -46.17279343606933 -54.10336270573419 -48.69613062379052 52.50001999224597 61.68953407628737 
-75.09648411437615 -75.26828670099373 -81.2698942053999 -27.72094761761859 -36.306246346053214 -99.80680626443868 89.41415280093852 2.4291039750908823 -19.25664682749526 -25.798035348407566 35.78580562134954 94.96598247225751 16.684667467640324 60.364224982510564 -78.69285045961789 
-70.74688977498542 -56.213028371558416 -97.62160480419281 -9.917237048719699 -56.59451468315444 88.83574574640966 77.29283407513222 11.173232545038701 -32.21954339099251 97.28585602953433 60.724561852378514 91.16953852288586 14.615520932758969 31.122467335653113 -11.202213815193886 
-19.59955183788304 -94.68155818462753 8.777436537584933 -0.7647353482044537 80.70755224520354 3.4434066066625775 -31.264760566244092 -51.523764550474674 98.67243870574512 84.89269185631116 -73.55738984112305 -68.09472358472152 13.382642189995948 -18.54464928660728 41.25498925415755 
91.29515306734302 86.52276064322345 67.09594654583026 -0.40551833393691084 34.8828260910079 25.417579983589377 15.433870219529638 -96.82834342381477 2.3857492344301363 -93.58866242919646 -26.570636326975176 0.01095338620389441 -58.869861761106264 14.500181642367124 -36.77430964579989 
59.82288976223978 16.855630500808005 5.389482155932356 96.68471705447584 -3.027961547305466 -13.59317111335558 12.776554169151837 -4.477825932706509 -54.52503424496389 -26.15258024219098 -99.14607717450828 -60.431820349349884 24.92786306599662 -1.9553185267511992 -95.33126797883995 
-16.628532682981543 -56.962746332958346 -54.452007743732665 -32.79143667197306 50.590625497536195 -98.33708273158348 -3.2890244334435863 -47.304080792542024 -59.290917835044944 63.886796440293836 -16.045141687191247 -90.73073566866302 -31.716404587371883 -44.86189967316187 -44.33714146381966 
-45.04114833972655 19.948781342931937 73.04446917059073 87.76033833558466 -36.15050220843845 40.94011984624649 -69.35734726240202 -45.00649941745935 39.00211467156788 -94.67837745876797 82.27668951246963 -98.23191278022634 -82.66075613806032 8.041492429067816 -30.048773113033732 
12.981390747468453 -16.51096385493551 17.380161639819477 12.305739070713017 -49.99034194705405 -23.664949606949378 65.72075855413252 -17.892405371055148 -20.776071681227933 90.00291436047829 -11.683542086421554 84.17379378029574 -39.0629682911825 -80.91431157291937 -21.63255507063802 
-11.126049735002326 71.91809263621775 -23.50153069115082 82.31581050529317 -26.315566419020115 37.47082419229349 -68.72147455148425 14.150883493807527 -99.34943953386797 -35.12921936648374 91.76715886373572 20.572124268215305 -30.700830630869774 -89.57833964757758 58.57955542082695 
-19.29371853196112 37.36804398339254 60.68725815478052 20.699353760400015 47.4852905814048 -27.773778556306823 -71.4288546784833 69.5943977828216 -39.246727907690904 -43.63341946129551 -19.885039425791845 -48.01352264402985 -58.30971767696631 70.97047733817308 -15.659995061744738 
96.90833565544855 -35.103250199496046 32.58668334779179 82.2979435508854 -39.84757576951965 -75.90135317446378 -43.57711086492182 36.02836321013848 -70.68403297677328 62.059978389646375 65.92474089316812 37.36587009203055 32.063350519218176 -67.01746776888984 96.42931857261553 
-96.22100625862913 87.47924429503067 63.448706405428936 -19.866752120717535 -10.276866532181074 99.77799902203549 66.68077339868398 -87.21697875366246 -63.72216795100891 -4.26826618919219 78.7349098272785 -40.373694997569 77.02292829120805 90.71046058687295 -35.37993686097944 
-31.554303127788444 79.19193304604786 17.808430950909965 -1.9914098317369167 -51.48047913919807 53.42185555923743 26.536324721187412 56.927318611501306 52.08957129949641 -52.18966113649024 96.03064773787833 93.92682222352238 45.53803072808273 47.61561148026257 86.83126131113147 
-42.753625813495844 53.6861380468641 -95.63770199340449 -84.21927883757085 39.14054324242673 78.51079976254681 83.66246315817133 -64.10810839398597 -46.73470345333539 34.12330647118981 -38.47998125397027 56.03533245604228 -66.17673722187021 64.83199017194488 -28.241339273593297 
44.77973134344876 -86.01884147796291 -19.890829934542566 46.84898071073107 -74.70535851408549 49.22052888045613 -6.4588112981104615 87.0444734846208 -91.68399921116168 -20.092246342793786 -69.97205756086854 2.91454528126485 -71.9007166758435 -20.21137043970475 -17.22906438051841 
83.45056515933672 -8.868658863841958 83.88653148686635 66.18374383251273 -69.26542742926354 -40.400171006045646 69.69340359085925 -87.55166906095182 65.26617492350513 61.06720855466773 43.38939315580407 35.92859048613124 -39.55160077401669 -89.83119616223672 -38.05588708714036 
-45.74153865991839 -4.479314197436096 -4.90717876177122 94.02018927909992 1.9338053063255813 -30.708681575680473 -28.629446533993487 -55.47785413959851 -85.91877702587246 66.69769163421515 -19.664324460405467 -25.380947303418793 48.1916893400641 -54.5100964234752 3.9533502600881576 
39.25403928324968 -26.45676020337166 -40.21449981759835 -63.01791851548471 -38.67180873516973 -44.58775927731911 43.54770875809044 -61.66691140734153 -3.230305855967643 63.482597236875364 -70.46199313347338 18.565630540704063 35.179472267717955 97.93933616514445 55.42499377311219 
57.41034995205581 -71.94796195098894 5.387704270892058 36.329480445986945 31.604114509858903 49.22387677561562 79.56821932707228 81.25973887099337 -94.28480010637294 45.39877534028244 -34.975395872096485 -16.83536400262966 63.27486963657407 -65.79950072884846 -90.2026849107319 
-0.3390850961989287 -61.48796919728898 6.843845339301382 4.616966950583532 -92.16850553919956 -91.77923199869026 -74.62773671245601 53.607725789907136 -96.6171774118997 -77.33086006558452 -92.12498948502574 6.54099676165356 30.524568337945823 96.32024629994237 -59.013670576609975 
-33.73516041439058 57.54361670223966 -56.78297074697496 -56.3398580191494 81.74296590951406 1.1813145239214577 9.740719167446898 -28.252004234344 31.370723212785123 3.629460760188593 18.377625861294277 41.27394348125921 -95.0962546536003 63.61879520259714 32.411130459553874 
-8.451810744572839 -51.843491742609956 3.3690287836142545 44.991783416365706 70.30011465321073 -16.68093461976106 -18.915515362537377 16.574309430829203 -86.37860992194521 30.822897756730356 -18.29559812357971 -23.91312710635765 -25.833964981394743 55.729106763697416 25.124516100937242 
-52.89331195638909 -57.59181536677382 -27.031013495108652 -69.48012290362297 61.632109434878885 -62.12578065308358 67.4894340767024 10.140678635540581 54.072574785426866 9.79640514419711 11.144711167465545 89.23827528268816 -77.28409106640987 -34.200059245003985 -59.792558353995126 
-87.22711013564606 -48.17621187474521 7.420237365745791 -83.6593128764308 -92.81332887872293 -26.117017130642168 -11.06547126881749 -25.48218432960725 -69.52223526464667 8.443750894473396 57.60273015816381 4.553313448040967 -27.462153134214432 97.48951436395765 80.26428282004656 
95.46679718503034 -48.6881527704329 68.15000225865137 -46.68197943688388 25.179482297227622 -68.0715498660518 -34.60144684784905 18.24352842105222 -37.20681845819722 -68.97006107461272 -10.031206109715484 -85.33295874051284 -60.66902887721783 51.61698274771044 63.788710890892105 
16.23204387656996 -30.600893769518507 -11.145841488569388 -54.74578960094127 -23.991817958720958 -50.47932819538272 -75.78642389469661 36.05039393423709 28.815607951092602 95.93376546650407 84.28390900407118 31.124096684371835 48.90752175236847 46.69960807801033 5.167669798059336 
-27.183352793198367 -14.696135728580046 -56.670525220777975 62.07185928021664 -81.60369062198609 85.97776902856873 -10.439796398446987 61.92931433542492 21.368439633908636 -81.51865905809841 52.03452812146284 -13.928014479525473 29.67298706755153 -69.40513009674463 52.52538914775667 
-80.37092508877537 -20.51608368930377 -89.20930040882993 -70.05513977606662 -26.5705158526156 75.29581124490309 80.36480566963672 56.32882579531278 -21.732037518412554 -2.5139915413360256 -9.660631664551403 65.62129301014878 -16.813591995787363 -82.41594775128311 54.3670498251754 
76.19014860858448 18.87379242798133 12.037716103684886 -21.397313303225204 1.2206455771307532 35.57018775191813 86.02766175915906 -40.63490779105852 53.646100942820965 62.60808957750916 31.168342149262173 72.92497383601335 46.22521548184133 96.00162035192861 -83.42315792186731 
-31.07669012388095 -56.20658534169345 -68.91137210315313 7.596153233670819 -44.71487979522646 -37.144717704190256 -36.827854473419784 73.82158565207197 -63.00335972180993 56.5024244183067 43.567399765868885 19.46037208562987 -86.045386969876 76.80775331186777 0.38577126663203387 
94.39221461846927 -67.51031921484052 -74.966466568939 59.30700085975755 -71.11696169150466 62.76138554405762 -45.80450218533569 -65.28902329825586 55.130482489481864 33.09175964802395 76.10085646219537 -28.99279160852805 83.8059724772655 92.67685884018454 -49.8149301140975 
7.435200884161588 4.156519251142996 -22.267348337785492 -77.26628513652996 -13.038752047757598 -39.88437797136868 60.591497467022094 -90.90174123770672 94.32933227294882 72.23302145951979 36.39426041737005 64.8789427805755 -59.043548092815534 -86.50951307832617 -73.8755313168374 
-45.34820997656652 15.104607259091082 -35.60520402030487 49.11698464880121 -83.52115642799149 96.35742761622538 29.86669761277213 98.46009641023531 92.43837201188134 25.429493074853667 -31.32015985596641 62.762519520987354 51.55917588849604 7.932489974661166 66.93073183763545 
95.78462493618682 30.61261126757887 -94.20957517305 -34.31494906677595 73.68135479567951 22.841517378057446 -52.30687888588075 -59.43068220919243 -92.28065356936128 -35.425696701927436 1.4117079305860045 -4.698591803455841 26.004736085200534 48.727776293956566 77.38182509417433 
-58.086837669743076 87.74314956918039 -49.82008518863099 0.316005706227628 -69.24412560052282 51.754327227446936 -39.497300152219836 78.88417715721289 -46.18839272719599 -68.01454911576197 29.15494729700322 -57.65407056340377 -18.077800486979157 -14.498215783908663 85.23047894870956 
-7.97677896276771 -48.56120879435946 -87.04098307692118 99.3572013213226 32.52766049275374 -1.5358425174502486 9.780263034265644 18.90052345888533 70.71341136515699 53.77925968528109 54.84132854205569 3.6953836575292343 77.34007596171972 12.426342495006736 -2.9228898919939468 
-87.6695991871653 55.260673394663826 34.01267825804334 11.534739699082337 30.696180372994007 3.208511269604415 77.05704608905285 28.228473093940153 91.1847805427654 -77.27831943270427 76.01465227697588 14.835302534547992 95.56307187543257 90.44037185354406 -41.17100561979565 
-70.37563702753253 1.6036167834501498 91.07120018039836 -31.79082170279996 13.540411221880674 4.941664517018893 -85.44860065069776 -94.44501381144744 32.77009113044119 70.27299314255887 42.9894295028283 -83.96391713916991 -61.72498321292774 -19.02820280829134 -7.523683707545985 
-31.317230237363574 -13.434296750452603 -44.45188586271258 -89.56825923676772 -2.636635664841137 97.6161836651161 19.934266561954914 63.297601315655385 -80.17848138170413 5.906067048981782 57.64747478975235 -73.39640856273616 -21.116042892394503 76.26119228607564 60.16691466955814 
-75.89362290443734 41.431195118629546 8.995733778276005 64.92859314971972 51.09440780388971 45.43582605424572 -21.347296107515206 -80.16651553631668 -24.565175223310987 -23.843545617696947 43.60838516571786 99.00095791588637 59.542521043010225 86.72507287284378 43.18829198991432 
-93.04459773007103 6.495905592575156 34.8737868610435 82.38005949885624 -99.12225537841712 -20.046282178740498 33.14920401406172 -3.701562877161507 31.568199723097536 61.05831441403322 -67.7470987318837 -13.63243563104102 -80.46675536382068 -79.684865288504 32.89335960223258 
39.01494826414202 -82.84999199523828 -27.25605280820929 21.28504289880013 36.31075733520217 -88.30466825985752 24.58778915018773 16.010049171951877 -66.33504663658073 -98.55334030538083 -84.62008825342839 21.45956866252739 -9.483088399730491 -60.77622925755921 14.359009623968191 
-93.82667297083363 -14.844340480212566 11.958014084073369 17.024634107113343 31.064659514348904 -85.3735791615909 -14.390556491096945 -5.778514215310594 6.888597741582899 64.42363503951057 -6.8348209988081265 77.74597536295931 92.54488429844221 -6.506061841126652 61.544600766022825 
92.43040209266545 19.355757803131183 -3.5820132012178476 -22.17796538875369 -73.529420347545 -67.35677934922194 -31.297174509123266 -73.98807962544379 -2.9835522489548083 -66.15308074857012 79.22229715438587 2.4962741815535168 12.343326277356596 -69.62392985558874 84.02176663010073 
92.30257643351177 -38.88596660932 52.507147043645574 10.812253986013175 37.215632744414364 -5.8734465656522445 61.66751888691314 -24.078583648447776 -79.50506921369968 9.000884793365913 -28.931521631718567 90.22813791297736 -25.372162293652693 -24.003248927613157 85.54846397481495 
13.071496462524962 56.268630681297935 -16.55065720299764 -51.2970930428182 27.57871386436139 -67.32335091353272 -81.84065400466316 72.97840206004881 -55.339350994431236 5.9361151652623505 -34.00179354555699 -43.24760929643465 45.22966730911975 -23.509760743689313 0.9292461866709374 
-13.544419968486366 93.17191664675696 -45.70483938656 -57.747637517993454 -35.23226799910016 35.0426299742835 -65.16422808100906 -67.0264803078573 -91.02184651629825 83.67730162229202 98.64003012244095 60.79227485016537 -44.38480239753388 85.62454915557606 -89.22858829522131 
56.19573607740719 96.75716144826609 79.29585690618379 81.99196607122005 55.38425650027682 40.7660986921631 -11.343531607679068 -33.67634252545257 48.356172749000734 -40.32765554555231 98.74779061400832 -76.34859410176117 40.82853114449699 -53.7531713732714 -52.05386755773731 
96.72472372493846 35.86995553168671 -7.879818815876121 48.67300821321234 -50.01085473029367 -61.64141186073777 -31.46725701818515 -58.453640628779205 55.61614117988424 85.17627168710871 84.2990274123255 -37.468140476909625 -41.03927666412706 60.5946187669023 -33.97514579256871 
5.542898783904931 65.7848367222972 98.74331002840597 -9.882366199097433 70.0930928597794 76.4042836717762 -0.26491551405219127 49.97947335094736 72.66523047161593 8.89832042092695 31.362175908743865 63.247977729638905 -61.54280335540321 84.44372183527338 66.88900575958809 
-32.298255608628864 -53.63487867143868 -68.47586608069385 -42.505677465408986 19.92908228201891 -57.07149752112637 -24.609404725233304 -32.85529279770729 15.240331241202497 42.86475941642297 18.40921805789742 -40.29779322284672 -55.98257848410633 0.05412961823296314 -2.7497228367154207 
76.44866855709873 36.8476345181852 -64.31908441905529 62.18509936862591 41.86376990714572 -56.08896342715117 19.622593537610513 -69.29436286207968 -5.1344944820949365 93.93834856056284 77.64498657861452 88.66276986799852 -80.5863557465365 85.88486356118864 -32.59242222732706 
6.559471602398432 4.039410871556143 -9.460809719261064 66.34894123475058 -20.296299715492964 -51.048377112886456 -16.12195116366702 -11.380421231513438 -63.31641934669665 39.10739215119605 -28.141715495504698 86.75186598694236 -78.21434144524851 -83.60689509041916 -78.1249896080934 
-74.85442369706239 56.73356464723318 68.14505697991171 -55.80754984263847 94.3677920819307 5.531687801917684 -0.6246360978480823 -95.68929787260846 -15.102572928705342 -12.450994820994921 81.89532414485805 -2.3033156197433584 10.802037652584275 -33.36979655238848 -31.63461870787721 
26.152488528199584 64.73482180605512 -49.058025675863725 89.53595661823317 41.02186117009441 25.40578906333822 45.134652289089786 18.202376785481093 -68.83321087025418 -69.9234341051934 22.027773234956086 -28.376780846098086 39.561865546063274 59.487073090207076 59.79102830408246 
-41.74229297921117 10.996302782230629 86.61173670939067 36.67439755900901 -94.94507005935621 38.33847741552475 -50.376638442115905 24.029450187441796 -59.35450017459119 -57.86101387994626 80.47893692595068 55.57055269598371 98.32063210778651 -47.23323809241986 -68.91544717293232 
-53.053382510683434 31.92320135115807 -43.996937067707265 95.28178068022413 46.142860595187074 -2.8818690810534804 -21.616691428378772 25.17914435533568 71.12559537377848 84.34604402624382 44.08213982311659 -20.847059220950115 -53.2069068114168 50.62178256565821 -94.96441349869502 
-35.492572132570956 47.753091613602436 -62.2779714483036 19.927368238726856 -19.48841829677457 96.94148878205581 3.1251282037165566 31.86206304262788 -53.82669241530466 50.4633884279867 -95.51956049304356 76.77678798938274 34.2578425708667 6.895512833054568 9.03148106675009 
95.06495883629975 -36.54920166895739 79.20854515836453 -41.80280565831349 98.34540451425141 87.52836807410469 -19.157517202567576 -60.08495892558232 62.616102879637026 -45.39426284713388 -37.12318022932446 41.671241305823514 69.60089395631942 -40.99872347607698 -13.914828298926096 
-36.54628344299837 -23.09759660221333 -46.76237307623694 67.86774147914579 87.13748933846551 93.97755172598642 -15.140411158245072 -91.72817567431099 -29.763425486068343 -4.4460116759654085 -8.485820535858153 -16.512173266265577 -63.91767155494428 -8.941880284175724 80.79176566304221 
59.4906107381849 43.12811031167678 25.126023060470473 97.08127207155917 22.765374473183826 -68.4798551278438 -86.23995425862017 -87.49932591285561 27.46272923039419 -51.79198082959762 77.00623964850371 38.428677691151364 -10.97179820021779 -22.495581267665173 93.00361755760309 
-61.217320187636126 -54.87898668146909 -81.87094718032017 31.17857712411569 73.58102060836424 98.70268438641853 -39.024280743598204 -14.703426481926002 -74.29847900744625 48.09582197544154 99.04721410235743 32.33297053160959 14.476007337717036 4.334827863587009 48.118421127814884 
-89.6702913139222 -54.037707139778135 -56.80840281083859 33.258360719208525 -80.40273468982583 83.09203462811766 -51.28320714513066 -30.54177565840783 -3.1567542140174254 97.27911033744897 -80.33516298717593 46.86028903262246 -6.389646820687915 -40.95014917416726 -98.83973120608991 
57.96916385435935 3.930085317223785 -50.79063662331003 43.3896186096286 -19.568766454162102 25.874701219608554 80.22091396063351 -55.182014833000935 -48.90316145051634 67.65769471568336 -85.56919586211825 2.6631043321820016 92.4518825924018 -29.36221452754637 -78.53088057091477 
93.1466737105462 -72.52895188197046 -23.541308203727468 59.89533783681256 15.087243547049184 49.457322565263354 37.99014728964758 -80.52359946707037 60.28145785361886 54.71017000332955 -76.81859421123214 60.2711979592637 49.90979909920458 96.42636649195836 3.3237392296002355 
-42.022462295429406 -9.362808260793983 45.56514652128743 -13.701924483035441 26.11288722840699 68.27580108713784 -53.73775648976022 20.570335851846423 -8.174625713003664 -19.86289441241948 63.87620435919558 -82.76136288424121 -82.59243674349364 -9.053118946307848 -97.44840858952561 
85.06615307988389 5.2889120162976155 -38.598974946802265 79.4322718747676 -15.719720893484151 -72.56055318431711 -4.09097504873661 -62.16201405189818 89.48996162313608 -42.30001447275767 -60.732288303165326 -50.550103122647826 -85.29889570752584 16.518238949327383 24.492745528930172 
11.771195756235329 67.37975885837506 -59.36439878005204 29.94363934687175 92.53827447338051 -9.08735328743873 -47.98209836576901 -59.71406013140961 -15.635438008332386 -12.036738884591244 -39.124493940761006 -8.290369492170342 -93.27589995336258 32.103074251476414 24.996517021139482 
-39.92763726497333 -66.68079106619413 -18.691163828293284 -49.878250297090496 25.51759437000929 -34.587427017215205 58.69111994585191 -74.24133432977457 47.12591869998138 71.31040405186013 98.08998373600781 -4.898646757867553 -14.752103651179567 95.30319797612995 -35.967843292793674 
-37.27109977964507 -70.03475140352855 -53.04378697882128 97.52290686683716 -94.66362087510718 30.118732810684236 -30.776045359898887 -62.16619889788559 9.751507375124874 -1.468473575569277 68.50396021349914 1.6891014556735797 92.60700457598412 26.95673603474755 10.18093100215431 
-88.17534880486642 -45.05840737579283 -90.8477918963368 77.98466578930874 -45.17583363764053 -17.4703262691381 71.35613222945386 -67.37583702529835 -26.050163441213314 93.49052494119968 43.738930228475425 -22.302090242880084 47.5440567657391 67.68969176356057 41.89950460780881 
45.21360145702366 15.793428821643786 68.826860743335 -28.484531010641945 -89.88756730213763 13.5118696016185 -12.941949333739728 -54.36495501476743 34.764170149527814 95.6855543873086 61.521313884514086 50.13640713818205 -14.660838535229217 80.93959336787222 30.039009159357363 
-38.14007235927992 -5.145085483915281 -81.71945570712268 -61.629581332115116 19.80381905004431 -48.519090191194756 -82.55752963325509 56.69932415745211 59.0439533550697 -68.02767283006531 -41.49818702087518 66.49869625888701 88.77286356485209 -14.10314478605983 -30.78744159911699 
2.8612208859752 12.920716051702215 54.67967804947577 -52.935922902014475 14.855690675445416 11.821012737067903 -74.64290619865166 77.82452427912648 71.88747757792237 -10.957771759401453 -50.294170870887186 89.82837759051495 84.18776034065903 -45.559990944606895 -78.66482449195456 
-15.762789236962988 92.53627365077847 80.79765525186468 3.442618470773425 48.0403238050379 -30.52317058490179 -87.2357443951444 12.766024477344317 -86.7303022272703 98.36779677120379 -35.55200060367052 18.874993710333698 -72.7417003891762 3.3600207641711677 4.715152624259261 
-7.255432221649642 99.1807774774339 -49.254029735797864 39.71586059814186 5.4558705531499925 57.316171775459736 25.22384973395681 78.67934753317357 66.13551494387897 29.78435383873429 1.382706192888179 -45.5974452584522 -49.78930741939109 -79.85139221227755 42.37445741236212 
28.348380975745357 -14.979886437588448 -66.57596443638951 -37.16425999906055 36.49297766909001 -76.65276448973673 95.30194662786036 3.9655254317834334 62.9391024198022 13.83525022050533 -53.0675999677318 -26.13324660508016 -9.831146833246422 -48.78355848489051 98.30255180879655 
-59.55711970020345 4.043294653169866 51.95599342766647 58.272653744763545 -84.16932419202678 -82.36428253369942 -29.32560066153644 57.25557196991261 -66.64936882658597 18.959302338603294 82.3552106975722 -41.172087789925804 -92.09599157813714 70.17259946288684 -63.02977852697502 
29.08835260032535 -70.11272357419276 -82.0999611323147 -78.9033219855014 2.6620356083025882 -3.8824733315922657 49.86943511373562 61.23313602324461 96.52105732767907 -23.78095018903666 -97.76846520212716 83.04502280414906 68.22780744529436 -2.5474453627029305 60.74895131667384 
75.58502358085971 8.05561836037667 -55.249352965012456 63.043177975053936 86.46538191609946 3.756631350948794 -26.530361172207932 77.6782381940028 -66.8295040210117 -9.033260507120076 95.31505298636657 5.473856047409981 -33.18006223372572 -79.59162352240274 68.77813536913322 
-64.41231786952656 -69.61596550322884 8.084823358887846 27.18503023819123 -34.76582205184417 9.089573404637875 -17.167311769615765 5.403316138812357 7.975216018192356 -61.855785504343366 -60.73565533802092 76.61848836622386 -75.14380035607681 24.111935931676157 86.1725497479074 
-36.67988421975701 -67.96535248557127 -63.89635637865951 51.73254115437709 36.35252904103592 45.11457652438801 84.83463074335299 -23.240688745756998 -84.17993191987011 14.107620236299724 -10.370121403093506 -69.15765942944759 6.407061652173596 -42.87278659788451 83.86752187852213 
-65.69891932644272 88.05259249499144 -76.60911852040397 8.751843442531154 -17.346100434572193 48.562867709577716 -43.97616337776873 -44.23343156749304 99.17538943094965 4.069231145431246 17.59874660106584 -96.7005265145209 98.89706235675811 14.400577945070395 -27.679455437216575 
-40.357212844702104 -89.83005811712408 -74.45346044205697 36.44033374230054 9.717083304811155 -17.475855597195775 -34.58995586880478 -80.45129497120946 -70.94752051218663 53.3648276469867 27.275613407999757 24.143398903314733 19.62806628062185 95.26607533744678 -64.40522643294422 
-99.81891441270483 47.68042874300647 69.8178783903042 42.488644604184145 -52.61724170619575 11.760745198557814 -8.065547712014904 -86.02040203995259 -78.20058976714093 20.001344831742358 -20.805701179745938 55.556855386864555 48.244716571467904 26.82755977424243 -55.017428917681244 
10.559238655399312 -14.389316749270947 80.69676696515603 59.07999077971925 77.05913460419961 28.315551241820202 86.56944693539015 30.493162151014758 -45.84902500808641 22.673284299472797 -68.75496472321123 34.92917250371542 -47.42037492856468 88.18628705933327 38.68239181192146 
25.832293866799816 94.81539148529063 -33.56501958514913 -78.67367119657054 96.6113030600099 57.536422041320236 -91.10858091751064 88.86472108993877 63.07633401718732 -95.42639247397369 -13.332868099554986 91.09511561693051 57.15388991934873 15.622576921964622 -56.63939282602393 
5.158767504390525 -71.73971981598018 16.589240112405477 -48.76098195360032 5.278428049911227 56.10115256489544 30.041834322243858 -13.801513052164111 -82.50898338587749 -28.098568408655254 -54.31769678308331 83.55570143318226 99.4466816673658 -17.879149330901086 10.861102269292914 
-17.45903703390215 -82.41672495684465 28.309635380169738 -8.117191665793698 -0.7575913045198632 57.081341872579 -18.711650022804264 43.25990393530603 38.465549356096346 4.730298161382578 -19.694901745469735 80.09786187442148 -87.9147919746919 8.864370102473757 8.071232134263127 
61.4087937768449 50.610238221268105 65.84760281829605 -30.580850535149978 84.91898012245579 8.510210072786919 64.90513556347867 -92.18823722580223 92.7086942587213 -79.43736384261658 -77.35036126609225 -78.73292524202309 -36.204517276047945 -13.585583010419143 -69.03986244809434 
-1.6433177723716312 -89.66079906226645 -59.03639089674704 -44.24162594582195 -47.3643315754003 -53.20742327796546 -91.47768840375667 1.8855890516887257 70.86293993542466 -51.91553520696943 -63.179904298487564 2.382020533367907 10.017471427931056 -71.9172115838961 31.0192310752426 
-63.426771871414104 8.413544037201888 29.930219109193814 38.44069078484412 9.792350043773482 46.00470882867208 -53.40471569570961 11.650962312747964 -67.68005344841788 80.4995656648565 -29.586374832686488 -86.54065132266466 -94.33130353944475 51.987281945050654 92.95741206769682 
-11.781390913952578 -42.804344000894076 4.154451365724739 -29.419672996044838 32.49397961583341 85.84208937974998 41.24039125634806 -58.1958342908709 44.04692796265323 72.91516304633177 33.73184914022039 -61.342241068809386 8.26519042096352 20.98998101820544 50.33999265464601 
-64.33043554699665 -2.2451641412819328 -38.512753703180145 56.38422857814302 -53.999465122792586 37.58036145219211 -6.756497576784042 33.23665716120516 -86.21274950575153 -58.631627572439136 96.35433631150156 90.74118711270725 -61.52048269542987 -59.142279218122276 -70.18794261966835 
-85.37475201379402 -97.93609032125022 90.57196841696572 76.73583146038067 14.694859612598947 -30.944387481648434 4.644942915050066 -28.423800082674333 -76.08652280044674 -52.05563629904986 -67.39678615727661 15.116694187981778 -69.30010965230284 11.87304732771615 39.513114991013964 
-81.92510137885256 70.18811927113461 24.090450128246488 -53.38150543400468 -46.999993371935304 -35.43495742483759 -32.15814592662369 49.34862919926505 -74.9536955832921 -49.68650384784177 45.49912672905265 93.47445440385275 37.78845667582914 -12.470178239125289 -65.39818158558202 
-50.589782769053656 84.13210688963875 -49.64389223598864 75.36922315302883 84.26147092170766 -28.95464300471815 -85.64865603977358 70.09872148120212 -27.068913703350248 -42.43045999839248 32.00200495617989 -8.440653713078873 78.66455958888835 -88.90442687415722 -66.36056615931093 
-71.17222470732295 74.32572564146938 64.59170341819362 -55.962743130069995 -17.205379109214178 -13.57022822670244 94.26960738437438 57.32104670741546 -22.725168980914162 69.76940264367778 10.131078416174816 -24.191538892619008 -88.37002847348153 69.31685762888858 -81.86847519875221 
67.08674572473038 85.22581407419202 2.589950491602295 -69.39076453596662 -15.853991537733592 73.8853981103486 -2.180412109433277 -47.859064317953816 19.249913971526738 59.52883280658159 -3.2963378298031927 -61.59326663978828 87.13372176318336 -81.81359909558385 95.78064751612166 
-70.2413826028203 84.13564259916808 -63.15155844782825 -14.211190175356037 5.066483244062198 50.28020734643158 -60.85244657789508 -43.04234658083863 -28.11128194295698 -54.33612853050904 50.91732880911047 99.67500758347057 -80.69817783724429 69.42085883166243 -0.7090977248975747 
46.056707389132356 -94.97388791066525 20.921582717008434 -86.98307196676296 -59.09350263516697 66.93849376205242 -26.499542705306595 6.064364616689801 62.948990998830936 -62.35262388434371 56.5893897622185 64.32937201889817 -61.40286260917198 -63.947707872629536 83.14911686829097 
17.134886627392333 -82.08920762993392 94.81188448158511 14.608052066927698 -16.459676321070077 -46.95842537572914 74.07267671319002 -30.80353654402728 -72.30183750582795 -6.195039677646093 24.510572499322762 -23.233732927185557 59.76982017612437 -38.99901172359896 84.3148194893073 
73.74014712570266 66.57533001390578 -72.84108989352809 0.38498012620429733 -66.2320041014149 -46.66757326988738 -44.7375224672925 16.59458435755026 -64.47402918913306 -88.17137022922543 -15.566061911122532 84.46476768302341 71.66849015760346 27.242923185985916 -21.597539023017802 
31.017548781069934 12.06148365470267 -52.740455013525974 92.1553210555966 -56.509082160546974 -37.64881558336448 76.65154459792728 -19.9322234392165 -70.41645102565911 -35.62272490771417 11.590546677890941 41.39494702312291 -36.394628064780996 48.966425796632564 -65.78020332441554 
4.504287795964117 -81.95555284566744 -3.503857224662596 64.36772180049059 87.0350860364332 53.79760118458407 60.35027120273878 4.387528468501415 -82.05282588341731 52.08443191281981 -79.9793419975471 -25.5726855045082 -50.251982779846195 88.62768454250036 -33.05437270220865 
-37.30703156677435 -36.602565815950605 -16.772266952440077 52.8593503378753 33.15962409288241 2.7366411740543697 -92.23770330107214 -25.935672167605375 47.151150078796434 -95.91867592042269 -83.54313112445742 -86.9365355378946 -3.0873727160093125 12.320018093889786 10.103350842130936 
40.912793278633245 8.498126142504077 78.55600729435997 -71.99153414403987 27.95098457908803 61.4256700459068 -46.65815228087771 39.246438206430355 22.885728575877224 0.5360187282662139 -14.236729122554138 -71.31677314890719 -42.31698864957265 -37.57724743415653 -4.940016561839471 
-8.09091857575659 -47.612113732555784 70.64212966246859 8.448133740637005 31.877834389999066 86.20514226465596 -44.44488802879205 -79.94499813169465 80.92997530955984 -66.99909181915216 1.357250210624514 31.0486770082924 -34.3642314339689 -8.958174165740274 3.4081991548104043 
-91.38055736363305 99.360303404561 27.315751875555932 -91.64863634641418 -74.22159951141472 29.16488189137442 -96.70543160794762 -32.94878582081684 -28.296421412735896 -6.644574563264655 47.97480744044634 43.2854593838334 -66.47136822909388 -58.81459705400598 76.89679165183125 
41.967291540366176 -74.55855887099443 52.37638751384725 -11.024492204018728 -77.73306615945019 56.27247252661547 3.1785733109434204 -59.32231279920677 73.87691602517847 -13.076597512794592 -96.71809002489277 32.6795788420298 15.19923993034429 72.01000355854254 -39.102566097742006 
72.99346450981574 41.055723038804786 -86.49936676037342 94.45033090040425 -75.48146825587203 91.74290960214165 58.16193990624575 -62.20118132983241 17.466347866239417 36.78625666040992 -24.068917661821416 86.43371370291683 61.03070582051069 -40.4278887905573 62.754956847984545 
-51.54617798448551 81.66167747283365 17.43922231276518 71.25217954085741 -10.18249416080701 -19.625086148767082 35.388279258285195 -32.29173043738369 78.76041278261869 -56.52887171246961 -47.61358676703165 -53.19079962897533 -66.05546907509022 -34.6651052995216 -20.52912670904503 
81.88092262600946 -73.24815537143492 22.48483950355768 -50.70955502204715 -4.878944710086827 91.98482467362916 -42.31233539824597 -2.260136983960365 76.49593414188439 -15.334919553424385 15.7440684136956 -10.859868472657212 -11.6818442532374 71.75059474408647 89.75464713675265 
-93.11551886154272 -58.358337706212126 -18.48581651247325 7.322106565578608 -12.335978475857985 -47.586264931283374 -85.28020559414043 39.93619322101475 50.03637714925529 77.75775573172646 -2.1312118754524647 20.1382554089828 48.96228112411748 -76.50729170165278 -64.4167478612516 
67.20848140736891 49.40139837714574 -36.09316486964784 -20.880105160418736 23.75108521114784 -94.20390173676961 4.922030262957321 -33.22583494628135 -82.55392473326617 -57.079033201647576 -0.06340290672707738 21.31781972183289 74.57416873353728 41.71639085241807 -33.897991067652214 
-33.138904626023646 -62.61608153253777 81.25258664549187 -21.974737668674706 95.9936566375022 53.40877028370781 -27.98078366650465 43.275073038937364 -39.135423912608935 -93.894938193831 3.6432275676372257 16.493116516689327 -39.57228796308414 -41.593653254732274 3.7395041002722564 
77.71601250712575 2.1250652413679347 64.03991129730787 96.6651868945471 70.89322082414071 -95.28621445443683 -95.53993654486446 -52.54229035043678 -31.02679198939586 95.06007730722288 -74.06116511806621 -78.70531758535023 -62.81781188700633 31.31219894573735 11.000900921698786 
-96.50198572365302 -14.020142947876565 -91.55058849236819 -33.49978874629387 -18.57062071305768 -19.1449317982904 -56.43996953326318 -20.035722441125017 74.00906403886884 0.5301094416703336 26.841034368330227 37.410597772811116 -1.232696307799543 -22.119763536007042 -55.04353815514329 
-92.07685281655979 47.57366692411958 64.34989380025746 89.51942020410607 9.642941406237142 -1.1894337768383139 9.141719069834124 -34.464660439428215 92.90617880198192 94.43894224494983 -41.57015398455752 11.098340672628254 47.144789097453696 3.3058020295150214 58.35997814634672 
1.148815442134719 -5.000464508729181 72.34118191205624 73.20700937795885 -37.03545468613445 -88.51143688860617 -94.04425000965293 33.079273621313945 23.453235267241283 72.43010713033172 -35.66394449219452 79.41562040079899 71.81005920455743 -90.73111923454987 76.59767337172602 
48.96981612849967 -69.03937628584859 -39.84833049962386 8.673702986452867 -75.9777683972055 46.07025417536033 0.5826616814108405 -64.27585327703318 -44.29019777957288 9.405246901641348 41.17985747827686 -1.8501450830530786 -8.291889493436003 -55.432513434506106 56.12111894194027 
-87.92478424857919 84.42730294422645 86.1181811708951 42.67742684389398 -35.124572044619185 -86.4289681237767 55.40156315975301 -30.378602368695184 51.420398843564215 -5.3995192564545675 -47.66592766063125 63.16000222338417 -49.619070882066566 -60.497363814123204 -6.55165683388843 
-40.68374306847065 -14.837630155434852 86.65816071370904 85.00091734688687 73.78405368716875 -67.1317742561931 1.2393722553607773 -62.58744198317685 -97.392371621723 -2.0689116195532478 -97.81870174980271 24.969435358870882 55.97107298295538 -64.77304266594223 -7.833120945513116 
61.17229067718051 -9.491504337560741 -71.5910325248438 45.11136929200964 34.4683122319407 96.85201925113077 85.09134309441828 -36.59370511121571 -49.766833117150135 -14.874673261962698 67.93929311502802 31.576344905001463 55.40685950173034 43.235110605579365 53.7725060886774 
14.159844506846312 -69.25421567864838 54.46345219625715 -75.1812394114323 -60.93432110123806 69.45266375025841 34.79990783240339 -24.950139577962176 -28.274936701275365 -88.53509438139699 -37.27111286450264 33.37107284361929 30.448179018899367 -96.09542794389641 64.2573675701837 
16.84902165998035 92.95536671844062 70.62332862682425 -68.95474434506757 -80.88846265014797 61.74498260057544 -6.7058985801641455 91.3068091344106 0.904437579729219 -71.78934880092802 -1.0610251005062992 48.656411807073994 14.391021664823313 82.63158997899689 -73.74954623465928 
22.384052133804573 -65.0957173318627 -83.60045025285679 -96.06372506788354 -79.17187947419795 85.28551301572648 -45.79366281193475 -35.55928552855296 -26.15614463166129 81.56167733285474 81.91783151137102 82.12810913235646 -79.07993213082838 14.287866517114182 -34.501909450560774 
11.279047585053874 95.93947148069424 -73.15558440620731 -61.510908187253996 -88.8708104549105 -55.79482585311042 -33.26682031797506 10.423363514635042 -8.329774122876273 63.0603460378054 -71.3771972781029 12.477525099599788 93.16382846747314 -39.54760385972986 -22.74338006662009 
-70.31325288813095 46.547535019136404 82.45906745611353 -82.45181723126899 -39.447770683540064 -55.77417261313564 -91.88951697932895 -89.98057789974922 86.1415366574249 33.65478523352138 -52.92988076027516 -1.0044536069510457 53.77793008060419 -15.784280085269842 -55.017847992762746 
85.3920098657953 87.33158395436723 -86.19109937034841 -2.5095202511635364 15.585867865351815 -78.98562071124616 80.29193679587021 -65.45899187993128 63.85355894196948 -65.48646520147115 54.913845469486745 70.87316133467957 -26.192251411363102 62.22905565931973 -28.49998301526911 
-17.334515052730353 -23.895648722133032 -60.66180927058604 37.441310881232255 -75.61297708850128 -26.325962998364005 76.27413082159785 12.039502208875419 57.72385271224846 12.988462117156558 -78.49596135732845 -12.952899982593124 -97.07570798677645 -7.154208926997569 55.61478238284596 
94.6289674223153 32.54607353086095 -48.87042508731136 91.3861283437557 -59.114634321657064 5.968049511485901 -30.8473228015161 -8.789570402488394 -87.81853447360284 31.996774037000392 -16.901096482005414 21.69559974397795 99.23517135545654 -10.737150381711302 -26.67192290196199 
66.73739543398747 44.91508928076212 -20.556713538183786 -15.444408983660125 -57.70711585429249 10.26857705295619 22.298421009880713 2.4633770240320985 32.543944386158245 -13.454200541401562 46.80703208810533 2.1307085570957867 -68.63444776793276 -10.702010187143316 -58.952940687149514 
92.21298513825329 11.506011830555082 -71.25685266948116 -8.814192127922212 -68.62481559806564 -3.299009229857859 16.221847822144525 85.46762044556638 49.911539126158175 -5.403377046582889 -29.237284179929944 -87.13199616695748 35.98957291915838 -7.7617151928841395 23.864787243537933 
-82.98034596074282 32.75754950099173 -85.08335722842868 -65.48029015671548 94.46433025071218 99.57620110513943 -71.19813565996878 -50.98017116346028 -61.420964766397425 -31.14822749840455 -2.1976654241903333 -20.1722133782374 48.704001300620746 70.6486026474571 -6.628091777792662 
-96.80300067904801 80.2938942371168 -75.13056744719238 -69.33677035485965 79.63876393910786 -6.23398450219976 -16.961393459257607 -67.24601724304429 64.81087190935969 -26.29291161475011 -86.1593697525586 -38.87715330844299 -26.45727861558231 58.51476075625763 -24.89257895230665 
-77.79057173056836 43.94897239754209 -15.28470327788014 84.39220133556626 -9.46720311368945 -62.856287734720695 -61.79314827673803 -57.580954458250154 62.54381486905888 37.70657163397328 75.58531246815713 59.89364065817239 93.33698158208296 93.52250505301492 -19.362304673448946 
-4.534758589252476 24.37464038390351 -51.15826986586829 30.221538235345093 -84.84277551319337 11.122633986514032 91.1679092856113 58.53342689177805 -12.457860880534113 -72.73380930826701 59.896739470664386 17.63238686377504 -1.3351457557928512 -42.205694559451715 -64.59642418170819 
-11.978626634823854 86.94850912688742 49.2521014811326 -63.673130034045556 -96.93362955386706 -58.89628064073984 21.849442858515616 17.551536406194558 -23.041166568325707 -47.7419601532548 1.1149744224408664 96.20023713185259 -93.49225048578498 -10.055297418792335 -83.0503279954099 
-77.20784201359436 -71.17518336100215 82.9341924099813 24.64613148075911 28.46663453291066 -70.54993974951667 -67.30002563566569 83.50492660990778 77.83081888741171 -93.3611471099053 70.70935296143895 -17.33287324094151 -34.42022943916069 -2.6716271018302677 -72.15847545964425 
-84.68996772807924 -35.845701842708095 62.64973731544748 -94.39049052566837 -89.20598027205975 21.27599946766172 40.73509055129469 21.381416766507115 93.75743440291077 36.097744935154765 -52.50660942429668 -46.086663080726886 19.93847244356097 0.365705124907592 -60.75221998172191 
-85.18103240315355 -63.362430219769486 96.55859947312274 -68.98713180427819 -67.22969873846081 95.98258442120178 -96.50412579922339 33.09222334545041 -28.87150603203979 -21.099642141840818 98.56785546774987 59.38398502413597 -97.86538218184711 74.20483965970098 -89.84248305043481 
83.58190581063187 -83.92108891557548 59.65561598647358 -96.49870821529485 94.43673862238029 -67.26761224136374 -30.82921342666735 56.66975535432442 93.00763899311514 -42.3875114942593 -48.72940995466492 78.3996144967926 32.85641958002233 80.11413215206073 30.24288734073582 
34.99497554044274 -40.2025847552284 47.02571055103405 30.59798532777714 13.506689777298078 26.842617950010663 17.571424999476633 -62.0456295581864 88.24089496358593 -71.2578403194742 48.821433473753615 -53.83317515026755 58.10654468494235 -5.684831107865691 31.661624204207186 
51.45877302323635 84.89427238302443 54.84412210532602 69.71666687982139 52.60249259457615 -23.191112122588663 -1.6719773812595662 77.16504080904664 -55.91500960405034 -8.378866233134616 80.99156062835002 10.712665586347953 -91.87127401339683 9.821068490574959 62.94152254251907 
17.493690052159792 -88.98589949920463 -57.168203088783386 35.42025011731417 -90.43652144941328 52.53848192035093 -1.250632102679333 39.67178771509816 34.64584080165457 -68.8711503056547 41.64058574067673 -73.03243792861431 -95.97920102089701 17.644237005064994 -83.60105498394267 
-40.61426805313093 -36.00989037523035 54.76009717704463 -40.58672660160951 24.12648594097972 -32.70183525201553 22.023306339917397 -73.73012097154688 3.992758503688208 -75.08515794939387 7.749143322492685 -85.83915478821405 75.37321686346974 -68.31680282730534 -47.868682029126084 
0.7854339139107651 -97.98522153238632 31.06102889440467 -46.55818038877027 38.379405387061155 -98.06518871012884 -34.13435630992116 60.075876153461934 -6.405284385036552 -53.742366834815215 -90.24935900142512 25.436679033826607 -76.29883682669221 77.3270045248787 84.50214725931497 
-59.68189535136077 41.15645893009619 45.88684005990754 -49.82749941515823 -12.646503170156407 -59.30421182042422 58.43599680376715 1.2903503213099015 -16.197014290183475 -91.46974556077912 2.9214590225742114 -1.3674743422642024 8.043713367884521 97.5236568203837 -14.792832236320663 
21.596317504973598 -39.65242534038425 -32.17253942584448 37.03614064009457 -32.3061440283786 -9.902808461503668 -82.01257140027778 41.64746902977814 23.73733167251524 52.92346392280837 -41.1111194774356 -70.94610586119268 23.028422907234685 -94.849263688162 -76.66208611275349 
-79.96440995864991 98.59931601986094 39.86292975465966 -94.45166947515602 -9.023249032470645 -95.11466011990353 -49.47499518164542 -40.630991149844384 60.838335161430734 8.268193368571474 -19.922097762903746 10.382610995684402 36.25986147816536 56.83526246523263 5.535635239764929 
-81.8894662617277 27.763189767114028 2.255781836250364 -56.11564559928928 -21.439956344598585 -97.96963619342185 -72.81709168363454 39.238990781241256 -70.28023637718526 -55.6517577378147 72.0389406931699 90.19446150465899 83.8883206747496 -94.01379616854655 23.249192305462003 
-57.99129981910516 -98.73627389375747 5.913529368713654 32.0544309715919 -59.65714618122722 -31.91845893842904 -99.70469172138567 12.177408794420842 6.521539680441052 -86.98458958633157 71.72913060231346 -11.290342392100854 -1.8767003707828422 -7.989813798004803 -43.278881530849375 
36.681567972658314 -76.26307150629567 32.65034826995185 -66.18391379465334 -99.46556340130317 60.98500971475562 79.30636474608391 -13.521408124195801 83.23004406944963 -75.03999833004036 -9.733743641788323 93.63789318078156 22.374300963468798 58.84423732249718 75.69453614656874 
-3.111675495797698 -16.505121113807817 28.94860957862616 83.58990367380201 -5.316860601479561 79.13774891800142 96.45596065472017 -96.05064851817127 -77.37473273481757 -4.9983985400524205 -93.10362602888706 -89.75998019534418 -29.14563211382206 -66.22872370333283 -30.26668785156903 
9.41083752039944 -0.9994521311097486 -57.4020712114903 -9.84879114881248 12.747157942018418 -31.489050328543456 26.082717160559497 73.16992922355368 -43.012205305081494 52.21158316356028 26.642885538379517 -7.653232429844593 88.63264437477898 18.37913955694917 98.76435015246184 
90.00537835667629 55.25640331210434 0.49755298349560917 20.99089772670237 2.290463338478375 -7.932754998061299 -0.1889551927943387 68.5580634155329 -4.868085634555868 14.407667001096797 -97.12371035513341 51.40759894427342 88.29155902069127 39.924679749160276 -5.428471607894281 
-27.91341988785551 21.59680598417306 -24.956906862086797 25.090687441238387 -14.457380000408975 20.32429706998306 -70.34751568941346 -75.84113200530717 -62.89190165316869 -46.87978679546945 -2.3836453903483488 -61.33362754312939 17.21463511076169 4.3773001329832795 70.25602087910511 
88.15834339191969 72.47676105510965 -92.23015878660456 -81.05972305021179 54.509056376040945 18.64360425217002 -96.32439804436088 11.955680875235402 -46.19764622904279 -90.1508756980974 -12.013883822630376 56.504742530293385 -27.20090683346959 93.25694697999808 -93.19584073636963 
-0.7384782163617558 -86.2410490264258 -68.7420055072824 -6.431568620242501 3.0721725432878912 13.819194090517527 90.9443692911102 -64.87359073962178 91.74660398889247 38.53171957214968 -87.94386670984855 10.845600917188918 55.395162289811196 -83.8096984793731 -13.33488277116102 
-33.68454641567811 -19.801734042546244 -40.576865924672 45.68929657303386 74.35455565747532 50.14974342889104 -85.21955094935878 14.81043386131509 -64.52433990049897 -35.290457010515425 -89.47464200911116 95.14892804972177 79.40907302508703 -17.603299113441494 -18.501636238921222 
90.28313564298668 67.44663189617779 13.175260357069902 -80.01341751044528 -48.78596527043682 74.26174916135014 -62.55983020607796 -25.06192655152941 -2.687380605039124 17.068909227330593 -98.65987350912005 -29.170821425006622 48.248532296359315 -48.58328937475318 84.39472089809641 
-85.60423333015311 -95.94644464381959 64.2788084900503 40.83247031389811 -45.813443087988695 81.44871268683232 -57.45775366959309 90.32109940375338 -47.05618009991197 -66.54052477299024 -46.20504745232636 90.69944736055982 48.48846917043909 -57.70923955659975 -80.78230885484442 
78.09600760061846 -49.92521516622623 38.106308452036984 73.03851652561463 -27.273297964964357 19.854245728371296 -6.83248867587092 34.749079684356786 -5.077218832884725 -25.54099885640491 78.91675402166013 48.692638699121005 44.57697011543985 -7.2304729946922635 -27.894968409215267 
-96.61664822443367 35.81255755853826 61.08777728930431 98.59430928224137 23.176223912144806 -70.83397803097313 -24.241946602701134 -96.77399378775307 5.99520702700174 -80.06966090731844 -45.69453125429983 5.013011477664705 53.74589086178722 -7.471720681361688 32.85934681619821 
96.78589396899415 -12.614215880332537 -0.20526051610205798 99.77885934529905 94.48214141574852 26.943512937731654 -92.89908970235268 33.7546063343182 19.21542002529884 8.40537718873702 34.5310845873658 -65.96057893401752 84.3615100231338 96.50786459179699 -4.81328312110081 
4.474853213699532 41.8794375657009 65.84149530245918 25.226527141723693 59.76938258902314 84.74854504984205 -21.277558834272355 24.52704703727393 75.32564335927518 60.23171143971052 -71.37172490840075 -97.45485039219976 -43.3949359365853 -78.90495676630553 -35.25293189758159 
84.20094947233324 48.669655424730166 -19.467530717701905 -79.02281700517406 -87.0913637668177 -31.137759501951436 -21.503778723061203 50.646956671790434 -57.80591457322368 58.11252472933893 -14.01228919845721 4.821454786499558 -98.78624972825463 -7.816410527064406 -0.09902648982378537 
-79.04707941333305 59.16238243451372 93.13524669371921 -35.04038544342079 63.605434342437604 -18.977351305936224 -78.73935472840364 81.36680670011808 82.01360770112342 -3.8586619779397324 39.08703737550789 -33.919073667176704 -4.6291701667151415 69.31550198602204 93.94782709914836 
-82.10817327901776 -49.437104597169856 48.672087104502964 37.57524400934216 -2.195957144533935 19.56725347072134 99.67413278238567 -19.760990842958677 73.6591249625599 -23.64233037553629 -83.40749022678878 36.02674800816479 -95.48360918465148 12.112121785068268 -20.565944657994223 
-80.18422728760135 96.55958085829249 -67.19505416541443 -8.408242014353647 -89.21406182840768 28.750253192216803 -44.10095437046439 74.30842233742035 -37.334463337108325 35.43620067690685 -54.43206032385499 -79.22166648094453 -74.51805971965877 -82.06678384483268 92.09120681191573 
-7.741222776166595 -78.79378654071007 -27.55853184543369 -57.04781357128217 -96.0569981744904 35.91799776183001 24.971329658267877 -74.91656660412949 76.76180493007121 34.09857859489145 -96.84509306913216 49.77948984300056 98.29828087398909 -56.89393350975796 -15.986959690383685 
-40.513829394739 79.4499517667088 95.03076015336882 -52.314820601229364 -31.009704382595956 61.03585742931193 17.380700913946328 -97.89091864591522 -36.29454227124296 -73.2288722641593 -68.29038993379316 -86.79058496154899 -49.72722243843637 9.88592693345855 34.36209117826641 
29.215027291749095 -36.64206281828295 14.562351980339088 -74.36788580175389 -84.52491894553292 -3.121180803566361 -51.51718878202662 -45.03904020775056 22.501017580058786 40.07358411415299 36.39564908714377 89.0256726344347 33.74568871511329 -2.9610469292876473 -0.8721280040537209 
-62.448716390416024 95.35940689037531 48.336450169640074 -74.90026088608444 -78.76027297594456 -69.37582994477486 -96.69242735748406 61.706802790833166 31.935626995335554 46.058850113263674 -77.59927021594204 47.61937466064393 63.90039154043251 -69.11647601645868 -63.89627978159438 
-15.960814004022694 34.04190750970983 -33.5442482736251 85.01000671900704 85.45463933274559 -90.99487467961056 -7.399553883988702 -45.45844482905053 24.692198989590807 37.6263815148877 54.25001428983586 -94.82080077083046 -41.956569641865826 -73.70200042174761 2.4312981578236617 
-32.451000767711946 -19.757620145065417 12.3806346888435 84.64075628086763 3.8128314809117825 -69.17358676344023 89.28979947724815 -28.913975953002364 37.01379472110858 -64.40271867358163 7.337363169244398 -85.14274848114181 65.64729566897293 -13.390267002132077 65.08509008433262 
-60.60931411701351 -31.296230347093683 71.84238002509943 18.032594770001694 16.43018676859589 -92.3931652185372 -21.720637780133316 79.53290625691963 -99.32837060938586 -48.511971296763704 37.43347270092676 26.84806856982189 67.40603437238718 92.89919466182624 12.323782235028773 
58.808481034474596 19.217334912485583 65.38025415435868 80.9595977722436 -49.096802982631594 49.26192408361268 38.0475132400791 99.40754206382542 86.83046164088864 -25.40387137839153 -91.92934484408363 41.16205067727975 -88.60108173295758 -81.80300668184064 0.5998532406890718 
-92.82636259709729 -48.22121955379484 13.690665104321837 2.844024158415266 10.900381812031995 90.58586399816176 -6.859449026692971 -1.1921172586281585 71.54299720277155 -10.770381368208064 -81.01562413175085 -93.80597769010508 93.90971786185608 -71.43413677903563 3.2603772545510594 
46.93680053577998 -35.31009674312024 -90.81164042301015 -88.09941648600896 -87.58465538659858 -41.25478985468809 28.424509844395004 30.167518401905227 1.661142444003076 -80.06257762028892 50.36915019203471 -41.567379039865514 -64.80357531033742 -54.65061229557628 -92.53411397846301 
-82.68917964732618 -61.94385496887818 -20.16100835183734 -71.02380662622508 21.21044723280761 20.460459255545473 -29.912633050704102 -52.808866476943784 -26.993758152509685 59.99768863717924 25.42715748368832 -56.891470994871575 97.5585433959101 -98.88442826950963 -28.98019893794843 
-33.34147838950112 -38.43127887370048 -86.77608519239183 -39.7536621165131 73.28893881633508 60.83431190258278 39.267566571470695 -38.322681220364686 18.03401669723084 16.018657883659543 68.43129299717049 -36.28395107013262 53.98596568560495 7.760170298165093 -49.66244316498738 
46.867088913493205 -9.930817531744566 -63.24203453024963 -90.03716174392062 77.59080853858799 25.12157694167078 62.53647470779299 66.87761012789281 6.4713786458886915 -35.482449611828855 31.73477805640846 -22.871877647838488 93.13205524113653 -65.94070637771235 14.6737983834214 
15.241087740836676 84.83863842332676 84.26960018462009 -92.9666487211194 -85.51154690006237 -89.85949892356184 -31.24588988223813 -48.877695275049305 65.20231940279717 19.055428860120372 -83.29025368515295 -73.58408821402807 -48.06835924992723 -32.71811585080829 -49.764910376473125 
16.817034758579936 79.08441611452147 -93.73881479254256 -3.506471352635799 45.413340098558876 55.73854226076861 -47.84009796719597 -82.42296528141686 79.01032893642764 -44.34560259061251 -74.52100209775605 -13.385864236097063 -83.5921630386296 -69.46920247822392 -86.39231389002529 
-14.666730080279365 -15.492419631111815 -66.5189477679121 -30.101412817306894 75.99464319534295 -39.33961851978604 -31.44441291072681 47.450738391601305 51.50229939505516 73.57702898336328 -62.844307022890455 -18.096973289817626 -14.586176412883333 51.31262817782962 -6.109547217453624 
-6.583147332213457 -6.729551129954942 56.321082984604146 76.67852149553786 -60.8332920931423 -31.954026901791494 -54.09921477508377 1.1621300580261504 -51.05945582109423 99.24597542215577 -10.73095685015575 -2.739155038276735 73.90066769612068 82.78843012516981 10.886380006363552 
25.11182751337742 -34.136513509965894 -22.81568182737435 20.411967195213435 1.9950972938977287 -84.08588456555437 64.72814440371553 16.57991936620016 90.32114623838419 -50.45996380042042 -42.28666848192242 -79.7001403455374 -51.44114205599868 -71.71342031792074 -45.46863228926048 
-13.093242238716684 95.75199351945889 46.945960337066595 89.5141970356247 -86.44448136445169 67.69826390329095 8.547324255220332 -24.90080515075006 83.84002765209308 5.450525581299701 -81.72506950157356 19.128373512627192 -10.409577537139285 -6.048262852076888 74.98775560425025 
-54.814536886272336 77.21468925300854 -96.16582601797299 -56.33712876895047 48.428327519677026 31.09509433147744 5.507359275680329 -72.12390444095205 -29.809149966468155 -98.43884607329872 -45.462036692385 72.01374620717044 -34.671299392732195 98.38407651090523 -24.716458251155714 
-69.05417483819201 -31.269684461114338 -16.457281363607734 8.309326537078448 -1.162519707587876 -95.70280553888837 -16.127158321203353 91.57599978140848 88.51224314398348 -95.45704355198549 -94.5235501177702 -41.123636367004714 -49.37441210158726 57.3215713432659 80.48643054560796 
98.48752141734832 91.52526416271752 11.61690665030271 -98.31623798368663 92.78663968803579 20.699682676640535 62.82417666851768 61.29942550224828 21.82354193324447 49.53006687643645 -23.25665378996473 36.46663564259646 -80.666552848174 35.565482877632064 -84.87357454148913 
11.066452694386797 86.87664295067324 52.84435974987974 -35.14739707703298 -0.45358548765509 -82.14022512469086 -84.66542983019812 -39.407815655618464 -79.39579897291753 79.90439707573117 77.40679577104123 9.777685934898514 -56.94079561275118 7.967697681239855 -67.20192483604315 
-41.81740221023913 -80.50605618526859 66.20452365531463 21.675708868933796 -93.05330690296611 10.383602080294182 -8.250934758273104 14.349877280463133 -43.90264427062025 -88.70372519116162 20.910053248757833 24.85430490316665 -17.16048439419076 56.8280677706737 -51.13685495256786 
61.19487481602579 -15.10675105070041 50.9808363243759 89.25368710705354 -92.81058819856753 -97.3488907858459 96.39499302258716 -94.92794629285785 -93.42792729334104 49.790077515061625 -53.317070654245754 -82.89296617405961 -47.732667745133874 -73.0253826192484 28.24918166424348 
-60.55211786380581 -27.039980012550146 55.823120971114776 -49.64356429723642 -21.921138200885707 10.758194723489552 -5.1831153892755 -95.96912429808384 -51.482055694374985 91.44435519127856 -32.03892685793919 97.41343367584969 -13.304933025722661 65.52750274082132 4.097834499143232 
20.37938436167019 -86.57010531211627 -59.492257223167954 80.51048088308508 35.55306287219574 -62.56176010444565 56.762726854029324 -47.4712502462082 91.7870951823634 -29.609946546202323 73.9424932077207 -45.503873137869654 83.63634957622028 68.6294010746202 -91.21421548099681 
92.76155548574246 69.85663194391353 -37.53711810008262 39.26110547241572 50.76740158741805 26.981142861180672 5.094358959294638 -89.45119846920704 -18.382229063278217 86.91795374272496 73.39712028927866 27.68031894847863 85.47653804952691 25.387115471326638 -10.403955469907729 
-20.664145142832453 -59.99039391099987 37.9081553239285 -52.40127448049925 -10.856523499755383 -78.29958000451376 -55.694244103321225 -69.5913499896789 -92.91111888843074 83.6645952534814 -42.95096358199753 -79.64413026038477 -14.659848999323529 -65.66401555795022 27.685864502272366 
3.297355188304209 -80.8816724097346 36.10867691679326 -36.70171932729398 -49.73704094058316 49.230838588861474 -64.97686202961373 22.69592286992976 96.88619624626762 -14.028002272567349 67.34753967320319 72.34069214497404 93.62232961760833 -45.274657572836354 89.80960216706944 
-9.229262378577658 82.23338719112195 22.28542467258785 -60.66246737604146 27.764290845087046 6.411356407807787 -34.24496909864567 -76.40313422449756 -25.506293059162573 84.58003495045759 41.3563169791658 87.08917555427001 90.6888909775131 87.39490844034424 -54.530464068903115 
94.72600086557065 95.89715117082116 67.92210626421405 91.6459967386395 69.25980683902014 -57.33170386076145 82.03873129199579 -52.539463753744876 -83.16524054831697 -57.85519006276356 -39.2424428260824 -83.42418346763691 -11.195941188138534 -20.17170654867546 0.8638500193140572 
-29.14016688183861 6.828081741296927 31.3077090553096 -98.49186141495339 60.13150838087461 -23.001365813119378 31.40642361484882 -79.52825775132688 -68.31626417889318 11.529527325975522 97.67329320392633 55.39041058451127 -8.646676961661925 50.67572108811672 -4.59806300726018 
-66.05531209073258 84.7390579004581 -84.99566948687107 42.9798239115415 31.151024329865947 83.19618464037103 -8.091982631192906 -84.26311468413272 -56.10975281818467 -39.97274407398079 55.723592208258566 47.410614671549666 -35.991526829534635 -41.53301930359059 12.410996812255618 
97.24452705450145 -37.32660422067191 89.77011217636945 28.632741058090858 -75.48639687776917 -55.447329004974975 30.430724277558227 -92.80756572019537 56.530839872112665 -65.40844230596767 16.3514574303381 -54.52114603259037 62.488077994446854 4.313474689777763 -62.616282337974184 
73.25194688147388 -94.92541581954296 21.792133797269315 -78.79966746725964 42.55390231908643 68.16275123082303 -62.06748559871305 98.5691455780088 -79.35755493734682 33.45460434324798 -76.16443695383953 -63.622846593762404 -91.01516984422055 -31.356268678488533 -59.54636250178007 
74.02663708065592 -94.62250139530613 60.82356114065817 -98.25119566839969 -31.206490096797992 70.90063449634044 96.61251995181539 -77.32204183791278 -62.49223062104854 97.27104811316215 37.69250410680348 -3.6363677054423533 21.38722322065631 -25.427896342226887 61.75528715756528 
5.753340335143136 -0.49485487097197733 96.79611326761963 -91.85746200746563 -49.20347531557094 98.4369644789324 37.959061647313206 87.97444328835789 61.53295538788794 -96.66585412758594 29.743431004251477 -26.084618610261117 86.55491286262742 25.14984072278517 50.98327470522153 
19.59827512789441 56.130604516987205 -78.94743826015849 98.85763680980534 -84.12018712907722 -17.677542933467222 -89.55854841602205 -62.507675151099626 -57.83326220615119 -95.89917679096371 96.99394040707602 -31.42045348155756 -16.793991367133714 -72.27138097690215 64.79950387406507 
-81.37329829836024 74.57430896234246 33.926815738662214 -6.63433019273883 37.62945267422836 -9.944538354975393 -16.93492030041446 89.1601554718853 -79.38264573752815 -38.7676689999269 -40.844008865740776 -98.27893412412617 36.977259724189224 -69.90100810468985 -40.197365512770446 
-31.246516866528125 -43.818999669783445 63.804026058009384 5.627416296868631 -45.47132636741964 -80.03035419247323 -54.87255193195497 23.39938250362195 53.80976487425579 30.54977892706995 4.280452512979394 -39.451789183576835 -94.18592111451841 -67.84313050303186 70.78677318988534 
-25.224398086866245 9.412386330012268 52.49968555661866 -13.133803881637746 -15.00737594976404 32.644736794932044 96.82471893879395 -78.45833032470715 29.589902141825917 -30.834330341056827 69.3378873239484 14.134730435283544 6.023270391688172 16.46739695898293 39.21533036190098 
66.74248487336007 0.2800602608404148 28.135772533261502 -8.922197231753756 -1.262191061877573 -90.18666136032225 -42.8087096707761 6.749388177588216 2.0675763633346946 47.61387731615517 -8.895248889285966 77.25320889148924 76.68909147846358 0.21441968484310792 74.43236157825547 
81.67038677484214 56.10045054123731 -20.62738084503448 -35.63310414003173 -35.2483873443731 80.4300975178372 -35.84512872056311 -29.89972541049559 39.42537536627049 81.17214006536787 60.69928582784175 -5.947706567970144 -37.9442240987705 83.78162573957465 -94.48109987009568 
-85.2124274155147 35.755484678302196 -38.9912035569937 72.5601239179723 -41.36327281201662 4.848756685111596 -89.20811858396867 32.78619787042106 -38.83340391005709 -94.39926661046327 -94.7192181106731 -28.349449378234908 -94.25431456139088 -20.22079637119066 -76.1713804591799 
36.01778801282515 -44.79808981014204 47.85880491083947 -79.4768097420926 51.0124462063246 49.34714474885797 13.866324050490036 -21.203228790401127 80.54995177990193 4.45001027597587 83.18228096245198 97.4547711073989 -87.56653254954885 7.1901730546237985 29.32340306985253 
75.13920854518648 58.474968095601696 34.68426317010287 34.06954972624291 82.07296681031261 87.27796465148754 25.91409577864978 -18.15873871096882 44.44937505083095 65.32848418536955 6.700894293443312 -20.482261371666908 39.03652598004879 47.835204935447564 29.93586291821913 
-28.23572740573765 -9.172054653571877 -56.20293126652407 -62.40142112891791 -39.8481111038937 95.869013297864 69.66312763905592 27.875654843201175 34.213910514756265 26.17783250147214 -86.36948698725976 -30.1662286203739 25.270553133284395 1.2961101658700187 -47.4781229041078 
32.099669493639084 -71.08145161305703 -20.577690465116575 -85.10375347844368 52.45764172719046 54.14001205317268 -41.258386207573224 -33.15870096837213 37.3874499643799 68.08488462525756 -8.304274637923044 -2.928645002517243 -21.198947913039575 -31.33931288305392 -69.85820617345394 
57.957260450267114 -17.986999560825566 -78.34906245805476 -96.99718174752418 48.47148352794724 96.37889308175659 -50.45701163517285 70.81557904350686 11.559760879610792 98.59323568671738 2.085904221954735 78.8976486659036 -64.8666022124024 -28.967058571980715 35.95227640754163 
-11.341476627391003 48.69722096711925 39.57676924562935 62.97923458544463 33.90547129710174 -55.703242564160085 -55.085990463554026 27.688737248383276 -32.634962740972796 59.12490972527223 90.48496882248676 -57.50456869822103 -15.67709064640546 -39.46328872360048 -59.639246231978134 
-5.883041368792007 -65.27388152671912 32.62276713319039 -95.86426267955292 -43.09370943428807 -76.56475345140791 20.86847622084811 34.089493410921875 -32.947228731403726 -91.43800743382111 55.072826520392795 53.041558240884115 17.180113618384112 -40.93649658405878 -21.00054372688011 
67.65394542650759 80.43141795355297 41.56446700514368 45.513532893753336 80.8908770303029 -68.67270772325413 86.11259172736439 -77.37645275509641 91.37425982775852 -28.881302633495395 89.21972719490373 -46.65786923096613 99.35705221491375 24.308683883022923 -46.947483736518045 
33.539041046870665 -39.37425920936044 -68.06814736469 73.45965909826208 53.027913072902834 7.55047888086051 -70.72416228231349 -99.10415529539416 -92.14568938098861 36.54384366702345 -86.0870208273862 92.04651719365827 21.09322346654581 -72.99541836131631 35.49193455874112 
80.81791556547901 79.16866993285251 5.620424871954114 84.8655237254238 91.35280099475699 -16.76191804880378 4.782319726030451 -65.25997966186983 72.0623876555025 -57.306765344968326 43.293361297993016 52.424197362154075 -73.78666158564582 17.435440440764566 -11.21730475591987 
59.44459290077438 -64.64035525733489 97.10097703155733 61.00498709919384 -20.812627249894547 -47.796967786974776 -19.306943896104073 -92.54841109891689 79.75092502729876 -38.03870481426777 65.53676137675944 -42.99748811294546 43.67327107139613 -65.20032109085052 36.52711343340735 
44.9666315723768 -76.06941231053096 -36.61641254622297 -42.32376237056721 13.789881477535658 -3.938426710764631 89.66608228473262 21.230721651491763 41.415757492502195 -42.95402775996278 -80.71614946604906 75.86302263725634 -91.5048643227256 -94.28002029830257 -71.90684286876343 
-93.65444204832598 98.56494938220226 -30.48408329726297 40.14006441841255 -10.255349509226136 -44.515979750140986 13.156454302512557 10.80268260719673 59.60987844844979 37.36590552573611 95.88576646087736 -24.517853155711578 -32.00386312011183 88.51859665160006 96.02740259786216 
93.29451673102162 -6.604134170902071 -98.21837893780778 87.96941186367022 -91.73810178533873 -13.500795267891604 99.3498676090573 -41.96101225956619 77.45380405917183 56.82713239102844 60.12358972344535 96.16779704490844 64.96690270698716 -3.591234904906628 67.43951157598514 
85.02697515402829 -60.61744184707252 44.07487049528521 -48.738512205234464 -54.49611414456881 -74.2050127288714 -79.12699108577371 -27.21705027351004 -60.56152484240518 94.15245592821651 49.01405551552551 -11.552656056089575 -82.12557639852903 -96.06034974609263 46.794738860972075 
53.25877742697975 -73.40815310259292 -45.29435449899309 6.346873507031049 23.472385060168094 23.988452948754045 75.47793637493982 -18.318916671649262 -38.602880733161 20.21468624487221 59.97855632738131 -69.2152436718969 -85.75397718335668 84.99108883768724 -91.50149183376013 
76.84784952610352 -51.57847504074684 21.638420319093527 49.495481472884734 -94.86171239603571 69.60776653414408 -60.212454374322036 -95.24556322604872 54.58715120122406 -2.7303300950077443 56.1721038682164 12.9841783920279 84.60896619911244 64.69459569375726 -87.70258830160208 
78.597360386648 -60.91799256038115 92.30490443772533 29.215405572762307 18.141014875681975 -34.65079572850473 84.4624309156406 28.99595020248472 -55.30087262662291 -93.88722004588045 17.257228938410037 -70.19906930713967 -19.711680015474187 -51.65672310081948 -45.64734388723897 
72.12000155653405 75.17982850464185 47.684313583976945 90.39121551603796 40.41288574690947 89.35425708723429 1.5542808272537059 -21.08062450774615 -25.32079683780242 -11.153733652109295 -51.69000381371802 18.478044818508238 -1.1861732710137147 -82.03652158719655 -75.3718968546793 
-4.711145158835592 -87.31317366108334 -65.8657341549526 -1.726021602288256 41.73365784592022 -72.13131995156647 17.04788469618026 34.87547569293659 -62.04071550926879 -53.40324360779818 88.04959375389134 -15.16001237004562 -36.4067264922233 -97.59797729031496 95.52076375152762 
