-27.41928226570336 -9.88657187791597 56.0745279864104 -96.18065133059368 -63.63913457848229 -83.18089714110232 -52.013759113697745 52.26719800970835 -19.648556177947256 6.360406621472308 -48.04888917529746 -59.11260548116453 -41.70308531754075 -53.513861673651306 68.89051377242768 
72.02476069365747 -1.6419855764261655 -29.16256444499699 -94.21553724569087 23.96506796007023 21.757253130784378 20.24005663850801 -5.298432562051886 -63.13252273755445 -4.411062253836633 40.429101577224685 -63.506582380514786 69.97405093994459 39.59897028178014 93.03941127911037 
28.961353543700085 74.5456008749947 9.687305987625322 88.54023913322746 -76.04366364373658 23.187942063090787 -51.03800416160533 29.757434891398276 -95.97185005376063 -17.639341814026864 -74.89374311384802 36.44575488800001 93.58841835319615 74.35080790660979 -52.11686524136074 
13.248230826771334 -50.05915154925786 -68.36631700411584 -43.65705609561326 48.928863139101566 81.25989036699059 -78.99755205611609 -59.57771679363686 -72.0409495232805 -91.32616909385149 -12.851780228991984 65.29241072885316 51.41475468190146 77.31018797856521 -38.413057042195 
-76.95914739221405 25.548775552861926 70.33323220299644 21.988693400245893 -77.35948225203924 -32.363933556188144 55.59293846222212 -85.03554202829247 57.61680163519043 17.485837571949617 -86.6569837970234 -90.19401983959116 98.19594404157553 23.42908873072591 80.65528441677577 
66.7507564394065 -7.037500941326002 -58.806574307677884 -86.5024044719156 84.40717840481057 -66.89647161912879 85.18358736263303 -42.61604320268897 -87.32792706662049 2.194367009757258 41.50486273830424 30.51745617219791 38.99370399358574 61.975746258293555 44.50488256169095 
66.61867909393152 51.24488287122176 -13.102533280634702 82.94612313041407 -29.84278921983332 -47.93532051094933 83.34969864311685 -50.46059726611607 -81.03930490833059 -72.53742511899917 59.830439440384396 -65.52984702509788 89.30588691037505 -76.79277356008664 98.00127933138683 
-47.38499420432598 32.985815381873635 39.507581171401796 -41.547356780684886 -39.2338031175445 53.09391422822188 61.38052485637104 -5.652432668927673 91.87665059013867 28.687645371743884 -83.21667745771325 20.384186169921193 48.01026158463566 -8.539403217919414 31.858382164665954 
-71.12136797530442 62.240532510160534 -72.71115811279745 -22.028569145206973 -82.16811814751084 -19.812555156075888 9.832201016611151 92.72118376069184 -21.576335311589574 -38.808118468310916 26.855441320597137 78.54872388485711 -78.9503770379534 -24.370185542741325 68.83932862701562 
90.5877644633201 -84.4738097095349 -45.858066212993485 74.22873064307757 83.28994960830892 -94.83376113623008 -96.7265419948194 -89.77156001969928 -30.462876697616153 30.935343562145192 -46.61584966748769 -8.417370670590898 68.42858257120355 -24.524973964088744 -17.331531395710925 
1.0607578254531802 -34.09873849080698 -99.20409265472045 -21.28582008187074 67.94845574531695 -1.8580096848812104 -34.53532411665901 87.17889562363592 -16.450970070616307 -85.61215049138806 -70.20908942366506 -71.00554693934279 -40.431842138068006 -97.0613390603794 -95.24681337554854 
-5.554662521244836 75.9669564036206 30.80478465367065 -66.04490508430523 48.70245280778519 59.65035623018835 -25.797468204941893 36.601506414109735 72.23906592793139 79.24197180098648 16.410299511963615 -23.92893758493682 3.4237842658827446 -22.0734041836006 12.839987681346045 
-67.8120308838628 -96.65309251741205 -5.129189562765717 -97.8657503736301 34.09154445497572 24.076746316463257 -41.43243525905835 -92.83731813099816 54.80938960211256 -27.57057068559719 59.71095027719343 22.01316730220097 -64.90998391899305 81.67094063796341 0.3731778295727537 
-81.91670060273913 76.1352763959575 -53.279141787740954 76.47194288549719 -36.460646826597795 -51.992934471981656 0.6896496829914298 93.45516930091594 31.688262587640764 -45.494829078188225 -17.834831101919463 54.8236909291318 22.44616295538478 -47.47361872461306 -96.65740890409309 
52.39045866216841 -52.405376693509396 -32.867997377653026 -28.097931772991714 -91.4736286369234 33.90883853166093 78.4029131216765 74.72169037390495 49.08458320894951 -10.693010031438988 -80.8029460400961 -1.3289360656483211 14.18336281146442 26.16802589349983 8.189470246180576 
-12.384358925790323 56.9449950451756 -69.99574661821856 -88.0613539712396 47.655174471499805 48.97597865950402 -55.9652686197323 -42.712832645591114 11.338340308884383 62.329034512989665 -77.15966138259323 -81.77140409238596 -15.30837212775738 27.74415905836149 90.04597007665066 
20.156839148833512 -62.813180044418246 -80.62176650476644 52.965862886726484 33.916874951053245 56.08552825082023 82.39071729102776 -34.416287321342736 -38.896666815958625 -4.015169217887916 83.01455967721071 -36.08008769782627 -27.493094820851553 36.05875991018934 97.24012399907468 
58.64674329059639 35.87969976878077 99.26325616318411 -58.17970114490314 -69.40965127703964 -4.308259304522565 -16.799457153958414 89.09280863581051 -18.900943453248857 7.350934876181768 7.365571098108205 -49.08744687472668 29.26783635555489 42.18985356290153 3.8981290972794937 
59.68331317036487 -10.171543962720747 -50.70972614734617 -30.529283996384237 -28.67290775990074 -3.953967697008082 -37.03952102874719 19.08002958569392 -42.21198119215879 -74.48012808844862 27.758439504918073 78.6207696176937 24.8702341672179 30.367595633342745 -17.379631918213036 
-67.19121963338759 93.78885293201375 -45.20873052576644 -89.81782356431383 30.27106625454371 34.22228814136912 -49.89332361919709 59.579217666646855 -38.161900661711016 -23.6256076844992 51.18610589650058 8.660957712112591 -55.804149314286455 -13.71498189265587 -63.2757876274928 
96.90772176740921 -96.54688884879722 -58.98418438684021 -37.95934665591343 24.847797384054715 -57.992259891817795 38.789686134703544 52.84427167459148 -13.813005692690552 -44.595497506382365 -40.42043902167571 48.36534142798595 36.05840272251757 -74.81339656347154 -74.82595773802305 
-46.26054550859096 3.674769344084595 -9.326378108642345 64.60218178987367 -21.300879653783227 -38.15332489699323 -96.8104896344825 -44.854836674966236 -95.25966377281101 51.454544814550644 12.735487616298528 75.53508691477938 19.09901296409207 76.83461912220127 -59.39480502467409 
79.64055509422928 50.39327292558184 89.7311122660831 26.691531258944394 -74.93283804738638 71.2765812656105 47.2107359826565 -80.56328345886826 -89.17165961846109 26.10490499024732 -13.350816130021713 -31.87208106971198 9.81386495638236 80.15813429979309 12.730239752036752 
39.122874037454324 -32.05789123514134 72.32439452450518 28.105260057926785 -56.21082681691163 49.98909530411032 -13.334613581898623 32.44999449646079 51.185079380198204 -34.83478668862905 -61.97711550404688 54.028866608844055 62.0552548894662 93.86656585928526 80.77456949540684 
31.144742877054455 27.622654736268032 11.293491974897535 82.09729448796645 -57.08654698723481 66.92900920803925 -67.79886113050674 44.86862092376654 -81.85851052102498 -95.39147542456308 87.61487648734686 66.84682310908298 11.582822006310494 54.68767395781015 80.43992305018236 
-80.07953178020747 -48.20840535216308 -47.55932746149006 69.29383214916868 -57.78113266882197 -29.365170576535093 77.04415853869938 -28.30864632476724 -80.84562324122943 43.59001809238816 -62.81620383926847 -27.7692761826643 77.91293029014312 -56.639664563849166 -46.791580180509506 
-2.83529697596056 99.76773981904705 58.49736066775091 -94.41533093014863 86.47637015563626 -53.55541413457283 -87.97769068900647 -86.13757033937905 46.484304786857706 -15.223485622146853 79.65563934602244 -2.6567573300029608 -83.66192939804556 -15.527186753831131 -21.502528891559322 
45.764766027746674 63.93277457984544 -97.23979588204588 -86.71415451475673 -24.52748886163272 -53.5886346320666 64.6024401585168 -25.165005161901277 -32.40116160117614 -12.260692246190771 52.98014037208961 32.44701037862828 77.3727410875689 -64.20040598981944 -90.13462831330901 
-31.864414805330554 -9.285253028043144 -75.14873237265934 98.05328958706562 -38.917240234171935 80.78331052456704 -0.6905692927785765 8.827279175555546 -22.515413119459794 -55.612927479447904 -42.9677183969132 -67.3709376933948 -66.56389965551708 36.12468852876083 66.18045681695409 
-96.6694069070375 25.93057880012448 13.967715026457256 -61.12655416082398 -10.536645650733107 -80.537328029864 36.47947260809113 14.81224363164202 91.28135536899066 -60.62990192108344 -69.61450364458838 62.96018995263475 -36.549636683967734 -76.74880380814606 -60.282147203639866 
-60.185889138541256 82.1020522778181 -20.51644588804092 -44.95491500768058 -77.07279698818441 -53.735175895104035 71.62414684897604 71.69831795360051 93.16394562126115 29.96412018598403 -35.06666287601723 -75.01756785911158 94.48108250864834 -85.91974351469007 50.31313288747981 
-22.8738532274876 -45.11292355936454 28.88981508256944 10.873238201039158 -84.83595245737881 21.583767167428178 -48.449627417210664 -44.73812968489399 -16.35905601869736 -30.553969958492104 -24.413381562176156 -47.096900191900225 -43.48467004746668 -90.63263615371375 -68.57145119511559 
2.8990672854261987 18.56882733834155 -76.02862199152413 78.2863729774181 -56.12937090662338 -31.962154437929087 55.875753903621245 49.933457049641305 -12.399687626459624 -99.47673546611504 -91.60224354587385 68.37256621859808 66.05675380832105 52.04764171812383 82.20299019906051 
-69.93342767696662 50.9249532588953 20.21365069535237 19.641336483109328 -67.58610089123371 -93.35297568193755 -37.42026738735347 -61.78881939227534 78.2476983137482 67.34094877925423 78.67759460224843 57.55064364311619 29.08724775730127 -44.963481321705025 -77.86137767309657 
27.80741074038204 44.46721734625703 47.68541245302322 -0.18423280282920018 63.82676530448282 -9.382483336929255 92.72821178877467 2.4068961286549637 47.18695652527671 -45.03225724022859 -83.46722948268498 -66.00851707107822 -51.995543515461165 -35.62705863981452 -87.77374908695896 
14.978369356174497 97.53052889521118 -62.01110241886973 18.438479289348123 47.30945198145906 8.53117191915986 -67.57662847847965 78.078105971448 -3.0509070896748653 -54.53595273071239 9.461157761992595 58.34606282933771 -57.56698293431681 26.530709672582404 -8.86521958967073 
66.12993717836503 -88.0191944177273 -31.084514739070542 -95.24065012407867 -76.80207178927625 -47.76553068248237 70.60837622989033 31.061669201349616 28.41615938775263 28.02096718179976 87.00805055968243 79.23988221204465 9.010085184257804 -53.693051390482196 38.439795283934444 
-66.76825980125989 -61.07493103590913 -35.96212224951954 -89.50627327104317 43.99234883426391 16.792507677719072 -21.52403306892259 -82.74626018039619 -42.52471911887918 -14.547746685038419 99.8810383842659 -20.71215668501773 11.687441778158416 85.82818829244167 80.60100715594123 
-66.85926047340936 84.02531964383658 -48.792329142286725 -19.9485199901694 -59.75034195935891 73.81230836011633 -47.175872554425524 9.625150258194552 70.0181955271278 36.71441435319207 70.5590685283914 62.305374726120334 -92.33491856380344 -58.416749312960256 -57.94517777073687 
-12.115509780463867 68.04981178909208 -50.47911206804201 22.522446737504723 5.489461964963141 12.488366589628981 -60.338193889366565 -55.83950664209121 -76.53592522313402 7.674514397752972 93.60154468878818 -4.072189733707731 -55.774244492875866 -37.593880482014775 27.21340185337222 
-8.123457032650634 -18.28621929472034 2.0449229568353786 83.25691622695814 -66.87601732672269 -46.511207367172005 -35.93593859516551 -1.6594301926072603 -13.969460260249008 53.14288732597049 21.995577054763956 -79.71625570101517 -44.581659329870995 -5.523833711554872 32.356157685680216 
-9.534422097369983 -22.683915634269454 -35.3550383536715 94.74365926948448 53.29876999799396 45.22161683502438 71.28185616399571 -70.462433286249 31.661264303179763 62.2919899218451 25.709590507488244 -59.092754511574675 -35.737334134753866 86.4230083731664 28.296188897184095 
-77.89947198939456 -6.691964888926847 98.5227169643544 -42.26829173948383 -61.2453893397181 33.065253847840125 71.15209767823231 -70.25663940294478 50.851969035613365 -30.96220854609348 61.70348964660286 72.71201285753872 -74.82206077902676 83.44316545925486 -32.40856371061808 
90.79160050319453 34.44262410711565 39.00143853039327 -70.9555289500207 23.105310878786995 82.92344650527465 40.86783896133127 83.33086272354225 -26.43543447962051 65.21251243105101 1.9549143819913581 -3.1177010552366795 6.390220509886447 64.61750617398667 73.52305158437815 
29.37131796017883 7.567423723495523 -16.572099906408866 10.416649518455372 99.64676290596489 -61.55286759242129 74.30840001601743 83.74927709872071 38.411159482186434 15.568881117266372 27.83324300571593 60.99076799730062 -89.59968455839811 34.445955502397084 -17.354810021058938 
-85.5168727867829 16.229224675301126 97.97737870447398 -98.14719207086668 -83.0438791033157 -21.630850178020196 -45.74244468926769 -59.13945283654138 58.62211747021243 -96.92421089525544 -43.159810654306874 -24.33826369958625 37.42000063616862 87.70492184642447 -81.0392820529443 
84.53522866148145 -89.96178905919119 93.873536791887 87.28817555747477 -10.750135319246994 -67.69033218857916 -1.2201270206900574 76.08601431339812 63.63296969917852 -8.883647177684551 32.863909500035305 -49.440228145471195 58.23590268836719 0.6145729724066769 -54.746030137464885 
-85.03923264283941 94.12527096682973 -24.159892595530707 87.57982433847553 -94.99327875840994 54.82075442214975 -19.264925861075753 -51.99070462824602 -78.04550987561089 -68.05151684214054 -81.11759628811275 -68.5507059241538 -63.406071011649544 65.53321171888393 -0.5667451468328863 
-19.29546888109499 29.921964481100815 -87.45470121460066 4.304109972804909 -95.3279679459233 71.95815911492161 -81.4979447573313 2.2663140511579343 4.074562620783368 39.605807263280866 -77.13249464973946 82.73463470709791 66.0114655943716 -75.37569270414966 -46.10918278487757 
6.700456283832466 52.98102779974394 -40.25859407232932 72.98951052060937 0.09409092882299319 -5.186014281945887 -94.1273245892678 -59.91500807904233 61.212275113701 -65.13231679418999 80.0846303234292 56.15343320452169 -26.27889560900944 -8.847377743669199 1.3795048349956005 
26.057417167730733 -80.17826648386605 27.472977777884736 -46.11098415305985 -88.92341811324427 59.77565281240044 -61.29003899457825 88.05666593561105 84.76256467358311 -16.97711044860793 51.87661092921519 -76.51087661174196 30.12990810982231 92.85194351307663 -31.3489037881088 
27.5990945388084 79.13750364804031 -13.362361717645683 50.79748415261051 -28.49181233696143 -15.8755994319787 -77.82511177171935 62.07271288163696 14.905861444937955 -44.233677963615946 -17.965080182456305 -91.03817508379942 -46.17952792652831 87.21869444238519 -53.27987053008387 
-27.4537184805328 -90.944669211635 -53.568723469481114 30.378398729664724 -13.11462391260821 -45.22546355796288 -65.79133404946127 29.249324932374293 -30.902263284926164 93.9344207715531 -29.96508614782654 76.95408336934463 41.950694775805175 -0.5780117994844858 39.06286451024798 
5.465103033216764 -34.228697295214076 -7.864819805296591 -1.9131046228379205 -10.888394817460664 18.163500943077167 -68.63784875811278 90.532154971659 -44.49800224846423 -42.42432566567944 -66.17206252059466 -68.57535533045115 7.539482000110212 34.97200044185632 -23.17740266867507 
19.252098468986077 26.33678474695158 47.997201057545425 -4.555886060108776 90.21220396143758 -69.14262668738004 39.79995365165391 -74.7860522382862 37.187169020311615 -64.59037055124239 -44.52837180148925 -66.47427714246648 7.311203836961823 59.64281628726192 66.54648717659825 
-79.01550697216177 85.31395397283254 -98.16095507810172 4.446251531345638 40.012320653728324 -44.87739273053266 -95.45313271438167 -59.210295114291526 61.980065770390354 58.96448985776078 -84.07052711735372 -20.779967243689782 73.18848503122223 -88.75940631568606 91.45999811619629 
65.89261209296552 -61.000782585652736 -52.297107105382004 40.97920896278288 24.965743279028942 92.27515197575715 98.42554838610852 -29.35592661850572 76.35001467155561 24.47074070684269 16.992621861198003 -52.25778608913203 -65.32051024813539 5.09436114773294 -25.18350902329793 
-24.4680983664326 95.13327626266707 -75.25076841135578 -69.00798189215081 -44.615592526348344 -67.4255584032316 14.35771064282558 30.465870045905348 -63.191698492380624 62.498252563750356 -12.779502458741149 -50.02630603953837 7.072534035152174 -19.81976599412117 -96.66371677656605 
-99.64282827133215 -9.27263967706999 -84.52161058234 86.13475803012028 84.71957825513337 -29.319606499375 -0.44284618064895653 14.566435428911944 -94.58341554544208 -53.066287732654715 -52.65184850904039 98.02773332345294 -47.0823910592927 16.894661394759808 53.83051519193657 
6.800697674082997 36.36449966943587 -13.43854293436226 75.25128340842932 68.35344382361615 24.746718320605936 -11.004359890781188 -56.548256836398636 -3.3269494951022835 74.94077217753542 73.35750326689131 5.101017667020756 87.91183935686985 -35.064687102402644 -26.935516576564808 
34.0729045286954 83.90039387128618 -37.229581075980576 23.054671039910886 -49.0767918774456 81.1457530960935 -19.781307335446186 91.14966735283772 -94.31395557697586 -41.76777567263657 63.768087241688534 -1.973654021119799 70.67908971948845 60.03883125926575 -2.5053575331355376 
-0.31219759416130444 -66.26582476795748 -14.136750883589457 -49.986571076397304 35.29965111166695 71.13532181706915 -43.27453956172829 -16.572238582243656 -10.163543108930355 -38.87372546044967 28.63318060288117 -76.57530947048834 -93.55951290465995 -81.8986762597463 -12.261364439421556 
-28.85561014104681 62.49494193177128 -96.86916389031592 -58.74908742907239 66.44114711265746 59.45087906000035 -22.864184737371573 -8.911541345576552 96.63069969775904 -52.09206500262577 64.94015870714708 -16.652580405267557 -91.02887626678829 4.764587715748391 73.6927443342613 
48.905973750457036 -45.748019825013955 -98.40411859252451 36.393132239546674 19.76447138571578 -69.01935448279055 -34.36678149046668 98.47972337682594 -43.62975397124333 -92.42640957893957 50.497283207390495 -62.81671183048134 -88.02749737604954 56.85654602520992 -50.71931972306434 
-55.826683001878564 -94.35001495463776 -34.868013322082774 -6.0875940732880025 -44.41140709809521 95.13805978968892 13.682159608468297 -7.1190166154181185 -48.37345644087849 33.270774456154584 69.70858630637096 -70.29569058211018 -22.873746224260884 -96.68666474785125 15.5897057973079 
-2.8306438961288194 -76.8030244152422 -12.65239567984591 -42.64463330714212 74.8904543882129 44.476963884961066 87.79658855486926 -55.99530814668092 -88.44290796816753 -70.40176077322747 71.5386333466293 -2.4669851833428567 -11.470904242387164 -83.69100188380192 -83.16072015110709 
56.61933768293588 22.393076314672 -54.251636056761996 73.54040591545814 28.779618908848306 77.46737545079702 49.91293538854595 -72.55837023857706 54.762609975580006 22.749768917461836 77.90878678886762 74.67190682144374 -56.303485550689935 -95.39293958581399 93.43921269028667 
85.94871325261565 -96.10455868369581 -72.17614386484371 -95.06729652645261 77.32723485362285 59.19273399996317 55.16125320513132 94.43808198020668 21.46966020165941 -56.3065649169183 -20.663483073734625 -35.82395449221329 -28.24335617196961 -0.36990434300329866 -52.3091765271116 
-26.05558722227113 7.925089958226607 2.468021020201988 27.018666572636647 -1.7246383074493394 14.916269271608101 -60.335280391455015 -0.010005145735078713 41.80485884748734 -25.596923163944396 14.877572753396095 -59.93777612608153 95.85176190655264 3.5022080195724783 -98.07320817348115 
11.043797843891596 -42.47032256387344 -96.15023479948921 6.272072500794806 -87.16554296742545 85.34550451574557 -45.36230380017254 76.24360985209515 -30.633044773486276 -77.24298605154176 97.52036497273727 -90.4913482840733 35.13919367401769 -92.23409021377209 -88.4280693441138 
20.29009790304987 -28.97632143265065 -47.39889598373481 -82.32343472964243 -25.513019975634023 16.928727493426535 -11.589001798515369 95.57799524833172 -81.12446421499438 48.39016014167231 -83.9594177586722 -9.506738706287948 88.74271207779913 99.66838209374444 -36.223886679041904 
19.86785023247984 -60.0166632902273 -80.28810822403699 -42.25022715538245 93.34673981385836 -52.61878779418501 47.43321430878024 -14.012921496045337 -21.711871453275975 85.52436260168926 -69.91581995876994 -98.12786481390212 9.755817865374226 -85.97266865982184 -98.94183855098049 
82.31614623690791 -84.93755282385878 48.17680931250132 39.93917544708762 4.673522892230778 -39.539040019348334 27.05938264123988 87.06257095498273 78.59205008269484 71.61508616926648 -82.551682717317 49.9787611326887 -6.651833792208862 -10.791663727258822 13.27232985384748 
-79.0299799299911 53.58768926413609 -0.3553640155054012 0.2659577869527965 45.886588594620264 89.31814568843183 -64.38440796688374 -21.42118044059984 98.46231450587507 -44.80067704576187 -62.37456264779979 -33.24883748856682 57.65080127084289 26.96764418936324 94.18701747577333 
81.20817144412226 -46.02998712387496 -37.005325453068934 -66.9487537326024 76.06538686095101 62.437753449236766 -99.74581556849844 88.01292867293091 -47.181425764477346 -62.22378478124138 -34.23851683103318 -88.43420393139615 58.75885897432582 20.301092868697566 73.00409556102582 
94.0929912847445 -5.117650381523234 25.393760706727704 97.9323185685742 8.802515000495418 32.29779948420938 -0.4147068971999772 -53.208215616220976 84.61615145719986 63.246865182930264 31.874672589386762 87.18827438220663 35.37046907724391 -80.632123579618 9.768064887964599 
27.44364279728981 53.03994747687506 -64.06843834554228 13.656600897246236 -95.76135332715418 -43.237362091202414 38.17761792701356 -10.968043835657411 10.037072770639682 92.67657277951355 84.91478011787618 31.4363797193825 33.52460960330325 -46.930540556495146 -38.15644826048219 
35.06587345113286 92.5400982751843 28.009337194814634 -12.603350097494797 -73.72341563808115 24.451973563843993 22.862620737627452 78.7851514864557 5.821100076678661 2.6950192463005607 -57.71854994566703 -55.4036391030231 -95.02262819294668 -50.18536494816199 84.25127847002747 
-59.529327691515135 60.35985737412199 -3.588614660793411 72.25888506100006 -60.46299607456154 -5.864962958243353 -26.588466566505602 -25.06102012752018 56.15021284033611 -67.70976914296682 -79.1662481629521 54.129586646434404 -48.56017719643499 -2.9698214914940024 -47.66265853794298 
-38.14367491130519 -13.907241186496691 -30.886072606768366 -67.50354562711539 41.82221029632842 -12.999423370851275 40.21758206130775 -88.32096710341257 77.63665882294956 94.07513380363142 25.642335720350147 59.873948410523326 68.6113548996787 -30.375847323765186 -49.45930649058934 
82.43374573453704 24.541793402328096 25.430194769264475 -45.79887512099421 -24.344521627739084 -50.16321249302263 18.64771458432999 -11.579277558727966 -45.26095984996403 -78.35680718955285 71.87314922172544 12.260883960072547 27.18089739288287 29.898003853110794 44.98862843485949 
-40.40677846396257 36.815322376716495 -64.07585784771719 -90.25605441552963 -69.89983315546272 -72.12020101670791 -46.01670156955251 73.94822786917447 41.726321719947435 64.92023335479874 -88.92756731028253 -92.76611360870177 44.89649590586197 -24.575773094429948 -60.7169336652136 
99.93610710831257 45.59242922719332 28.57687710703493 37.412915537156834 -64.50280626945406 -22.96494732109349 -49.799293332858774 94.61142132200112 14.968161640899154 14.362713781094754 75.72968898400626 -32.926091096473215 96.76038610910953 -75.28557017462046 69.49229952179999 
26.89991591719219 -45.29053470071756 4.189312817466927 -48.04386411364321 13.85796746256112 57.441991260645096 22.231153099027438 39.68672684217262 -11.703535267626421 55.239129420008794 92.74126582770899 -59.94389277241956 -10.650642877462559 -3.08250823460952 65.63607854579331 
-92.02219181439015 -58.21592653442795 63.564345057420155 -16.682001592859578 47.348271613495854 -59.04759647841264 87.6641328317904 -27.094561782684508 88.06073177539417 -40.941950650518486 75.62458931876725 42.38494901182034 3.260771697662946 43.6897211070154 51.42293476470451 
90.69493816050476 -4.082900838351321 -76.29267825348897 -32.430285077146564 -15.443404933559023 -84.92388743129203 87.50667149460224 62.619635909867924 10.865772550907124 98.7299812001724 46.742713852324044 48.43667934234196 43.89065322807352 -7.702362338127955 -19.15118986961177 
-92.34068240620401 -86.14560933409543 -72.17863617515275 -79.09241106044256 12.097385875637443 -79.58907289805457 -58.25996116322196 83.35954580638167 -3.048806235157457 39.65956961308069 97.83639015399095 -80.41763394605283 -39.653931292274635 6.936742478567609 45.58417552468717 
58.680160283835505 -53.01396033548023 -61.01728478535209 -91.74607807471125 33.85053281009388 -48.12683250716614 62.63316475738583 54.86263515458998 -7.540019341879997 5.081638812627375 12.720632497395968 85.52670864021758 8.396175277495871 37.56879884993185 -21.634555990692505 
1.9464118171244706 83.50078838614581 75.27420650888968 -73.09697127259602 93.7061879362617 31.04429217872297 -55.30403709159539 12.361573939012999 -70.69377478330148 4.409492771159847 -59.32989908354569 5.246252642012109 13.388206125175145 -68.05881461446026 91.64750006094567 
-76.16466185859863 -57.455185298788145 -63.78921217012332 62.788666006985494 12.153311481375127 59.761915740778164 -90.9153697189995 -51.801486697317344 -49.39710605673684 44.531997390303644 -11.038553831937776 -98.05337809222492 34.138442861950836 35.57899220539585 49.397910098101676 
22.457035875675984 -23.591583584147102 -9.88131982030987 -7.471921485912475 4.740999443144702 64.26801913263961 -5.542879347586435 35.40536743619276 59.35135194507188 1.4440113400948462 -0.8523192310154997 53.08045999246306 15.298468613898834 -67.33693774714598 -26.737205595561917 
-70.28821553083651 63.14113289973179 55.343446825726716 -8.837816920475532 17.496349850198058 70.33624036717842 31.778709706696503 -24.53190473852564 -71.6394495326637 23.541584488693076 59.813686450770064 -59.71702988898182 89.36491548667007 57.87371831223328 -74.503581692633 
76.34325897163313 -33.9473909478738 -12.462204063487633 16.863870192922704 -41.672209629278626 -70.8998997360806 -56.478404307088105 -18.527408539084703 50.49867211100144 30.901846951783483 3.523830457304882 87.31614609129258 34.284386901668086 -67.16637556511722 22.3123625607617 
-77.61929138558432 -49.504532479867876 22.129694125986177 36.028760513435685 -60.95137183612669 91.53867335588669 88.60615253654836 58.40623167444633 96.15519942533444 29.980331055782983 -73.91794398950856 93.24473675906904 10.6094839255272 -83.88535736880021 14.491748663567577 
-24.137077379811146 -33.9124854951626 -7.191228825839374 40.348899724033515 94.5608270864189 -64.20922232917432 -19.182276509053082 -97.30427151694809 76.45277908324402 -60.14305669490041 89.28936529184969 65.429980804184 -45.29541077931394 62.33248240544407 58.936865768806 
53.123951341210216 35.16219931000407 -63.94498968084945 86.91148323355458 -90.61955628447424 -21.646275638586047 60.32282682853955 -57.29187683527979 75.77845942340034 -14.913419652633138 -91.23686322813718 -96.60796134101926 -83.62822177389575 -90.8766830460459 -92.83693674361663 
-42.76949300513741 -28.48236665697732 -56.30634998056119 81.16403782000333 65.39030057089133 33.08638613148261 -79.53090070726824 -87.09547414476472 -30.55125357469872 67.50611785592938 47.61069114668709 89.84069649835598 78.75070972668246 -33.306752724685126 66.72593786509862 
-7.945454932954419 -62.47952856520105 93.1221033263466 94.40331638562466 -36.519559152179795 59.48909455352782 -12.782577312043813 36.222323713402034 -68.09339064261486 -44.14084702842174 -95.31646918861752 -15.901232755869543 -59.24656402494692 -90.93500008923272 70.32903821748641 
-45.065004988510424 5.068825229931861 -38.892784026753716 12.107388938521396 -14.866892736287468 70.31935117776004 49.7145925408297 -33.99250375143346 -96.60073129346274 10.360718518633533 -17.02252293894513 -66.2193373282509 58.51033249267482 -96.41663441365391 -2.902036576287358 
-60.62787768937221 -24.026489066310532 8.096389227563506 1.306725476922253 34.47120706736385 -82.63006873133476 -8.900466187770434 -66.05896632896982 -27.41484332858954 -32.7344392301635 95.92693109856171 -23.736430937077643 75.6496061891034 -76.75808366184123 59.30196800440757 
26.39979039424334 -83.11223817491665 98.12008000211642 -24.11785577931957 -41.18997511977651 36.957754879699195 45.576293945092175 44.118055600538355 52.74315230342944 39.41908195677462 51.589863560981115 -70.03641947754625 -44.500428675634154 -95.29793806551967 18.679150440581253 
62.2207562825312 55.00879570531126 -67.9431716057478 -59.31791194081746 95.70550812718977 -0.33541777024043995 97.71751208647933 -60.87282006286483 28.38311875426308 -95.44857554900467 81.79469265790317 26.69482281840729 80.30979887892798 -6.038552641911934 -50.14881700106184 
29.526415415399583 7.020039095992871 71.14561699900136 -19.36689738723463 35.28347398622597 44.68791262378008 -27.159473573154543 79.16786108750537 -19.445975270603768 -97.73066462829463 4.03442965008567 -92.40466282269959 -13.640561435298878 35.12888081067172 -85.42457221283968 
15.346929603405272 -0.3557536573125333 -94.84446311739451 -94.78375679352686 -34.516701862774156 67.29558892896466 98.9651127798887 -92.28827484104174 -17.59465332508519 -45.197192065405844 23.318096819019857 -66.75714957042854 -71.8534690983906 -30.62109660341055 -43.06253695785593 
71.47962017538362 -83.92390585474828 -97.91710393541675 -67.25854179726974 6.394681807469908 -26.44029507614742 19.56323110743105 -32.2799112841392 20.87037525313609 91.13342280015479 80.80849773003979 42.626769060477585 -20.634828313955694 21.8576027794509 -16.13846055612504 
-69.09860560314662 99.76869519908146 -83.55277750488167 78.26549886454569 43.19963550194126 -95.30994305219427 17.173725909537964 59.89610031500041 -59.65477583228655 44.19385321061324 57.11470858405855 -96.44921622569662 -81.14865463334841 4.690117201961002 57.82941942794898 
17.597138758413138 -10.199993048889525 -51.156868808162656 4.072036229152559 -79.8181457163523 64.48096905122972 76.97537324704604 22.306109570757854 16.99369808658264 -8.811303552052635 -98.53762923404847 42.27396255130037 92.06766734872357 -54.47112770689762 79.25967028732632 
3.566259136856843 65.43292590587521 -63.01603515927909 86.69311916673095 7.861184965157705 -62.482851718539514 -96.81067007332712 -48.47441351337598 36.23916507698459 -16.203194540102416 -38.94220727386188 -22.336679190854383 31.147138033344987 12.27397043908465 46.37462345173191 
1.7898757905475264 42.167339680830054 -58.11653740584015 84.20464272159023 94.11313422676707 90.23337485571284 81.38260393940485 90.62341527904104 -86.17480468201735 13.540253073860086 67.23986122338451 70.64042023752219 -85.4936111528423 9.189236141471426 28.05812935995533 
-71.49206404120538 88.49233985218271 -46.34374852769207 60.63242034529057 -70.2147460516765 -66.53163249480596 21.452403459623 65.18287092534734 -90.9116267223394 -38.44991355915099 -88.66957037533436 51.53164094283571 98.19180459514385 94.19680360463977 5.156399371532586 
-9.25043819269655 -87.86258019108371 39.043883920817336 -67.08812610873457 0.6228457667055949 -18.332830310793 91.49871440327891 14.397433862927016 -37.09607600729215 -3.645928140296334 -36.52754390448381 -68.13448255598678 84.63069970151466 -41.059676202429365 -47.012781509562004 
-7.711878360845745 -26.464351831959547 -15.607938421534456 74.69662744022608 9.740604354643239 64.6036249477051 -52.733446257545815 3.460196790382213 29.612951107214656 -86.48140145008492 -38.83216056121013 26.955148526061535 75.41850841131358 46.523783630274664 14.729019628430365 
35.91085970637096 -25.916556003094684 55.402700140158146 39.88364017727139 -70.47645418948647 -60.45412985558283 -51.81771430695006 67.82834681086183 -70.5270802878597 92.0722043637737 26.674789394741794 42.63390928003486 -3.715243478198488 65.8346048636717 -17.65227444304152 
-77.23176572430688 -11.402854844332879 -86.51979181923457 -61.40985564552317 41.44717346167627 56.818095551591455 12.374388155400482 -91.59878132506239 -23.428844746424303 94.82599596019406 -27.363002092400052 -47.61827644468681 -79.88738855970382 45.267989759563704 -6.314178227068851 
25.51237390513883 -42.706750507379176 -23.59739042761673 -98.56477649982969 -46.91851926466914 -57.162206399359405 -11.452394948858682 -38.33751426454528 -31.56740754805864 31.176985269221916 -48.01161741056139 55.22810204341886 86.01921599542223 -20.464685434559797 -48.397816079872214 
80.61721423154313 59.0701171859418 71.8263493784705 44.20696696170006 -5.888975813312626 40.45474955102466 40.559434425148794 26.869288866647196 83.23049193976263 5.104581254117434 -19.098428055038738 -17.59958039652018 96.51153916117397 74.2399193547553 -74.09874919894676 
-57.7224439767194 20.18866490433946 40.74784814974015 5.977468348381734 -33.62107394219758 85.0786345886664 57.325327319918784 59.56532515905454 -15.031016824940437 55.510944883729735 -85.60363413732715 -1.0041955972450012 -40.66460831745968 -21.318344010983097 -32.13496061685271 
-20.112197201610968 -35.43247241558865 5.888705451982148 -0.485090143285106 35.283045838427995 -82.67874147380792 2.701278986462839 22.356174265104215 -17.079858408649855 -36.74913236816313 -49.09993122632006 -66.89475166267141 -79.71993940900673 -58.44899670064363 83.96145525035345 
52.79056595045827 69.48246005739747 71.91505789381134 -68.5866991608089 18.92358190354699 -54.96728071470669 86.24060805577659 -47.342220403541326 86.90910520706134 -6.656408999681162 -38.91654955558646 -70.837179276917 69.17377895250075 -6.045225032217317 -84.71768968579025 
60.80826439861718 -87.14895165492848 -41.45102067758171 97.03393207884201 68.54367642139738 -12.86290446743834 -52.383885227239006 -95.18482352046762 -73.59833380016572 -33.26449316886891 86.82820502565875 78.64037576366519 63.33271619669415 7.716803322596789 -53.583877079710795 
77.84606979047541 -85.43334954607758 78.6645675553419 17.216726172041035 33.667982841792025 87.49206796761061 -26.31945840352701 59.33102642170894 -81.4899578849055 54.90087368005808 -62.28007451630384 -96.62675542734476 -84.02263711091034 -21.877281091762853 4.907310766681007 
-39.370691783602865 -39.27583680158251 62.66210876836868 58.19784520767598 98.64052591776954 -76.25346136899545 70.26626347752534 97.04289319471994 4.566170545038091 32.44365841616295 34.973205335167535 62.58666716559301 -8.258566110763368 49.02108239008308 -32.9168950962718 
63.87291881866162 5.461638744917963 -37.64905838504027 -24.669736696106696 -31.062805640522555 -37.97978375263178 -69.60928142942029 -53.56990970678177 2.342444065010696 10.996668258849624 -63.08940675141797 -60.18144457486834 23.51389116745372 -64.51564513307078 16.374352257293026 
-43.942815695160434 79.9558295312832 0.038323369699782006 -80.13061080448185 -0.0967370959640732 38.289819722497555 -27.6915234449109 -46.56062031277337 -32.39491132362264 61.70057920243076 78.84019143657756 9.663418708223759 36.61973391723842 54.31449492686926 23.671660830215075 
-69.20218252768811 -50.11117794374784 -2.2402678362229125 5.531060133767454 23.703259747779228 12.343955213204524 -28.630053635967784 -87.36903015581655 23.258640112466253 92.80404995148282 -11.333638135301996 -0.2798198680069959 -51.03551556392026 22.899838573723372 35.961447175117 
43.120158565152906 -65.94706269380472 -70.69334737391719 -89.56413230857842 -63.50573835415994 90.75506181063577 -49.44044023205754 65.22727053147327 10.202799511093616 -12.318298832651124 97.72419468985004 92.9376381819562 82.96292007576753 -10.986522390659431 -30.32665630820435 
-4.99220522693787 28.2653890486815 21.64332827642008 -92.00743244579553 -41.32332637511929 46.5777809819202 -41.193614028223344 -4.950751212017778 -11.486341584225343 -46.11145476607248 -66.62628075778582 25.61403303944762 69.67827534216062 3.523698460756492 -29.460835723257347 
-14.899226340808951 -82.45765215209923 78.67724649319624 -6.1063783069624975 94.28605672570725 58.43607441029448 59.03063871635666 -33.363797626119165 -57.05513033394307 23.054841569599375 18.69697882585197 37.13552441551761 -18.37010450432443 87.15161091028821 -41.098742946535594 
-9.802072806406926 -93.70107337609667 59.843895703963 10.268900504834505 -19.51122642182885 26.4758201543531 -91.64095750642203 23.163554788738793 76.01167675214177 44.42297784362299 -32.53871035320377 21.6992612036712 52.62941112329386 -16.244346383957947 -13.678851278982918 
72.14874664793456 9.578174813759802 70.68393195484188 31.17503177824966 74.81295435911596 97.29823001031139 -65.23487877707647 -75.52669245262973 11.757220591144318 -7.690436124927658 -66.11758570886215 52.32904072763253 79.26867226734288 6.432380341709049 -27.40980218372772 
9.652355454896892 -15.682816789994433 19.36069876368589 -31.468689504204562 60.544642935686454 -94.0953336424007 -31.212460764823177 34.01918062968315 -64.47170778318147 -45.9186522601172 -10.505165826111934 -48.31419257048945 -58.17474855481197 94.3160328012028 -16.575690197070386 
95.10153292071462 -27.168524986577893 16.126132073561422 51.91804799746177 30.860713517154068 -42.72994939311727 -12.52233632487993 -80.19081163479349 -90.7782886700071 87.01369351976189 -54.03913260749387 2.5923907099841585 -24.785414872503893 12.509215653421464 21.112999437155693 
87.54466865313515 -82.34538487855045 -19.783244472684785 -44.539584847085976 -72.55338493437398 -17.24082156057021 53.52049053808358 41.41941720817783 6.698777009531767 -60.643651689309166 -75.75793183388288 38.618857302593995 -16.52245319445001 88.80764241574221 18.50778837703713 
84.91079024640379 37.779884979696675 -10.870758390445644 -1.8912689738069304 52.86350519697743 -58.33645069478275 91.242090812264 -52.16327737181275 18.270961541259283 -43.286392322602474 24.163448024938972 77.40875464031879 -14.831688196783446 -75.97887009750025 24.20204840373721 
95.39952056419244 -41.82675259759285 41.76724018744008 -75.37799903624942 34.09967211790632 7.958320395345254 -98.88410112297265 -3.2836669388473183 35.12277502505853 -41.61511625263341 -10.304239534868188 -25.960522333513552 70.07159527982557 64.74443233814219 -40.33839095244438 
-47.769502723821724 -30.776371622851514 -18.729140603807167 10.184929616230434 0.8073622239245708 -55.99966462069836 -40.76550032055919 3.3647924647032 -0.24020528164454902 53.825900244284554 71.44418344010418 90.57939763694696 -15.916450310766251 -10.623189930210984 -79.33044538323205 
70.35500000765578 -28.12045365546318 51.15718410533478 -4.782693683808617 29.937331565535942 -66.3212003593145 15.809790422416967 55.761713350853626 86.27987576027766 -97.67130980669248 -85.8074104026885 83.25948904355096 31.11330545702117 -64.17547050897825 62.06898708292519 
76.07227413572664 11.22033312201684 20.522297467210194 -37.58169486148666 -10.473400483354766 -71.57646072155202 77.14873521054665 19.376125508714466 -83.19941839532106 -51.74995707421157 65.86505705562328 -8.694730854857042 -19.01612872077179 26.00536943542906 25.135891488319032 
81.68358403608579 73.87160169008757 -79.20737789464582 -76.88045337347984 -79.86586022779258 81.60978355147626 28.312653168006193 95.10950064141335 -19.976780035437386 64.61795951227816 -37.6647916811707 -61.82581203927051 7.409173299193242 -1.876840433253264 -46.289222581446346 
41.96967016755352 -58.45461821231896 -71.25497082593668 -62.384796678045575 -94.99524891488863 1.6088189280737026 -14.672878455781799 -50.348851676768945 -60.425411012613786 34.03903316661962 -92.4599645577462 -81.99395167293765 -17.487512535739924 15.225628288794454 22.052208219480306 
-10.87576630857599 38.16359203734606 -68.54958622159155 -61.54822365774646 -16.774010832722837 49.56259227356762 -35.70501859498039 -33.98821535150434 -26.990503442004993 57.5712715819719 40.30317963365496 -20.90434220510204 11.837720804590532 -18.519270392436397 -23.35845671975305 
40.61472484669437 -65.22990829216799 -72.24327652505013 -15.89532660564879 -65.59860613023355 10.952154768025608 -16.933061520443175 1.3100362704169441 -27.481747924240565 88.85386021046477 -88.85796960299501 96.82634593713954 57.58798882089647 13.264188930259294 -94.65252668044661 
29.758710330535365 1.9402376150767395 -67.62036948515919 7.854665303100418 -88.86772446314484 49.83198148497644 -14.137424327835731 -7.139558430759436 24.03147297349679 -86.3072797501659 23.71303251544208 0.19752822064957343 -80.45305789307122 -86.80370784813812 67.14361596220789 
37.36149317570744 20.655310540873757 85.17886203180535 -46.025641688058 -57.36681437365328 -53.17078806652198 -76.05578140935971 -59.02484862749164 -26.229012252636096 -44.437819122019675 -99.49092782959809 5.45693556058464 43.843558826169584 -91.61595661707165 23.06860118673322 
-75.57175031388175 -89.44525678135557 -24.095242301351718 -52.044015777853716 58.272889856854334 55.54331481189706 95.58310753226394 5.911676233110683 -2.65911763848689 -56.02114743155089 5.240677909969477 76.41255984782097 -59.53144797056158 24.731329058005926 35.440639678647926 
-1.4966375474029974 -24.6797675124745 80.88563157777392 41.10966300690944 33.874707431554896 88.9143136113245 54.69518565120899 75.83001042102626 98.26410172660951 -87.78174367678709 -98.42895004155172 63.615851983268925 -94.03320051262214 -28.069333578350793 45.70124644189707 
53.04266897365309 45.41298597976407 84.69288940323472 -88.7674315792255 56.84153345730414 84.91686326601246 -99.47409296739656 55.974665629276075 -7.640044850362045 -70.55352775737674 -37.144128895172514 0.40510725796050906 -40.289215129187795 -11.250310244974742 5.3188985070441674 
-47.264603575105404 -22.444155943820007 -22.67907718666042 -34.967789546061525 22.61167761907214 33.113556104015856 81.40008300049556 60.06192419564809 -28.82866338717666 2.316033867554168 59.77155254735882 -8.368333170108315 34.122042070907895 95.47412619244818 -88.53395591611009 
-35.01560296883433 -85.58703068587623 -72.2333711651937 -18.849794138712085 91.62636107128907 30.741227900447768 92.16278457398872 -14.663860254594255 -60.01691664484512 21.662257447644066 -22.39728446685352 -47.373721821290275 -93.88584628558347 -84.63338283890633 50.75017687347659 
-36.698682214481806 -92.2680072648107 -60.483258638016494 -56.53036859477956 95.6679894172911 -54.30938325333445 -52.98608235752316 42.67605852298442 -85.50468999245771 62.18856308866759 -9.796186416191688 -34.219201107070504 41.49720820595752 36.794546357272736 28.996451753462452 
-7.6756456550563 65.75946154134931 33.12963982273172 -7.392916248361871 -94.53650923346993 90.38543347578258 96.65615237102813 -24.453376513385322 -83.50451365332603 -43.02905595906903 76.76302119015469 87.61266594587067 87.11580144731107 -71.04998422970674 95.54196780458338 
23.58874069251067 45.48147858281658 82.63647612666719 -18.05698224827927 -36.54571970296079 -45.68750129632746 -2.3859615825263347 65.63902689090932 5.003889973555204 26.559936379020854 32.360289988779186 -33.66276553905038 41.12257368033687 4.96222590606979 6.633419705519245 
-56.06912234101213 -34.45527750024124 -14.275517504390052 -9.077458762879445 -31.982648176573676 -19.38830964579101 -53.498133988614626 10.736897375381886 71.70857468473886 26.82008963563014 1.4381330944034545 74.05031559540089 42.38974988222196 -93.15344982967521 39.04482456709064 
-81.40345143101133 -61.62703043759752 88.34456985978011 52.51369030669244 19.92345212760955 45.99887497523662 -5.007332363456115 -19.617181764281625 -11.695736770120035 95.46127323728578 44.33403670912594 -6.60430531421629 -47.44620728301599 -30.798646028996046 -68.43672601805335 
-0.042551931962123035 -1.8811136180276264 -94.82361521734074 97.40760667744334 -99.13800282636065 -52.50388168763451 14.761135858380214 54.8808499142138 6.9248888513044164 38.9011403963741 -45.09041622690253 -34.68902339511513 94.13705167576077 -54.829746620930074 -33.74097117717206 
-0.3900745748833572 -69.37604564428827 -74.96989835976535 40.23084524835377 -1.3186129241258726 66.98418517134391 -29.126822646110398 -82.2358062953663 8.31272204479589 43.759022273672485 -30.63236552583824 -45.283893001998266 -58.30811294350396 -94.1404722945343 60.93669577125229 
-13.929826559598737 -90.9917508068204 -7.962675894756728 56.293310989198886 -37.275471291021375 -9.528145312501906 -45.38589217516049 99.14347441730013 -51.84271566022076 78.56089052581424 15.848946769961799 -31.911803049258396 -18.209018143739 -73.25089341657281 45.045763031997154 
-97.55124529151826 -85.4119248640909 -12.57699317680887 0.11028670514716055 56.656483809718566 -83.25266895420532 10.599112232248459 64.8739432430736 -92.03022803916905 40.52195146454034 60.31762806278354 -18.174851120847222 2.1785577773013642 39.89265283070614 -58.63044020626502 
-42.235889144589336 51.39916396628362 38.03242655460684 -56.61729853961135 88.1945136705312 83.24109067135043 -86.69047007854 31.443400215596796 -87.47052706555918 -36.06371477576709 -47.48089187261395 -88.70506677586951 -88.72688552211277 -13.447708648892302 56.09040702289076 
-2.4796292037208474 -81.49658268486132 0.27623200280046944 95.06329175712895 -21.394779902854395 -32.33654596937143 -78.39001378146513 -88.60904421699695 -14.882586769716568 -75.24621564603291 -49.5081393180411 65.27685868422347 -2.6077125328623794 25.943139886623896 86.0713544204784 
42.63108978582483 -6.265183932085705 77.99783190033338 61.80484044335387 -72.37124501531163 -7.051804594292662 25.15497945807539 -6.398958476149261 -77.24730262582918 -86.2272236869663 45.22845931947876 -98.14304179182336 80.19313586084775 84.60660010513465 47.888937324961034 
86.49496156130812 -87.58357545120876 -0.8122606213354118 -36.795166774773676 -60.24478675782863 -78.02172794525859 -53.082210333451016 -73.8453717989367 32.17645261476213 -65.94256679816311 -2.055689580263831 -87.1223925446181 96.43829468840002 -86.33177399892477 -51.850945960887884 
-86.43389898489342 71.75494067817917 -52.67962836848892 -61.078723414244074 1.7180943495652485 40.524046417405714 -53.602300671334426 -67.15291666689787 -34.33908793822799 5.722951807384447 28.552292673988433 80.15803025602295 94.10054158431981 -29.69883625727448 52.01079890482424 
-36.94652045459061 -96.49821384974852 -22.403569209219484 -95.39258710909672 -83.94838597463092 -27.861061607720302 58.434002644803996 -20.5496142029357 -78.57440201392079 88.96753491982201 50.694320389982465 87.03191076630654 -19.940742628549742 -55.65445629060945 -33.36592323046305 
-5.0701971490039455 -53.11642391540732 1.9031871999595182 -21.47310848004804 61.021033769742985 41.447499378748574 -42.83090091424913 -46.55217374796025 40.41704038415651 -19.24740893158328 -33.6734161867311 20.497919741701935 -5.895388285530757 -76.07903532473745 90.70831861628872 
27.289682708542557 8.206854543572632 99.89457459379415 -85.55850627556731 -94.18657551232717 -67.28115286716294 96.90726941979929 47.0872290779337 -40.23399736730189 -76.08899377051164 -47.82690305263975 -98.47048394008604 61.12423325076634 -44.62590259405663 29.2632103398943 
27.561488303633766 66.59595999923624 24.235548964941245 16.5634831093801 58.94027574425019 -89.96074990398581 69.74863044047834 -83.83185229307593 -34.312112408702845 36.62210607217099 -38.63655329148934 -84.78856112482637 -74.09612846022992 -18.70567299948766 -77.19424225058107 
-50.189181474707325 9.837209940658397 -64.31680398430805 27.219527460031074 5.821792351461255 45.41736375793059 78.41246954652226 23.430904424193216 -77.27458728415348 80.12925175590081 -73.44577444828657 -29.645253104999753 47.28743429119723 -16.055044385991962 -26.121469405404184 
-24.78526081768051 69.92179715828007 1.4885092233970312 88.8011839926045 82.49205968349722 19.763702633137314 2.039886457848411 -16.204457751809002 -20.32678591776292 77.1711497958886 44.82914309372589 -52.88872633186179 21.315158170608626 -26.18109307038172 -29.61039414551405 
6.627684571659657 37.262902910447224 40.25759835909611 67.60795374360328 68.60576960535388 66.73601376615707 -68.17539624903806 5.9197348853155916 -45.42228717761281 -19.82601835364683 -91.15917685671171 66.03278632531959 12.049229527702593 -0.04454627838342162 -13.123391489264492 
22.81754288254467 -17.55102608128483 91.54637764710526 -95.94228738338202 16.31906554198757 19.05953261897497 50.69748496333668 -79.40228485921861 -28.908491546126385 -74.42441991762401 89.12218398826656 -20.780051313822696 63.56255635646977 -48.36515012543996 -9.562869381758873 
83.88433014788538 -39.46031497247242 13.680772107195807 4.316752833187692 60.5321691100913 23.59877150166767 -12.374170630797295 -18.91469151215783 -89.29735586770495 81.89568634570705 93.22749953806809 39.1786047236823 -38.60514047644323 -29.608676207278933 9.17798539711876 
32.01386487040716 -9.472300724863516 70.6934712665037 -39.04005213558026 62.13209083743007 32.0761862178762 98.99868077177726 -25.86189525312375 -22.36687108907614 95.57707224591454 61.69812809951367 -85.48449202569077 89.23012826836904 -92.91929359455744 -16.660844326159037 
13.059297830011744 -2.012369429853962 37.7538770050825 41.76094240978193 30.584412907703097 66.68352120027888 -49.02063711606826 85.6680153237862 -31.389634657839522 -76.886320967985 -12.661755908653063 7.8532940789882275 -48.80964956610416 -59.76750859634927 62.02691259050687 
-28.65296986503158 10.913471958574192 -90.30927460209925 -27.946363766380827 -51.89271593798173 -53.32776891740492 -45.57951084894112 91.20558957264319 -73.4876736501086 53.124489177906355 2.8062638622163405 -40.83919410875736 42.2038756803008 27.32594783703506 -22.63467761226643 
-35.91861759772759 -11.274247855988591 -97.60652374763819 93.0298074775933 -27.17543921830537 -10.57142127439225 -16.003746461082756 -9.09532765040882 54.7895779107003 -28.660828874675204 37.95743665760446 86.71109932645365 -43.908837090778704 -30.498395470425194 28.350832769313797 
-26.962756713090783 79.23042641246573 55.903690748009325 -83.19194731388129 -38.21255037474267 -4.63137446047179 -76.99006518109526 84.90779946630363 -39.31071192313307 82.55504486233437 21.577956863484488 -45.47231996310839 -82.77660017398097 -6.537899807656331 67.683598531516 
-7.364795216454681 -64.28622121651705 71.52200238055494 -73.88645202242296 -76.33680786993074 30.98408379448955 -63.720148663088615 -75.73728778270197 54.06591166552934 -27.232903352528155 68.28298883818852 77.65334294532943 -4.350145104253869 -43.5603611519537 -37.20688925766107 
89.19155294031097 -5.404571427658709 38.14141301150073 16.663748720878075 5.010685075897797 -95.90434250896077 83.6993753326386 -82.29820953425775 61.395868826502976 97.66334326278624 47.21040966582018 -15.664389460229813 -42.95447123270504 26.017553809980527 43.80793125075357 
-64.11831974799497 -95.10818779550027 -43.92104303080486 63.52638258390104 -59.22115335665843 -77.20608785147283 44.0818853937956 95.21558232520496 0.5203817349954392 -86.99397748132807 89.11929298509895 10.20129383848041 78.42023944681327 59.387831850290524 -89.21909624744353 
-54.74275142871312 -68.81280933941471 5.877715760685476 44.73629938649765 -33.21792703066575 97.60582756115448 -24.99994163464126 94.8533729216021 -67.31176960093993 49.89282808235379 36.379168189830466 50.53937824419455 87.98918579691363 59.11891017333642 -38.15021194288981 
-12.114686780309853 36.89735252115537 31.386523308888513 15.403911829394602 -41.16552468705783 -31.100371149080132 56.89792576050681 -90.27406975355979 -93.80458874705259 97.72140888899844 46.43653699967402 30.572166613294144 -58.96132693347933 -6.092580553735843 -7.291482999616392 
57.83318256675429 -46.18645829457939 -37.31156039918893 14.937124792350744 7.987500979534062 -13.529958649140596 91.79701051630806 -36.19687551192443 91.62325766386334 51.32695854973977 -78.49451894958423 -83.37483768867122 -36.77688492344853 73.45078084229618 -94.01068284893057 
55.60988029903376 33.0729427283197 73.57573870942497 -73.8050378859743 28.38447633346837 -27.155352829444396 -54.526955407035295 -43.3399762826054 35.62967946059277 -61.754001854312946 99.5618203908403 -64.68231856210076 2.597538758214597 0.7987065022245048 -98.48801017324558 
-87.66474120111025 10.542397704347948 70.49006801296636 -58.07909290839537 65.05502149938394 8.963186072218136 -95.53585864744582 -90.236287948897 -50.485461361229355 -39.52716240609369 -48.1360017243813 -12.057512173256583 25.082778747270822 -57.365249057034106 56.74085791716047 
8.132107927688281 -49.08477331896932 20.3952799683848 -93.43778677129278 -53.32990827359889 -73.40690779306729 -50.03736900002706 -81.27183737886747 4.8337853788458744 -35.350547523624456 -63.76791206833909 16.4206128010282 -16.168098227518684 47.164130297551196 -1.5678884467366743 
47.20097661982376 -8.141091350984624 -75.16866927841201 20.462900819025663 49.536289073901344 -14.83444286515136 40.05058678706848 -63.4531940757108 68.42572456704252 14.904221314697153 -71.29314725274878 -6.853243617926651 99.8848658694634 27.522365739608063 45.664363584183775 
-64.61726506265285 77.32203664580791 -91.1267373374075 -79.23364741127128 89.4016477075316 85.19947590987226 39.624758819302656 28.1431564282924 -30.12075100857747 -5.866404414114498 24.954971741531295 97.25913405419107 -21.76297231755828 -64.7838695332465 72.2160182547035 
-8.942147677212617 -38.48739314500214 -8.658109496913056 -96.52561944014802 -94.46042339452111 31.23926366395858 32.92754379618137 -95.24895793826317 8.195590460303691 -60.420125365331344 -43.83982080820712 -44.229580946598126 -16.107414631929956 40.86899162879013 -71.71845808998229 
96.99663063297638 -34.47567167351421 -57.189925774935844 -23.606438282579532 43.67187813846567 -15.69963142184632 -81.21354306353916 -75.59703139257951 -52.0514616516055 -10.488377880198655 2.0120513031489224 -7.893477992858749 69.0096290531747 -50.65962583079151 95.06523093512808 
-73.61635780217482 -15.492485489373095 42.48759536554388 -72.16488149208226 51.2378070909283 17.069601736706574 -59.062359908297225 -5.074150173494601 -25.968703810682342 39.14778341031831 39.35336678230493 64.13959691698616 -24.9862658299687 74.42105115601433 -81.15225346911028 
32.17661592290489 79.200734858662 -5.90446237975803 83.8333522864242 84.15944640005776 54.00297761615957 37.33480455633193 -31.122222924962557 -18.328749683536174 -47.00090152784973 63.59149702847793 7.4070118662268385 -37.834626224291725 -71.8165579247775 58.81551401026974 
-23.14868845982376 -22.147737205111312 84.5858615893886 -60.191027732170355 5.278554190482396 -94.72967268173187 -57.66694494821532 -93.32600197109598 11.317251906073949 32.779719434369866 -47.84801532973943 14.17656710825878 52.17850459931847 -1.17244842704946 -53.346837860028764 
11.800896241936186 2.7475572096772822 34.69655572154261 -59.8016482289907 23.962946782332594 -54.220298205887474 35.205811979750536 4.358007201669395 18.592183609435793 49.17791392939142 20.338994816427885 -74.98124633429148 12.2294355559428 -6.671991283461637 -79.5346348121891 
21.84819507797509 -90.8255908824962 80.99162774411474 -68.08120832145798 -9.753897138190865 38.78644552345807 -63.81863505688414 95.47317540461555 38.362773101819556 86.76902066111197 93.55280506482583 29.70280242764707 11.546029139064999 14.184361095838938 -70.44334506885185 
-30.20434740040146 -79.63789522611371 -19.618677351375254 -42.93079774986559 -13.166758146288359 76.41849287515953 -3.7688552486183227 48.7243734890547 29.85610397660065 -30.21232605925117 -10.609243686804874 -62.65108650608813 16.053625998065172 -56.09601441642873 64.29515576718322 
-91.28741374648028 -41.58873711875373 -79.20275487038965 -19.191713005353677 73.96692612314902 14.186719023353646 59.06603497280426 88.89648078133203 -73.5552234013594 -50.63543973102767 62.79243099521236 -96.81978282291439 -92.37946162246003 47.0341848815043 48.14031194907719 
61.58175825616354 25.424152526808626 48.396199537155866 19.874522190077258 -21.608319543580222 -27.950004144956736 -13.704283785946274 -40.972395245694514 -72.26976803902414 -68.68772578894557 8.543365614633018 93.8791448072586 -20.814227435936616 55.52502825827085 -60.43313522166647 
-83.3680715796123 66.17872531796272 -26.365236711255562 -67.52791606548969 -12.447391721853847 -0.35318356667318085 28.253192046432673 -67.65357314547143 -15.46400081393655 -91.49988137682263 6.350810487713062 -81.84674395863705 51.6821366882898 -72.45710303541148 -29.269199243471647 
49.88802036078624 -33.65669463106799 -10.333139562705213 -39.492619534891695 -3.9626509286206897 -77.85936951352998 62.42135449309467 -52.603836790136896 -25.933045553149896 79.24476292785448 14.302192863396598 88.1148369620777 -64.89811667703356 -71.47458037225476 -76.25822837264882 
6.1680434047713675 97.10234651782216 -87.94641098456421 96.65918587880881 -85.93712109884297 29.64732854838786 78.79092825135723 5.879491753362373 67.7349407043047 -58.41890243307619 -20.27831094719494 90.99092079378659 -9.853120321639324 98.33527408696366 21.42385536207314 
-7.318419485889535 -7.128976278483719 16.283425803715375 12.777406756777765 -25.76059148077418 28.610924903245348 12.3729395642153 -90.05164398640176 -53.18767350067062 -38.2004327307834 -1.8727707535480818 2.6110438684972195 -31.342550188017995 -41.69996727216913 -42.65355276624403 
99.48606525692 17.97859205058731 -47.6771529542297 -16.053480445527683 -73.00948771329354 -44.36687526187959 49.84676762616675 -87.9171677148671 -26.88380211490491 -69.69623648628595 -76.91448759447515 27.480825043990322 -21.706538416275677 8.749956744999096 -41.40351783219778 
-50.944263574623385 -96.96507266876834 -69.64596236305681 -86.03918267768158 -33.663144851243004 28.81357776456514 48.570240455544564 19.5157239003926 -11.33248023566189 -54.083594770424305 68.233291567619 0.3801526263895312 -77.16311459457043 27.7306130554891 -20.96391544878533 
81.03078928042049 -55.84676255174092 -59.99399890158834 30.895799081816932 -84.57258565605996 76.83471437940085 36.678947648209316 36.542808426138265 8.152065154696146 86.00741420082335 39.31983726304705 -57.46134803166954 -49.04831217425727 90.8212267608877 -96.56118791052562 
37.988909307085606 -28.302779351297772 -68.15620217739446 -67.67107973789663 12.44323623506041 43.74727590779014 16.507153246866963 -80.17338926147634 53.96995836565688 5.775738169623509 -55.638426392668535 -11.970829940360389 -58.22868290801586 -78.43978091300032 36.90918075479033 
-7.9566730251492 63.77572658841987 -95.30611117358285 -19.71836796135544 -48.97665662036515 -56.31742795570871 49.67063953713776 -99.0744432373018 -51.482462960572285 -86.85751374902313 59.1709886139418 49.53919783349701 -69.69850733988822 -73.26963743625501 22.57011179595476 
-64.76821286111958 -51.222982768797756 2.1272961092760028 -11.692989427293242 -80.9494317975261 75.94521982437402 -45.85443988909012 74.00425670128291 67.08403834695125 83.83646318692323 8.197139916475066 32.4943110387527 -11.498195834806197 -0.5221281708925858 93.380765904817 
-53.26781014017119 -31.078473037968706 90.61858138541439 -75.8262203982928 59.70865865258358 53.824819434970294 59.07841103838504 68.83324237335665 22.269904435490176 17.263288318443387 -22.775057550932033 63.83142010873982 18.0252406800511 66.88483382899219 79.59543376482691 
-22.393754234810828 -77.29357780514736 -38.92774413867548 -73.48244127916553 -86.39264337043606 39.900243963793514 -26.561386628811917 -53.05913995150562 -28.0672950529012 -69.40268329653509 -18.524512512849284 -34.98889104012824 -59.95642370783762 -11.215329034943778 66.17092092655324 
88.72516084006563 62.386959355781386 75.73430023448421 77.39951363304803 39.05171336717993 -16.8577349142613 -64.25254440932372 27.60704130286311 2.8198553422101185 10.846240232128011 69.79831165735189 61.396251535208194 0.12155078667834118 87.65203432286549 77.4923375553484 
-6.540306464600704 32.30485595504305 -65.57391093737017 77.32435708768858 1.986240694759772 -27.454866795214855 -56.6176423084731 -77.88332117444784 84.32912056760631 -45.92506823495795 -12.620965711324985 96.22747752666314 -80.1309292669557 49.925816459814286 -1.463638163927783 
-96.38333672410214 -20.948060255360403 87.0239075491211 -33.02160519641578 -46.499953199453124 -95.67394336209867 -50.84222604296327 63.04538621948754 -37.23715461739741 -74.25059215391462 27.60457826984934 90.54771397787883 52.9813971990819 -83.4005712935745 6.529718813052227 
10.23923474881623 49.29090991098204 -95.63181494950459 53.44427363481239 -22.649383582654607 4.1402855558965825 -5.63480294662817 -31.298504848544482 -10.564497404763685 -94.42567470121065 -56.82180044361087 84.11320831875415 -58.81841890768003 33.68962859722615 -60.00297459974835 
64.40365133683753 -51.997743216381174 58.63620471628366 -48.779764300557346 69.11439085642502 42.835310242209516 -89.92995074783545 20.714681817906097 64.62834050886354 15.745551925716299 12.642571993943633 -17.18268824034766 -23.945420316793317 -53.24495947103114 57.2660725849521 
-34.4144457071278 21.40973795183585 -33.27181208862842 -49.20658716608322 95.70861299602825 26.70548117015265 29.354612667039618 3.28485419362066 -90.30170450945332 16.31581949727625 0.7718188392733936 -33.79681681252329 65.80622099324796 44.803026310964555 63.78429413708429 
-40.21031953991994 -33.0903296422878 -36.496485065006155 5.661420560166391 -31.2910307173573 70.11538681341196 43.57514316727668 -7.698809369982712 88.20680437586802 36.95647154113837 50.773625751233766 -12.97012783993543 57.9596720756079 75.52326645269198 53.407059394626145 
88.07556868060104 34.669116101769305 71.07024375404157 11.245756832736603 -50.88677541936582 -32.01688392824727 -29.216652056288922 -56.60541473270675 -19.049549930958975 42.27136167187376 -49.006571092045625 38.22229819105033 84.79130160882892 -85.08147192753574 52.82735291867073 
-75.6661457735494 93.60794099180353 41.021064426705976 34.367916949274274 -74.46047018958848 67.34917171855389 -96.52717666049249 87.16901812670162 77.38512343331578 -32.05296207718172 1.0464123036308308 48.90710321027126 -42.065520059926584 78.71236478841217 -81.68194638196773 
76.15451706242203 10.403904875930394 3.5109774128931406 -39.80457918316702 -45.01190775493728 -19.77103912432881 22.3960084434091 -44.67462451106128 -95.03018475689002 -13.493450503312829 99.65924420046471 -2.660276289737155 -24.547575834972264 92.43300919518148 3.0326895662282 
-90.9603253143486 37.92461004265462 -86.82317617751671 -26.566059553244074 -55.783691442551955 9.808679980893118 27.15071075795386 -6.719889512190562 29.37771483691239 -37.21343212152619 97.77846767965045 6.912243685184308 45.96592204111795 29.43527651935142 86.51788716478791 
73.46721319871662 -26.898496951773666 -40.70674325480861 -10.882228290508849 -14.073320929948835 -85.28279927441528 29.884213766626914 -58.77365487774351 35.883110005790485 79.78025316760287 3.543208061220568 -25.420942001405706 71.47438244775847 92.40367928841923 -10.290107001139319 
-80.49275767275361 58.35968825088702 60.37542528034942 -32.77285882709289 7.854155169679643 73.65132230327805 90.97322125144302 75.56705392048138 -43.42973817682443 -0.35642556212680176 -59.34958803016022 -80.17463998579552 -41.71808401080401 96.1737847335298 25.699479029225515 
-67.51464811765166 3.6318471848860696 62.13468797457881 1.2264196802209426 97.12143652045734 -82.23071657138401 58.876728562800736 25.653780093317607 -34.821236282584906 50.89181661540297 41.55513023055937 -79.15396666313319 66.00636128856212 -49.19802200603558 -4.3985628653046405 
-62.585019943199136 -27.62781544315942 -53.369505752098775 -79.22189534077364 -28.892482596750284 9.884151706057963 -51.00609655194142 41.206862669684995 46.686532309435904 -89.11938275550455 -85.44695204734074 -20.231469839354162 -53.165761116419105 45.7375441595602 -60.00481927621122 
-52.56841797426324 -70.17646476466417 15.651673523618044 -86.8176058520501 -58.357863421479614 16.39711467120064 -26.52590601466636 -71.20955904460158 44.84198843313604 8.016958783745238 -88.94837407208726 27.57100781078978 -74.85737751437549 -70.11267953221636 -27.053775603685494 
-62.760950095061816 -3.9477885277117366 -4.690782810937421 33.9760390282558 75.06251016123394 33.9788173446326 -63.945418448622135 11.991910189221926 -60.211393904141076 -41.96447279031725 2.2764955385802494 83.12374106875063 -96.03987880941101 54.13686359655472 -40.95045504763699 
64.70281571640197 72.28670623347952 -11.401882991651632 90.614246999317 -72.40549085782845 35.218291446663756 -96.66267300978659 -93.61871795413921 -11.873880207205161 -34.63023922434367 86.55362085556723 79.65050771740428 17.912286585128584 -38.46268915748765 34.82091973813394 
-36.51996015238763 98.82294986176859 76.40870740298527 7.813428687601601 -98.21672742409497 99.72233097755927 28.71065015714879 59.37920138455996 72.04331603245794 -23.82010113460271 64.53987611498667 56.29893961200392 85.09559462275439 51.39612668031154 54.42979548956373 
-9.778877071281244 -66.67791229054392 18.26078402673319 12.390488501079844 -80.97867670576767 -99.427098090763 4.3894306750836165 -53.70003919671389 -0.8197665194811634 -60.67389771095672 22.810464696852833 62.18195056386301 -0.21637695188350392 41.31148644024225 99.3111847889312 
11.803142913166312 50.09263068474971 78.7195360224388 -84.09771486414681 2.059718405744377 -83.13721090901898 94.39073600971187 99.22573249298082 16.80700660354624 32.653729508871834 -91.53677182096189 -21.00736745500913 -3.4445725906304006 -73.91735197246214 -19.350672554964305 
66.60309533883012 -69.4531556916447 29.525291317732638 78.44178601612316 87.01990230279256 -83.44540885342535 26.781603133689742 -48.76648585024608 97.36468347567143 -71.905172542386 38.3554058436512 -57.025907333584215 -53.794584565114945 -22.003538505607608 20.55340383683584 
46.405580620086454 42.45390553393267 77.54873510608081 29.140329415420666 13.423169941131334 -52.36552081072232 -52.94125026764813 64.56684423633641 53.597521511229985 -4.867197866598076 7.9917876238074115 -93.06827856362156 -0.27048667114991076 -80.024984376981 -10.601220433026981 
-6.214285960248489 97.90570670867979 -0.17909581817363573 86.15361535973807 90.47030438787183 58.08838682054841 -53.237534067050916 -55.616015281036546 -49.17963427193255 -62.04598223014539 -75.86682144117194 -67.10953166926177 -46.20455486114494 41.23620699157229 91.62889551417925 
-96.57372956949072 54.07492481451712 36.6066994671165 -9.035232456636734 -20.818895214926954 47.271168300823945 -70.06129399369271 45.40047601451528 -23.159375591533234 2.5968072693392372 -40.91843226369123 96.19765241770361 -35.8370445904808 13.948442651983612 -75.03481075817933 
-12.588283098849956 -14.686783613790737 -64.61051376916566 69.22549832405585 39.199049347452274 -76.79425234403183 66.3576144817032 66.99002536121071 -97.73459647912665 -78.35373613133352 33.867389298668456 74.0939491270345 58.16342820524537 -42.671177828646044 27.112357870306397 
46.51781051110774 -30.52628900933078 36.01745384067195 -83.7030449171476 -79.72824222236427 46.72598362818542 -62.497477791295374 -42.614701189175875 92.7874093210014 -64.3653722605994 66.51297077892363 9.583193918206433 15.328728786638663 -13.848317766108067 -13.634898591393949 
97.58922198521824 -51.6038411469681 -49.199169084978436 -55.71939445940699 46.83861477163475 38.57885986003876 -32.28284641558979 -73.37059212540662 -22.96340423577064 0.18324706557004333 -8.704147445194536 -39.95748033698219 28.729854966679227 95.94360345691433 -35.134305999436236 
-70.33173650902089 -98.46396793118166 3.8787960250751894 -30.707284211825623 -20.525363786380126 58.985352717111596 66.06531296040714 16.324533064298123 24.68715733826427 -67.7086992858867 -23.161736472177566 -16.994370023443622 28.825462683562506 31.014854810203076 56.60922193086401 
-83.84847846337236 -29.474311606016144 -53.95391098950206 -50.15441375090934 37.077558085071416 39.31670935113394 -77.50670167533306 42.900929990176564 -94.32563430321193 -78.49873143701949 83.32915068883798 34.63116338166816 97.0147709594907 -22.353095041273605 -50.04904810089674 
37.173825907226075 -35.22280229698198 -93.08035526548126 -14.648999375353284 -28.236168812700882 -33.692032038441184 49.72141892909369 -97.77788033679458 7.319218146161077 76.23194333389128 -75.49683132400389 66.96895425188455 -23.137506543122143 17.80234573837889 99.49819231861602 
-47.09666134976713 -62.09604014898549 84.55949942319305 -1.7963594475162807 80.82675088385832 -44.352805287785976 -90.96494631912621 60.53881240925736 72.65688670129666 -27.12434547513527 39.001861042220696 -11.189174264517732 -40.57436743870364 -68.84187274898306 60.426337458841715 
51.30843985385681 30.383695075322805 23.42247692656933 -24.885368608307147 48.96861461459545 -61.308119714507 13.805089168727875 -21.164857642267847 -50.85919692378109 52.96802126114767 -77.05836100770343 54.42592906311137 19.751966685709064 33.971946496518456 77.18732472393742 
-82.44659646590085 54.456575723184756 -93.56318671961039 87.96026965173965 18.58351233900602 -11.959704559403832 88.00978075766099 64.14882961667607 -80.00724881507296 56.946997390365084 7.2767399704686255 -42.34138172031165 -73.10634679780969 -3.5246105289201495 63.12990125476219 
0.6926688410618311 -42.108719716267665 64.8502726434152 -18.727834961816797 16.532290152557877 -95.15571502296996 -42.324099511866756 25.466858438710332 -9.332999337740588 83.22337398401532 -96.59684196034186 -52.79377072021394 82.02848689623065 -99.90437438700309 -26.712710418870287 
51.31566682102053 38.0550776380104 36.041298241949704 -79.83819423748216 -97.915593357113 9.475472906342702 -52.78710042440815 19.205839223574642 -48.66853531918318 -20.601211443899572 49.93691350109549 32.22602877744853 -78.90859720381307 -92.48091642179652 -39.61107820312133 
77.33744431424435 -43.255204907564384 93.34234728878934 72.14485129023689 32.35267491175779 68.49651885334737 -19.321988558105247 81.11807484977447 -31.841435354245064 20.70824423735796 -88.70565509784416 36.60976631980947 18.541984830308294 -64.21345190801904 65.99795701842581 
-16.169671856192778 67.28316225141424 78.47703866894705 -15.16113470647457 -87.04797650055323 -54.86546527614728 44.59377787031184 7.743017018856335 -52.20550473490637 40.94394882413172 25.45712515336598 -99.76968926206573 -14.074397157097877 -35.5590657230527 -87.73550970615413 
-84.56519386364268 53.989766691412854 87.1359579674328 41.334358286363994 37.90036276268026 -17.208249688080187 98.84139718679748 13.005195524356012 -50.08947730039217 -36.901462502854464 -39.656610936895454 -51.01450689145164 -1.169119223700818 82.14833925045397 -0.8431546196104023 
-33.651392661863525 -75.78959204318853 -86.54061446391144 68.87228736870435 -80.91034728442918 88.4711394313282 16.640607733538104 84.81464617232118 -71.7321128531782 29.908328148146154 45.46727890014009 -79.68333265283229 9.04692639690272 -40.51615876318109 -12.382241309213853 
43.054116297417096 41.840160999020526 77.4147381037483 73.93295920454239 -31.38143738092245 -76.30143122084216 77.45293817620649 -63.9214982874099 6.797951396877295 64.9353218504429 17.397860677241923 -9.994306989441554 -11.318499005542407 -18.945978924368973 -36.58360716378315 
-18.66086400751908 99.25543056254105 -44.41753004867619 66.70435876152197 11.774504501653553 -59.240028379104714 53.19796303936346 65.49543750216398 72.39589242272515 2.683430458156579 77.61058038225343 -30.063440498233177 -10.666313910101778 50.616392763082956 30.279914559873276 
-79.02150123432028 47.074033597954156 -53.29685669549254 -51.79137036493451 -62.90159414299161 -67.62850495088378 93.736837998802 82.23264154229634 73.06148462598614 58.25639779101709 -93.66766921003496 42.093447657237334 -1.4255226849324174 17.91528632745272 9.694691512680436 
32.911706763222185 54.487368383249134 52.03408647005466 88.08792573987503 -53.156759286314895 5.669669435449023 -87.46327450064516 97.52426613277578 42.844393913115795 -52.42726976416219 -54.28331255577918 65.45955179471616 57.463960956976734 80.86491726101542 94.16079885675319 
63.6637626921366 -44.789842559918625 -99.36321633587077 93.28205025760741 10.977660124847304 -12.978946620204695 -15.564895925687793 -95.1392745500013 70.02848783810634 -2.2060988863750453 5.608665322133149 -11.15057190025162 94.31164350290805 -73.50093687467674 88.00497896787041 
-29.022028235716263 -70.07001861053936 -72.24806319800516 26.839420647523752 4.64863122549923 -7.654321629502931 -32.064030844970645 11.578852845642288 31.035026405761556 -29.7081237105715 32.0853129538616 -72.17493037636359 -39.499667497544124 -75.4126373105926 62.71995495492601 
81.592138167341 -59.0517167325801 -38.75209543960978 -5.401004143314125 -60.48745055302813 -90.48635239636155 -74.49103316491033 -43.73835157431576 -68.83234287449989 -90.25251358258024 -15.874331838676284 -70.14742693568795 27.71025968702932 -99.92385835494314 72.09487395326033 
39.097938331990434 -29.340001592234984 -42.82073841018932 95.6894956162144 -68.59908185054601 -49.769535674050466 -45.974144080121306 -24.186774461846653 57.86614891527725 94.12296966439229 -25.366127686781454 -5.79566168288099 -70.79502963767092 67.19765776493344 -44.714177600442426 
53.31703493185421 69.4612165253346 21.062386934948222 -70.50832756087519 51.046604995269604 88.06326168647644 42.92738712640636 60.469054099141374 -36.55465926213737 -25.90800969750306 52.93308518848295 25.77783282726591 -1.6195420872332704 26.450376326984554 64.76946950556703 
59.37669756043965 -87.24229111782287 -49.73731998224862 -38.897083682942444 96.00995722896207 -87.79803570004296 55.67055092492757 58.413117466480514 76.18395922342566 -83.38908827449833 32.5273085701819 49.96515799826756 0.10750084554950945 77.5065119133344 -79.3121296678153 
-33.85020080461774 -12.366060965549195 -63.980079647771305 -70.93591287083456 13.818111700786545 89.84334089460933 13.734909021248143 -21.922164878213806 -31.50667109070531 -17.511324065274223 78.78533102929478 41.435027474782004 47.26872631406516 -88.64748408761862 22.90416177760875 
92.9747988509246 62.33261085816474 80.29697125046994 7.485307505421531 89.28676770640206 93.6498029666848 -37.79607551846102 14.167347124141273 -56.33238498330271 35.80093589020413 -97.7810603407655 -72.89903449159965 -58.4446003037115 41.12171426433315 82.5026633225043 
-14.258993925469838 -82.88846013551445 41.76281873507784 -72.34500093223946 84.41030814997137 -24.232757571040906 -50.02512667507857 -67.69127514222822 67.13575603178646 70.51475844581299 18.434794069454497 9.224217686906016 -63.70777462476409 -79.98851284211608 -57.759600350099745 
-57.67893797658732 44.93172385625567 97.9912243559522 -23.38587866688235 -5.620988562610776 -10.311241980719316 -10.664495938378792 -43.16107631780055 31.13667963388326 -60.71498664760866 -27.589133798962905 43.91092256777566 -60.435587217280414 -83.18611547457428 -11.803634502295111 
15.839898566041043 -40.60055841862873 -33.03267069827392 95.45261554692718 70.11926339073395 88.35806518352675 -42.094276234622164 -92.71590867973995 -12.045748166809545 97.13368217915871 -16.228401071836345 -72.15397794669774 94.87177449074395 2.404390020341168 10.618030938535526 
-33.8577527357498 27.67363433923707 88.64488238966962 -65.29572715043086 -89.52163586809895 -14.639959760265668 -71.20721207411134 -16.162402021965306 -93.15815372193465 -25.83541866712997 -24.145951925585948 -72.58499489270014 -87.09131532133509 -17.280099891003005 -56.13026956647922 
95.0768991399861 -91.20145837350373 5.698401707167619 35.3765759784587 24.845495144117066 -38.96124489274053 -93.52754959413856 -32.94429062321187 -26.77359184107746 -23.096936220865288 70.42960363674297 22.92840770395314 -13.127517869123892 -16.367991293749242 -37.222429236492175 
-92.86922474334555 -77.69137485288789 -97.43725365020053 -45.71596753041965 37.924433915217435 49.06009020172962 57.52054239486452 -6.779846638715668 57.571114888613096 -33.19609644999457 -21.641522221963655 87.33592990754934 91.96856620360631 74.52536304634515 -38.19437941552491 
65.07754307771373 -25.688131920531077 -61.64657540924357 -71.52513886442932 -26.20385518438775 -5.600323966805746 6.495742415127893 -2.0731010555708167 3.8459877949489822 -95.40934222435517 -3.5323832693076866 -41.89695319948148 -98.78562264259682 33.208671237763525 -83.14053915541923 
35.141773630148236 -61.128595871038 36.57013150881204 -36.06061056449972 86.48575005544723 41.74033120589223 84.03198770774705 -80.38005436714808 93.59833874591257 -35.0134390513644 74.90019725962665 -66.86458674091332 -75.30618635309179 -34.462231270000274 -28.50941736003014 
-55.11795075157491 74.28476957281083 -89.15028666628857 -80.10187516022674 -23.310509586179705 59.52584078325617 -37.948041276883956 -65.004027706971 5.389685767303163 30.93960020416293 72.18299774553384 -74.60196978900382 -41.42538597773366 1.065815829575783 63.70939396531236 
20.32499810142818 22.198550478661843 38.4682505340441 61.7178581018357 97.86054956971813 -3.4775253245058195 -86.00375116540273 -61.609681262561146 76.69249813838266 -45.611194262062746 56.27842128339685 19.780077297610504 -78.60140994554956 99.03498632401659 -74.08104759361763 
-75.71668059581971 28.505188625684383 -71.03473918474643 53.8550630705725 52.98753252518512 -79.17817700841086 81.67018961882772 -48.561027271389335 -91.05987264253824 10.003412324928277 6.836508790141281 91.65964733797546 49.40278513280026 -94.89333033512959 -50.388124668166824 
-19.427030100450082 -99.14296285962693 -85.61776386847302 -24.99170766105965 -79.06054561404127 -19.590083769624215 -88.03359829435135 22.863584853254153 -80.67597727240377 -41.62103583201073 76.78263580860161 -70.33582455882477 2.1759007969765207 -14.29978052021977 25.2333511009129 
-76.91068092216415 -10.050331967834893 59.52638209476976 38.94470888593824 -66.09613569142036 -71.13804774821979 64.99254375244152 -47.18219758691029 -12.03339391480074 31.062093654679614 96.61297764492491 96.19306924162234 -89.00242780649386 -28.907349625498284 4.655158648664084 
-96.06903770760515 -63.71873872586657 -2.491728508304263 -20.399307276189774 -96.41829363569916 -23.5509887415639 -65.0196196229921 -38.10548342732281 72.19271116533429 -66.66553811640355 -93.05144034599655 -13.273637085131867 97.81172262010557 29.46122887727614 -66.02564356579255 
56.17122943024492 61.566900436266394 72.12402501590395 52.20581411160501 -64.91078210891703 -89.58940957316032 -22.425960109182725 70.33191087306642 -91.8846600642659 -66.77347373393106 -14.044924466038267 20.770979411381305 3.3219732506766064 67.28379550570827 36.763521708750716 
91.13391724241899 -45.851053830359014 15.850781949824494 -74.22204399089827 17.85279321699707 -96.74213029270322 97.19588344844993 -69.59389177247728 11.232202959823383 -60.7307711694767 16.10038080404283 57.62119328917436 -25.370914210869415 -65.5459860630145 -41.69070039983793 
-29.91169264440687 -46.550967315125156 50.38150915677534 -7.753871077195825 92.14489259787663 -4.196792502449824 21.058412720513914 69.48049387884058 -41.89461451593481 85.11760704623535 3.883410864205999 19.675216093429327 97.14328075190477 46.87893029162643 68.20880047143316 
59.28684909751209 -81.7436465447698 -37.39007400657597 28.560217093155984 28.695168777574878 -43.691105196025795 -36.009527787768356 -75.06469062109093 -45.02813283600571 -91.21840368750678 85.27263651049813 15.245811685353459 -60.68558021802464 -32.28799805445772 -38.55773405384782 
-48.650647192901 -39.16267379144713 -47.40943392927684 41.0731272974738 39.45452584665253 39.39589481911722 35.620470507639254 77.9252277873093 -10.352501107245843 36.449942521724466 10.702704163362498 6.058423047524158 -69.51623266465623 71.77489844321266 -22.922385788766192 
-68.90461283197308 39.6090413495663 -45.01767679475319 41.245118025384386 -33.138779244545574 50.9941561834834 27.189937105446987 -90.15237987991 -0.9216903354641488 -53.19501290712747 -51.88112824211182 59.68579807114688 -58.01901975818846 -38.020524699318095 -86.62113233951816 
-11.452886539521302 -36.84335983621499 -4.1346713112468905 -99.1588941114872 79.52332880493026 43.39512736723282 -5.3026063252047635 -43.16859377199857 -1.4558610956872116 -51.69473161804079 -60.58417901006583 -56.65414125714838 -71.70911513445766 -88.55340254036948 18.420992833506688 
88.34532823919693 -73.32647551540342 -75.30513437496845 96.68474407024738 -57.50640386995307 -20.53427676227922 57.44121261000032 -56.69087729014364 49.50864491723766 26.442733790036343 84.13241419252242 -33.40849021981347 9.713539079046171 5.849898043021582 90.14356111927586 
-25.88466385214086 -37.90807509570495 -4.427071920810704 79.92975571159477 97.36576194760434 13.552206024507328 -26.750311391941068 39.151190315726836 60.77623934760379 -22.43016251883894 51.757986306197154 -34.602393830238725 78.46456408074934 -34.35948302235286 -37.44054431571602 
-61.319965734491056 -6.849510528071164 -82.0268988211905 55.7798503354652 47.00309552994756 -91.06486470853254 21.319268196443716 77.00193701900648 -57.64611342945158 -68.2478612579468 -16.540809227329746 14.770858961366713 47.20827706105487 74.49506012607873 -35.25258481705427 
-19.621450078053982 52.24063092040592 70.68933264900605 28.296826487352234 16.143740925092672 87.14120517286895 -19.55994817650857 20.638717172399737 33.86044431760601 38.173598742896104 -1.5366238432805233 76.95106598651424 -93.96995002934614 -75.71334117689346 -14.58577880526002 
51.65511216611449 67.42915676335122 65.42318756662635 42.305136885528924 -40.26134206693695 54.123581090778885 46.9828033432276 35.472136001236976 26.77629607171454 -73.18558775243966 81.21863481130109 92.55814833635836 -98.88881033519748 4.784969982095873 -23.091880142230096 
-80.13493525422962 -77.4947108157857 76.60811472476027 28.289108877194508 -4.739253064755573 45.88699266987166 52.167244133294446 42.12889987016507 69.9621796344934 21.524527731997537 15.709547143331676 51.44281554980881 11.085267483525229 -90.56112553965067 -0.8382308931108611 
-27.87892732742523 67.93481535209406 34.43506460137732 -77.53891158845528 52.46909523233222 -97.22131131838981 92.62917112881027 -77.69130451834687 19.957506961881677 -70.14997621810187 8.387707382572728 84.99723777711006 -38.10414083656877 -59.35091599163827 57.55852859475675 
-64.19341287644318 98.71683482915137 21.863256233715262 -86.0939994137264 -50.517366507246344 40.525897196546936 -21.153500192382182 -46.48139750612468 -27.429167456244727 91.21305950718124 35.96517964329294 -80.07403206837773 -77.1319410114972 -26.47252035014415 -0.4013454744189886 
-72.91750460791954 1.9132971502484395 46.11492727491026 22.51820049242133 13.41498635223087 61.26785945926039 96.1939153804642 1.0721945713002725 -37.23498461736141 -80.59421820310801 84.15476517296034 -62.56792844234833 82.4565580129696 -48.822053832521625 -62.64715123014402 
50.50513200211233 -1.0346506404830507 39.778984838242906 -28.260848236314345 83.90622190437239 5.3210320409042 63.69778578731828 22.84386875760734 -88.2910759241443 39.432877054624356 96.10168618891308 -78.26221539801594 -69.45222694859845 -66.63759520343302 50.6611448534656 
23.29530777743527 61.8347325533378 -72.70733693111242 -87.6588699836164 58.51124062180665 87.50656356246154 96.58561356259526 52.57616423033849 -63.87994570141808 -90.6511366971706 -96.90907806750168 -35.76978882924806 -75.52198860753658 69.49374693773026 -60.96816855032077 
-5.201347375977548 -39.36258309212617 -11.438943098266208 97.88719535647027 -8.306730516128468 -92.66780652132667 -16.46805124418313 -0.9997877808165327 -44.960688926101945 -32.860342143563855 -46.72055371695154 -64.73866550054001 69.82204241055464 57.291440903153784 3.9037539898771882 
9.978780114067206 -50.10847316768326 -61.38574104712819 -47.60226530768181 -76.9317018465351 27.703746426441313 -78.87653947913526 18.146722409067337 76.80079531682065 81.2290128744533 56.947202359049356 -42.09541071249643 99.47980027779681 18.95640321671104 19.16544914739322 
-51.21471090804326 -75.97742283608454 78.01029281558186 31.764133263345514 -65.39214162591585 -4.848208492183815 -64.49245424282154 -51.44993516187066 4.513572684961602 23.251773672240944 36.24722069804528 80.31172278311462 -6.1987515668024 64.67506532736621 5.754572423296139 
54.905112652578396 32.886922708938386 -99.31771453011793 -71.94177117418016 52.00548337076535 -71.49383297968936 -12.380273364886236 53.82066207164601 24.421078381913247 -51.454329735533236 3.176840350004454 85.36097449657544 -81.93123754950142 35.20340974291065 -22.919696865589472 
44.36062237058786 60.617585866634045 -40.414303118470805 -60.29772035502958 -1.7520988102009483 53.27045507621864 88.38076504779167 17.170444304541178 13.485595990307473 -84.45231380265794 -53.52742218118238 24.664115661197755 4.6503528237000324 -83.69976298544498 5.040498447900134 
75.70785464557238 -4.117801260441652 51.826396296047875 3.0469074486412495 37.43934140705241 72.96782065319155 -66.38660136645909 40.11022402506322 -73.45406298034622 -56.282913578078244 -55.35904752684677 8.148347104982136 -33.26461653315636 36.113734520567505 -88.04567529710931 
