47.082632366334366 26.53968878928285 -44.48857969704487 35.095606152101624 62.65150740116246 -72.85493394919038 -65.92829872049235 -66.88419516140884 -22.881960104793848 -23.552793042131114 -91.3720843047415 77.14033332447451 16.136675061875877 92.59679020545744 19.29163617954255 
97.72960768626274 -31.455150636290142 35.42647288697981 -4.909354580581038 70.61420540920702 7.512028506826397 -32.31950911737856 -73.85647916886353 25.518711048379686 -57.498115870979305 -6.472994515855476 37.037837967085636 -26.631374328987548 30.609867688384043 59.08066285541594 
71.41841602685426 -5.932075685493629 -91.1115752359 58.24323377666161 -24.082081299453193 37.28793016272124 34.32937666931829 -66.53171794817905 2.024889201424969 -87.16092233329975 7.964502637363921 20.553386293944527 81.98581463173034 -38.04468265600936 -47.817660862310404 
-25.595911835920845 -26.231697491813307 88.07407280569066 36.800773670357614 55.923809708593325 38.80544583487574 99.43028144627377 58.75604967288726 46.20224267782996 -71.37820608646612 -84.13675931395532 43.58759883259228 -59.16906387694889 18.95735505815388 22.435527242980257 
-40.419510525236205 -60.03969348481319 26.468846374762705 45.17410058298864 41.49119925481733 7.9947150659136526 -26.841189844942193 46.65167739349803 81.84120711375627 -43.50054043290932 26.494349594526966 -3.3203828880066055 25.658216711741602 -2.2687624075021517 27.306066281167432 
91.79027164691107 -82.29206863947135 -48.50059398713362 0.32085017842882735 -25.231485747642708 -59.382094815855254 -0.879752057795514 25.02518444146908 37.03939403597499 -35.007391047012334 7.643011815645792 -83.39938671677075 99.61510512686507 -26.42225971732519 -9.354468297052136 
-95.89595911078499 -23.210796567158226 27.936038857278803 31.811311265413735 -93.54760867879754 -73.7771701421172 62.42967986060415 -2.8351377523817547 8.807466714848573 92.84554375569257 -76.71156356915465 -9.320838141615212 3.3467352906769037 8.400490498246938 72.54406282049123 
77.32393650314842 40.54740686172721 15.3180733706957 -88.8046456268942 63.39567080899346 61.82322031516489 -3.1613848100772657 -85.43820178229429 76.54698232315502 82.5930216717318 -8.551110579960948 52.133149132504826 47.98018249997898 -1.147432193748088 78.19036435640322 
-21.22714606288953 -89.23749626295596 -72.41932459202751 76.35406626436534 77.02855158867459 -31.465929964576844 -10.996253015288332 -58.41639391918183 54.599482095663774 -17.402354700695952 95.52996080897424 -54.139322450030946 -29.235339965197255 -97.14414351677641 -51.306555558287045 
-2.5166823897003923 80.45864510333999 -21.994732246451235 -37.2780318779957 58.171584312124224 -59.253070394636744 -32.21524348615495 -59.080722029519286 -36.04388376572383 -86.42416589963887 76.13207876693954 -4.64588728290218 -94.26136060683406 50.64337655929407 85.61737459399205 
45.775676763445375 -44.53259064516397 -53.5055388753388 -44.93009401482693 62.13204869170559 -23.553908129886764 43.91374310711973 40.89159970684389 45.353486398993965 -25.91991898092428 6.998844912937969 -77.99709629210557 -49.364606583447504 -65.89738862090759 47.93863794367991 
96.33573698715969 96.13062054586769 25.929668150008993 96.84142377282063 8.17798988217531 -31.840417984735183 -97.87419914281396 79.43879655134353 -52.75575927256708 77.94359092252324 91.85575607271494 -32.71907489821125 76.59068153917468 35.95113807772407 -83.63156752321859 
96.27732168102 -54.04132429384498 91.00773631321351 89.38594369706814 72.12065438648813 -71.49573843599435 83.39045190823703 81.86028982331646 -82.52190570168163 -13.875040600376764 88.49124948082459 70.63205266931499 50.484003301464355 99.56068688001619 34.576841769330855 
74.54237315139929 25.395920663771648 40.79164553851524 79.74956074798817 -30.53698643295118 -42.68136548054555 53.668954612774485 -19.949745853468784 -58.24956934142733 28.8379705846574 -62.75420764721276 -74.70282545912512 -75.54971674562312 -14.622490587295346 -66.5268856638624 
-64.64660948981332 -65.29623088287313 -85.20989275573967 86.53495502532834 13.910885918753536 -87.54091642525248 -71.79200013045566 35.92801493169736 43.645126464594426 -12.040482643442203 83.1639796490008 -66.87890733075659 34.060382454256825 75.75092787406291 54.80802706797704 
-75.65211787697842 11.447096460325994 -93.99903949925267 -46.887133317421714 6.269342911359061 -2.528670432827255 -58.493964516788324 -2.764269142796948 5.716316105103388 95.78884174297164 58.39095614779342 1.377869764926686 78.03689454286155 57.43469640702418 19.92599511762276 
55.835483422459816 -24.82296006312123 -87.66082395868793 -88.35242746094787 63.072866770537445 -48.12307283712558 17.29402251823575 -30.392949147828773 -72.24982130892319 93.91251700716126 -42.04331469329667 -69.72719537096548 -65.0672895869125 65.62551407485162 -69.70983182545783 
82.55954069816505 14.051632949350164 4.811851398977922 44.026598729505366 -83.69008074300541 30.892108990338357 60.200266839971306 37.696063775886046 -67.97764842325707 -95.84307609859961 77.33283515069274 -76.51292083442458 72.11745734032553 73.5413034947808 2.072698696556216 
-10.906269564300317 90.76439492916151 -28.61779884274189 1.1848416318197366 -85.35052502785685 -98.73434876334551 -11.785660000108052 68.52180847989044 49.4293436214455 -25.99859376063654 64.7335932193626 -41.3779472164961 -25.080769089321265 64.50508426205113 68.93641172371773 
-69.78659691573236 19.75544693393357 -37.5950484727299 -32.20054231456618 37.273298039131475 -11.596312346301517 -89.7259128602858 54.4129798098092 67.35693792124033 65.91219430405658 43.677113282341395 -78.54383488702996 38.776578370125094 -59.64024184211751 -66.08171985127125 
42.20236310673312 76.657294405084 -69.65668336089648 79.12465465578373 42.21079693515759 86.46440630626157 66.90398669029341 -96.48801974272787 25.676175089428725 -25.026197467479165 -39.190317568558044 -48.0989309616799 71.90745855613744 -71.52617629256426 42.060431472068274 
44.397885153119205 39.39471883297293 -39.286673459597196 0.9122393843802712 78.65281773885101 -16.735317307055638 -90.05873312326125 35.2932890394145 92.8645647270011 -30.307121831594117 -17.1219553500288 65.62077406797462 40.14131390798619 -6.087578189726358 74.74794190559331 
-74.62154779383565 -56.38016631984044 -7.861362685313168 94.9388004718893 -92.4195595354403 43.494205373620446 28.11113370323025 -12.457920105902673 -17.42608934868545 32.39094786838808 62.12912547050226 77.0645647120815 -40.95801079570409 68.29528162331167 -64.82071530085345 
49.20272452424655 -69.41450413540318 97.55006699102339 -36.92087029090094 -84.34778617511935 -95.84204401208373 77.029447073983 -95.2531492704444 97.52061215380311 93.18633938317879 64.4916503322591 -5.671882986482601 -74.47909125028937 1.3860902188090165 -69.98367722260744 
51.43067626731178 92.09700634571178 77.12082363754439 44.68903784224295 25.475124183337044 23.773569554488347 -30.965355698047176 -0.8486806251901271 53.008539605126344 65.11657518402373 -10.992925811847698 -60.25361595768144 71.91184045223196 17.97050692317228 -32.82732768400109 
86.30927637942335 25.370144590139972 -46.355663694897075 25.316762634219003 3.113379333876921 -10.082848899566784 -33.40342500053511 80.93159650093378 -87.60454533283549 69.38178627370729 -16.43842668996902 66.99902471617241 -53.293190095207606 -77.55394165480402 -24.311498215420627 
-73.80219029639483 -26.854839139559218 -8.92037477729177 87.72241095689844 59.77177069841699 48.980406854514854 -60.7978521411225 -1.2270349686221778 37.84097454633371 26.229980390391347 -57.93126473845691 -68.08041633348203 -49.54173586479522 98.21515420201061 -88.7390025759582 
-91.65720563094739 63.8821362649428 -44.68629872324874 74.32416931637033 92.14280225449937 53.40587531354464 -20.49348499719403 -14.386656993761918 6.84266473496848 -90.45695121045935 32.65174687236484 22.29696755002925 -64.24930163075982 -62.162243483012915 64.22261163362975 
-68.61441209663086 48.34211178011955 -18.612881471905737 -23.874324441888177 93.94078249587432 -86.71505867431155 -95.40337740368206 47.30574095100596 72.66330688955037 60.793183463563025 99.60061546980589 78.83679221351889 23.203212901283308 -9.55029103001921 -60.51760631896921 
10.743340711606692 71.37393563887264 2.077135622376744 54.50363406208382 36.50171846894341 -84.66073700568546 -77.61791253849586 44.27125614681049 24.25277594248834 -37.22555106400323 -72.0097684851558 59.31001074329569 -82.34858911148437 34.66547667117928 8.664545165021082 
15.983405573930625 -23.289120854849727 17.489414500048596 83.22108979547289 -54.33992461477188 -14.071066946848703 -99.96721797208059 90.36572784356386 41.200362977053175 -76.19707136386751 30.438685285874556 30.0111484041104 55.76386804502346 -13.533769424799175 25.666494826012936 
91.14172241239686 -12.53944915228071 -14.954583092088725 -15.449961792012886 -23.55994715898835 -12.02320813097559 59.407222181219424 32.36787881368633 -74.55373355764596 37.66234029881309 31.29653740714241 -16.154080235113682 31.42774713377608 65.17384867219488 -6.665888905046131 
-63.07108228819316 -0.2880352499714576 46.933550914481515 80.82147463144983 4.512244814827596 -30.954154371591372 82.73410879091529 -12.174175179536888 -3.146044974899965 -37.6986892338945 47.30609028112593 5.2312025888275855 52.33812736281615 67.255397409641 36.31889142014953 
-74.15794590047331 36.85208354649831 99.42936998983487 30.617886409675606 15.721425918607963 -69.4243114285585 52.23400236367689 -61.82482474091431 -57.02076095788671 -20.634877242198698 -96.62263486625203 -27.36574920638904 40.548366904296785 -97.13490767602195 -28.3398179873209 
66.78811392947736 -95.56731587845422 94.55782603682735 -9.08381612718874 -13.320456217001933 -95.33749867820104 7.132023476111854 71.51346347471713 -68.48240800401591 43.58682789833907 -14.45656229315793 1.5618821735468913 32.467538122691735 44.897802312971606 7.097204281174086 
11.445062715750169 22.887190942455177 -72.73517154097182 59.44858736912781 13.52520887460409 45.89877979285055 -11.368918434031897 57.17168774320098 -80.73960087052944 -18.956538131971826 82.9344541036053 -38.689347674774055 -15.3496383009102 4.4725001812163185 1.5084997920654928 
-4.37454832886435 65.7437950117355 16.316570540008016 -28.319020889293924 -57.200143985970065 46.45138537184289 -56.2689237032977 -51.506037094199144 -28.840925033281025 -29.931778800148706 -89.75165126024936 -37.807894200049844 74.08998494037519 -37.77245068199515 1.5929045757395102 
-49.807629583193716 14.31494910254149 37.944831728002214 -69.8719334118017 -99.91630982470761 71.77796710410325 15.108455427917718 96.08152494730788 81.73452139634662 -19.352493854936867 88.53728720531794 -8.661119468994016 -76.77554334513637 98.20365280721924 34.81613461879084 
45.00608659882579 72.0909981398521 40.148610308709124 88.40196760160359 17.2210389076958 89.27203631812918 86.91114780632594 -89.22098085525765 72.91401455105353 -34.721426240070414 -79.15985831145932 70.9793582017538 97.71682681993732 -24.56863516622583 -95.0759091184666 
68.42470626657234 30.969190645569853 36.826401595512806 -55.412264923407676 30.12083533663366 -94.48187929032386 -31.13650123106342 -60.39835125097426 -43.60059799024643 56.945952606653066 -62.03849024000261 -28.77976497159986 -27.911012441365557 25.07213444857625 14.531296402662491 
-53.22072467664807 -87.97002686012394 -5.7832073102601385 -66.2560422704795 83.5227928787578 -41.67968795829442 -54.92507952171237 28.06296676092731 -91.46110781951757 -0.004252677048242504 38.15838769895379 87.60848223201151 -74.00929782261996 57.16910627926731 53.84367683632786 
48.183979354768525 -46.60518695990283 9.544206478057163 -73.20985707291752 64.87530858775222 -42.418516250179316 -86.93224807848125 29.365775335564138 58.02911108039447 47.7438641806275 47.343450897091344 -8.462675007096053 -80.13621869674006 4.568287850813775 58.19667662213678 
-55.641915711217635 6.83512723828548 -99.60538159035863 75.99687880232096 -0.7615846343556996 8.13718160887484 -97.43965187208894 59.81068734546466 -62.0272494510973 -62.47958831390934 57.98189957239316 -11.625368024394774 77.11145343291798 8.910041297009869 87.59490407819305 
18.129543660354358 9.554301287211217 62.915162073141886 47.81892265152109 -17.429121680421105 29.080918736221378 91.09304013106927 -48.13049074193585 24.562206538131463 -45.473956575499066 -71.0445614486837 8.873390883676109 1.2436629752151163 33.42602384050005 -31.739663217783544 
32.324498253471404 -95.21409856074818 -98.18167871500172 37.71096237914605 1.075121668028146 39.12586198271356 8.296208896143156 13.426796524051895 66.48150828693238 -77.02732421143659 -77.56636442870477 -77.95471513860758 14.81014675548073 -37.520034031356666 -16.12907279223863 
-43.81325937277243 -43.6128563906728 82.28463452815768 -11.353167856187696 76.7380847590847 90.82325077007201 53.61469930415424 97.83608090259673 -18.393324381923577 -47.389483745733266 -80.6069133263425 -70.84115838706697 10.223497747918287 -13.892802025468654 69.79407563659754 
8.182894977123297 -18.20533150464088 -54.79493668539386 -78.89349326640887 -94.55030411077692 0.8570640647034935 -5.971172567430472 60.41076799919145 51.281688316757766 -97.59434454166266 93.89529638876942 17.05618917419234 -39.51631715052435 7.761870064454797 -37.216330293650856 
-43.70315365920972 -8.393982063574754 -37.74902080117044 99.07072721406198 53.24195949894556 -89.74729934258754 0.041955095181705815 -25.720821492088902 -77.31241646908835 71.98223522375548 -38.934288159437045 -70.05513813085389 -88.6256721623905 15.175775361918383 36.44958068438052 
82.37615556180015 16.705752757187113 20.269628243812576 -23.150561684013 -62.810252505881614 68.75371616446765 64.60851396307689 8.65546326500619 -50.981740239890684 67.98703283180461 -77.93059011271053 -61.472169949274935 83.02256206092466 -33.84897771718714 -27.522021149121855 
65.9601302270041 67.65015602375166 -83.17456751658574 61.443706802882645 78.86217656372972 17.309707776427757 -22.76709372655054 -98.72259031768785 -2.285838034624078 25.64005861008036 -27.81265203477858 56.133214570584556 13.260906471098295 98.47671058594608 -31.82844372618709 
-73.47591073153643 28.03124204517772 -26.08380108932539 -74.56118696517993 31.00789068689039 -27.266069071332424 12.462727512805458 -92.81528379813955 81.70654238173242 44.51959997777226 -55.1915364365501 -8.445243227381297 15.808145448991866 70.03565569968725 -37.54093254423421 
-90.16743624719605 -18.092539209438613 96.78142150287314 -63.92448899546827 3.498789106705331 -61.137491331332086 -85.64056218029057 50.845065519083875 64.7485370326693 -4.4999069949340935 -43.723487255905205 -39.63726692606053 14.959313012301152 12.118710477930492 20.447229051822163 
94.51075281071374 -53.28131375244149 2.809280250142777 -85.56051214236493 19.148219458663803 78.98939135180987 -52.359460512039306 53.83024127990822 -94.60512920442208 95.80194425400171 31.393367574911366 88.13182322262895 -77.59860515624595 -58.97735845254881 46.96257114819187 
3.8801999721261637 -18.732135580417705 -76.25109931997748 -9.832278117685192 54.73278052633185 71.23500794087101 -73.58058091226042 -8.749627390559198 38.354680151164644 37.61158214416372 53.59020336697361 -49.63959301635901 75.09191590114077 -28.96688525906535 53.01385369440928 
98.64367363189191 72.82762381059649 -52.94004288607093 22.101680960537934 90.10693826875794 24.77294526898814 10.883971989503266 -35.03430938617274 -57.82259893598234 53.517127315164714 32.72385743628277 -86.81049501360123 -32.3514095037648 -25.170181558457358 57.81854295008233 
53.644913996807844 35.012465464663876 -37.47921035994977 71.74060448155277 -40.8144455983092 -64.87407828412964 -86.10487283223082 -64.94381139258977 -16.782189961024073 66.1652137171408 -73.53666232436034 12.342254603366626 -61.26476926890887 -95.09272769818257 -85.46103201504978 
80.472134149541 85.48921160428867 92.67842805532251 -23.027323365350455 -60.94255655868761 45.74448240875287 61.461800085075026 -82.76818427655343 -58.31677203325207 -99.32374750597093 -7.639888397906432 -75.91701671162194 -60.7920771027427 -74.04425110895467 27.766045317040295 
95.95479079926727 81.88522046353884 2.969118088728891 -61.38458477979807 -60.83938021294111 -79.7445273488546 -3.895894237348884 -1.1334919350277914 94.43132768083564 69.87553601738668 -96.89046474147534 64.08302281229314 0.1210431929160336 -25.07781308993009 14.614272736258329 
94.54657340370028 79.90066299738879 -72.36295655994087 -44.102064682149475 -37.95283466641122 48.461750899094994 -22.83368456226033 94.81712759017856 -49.775123921077125 -46.9459283523304 43.83136981795846 98.14697346477607 44.84750791580086 -21.895625419144523 -94.73438035501364 
46.15726913510261 29.426981830901013 34.80084178172177 -32.4632267955499 87.05366240042642 -60.01423903718568 -39.8593720767841 -20.154032081461295 -77.78710874603448 -77.62547869222465 -1.1416361228333756 -41.28673545304859 -2.156791298780945 68.68450772970084 -55.769038364711456 
-40.33902311149795 57.15927297262269 17.429412538237912 58.89661915852693 40.13831521604857 -24.32254895274386 49.261811925935945 -90.74070431261498 -47.77499964136507 29.885723994455873 51.687572747700756 -11.663545906237033 45.82255687803277 -33.19824497587673 18.824459367517704 
-22.327238411209763 82.78781261156212 -6.061793708761854 -70.04180241652492 33.848801966513946 89.48917001806981 -92.12487957217226 14.756846850754528 83.40008633688569 -69.16111640774184 -22.673978441291737 -77.83535363769289 44.206862096483576 -60.92693830883977 -40.126784744936806 
44.076108458769056 -41.74495028533529 6.1278461990172275 12.91532054143751 1.151666852714044 -24.324322730366703 -97.21246582147904 19.55859611768369 77.69443190097616 -8.529102811562666 11.17804795336717 42.34731790070373 9.067844527520322 24.706139945608754 19.736299718092965 
-4.0541458492491955 75.13728631788916 39.66489665987879 23.44486159068704 -9.822424745954564 83.36513760519622 70.34368557545255 -96.31925777077323 30.982631248306944 7.555189606681395 -62.038498928400145 16.86125415191077 -34.62957230548001 -8.276275802209526 -19.599379045932523 
-21.216613329358452 96.95386399409597 -2.8919342567784696 -79.37865057093892 96.03986973772683 -94.65167905997482 -24.1431606628217 79.85038841479209 54.98622465515092 -49.919707648080625 29.085693101994252 73.46523649798584 38.95292559844631 88.36654304397553 10.015300024135755 
-15.019568748382682 -63.66034367330804 3.844046276835101 19.14049734504077 38.04759614420456 26.06543087939346 31.127069187711896 -82.25747047873435 -18.014361328638742 -63.255801274447435 30.633203473393053 79.6501696596076 89.24361955021166 -75.16356958258456 91.55595264499848 
16.549538362801954 66.25084815383693 -25.8828181144829 62.21917968342015 -76.89666892598426 -15.396465281866384 51.745043975790395 83.22311920654556 -47.00170681867804 -3.2673007969268753 93.68843177308267 -82.46198272922297 36.65108684746704 -66.43840433369556 18.659524737718655 
-35.733590475119016 37.680228435544336 -17.712613312106456 -54.51575160377189 -30.932114327257082 64.7539997944437 -99.63751001441162 -68.28471160748629 97.37768007021569 -3.550125829414611 28.47242809597043 61.78084201692704 -94.45002843435316 78.47438333891529 -20.971546078048945 
95.05862745324453 53.00559135215818 3.715370547152645 -1.2183806225550597 19.80281838188023 34.86266095906885 95.61955460201963 -76.15761368642097 -63.64768989481664 8.846865571618224 20.140264270371745 -50.24074450750196 -39.07890379514516 -64.70918393173724 -54.71492929283768 
87.99641679219863 48.25391466102374 68.87986373920074 49.122566196797464 66.23438200835761 -67.68771303480622 -34.44675745297184 -13.576858401889751 -70.6998571353972 71.12957117890474 -78.64724756691666 11.45253657151217 20.290549298127274 56.60501365318288 56.450387456711525 
76.39182834933612 -67.16143391411586 -41.22520243525572 -41.19699543155828 -59.30607614839931 34.722826702790115 -91.69965327538124 -94.47262700037227 -67.80710247116008 -58.94451823566378 38.255460546593326 44.25574323896069 15.668853268505202 49.83765093314091 -36.353225501127675 
59.39579697807818 32.54269690045706 40.35002095076115 9.132252778577381 3.260741208675924 -83.38416001987976 57.107380669877415 96.61667465956648 48.83520724259574 -72.40601790602736 88.34947984247592 28.65156679643374 2.7634900232304034 50.25226424954914 4.017399141922937 
89.18533467211219 83.1484689847835 29.225963330695237 -70.41059846169453 -2.693079729202566 -25.73067611686561 33.604747209724195 56.79361183345159 -28.340370380564607 61.672193222045905 36.04257575202439 -26.130050758808494 40.67277327002091 47.69269865753486 25.19789798476863 
-1.9834517446399786 -61.48852255305026 67.21595278116394 66.3620981925666 68.62727183166592 43.76543874932173 89.99315360133656 -84.62298071356224 -35.07557956354984 -5.252898593873127 45.633783716318675 -59.01121244841725 -67.50983808707844 80.27010191361958 -95.68403560497455 
-95.29485245231155 45.2043572689484 -48.99897129208763 -13.452010442070872 -64.41835322840012 -61.06511652434416 22.951165599414566 61.46778429579197 -73.5631285524682 14.777765573569738 82.61222433873402 -70.57931451271281 11.244837720641911 89.29481244599646 30.961559631782933 
-78.0816128630069 63.752412166801804 30.054055676039752 -21.02894919404106 -31.307661558792915 -29.336809989267152 -12.821598762977615 -51.334310146658055 -50.38385543299009 99.00306210672 97.45592997861357 49.46131471108757 13.059117477950295 95.14095360707375 40.02759835005614 
-15.919585290286989 19.829808244006458 28.979790772772674 -0.44046821629555666 65.37009581684396 78.84279897629318 -48.15931717592794 33.95067919735189 -63.21986112500673 40.74075728830917 -36.29234968525503 -38.46099857396466 68.43617713485457 58.41304735847504 81.11141930470828 
56.51329752501138 -40.809477551365106 91.90767069143095 -7.133633213500175 -45.11911931710968 71.62095264773086 23.942048785309183 96.89335298295666 60.93717403202385 21.987478081854945 -12.77391017220853 -92.26461620225992 17.903591078099907 -60.31350124896902 94.36776127865488 
79.09047808107161 -98.34712659210942 -64.32267373005371 18.463128044190924 -57.19751633017349 -20.42726703388938 93.0935677505262 -98.59601840853539 19.74769524846198 98.95710385709447 52.91686141559373 -28.918191930769893 84.70765186975018 -40.29626836383671 -88.8956747384343 
-40.59559091918623 90.12667172380034 -47.75070467809135 69.82544804197727 13.513947486422879 59.41624641110943 92.50946173018033 -13.41359751583056 10.02065091522941 34.5904043268045 31.0143824070517 21.558708784058766 47.476640688122416 -44.72489078616899 76.3061904980429 
-52.40077433935302 -18.495514707823446 -81.11500362424417 68.76986269572734 -16.81204565482753 53.078731594930474 -21.343002506217886 32.648457364481885 47.5834781313155 -5.491649003208082 -21.03089847799376 -60.69583013362645 -28.342599762383912 -27.041723823337648 -32.15507823007826 
59.44511881381453 77.89502816709702 60.22489347453279 58.30917628453824 75.22078380740592 -15.301401591962247 92.82500561837423 -85.19416812069515 -84.62982125489617 2.225967621403811 -36.38141357451086 45.328447724624596 16.168713136376624 56.150493005693704 -92.60872281783601 
-5.1595076437110095 -23.53365398359051 -11.04138516529558 -87.16946456212821 -74.92280169348768 -62.66037968634859 -37.41154847104726 -94.33306989837588 33.16352473186947 50.53058453964803 -32.35160612124761 27.493703313755844 10.267832279578016 -47.143778588304166 40.915416703382135 
-5.775037519391901 38.32321984008976 93.65383225714365 81.51381997837183 7.637156903895686 6.697411339498544 -49.695809422499806 52.841697337118035 -36.30018670481305 99.54044027638136 90.03165783813887 58.12720590744797 6.098377295873192 -51.87276565930796 21.849354541975032 
-36.07649383214093 -72.41167786220223 -64.8081664689645 -62.85529481373653 22.31723012207965 37.60327736666312 54.8242059822293 72.11290947967359 43.833579292704115 -5.3937527956279325 -29.530082588117182 25.5239466992484 -81.38982100534338 16.619481003280924 30.539259853954206 
-38.482346200543475 55.3667938465764 -52.572178350684325 -58.96203294469233 -72.91894111274556 -9.906359443924615 -86.97403289969783 -79.63055524288154 -68.86501176915175 90.22069277454267 -48.140396463463105 -95.02548741243653 -71.39602590155766 -54.2270341574822 -47.35006490374551 
-28.99996045085041 -35.26771780392302 99.15758629737331 92.17835632093997 74.09998658975005 54.98742530563956 -28.335494752025497 89.52457449983683 -10.21037013341622 -80.82197169444231 -54.33916241114352 -63.99423939506084 -44.485148743383476 83.42281012791813 -98.78791250544934 
-7.695771269294156 -75.05752229520843 26.805959046110715 -1.9095106868223866 -63.63959503778949 -71.61844746480261 -5.864200516150305 10.625077525960108 5.559043352123936 -28.29499313547639 -97.29829827045602 3.812875230043275 99.03647813943292 38.76163590757443 19.67058131337467 
55.53565267755104 -85.13477705846066 -97.52420004348213 99.94252652725521 70.56180042447073 -11.039313533440435 -99.44472002851923 9.104836688877 -55.64863440794152 -66.5591054071941 53.763098931867205 37.2783326609574 -62.67964729344293 52.120878455357456 42.49628613097562 
66.60117986336968 68.57985031657662 -22.456054011868545 -43.81807980563088 -58.313453041802646 98.15902139200136 80.1650443942232 -20.179713960527963 4.499577939664334 57.2581259315258 -66.86490411432578 -64.44146208034815 -56.65310348912422 86.47729710229422 18.977432272687622 
15.074183728906519 49.8098176064168 -95.23604276018702 -58.421554091700486 94.53118312910519 99.12105818726386 -4.4372245410488205 -84.55099749785091 -54.52677477901218 -65.98845752099007 18.990668714132312 -60.22932851795375 17.362098990452097 95.93545302335588 -32.599128248770654 
41.567213479614594 -37.93292209597556 59.585472483150994 17.145003098719712 17.468909108609637 16.076842420578558 -13.432654473838895 -89.5642367867466 -67.49725421845649 -47.89563355030928 44.21576112548314 -73.0753047591094 -68.77252367285868 11.135702569925627 -59.60097326064655 
-64.32126792061925 98.1077772228168 -33.70293086520333 -45.665964694741554 -7.042646899684769 14.054428089525416 -42.53888792475789 -50.940703114436815 0.4811254761252002 -21.631989065770114 -97.47146293945663 -0.3297909922077764 14.241816075640571 -37.741990282087244 25.715506164127675 
49.214099757892626 -99.93299951418746 -66.74306303137539 -74.3462067769557 18.951912600772843 8.258122643748493 -31.908865615067967 -17.257855601900744 28.795262692128773 -29.68702166352395 -59.28198953614741 15.613428206496565 -54.6526656995332 -33.34411659749496 80.57064008272641 
43.607376201569934 85.80002936433976 -89.30536402944807 -3.615672696516839 84.77247044493589 60.95271601194756 85.93783087438214 -96.46362693978861 -58.19964333263818 -42.93743562925969 -96.74713359522835 -52.64591600546338 -96.12856594458627 -23.400240659767576 -90.5311512102707 
81.22484452313239 85.19703881768851 -23.992313403568218 -79.14745821909449 14.512225712376363 -52.74048894062662 36.968866927555695 7.910868382376535 -13.255334567031582 87.42796278519808 53.745360717195524 32.47793776392817 -52.080503201110595 46.24754834782837 67.3058527467989 
-78.86864417606233 -34.91716428742042 -30.571602191569227 -25.699885054032805 6.171453374182391 24.06267206597812 -82.01238327272009 -88.92523038929372 54.00083751258683 48.20746127333305 -87.2630914092122 93.62957217428956 27.83673984181941 -22.803258283656945 90.69204533773527 
80.87759221291779 -22.494225827108053 33.33346072883245 -4.283612679515159 81.05097977991221 -43.310552730114324 67.28174257469865 -0.3739071186342784 35.336459194338346 43.248017582466844 -91.96152603852705 -75.48531447262866 -97.15182156371722 11.283301872424786 40.03566529865503 
78.64210245791372 -24.409848384246644 9.94096081869506 45.94543948890254 39.858520652967826 63.66297163934561 -48.03796175946105 62.31793144029868 5.159033989565117 52.396166080530094 -10.620665173028797 -30.206088598234615 -25.80507896490009 61.33279132576007 -26.614453487163956 
78.02080385927331 -22.108832652093298 88.37629281289045 -10.856563689123917 -97.49730461465379 -6.242520697411095 -56.64016278835569 -48.90480063650307 -7.5610537257751815 33.75708923273746 -76.54949594364541 -76.85808191085914 -19.50096318575345 6.044202449474227 -10.313826343997135 
25.83912582438279 -56.747996524375345 50.79455195061382 -80.02683088277591 98.9735634796026 -70.51551131161648 33.98618339747949 -22.189454532602127 50.486876401277016 27.328477024117674 -52.670582349808996 75.73729767290865 46.98189661635061 -20.974789955270865 -13.652575318414904 
69.1642508535734 -60.9300203503168 49.061772617980154 45.107262373109876 55.71892546888216 -90.04153882126022 49.47169760534476 85.55450307499609 -18.090160562018156 45.331176916958526 56.61007305930826 52.88914763426746 78.60084833595457 -33.41252643721006 86.23629357915831 
-96.04170610545839 88.873358297403 -0.6643030335250018 -8.79211400876379 -33.59564443782064 -30.77517024731668 -70.61798114473636 75.94198849182808 -28.86475889040925 -31.4484806431323 89.1018430893676 84.75743946804047 -88.22251912850724 -14.444319661440844 86.15456031401351 
12.403131930405564 70.10219653939805 -60.6191152495678 33.140496358335895 -1.0242369651238192 7.099500416725405 22.577506994925287 -90.32778443980492 -13.907500740643826 -1.1474248978584143 72.75950158678307 -2.9040608187983423 -47.681734117637056 -82.92335946638632 -75.96594990120302 
-7.133606120583551 56.25691673942171 -39.97352360670163 72.03827247587674 32.92201074358218 2.9697410179954034 30.846686050929463 0.19430921841238558 74.49759685624329 -15.693812295174965 62.322976370143834 11.744958362456586 -80.38281468211682 51.404993461880736 67.86000126548734 
-5.110610811685959 59.948014671030904 -25.713732772238203 -2.6793471143027148 90.60872675570911 -46.11497547968493 28.778650123493264 -54.683750351835435 32.758423588548766 64.21164410041197 -12.317041259840124 84.50882016484738 7.0162427712295 -55.86711337238957 59.276111697801014 
-72.6186124088427 -8.668980586331614 31.94237395518195 -35.86872184056031 83.63484412408738 19.775489073277683 -11.874716527150724 35.47969826837837 -64.89200761299352 15.97612778343607 68.58970203696123 -84.00884838941134 46.820222399739606 -10.436317966817171 96.6708337645079 
48.86740026539371 -88.31974772803606 67.31725494758246 -15.905369577732344 70.77482013741621 22.488659313050306 51.83249931897677 97.71989028200204 -58.44598947631845 24.1660404491292 26.70919289588865 -54.10500184345952 -46.492582579804996 -46.21574385865952 66.2785969701211 
85.77320464468104 15.048133565695238 25.062988773026134 22.321830068479272 41.14352297606189 -74.87462093794494 93.46965347287463 -13.310318316595755 -45.1120795510495 15.824348841723278 -48.5862958983013 -86.67404530718237 91.78784600301267 -14.923225195860994 -52.50317425249822 
-19.413533967770192 66.37827317089861 22.41503646314868 41.78181756881432 10.341001610845353 -76.47213617847927 61.518548095342226 -39.19280434314598 -39.56588064397748 55.30555518988166 -50.70527405303884 27.346057921725773 -38.77544770154777 -2.2261050558708178 -64.20857232598945 
44.42343421830512 90.61668776594334 -46.010395760750235 45.51155369197838 35.460736251404455 37.799678189041146 -42.404368663944105 47.602135393493654 15.522851766474034 23.49642793075715 36.65910055272079 -30.895947480952856 75.23940319817677 -94.75588566836113 8.875199173360727 
-77.59151940423534 -28.490678232175213 69.06132636011606 -12.257404617323871 52.77655395297933 -48.81944290493598 -57.70580949959001 -68.65147828262128 -73.09204452828273 -59.33974585184538 90.01369255567877 26.98434404400183 -29.846188313696075 37.15878361355527 65.14655800759007 
53.166716763664 -58.276497095097454 -25.170652260141964 9.927454751531144 -9.755979925151024 22.371407881049237 17.1965646863988 2.339860523092881 -42.545624688583736 20.767638543134396 -19.16883661676198 -51.90591712912009 -60.693178569181484 -15.986380034309875 -30.39511811195797 
39.73107643044008 -33.97259342494223 18.235241239633183 3.0838312816680684 59.90704799408937 -35.48746722808909 -7.40949323113982 76.74445018507026 -81.97665232271245 -79.1404767792834 -67.97068511949094 29.89135723129465 -30.037734667719434 20.37216038762007 78.48713919065321 
-46.32209912448475 24.056252105069092 58.90095038393076 -86.48701593886304 -74.35772460242126 76.76496608971323 65.62985348426324 4.595696436913286 -92.3808441600047 39.43390409844562 65.03234607855669 -48.99270278338732 -11.833978027964577 -70.23504405299184 -65.39975056465423 
-67.57324908638402 22.819453834028167 62.63976107676237 10.4145622077058 -53.18620244561576 99.24813896956587 79.71903909616432 17.077687363326888 27.801189133615296 97.06929467975857 80.16837611224346 25.240997762500214 78.87378928482295 70.85808455699751 22.40669013851422 
75.89856775859047 -63.87489984437054 76.04209730309915 -72.58324118719561 75.78795668271931 -13.104469134263041 81.075706065903 -33.83500817001462 -66.64801685128721 15.401988919972197 53.905564399111654 42.910031777404754 66.4397307050366 -2.9002168048084798 53.85702329456214 
69.28910631697102 -61.20366360026448 -80.21302941136096 -11.738622641118582 55.58518890628034 -47.88731285773606 -23.608304228405544 -73.57451849068867 51.309576079927155 14.917892453704894 -40.92855461242068 -49.96557852681731 33.971352963383765 34.77736353452295 -46.06818205574683 
-46.24703013823157 -51.974135089536276 72.24335021967704 31.191051389698714 -27.779220103312483 -80.66230908993674 88.30077943856983 6.662693134104387 6.4520153840400525 68.60559639254618 39.42760875783685 32.9059868860476 58.5124284950798 91.21072635911682 49.94212560612377 
44.32227076848966 20.611356612726055 26.45415504597746 -15.275061150214398 -15.25169346838257 -89.30181560071435 29.49498745415383 1.6421818304556126 92.98796785300505 37.65895292995256 65.9971297843083 80.13685494733389 -54.52765213793247 92.10984288272769 -85.49478825957826 
-83.09300026708549 70.71753400846615 89.35287061193284 68.49128088133833 4.037430293005457 -39.99599708205566 -64.83634397836832 82.71506516460312 19.768903117357468 -79.52263829167649 78.39746579254287 72.49691237805013 31.14416553045791 56.10807374307555 -59.287086909119566 
-34.88512277908373 19.117502921062382 -63.16845069805035 88.33557394139814 -57.54521160720563 -50.89865362187338 41.98847199713268 -99.63689831658513 -89.32199155111687 29.416295133105763 -41.15254468820242 -42.76471767447176 26.525681647697155 -33.10770328352895 59.739865611360216 
-13.160903221446645 39.60118939768353 -17.108309592469112 63.36503236702265 42.944459203285334 18.23185511673151 -5.575030113252623 -47.79541010435031 16.39347830479126 -5.033670725503228 -58.71819256459598 -24.053540258846567 95.39878984737115 -68.33948445277822 -81.73459285293343 
34.681867485785745 56.244197131753026 -47.593563896434674 27.951184533745433 25.689453286740928 -44.80860954073913 58.07762209284871 -7.771452386523038 -13.143879937996033 67.17607376909359 1.357708139818925 -14.970700304396402 18.606893693966683 -24.718754216312462 8.012159649494023 
-73.95293510683794 11.492732412976352 21.078753114748693 22.080487113404317 -15.51048096496774 -85.47567279181716 0.6864287826918485 -38.238469662956945 0.4694576553965675 -77.90917341682457 -51.82081672676535 48.47120155326505 3.1445011188931886 95.40934196809653 18.2100861318456 
52.41901203573477 38.60407471106089 98.29067849993197 -72.80790740005068 -94.83859683027578 7.733593867130352 -15.644268036922782 95.3080789719601 47.638002149890355 10.914094414707137 11.002324311525328 -86.14860577831436 18.019311867776324 -5.632280138559878 1.0164914131987928 
-9.771663158387483 -32.3276675716816 20.55692778224052 2.533382351723219 -17.29339033144946 -73.90999279337893 -74.49416946380394 50.17082053752807 -47.15982895526227 75.84998844625392 -65.63069661159318 -51.647641359162556 86.41837225909558 -92.73848042730808 -19.53554761455875 
-29.217084347448008 94.15354787871553 84.027353022368 -39.37309167519418 14.430818771165661 79.87129223259885 98.67528153253971 -3.9601767997510535 -54.88320228756049 -86.43946499972455 39.49254893755031 -96.80535822219672 -51.82865586617096 76.42385652709032 -76.14746029699535 
-13.619808474305927 13.363986088249476 22.104826487672042 61.04276033151194 -29.72142371715711 -46.72093015312253 -21.464535074533458 90.41088034901227 8.615794805416542 59.51926968136681 -79.989358375817 7.067379715093409 -70.14575115437975 -1.0385224010097858 -51.873379844693225 
11.500291475078612 87.9853853157959 26.358293719623788 57.173493552156145 81.85801510927121 -81.87728795760667 -69.11775231580953 -40.54236564199538 87.46861785865258 -27.16713366410997 38.848144528325804 45.580715259473436 -53.80687837210789 -44.950390424621276 -84.7900059813557 
56.97341246121641 -73.53207454194202 -51.1108529256884 99.29562124699422 48.58280820668452 -79.94959474523719 71.12331058920333 -17.121817088610072 -90.07007308966082 60.553979416066994 -89.69151335131322 81.59414184180525 40.82920044894084 -85.64625930334897 47.834295911365416 
-96.89837280148055 32.14948589142662 1.8933677487292329 -28.28364131877565 53.83094777135935 -22.64848026831352 8.420029991946421 84.35880161356397 7.092627867063683 -59.172441249402375 14.891030471050698 4.401903473372641 -16.121457149067936 -88.66569791525431 74.07125532068892 
-82.63182873147557 -95.22539741334609 67.92840906560187 70.27235417073464 -94.96991266356116 88.73315998571994 69.15965656314248 -99.62024473339197 20.03034912717068 -78.08426217270004 72.16002933485439 60.77589236214166 -22.333152027083884 -9.631344885127533 -0.27581332165034667 
-11.72551392608699 -46.04189973336516 -89.00020820461796 45.03336514623791 35.07398625721831 -12.561229697360773 -73.9046855208679 22.551744168531897 -85.67112950882922 -67.87727604081505 -98.08929204609456 92.95780525982349 84.25662740182403 -55.210550121866 40.52498222373873 
-59.234212014464745 50.63540032489459 47.6949214662863 91.08835628391518 36.219274360956575 -57.6865554637922 70.78429188451796 9.902593979373165 61.264633840194875 -84.1819211681455 34.47492627331053 26.793244968388777 -69.96281067144274 -56.00866668285121 -64.1062432632558 
80.82327599661804 23.045449585883617 -84.33278048938357 -99.69996364860259 59.278530687428486 66.09539774788985 -32.12662286017654 -52.37783025531366 -73.8116779116033 40.1615221122853 18.15815199085182 -60.57428387276045 1.4122657929646323 81.23996190564381 -55.08072933012793 
-14.524351404102646 73.1388865422056 -85.5930799726923 77.9534322946509 -64.6564924077023 50.54151516888035 -78.24766511271824 -7.784279994200503 5.494322186142725 59.74614909338399 58.7427882113559 87.90916137783782 -42.6231660840664 69.92036479536227 18.89819317935431 
77.32443973026778 7.252638680769621 -25.80956139828723 -31.298441990032046 29.075746699819547 -18.585857804624183 87.82735613292434 11.566424384792825 -73.70107963122432 -36.754139280274536 -55.61545883545791 17.159645425613007 -75.14829758638875 72.95985639908545 -57.871487055217074 
-57.736980213452746 92.5215159239207 -47.62849865353387 41.08012956142525 88.49431413684971 86.9505043376729 -22.57795345215787 30.147882032327118 38.945808500029614 -47.50915220800014 -45.16609266372305 51.07908635473265 58.970739940582575 69.52100408970892 -38.07813848758319 
-59.52762419128001 -5.0031035235652155 55.98167879228632 -39.598549452322615 7.887939877906618 6.939265506406116 28.288904371319745 -62.49401140038948 29.355423374877034 15.57212771554606 -48.57968495204521 -42.12801085383724 19.295021713941736 63.26599124146085 -21.45570484631567 
21.766459514661648 -77.27503265943614 -88.05444393873607 79.77515980111426 -44.940615323492715 98.00076552654195 -47.40255114990028 -70.71691776567322 98.83848803439491 82.7347073818691 -16.568100835375233 96.51773439739699 86.47524002660063 -79.49580687485486 75.58920596954314 
-10.452760932576382 -27.111975350406098 50.21148674727897 29.452350310139963 35.409743685391106 -21.853118402631196 -60.01533880204404 66.85973261569319 -31.253333518755497 99.07715406904592 -88.11192809326545 -85.5793170407146 -92.53372613637596 31.404650136996736 -16.89432051703284 
5.8972910868782265 34.00427119945181 1.9354178822427883 40.75038511019784 43.30901334900753 97.69460209706736 78.44700302283695 48.41533946103988 38.862139466175876 9.071981342583271 -53.87890586228223 -39.97359049064437 -79.04619557807186 25.860376941019155 -44.682480169556094 
-47.94034470258697 -33.839174165271785 46.1943782615285 -67.84867697892707 -17.57347774088649 -63.28917135408862 -73.51465397064267 67.33225819812597 -9.136082302520634 -88.31590098383295 -92.51764628742687 17.609654679145365 -85.81751170346763 50.85369655807486 -31.093260431675375 
-18.667387105312173 -71.74050769583363 76.50843000665031 -38.20874027811681 63.41640381079878 77.43786823437188 41.236153035354874 27.942934157523098 -4.616094168269143 -14.891681131424335 -22.754371310024865 -39.321110168899324 -93.60138096698864 91.63093800655409 73.27396776915916 
31.137214650757784 2.5430868741566712 -91.54900772349608 52.178225216942394 -73.55833362430862 43.37343864261405 -0.3675198325141764 75.75207208744311 30.50046264942739 22.51096713735315 -34.934719269560105 -44.07488196586198 -98.93256442837716 0.8173245061194194 54.83562484065567 
80.34331310385136 92.69736923078761 33.447838938430834 -16.390245113095347 70.48910850620382 -39.23227344251341 -4.807432470739826 46.76790720067575 57.59435757389224 -85.20904265461786 70.29439699727413 -89.3194598405908 -28.69599956049416 -62.8139764758729 -81.3511359846644 
-74.38401707544911 41.93021644142635 -34.59825765677691 -88.96743038251051 -36.00226135931719 58.6899315007077 -88.39989378679824 67.47629386229045 -93.59475132043384 28.729473321935416 92.97374864949751 7.953198963897819 -25.356812391120485 -21.78523944714297 -79.64709707793709 
-69.17124100013577 -72.72004293296735 -27.713694470704013 -99.44030983733599 13.58319683734959 16.533738026333737 10.837673590272345 20.388329905507703 -28.511612425962014 -12.107935104496619 19.746527486923753 2.4231621121193285 16.397023464571774 -81.58549574176618 9.626464100253742 
6.6431827088969015 55.5876236228504 43.944373204015875 32.317146310546775 -59.620838805623656 -88.44175348334156 91.92389529617293 87.73709519429764 -66.78791182712013 13.573580078379592 -39.06811243357193 -44.33947446774384 -19.500235700197877 -6.269210072508585 28.466488869386353 
-98.43354059671054 27.661707689197357 31.45952771170269 38.7041092363784 -96.54959588289482 66.87284449904209 98.32170453024014 -38.42261025356657 65.79039541599764 79.82789778559481 57.59028440536085 -89.21934900071994 56.68708005157683 -71.20466121825488 74.09147796025437 
11.560462588240284 -54.14449692682941 31.77630350708148 93.32840395756486 -53.92621039638696 -46.7532552439319 -73.43762833272493 -60.718417247221154 -72.46254029454718 -58.53593302331337 -29.01130507488405 -75.17713417597744 -85.16828568640483 55.617023009803546 -49.68640121316068 
18.25508802978875 -66.83795238945034 87.860836533483 73.40171372008791 -26.776371328182407 -12.089673496978577 86.43419564420606 -11.11588950537093 -28.32483567029331 85.38164525326118 -52.087422688985626 29.537972376411858 -73.96829423448085 24.3473468295129 -30.88829909818523 
28.147852992081965 -60.68221668554876 9.06954598484792 -7.55163296304606 -4.662228221650878 -49.92343050044896 55.43469817522316 11.76122014938197 1.8528083042953085 -10.343797404173898 8.017887245268213 85.1802643254183 93.3365136806369 -9.063396316682628 -69.01741349765311 
80.90619859987567 -5.737522206992438 39.55496541951854 -68.71677102904528 85.48619903784771 -92.94045522436525 60.366257914063254 -33.02723079452643 75.88955559068879 -84.2626674538742 -95.41151819860612 97.52002541104807 3.088416893055097 16.44377149991496 46.01074022764891 
-55.11009707454857 -90.5547005580716 -71.85362694436486 -90.6837288201779 -33.25222163663793 75.1653137874633 -7.434396993363748 41.460475233864145 47.80143746775556 -48.553970789990686 -79.05666728376357 99.4222844315436 -24.199196124611106 -5.4692258782358465 -61.60384328651758 
8.958806721108644 20.490236690571507 -87.60689425767347 78.70927606299512 -22.22686066413621 -75.24236615274833 38.67067051281731 -82.4599716074798 -10.09506115917847 -81.26696852731715 -34.963803351924525 49.963900390756066 -22.757611392196566 36.402897427155125 -33.6476231608017 
77.73493203881847 21.383861547880016 39.51803074092399 -50.29596746134244 6.984154221000821 33.70382043557058 -72.90117826780312 -65.7982588741074 -15.606833967592323 72.8995758306765 -64.6538425300494 -44.86407971338888 -37.93425898380549 -93.51268665824539 71.88925896675181 
0.07726430710965815 -18.73362759157058 -7.210515857732986 -71.37915916745482 -97.61974409686793 33.31078779284263 75.81287984848706 -62.702872015670394 -68.31042626769542 -64.24952030591216 4.82115256634323 25.543486420029254 -26.588116747870984 60.79587081856437 83.32492860601252 
-89.97156778588429 -57.802290405947 76.36990671980013 74.66209111544293 29.214640884982316 -86.44365997023678 -2.619710606784679 -63.92144895817684 49.96253557405353 -83.9265368568305 9.64182723737892 -21.004760696417634 -7.927331744484604 17.2486719854154 38.372995366613594 
-81.59782639223177 14.316525818684227 -65.3233637092808 -24.257451368975907 29.068741289969324 71.1655721406178 63.201849258515836 -32.74614586790064 58.95715940463356 33.50926824928209 70.55045195353631 -28.5081278828264 -97.98564660801365 -20.738400910617443 -93.90677239003989 
-37.51154635815872 77.38682692358546 -7.969416062690925 99.99834954702817 -16.36337990406311 -21.544052463125567 23.34346397825709 -80.36467523643688 49.11435958356063 85.62324718601144 -82.52497218033469 71.19097681066955 97.5515280838022 -74.22542015488578 -16.431469679966753 
95.83192706606184 88.83898266805897 -11.097452151623315 -10.158958031084353 49.317219243346756 -55.63518157991258 -48.40755084665458 56.561902217953076 58.0599214838403 -96.14167916701601 38.86265323796354 26.138702121770606 -50.28265461735375 22.417203763733795 -53.25123776881171 
-63.53677733266778 82.65149819687772 60.12833344504543 -82.38496053061115 98.28209117062141 -68.1097796018301 37.17930115888126 -47.7094646775539 24.45310970673458 -38.570948177189514 -60.03360052002722 -72.7158039667074 85.43407268287194 68.94625965618545 44.987179660168295 
-86.94133845777279 -3.643045453930455 47.15324689181023 83.01306027441817 8.726325827249298 -8.630798163707084 13.355964961490386 -11.954080037274736 36.858788120301426 60.339747907244345 -20.31936201644389 -1.9608429805760181 -12.415055176960735 -41.55866179021781 -2.6678361239629282 
68.82801743189887 64.2422590553681 85.13004377713648 -10.714302291201008 38.017031869682086 -73.1941759644408 -98.47875950776799 -29.488188761746187 51.06212222100115 -35.04526141025799 44.147939290708734 4.139770476201903 29.078724418057533 -0.9565199956541193 -76.90967321656413 
-30.73304263152592 -34.24209588860458 -64.12917462543945 -18.976951349553573 91.53106674551472 96.23423093998721 71.89370352940315 -55.95802041299387 -25.385119623548434 -5.152268930659204 -52.84709217440708 7.022271785714082 -7.7801227314418355 18.130519643274923 14.776181139384192 
48.10458136694214 -82.85363058082939 -34.52000493805683 86.70319912634491 -76.63835567799595 1.9810208613605198 24.948493031576646 68.28802506819548 -54.13820700839322 -18.197777930861065 28.166144149599432 -48.858963734720426 -32.44353271101686 71.03347925563745 64.85685339465539 
43.06209775533085 34.65069601336103 -62.115548355270114 -61.00470993199567 -87.41737318067923 31.72427833550512 -83.11277076033201 -46.672116906559125 -26.248199247805942 -20.691581234987893 -8.643921435842714 -71.16239058094953 -86.66823182912353 39.86753172347244 53.617045693128745 
-75.48435070516135 -71.42489596882295 -68.90932950174616 18.29435446607488 32.4843159848179 52.960024379044086 52.48260480361105 2.3124634315572052 0.61806281114292 -35.88428696247166 91.31220258095527 -26.704366095405675 -78.00992086990625 49.48520585971846 62.49528283210927 
52.32924352567406 -28.271525414623085 96.35300521041486 98.33815397920392 -25.411592017639407 -82.89204504284027 57.04939785826511 86.38368562016694 -21.583581548920236 91.63996485343804 45.96212763689002 -2.688133607930993 27.55144260634532 66.98910316780928 67.96813279023365 
-48.60279243415262 60.37180261978449 69.31597523399287 -5.752566493874724 -83.90546047917175 36.60973787895995 -15.46091686294426 -8.673708046618486 78.6096399113683 16.505243869352498 -58.1949403573363 6.401072362463211 -29.221472994564408 -33.592806374995774 88.53542455214341 
60.85798630859031 -10.03903239226473 -18.283681548239556 -64.74738317936932 76.21147280872992 23.276657404149304 -28.353162182715536 33.57026860379679 98.69178105598766 -41.44273813351062 -27.213496922922005 -20.32235385522864 -50.527462952346134 -3.3230704507825664 -60.10830894347456 
96.76145516105953 -13.944977082524176 64.98370906843317 96.11322310049562 -7.681154659165031 27.411264209454828 -43.46193231172326 -94.05279595366534 51.57242779776303 -14.553194930671935 -89.4648125758101 -86.36395763510069 58.75249796034103 80.01505935558322 -21.768648957078625 
27.07533169084701 52.295747959918515 62.009838732453204 -68.806342422966 -41.137651861631895 -54.740109491368806 -24.328685824452023 5.869717345117337 46.96458789071042 45.51898951654994 60.01724809509014 51.41335133228628 99.51899272808558 84.92272115725586 72.26197901355235 
-98.97151826289317 71.20085628737831 -53.193949136128424 -40.0388113401118 -88.50916218507831 39.30181666954431 -74.02273810847264 -18.871507518396342 68.4445026174705 18.740102457962223 -72.88252322683869 13.867903588660496 66.71277928707403 30.694146864304145 90.49869833057812 
-38.74107167206087 72.71210126969825 36.30001608859769 90.33110708342463 -93.70654335938215 -83.04459945969114 24.47579135883342 -98.16257602568123 -84.26326243814641 -91.89260951963232 -79.82145230113017 -39.39367873185247 34.49504035865803 62.71139842687356 70.36900421720966 
-26.468872127576986 11.630323662764596 73.78919868490985 -87.44006885095268 35.28355751249674 61.06352352127951 43.28588992860679 -46.4381754874299 54.253447012770295 22.875936298032414 1.897379117676536 -28.907970363144983 17.680500588438804 24.72808856347079 -96.71235620923599 
-56.46966003630609 68.0070322631571 -56.748376757897475 -74.80642134685458 9.482877992563289 -35.91685891789889 78.959578932281 -67.28906128016372 -63.6490348216302 -34.522529474357185 -66.76534812130598 77.0339325809351 -30.522874514236165 -50.63918888330703 37.78185840052194 
48.45228793828605 53.70732557742494 -41.08420743013659 90.52402321189226 9.84059811002112 12.84528119549499 -99.9066282735765 -47.81896724908312 -21.927828725959642 56.59872823741077 -59.02076424716447 31.852610635326613 -86.60689342680305 34.00387964547889 -59.26618788912719 
-50.334507217025326 38.93521704989115 -31.34162870288158 81.46291644139137 -1.191954334694472 39.48407479339713 78.73185160603228 -91.2444684789929 -48.62501478964596 -90.23907663737545 73.58268914069836 68.48362989503661 20.35484112791535 -42.497194262308355 99.08205205987656 
94.2981033027128 -94.97333452608343 15.776603913848646 6.319145643843811 -83.43608143874977 -1.524149786648124 -70.76173913252953 -57.18692639220815 -99.06074227469269 54.885838499259194 91.77141234430391 20.383314493813458 -43.48238014741719 -2.0267764308258904 -98.41432336999165 
-10.435641669658025 -86.65708916024492 -58.89001970581784 73.00797845863727 28.722179658828452 67.8373370323782 95.71960120238782 -23.274821474825956 25.622954413457904 -79.60785555832805 -83.16196793449481 84.41976189076706 -5.73243707149777 63.318819055153256 14.482973148704573 
-36.6300428233993 -62.50451979864555 51.19759774479701 35.52713935244435 -24.26313032133666 -59.72946710231702 -96.26170987453777 63.16977767231998 -83.59736663633078 -85.28893755284825 -41.77034606770251 -81.22605365627294 -27.007195160160634 33.11168085481205 -1.6658465521774275 
14.90246676829696 65.28512344978537 -54.45587142558344 37.35804000583741 4.0525007557777 87.8331936087248 16.1629258772698 -33.29359273304122 -78.42340571876511 73.06705377021945 -98.07105456733187 55.60312590649468 -18.44669609017234 6.776308991972584 -3.4643508414306865 
98.02511357645102 -90.40340168329604 -27.891071489232957 37.849878565581946 -4.051020740493101 -95.37046177957087 92.30344696927071 21.45713390163435 13.98667419240482 -15.613222016342078 -74.80267179913567 -4.0234741816604895 -59.73291056636041 -36.12488330362928 84.68497461941621 
-76.7035441053732 28.517947878524097 -74.45342311519568 -71.06095958526359 -87.6180063878114 23.285397829713418 -51.0906178605391 -92.39052324814942 88.64793174655193 35.23556560877498 5.66205309337964 43.167215652597974 95.8232564522001 -45.413610585715645 -80.17417563567759 
-92.53074446783988 79.22931612594607 -10.557988819528518 5.196174745915471 83.96849236122645 29.20022302562967 11.785341182567848 50.09277493350413 -34.96772157628716 -35.38931466240692 -80.95101156108224 66.47767748579972 -4.836684488322334 -71.5123769488207 29.37604925624163 
92.95368927557226 -91.225933540181 87.18913501615799 -14.155997741944518 39.87618875199556 -6.8659402001276675 67.05831211899752 -33.14639926528041 9.982690643298668 37.30260574047978 28.652768787812363 -75.39683140094854 49.96078676955423 56.13725581848635 45.668398546447435 
-39.68549613898335 0.39851789144853456 65.87932750690447 -76.58660802821265 -82.60253166969018 -73.32375616747464 -19.675155205913583 19.437256288714693 35.81764394169815 7.267574092296485 81.50687448627366 -42.770972680209304 -70.9800755584634 -23.726134089577357 16.075692070053165 
-20.687430118419712 -73.53221662617426 48.509145963359686 -9.77308862079758 85.49667718746707 32.51979405423893 -39.17126624838989 -62.19848419498737 -61.69950808826232 2.026842871080433 23.912270488542404 -33.772205799310726 91.34670054728556 38.3983922632122 -84.58328261333878 
66.39541462985207 43.00805617217253 -87.69474052311044 58.05907112150774 -71.3505360819095 -90.76305031823628 92.09513779896378 33.1809454438295 81.61205736626263 66.03986830827492 69.25082159513016 69.1336513035279 -69.99614705211113 22.225834217605197 72.03302200769934 
-81.51218247272634 -19.81665734026636 -41.291073570321736 49.65533569050592 -34.853555777366935 98.96396011119774 -71.54558949040515 -80.82285548990005 14.086044695958307 -74.04449246231626 -47.94786114195071 75.91950888905802 4.771106901659849 -2.3481705678307208 54.25713776330454 
-50.89600610001717 -78.61620368210859 -19.918126060581386 7.295813507957604 -42.96635848490269 -90.50088404846414 9.504677458170036 -92.71860927754254 46.02150763973137 -87.76973103025854 39.959093704590884 86.3251151993316 76.35904311315673 -79.81469906256373 97.92938489472064 
-67.32032414567368 -96.04481462327826 36.86734081627483 -49.97760632506987 19.711966823195937 10.317057421704916 44.52309202331139 -74.8513525360355 -82.09038464634398 37.686829446792245 77.3856548581766 43.65009312504989 -98.88144884520129 62.68355688324738 -36.67571802600196 
90.02170467825204 -23.71753401183321 -40.13113701889741 -27.211286468412595 93.61161564158527 -67.21630852652149 -87.64898055833477 -62.210477802581906 -84.47979324445718 84.49132437518165 -22.68957096907765 -47.577307959235384 23.04328922498331 40.165460101879034 90.50657578705943 
25.0473780991111 -93.62615817927735 57.27687071122881 -24.8989601969203 -35.83589160452803 -82.88793197643088 44.56559783136865 20.00593555479395 18.718912428648068 -65.27271631604606 -87.54634700350601 -12.297418938253841 -80.45751912259331 -55.0315531970359 91.11002901342556 
-76.20698065028813 -5.816037695358105 -41.029316683007444 -17.34299752549282 -82.70459246619772 -21.204642532391205 8.896968367090508 99.4004496721899 20.899394505082242 18.728424850319385 -29.50831286729469 68.1363751901311 77.41469859564452 -76.61538676565877 30.015880789007667 
-68.68432779413267 -82.5493965962317 -99.53217381382942 14.106402156635383 33.795092680912035 79.77128031538973 86.30650159584502 44.88189657908046 6.451534695781547 41.94697084758016 61.89115352291728 64.18749820652576 -31.486498806231793 -62.91321578201738 -74.21041640461937 
-10.04336851240042 -53.857947637660786 91.47220578294036 -5.2831574069542455 17.175055499705195 -73.01511501277038 15.735793681215299 -77.68434510845066 19.66490814219675 46.704599068115044 69.95732956072234 -9.078373902799513 -51.04912678506288 26.43368923119101 99.29742988902012 
-50.3197786781735 -30.331220436187152 -60.66510237505396 -1.7223113958099816 12.004946313871528 65.42753316841913 55.48029582135726 84.31117979866224 94.78738632684772 -57.92346407990727 -20.90008619415866 87.04364113556659 64.1580965663459 36.127938153719015 -61.73672697720099 
55.76147584580059 45.657229090772944 93.38174479447838 -92.59877583040546 97.43794375653044 20.12042593491043 -53.32530982826833 32.69804488088795 -85.30682820596343 -71.08466804596627 26.683099698055756 -25.082176634200664 83.5681507724627 59.656422661426035 93.04331532933233 
26.06234185700916 73.73867404514581 69.98969403451986 37.474491984420155 33.79328509687929 -23.02771945282977 46.21060353380662 -97.2172442929539 -40.84424935101312 -35.89391861830342 -46.287753952700086 93.6854823751286 58.175765807808375 34.531335020729244 8.331995299948417 
77.22851365986554 -6.341711814518831 22.438942747510552 23.819479178120247 -45.78630196927635 -81.09163581508427 37.41946945378217 63.78707142186903 -78.71594564368354 38.904158726270026 -51.57788069107214 -84.97111675458187 -93.25314617480156 96.03661883037958 43.55570684153557 
-19.535348206624462 -1.0066075533649297 42.51154450083328 -15.395121990829935 52.2660450077062 -12.68686873965521 9.94499186064644 41.18431402496108 -43.69428110473989 71.4504476565827 3.5523620519579 93.1340005762616 37.781995529997175 33.00419660036539 31.673960112922543 
-66.45097740827242 -36.355099485652296 21.64411941740822 -32.722713435470325 30.337438267918913 -20.167186517161184 27.694238089500246 12.632861746561304 53.0402830821408 -77.41367369454247 41.856257712344245 -10.631761105092693 -53.45773173902933 59.904553923320805 -91.80741032153074 
-23.47264174802102 3.558838648393163 -44.049748215191364 88.9461053920111 -47.64358825043169 2.6038835552964628 -61.39575395128703 -26.451177985138614 94.72063066306723 36.61607306134775 49.14614906699214 -23.184876751241745 -27.150134956195316 -8.209374993208371 58.06455918160748 
75.42098614490814 40.34510407157771 34.34269587376485 -98.96569786745897 -39.12579456331853 -12.101578343803084 92.96770962213444 87.94579530601627 -78.32497338847935 49.63431965125423 2.522916435529581 -49.014646329822085 50.092136136125674 18.74501550510044 9.585498486622782 
51.754369246141266 17.36709968376195 44.479162150285134 80.5440903089279 -15.349119259866441 -55.42173759158451 82.72522607778029 -91.5908613881962 -54.80582350349232 -8.683427163018749 2.1142395740002513 -42.396672896278645 87.93738649135611 7.798924582779534 93.53213756345781 
24.509682596733384 -80.23524025953697 -17.75719324719816 -34.75790868077905 -63.479674286126794 -22.225537206141183 96.73064559704022 -75.79263360154619 56.46199250558897 99.49817942057561 -96.22909713178991 -63.12498614826121 11.593470136993432 99.705793019086 22.428360946570123 
-35.65272847651097 -89.69198675960892 51.476973894333156 -84.00109035196093 -48.19982000877876 -93.64586575646557 90.66564484394675 -75.99005178134517 -29.35108857678344 66.8210962920092 -36.401756984485246 -39.03466664336934 -77.6677944100552 -46.29554172263863 -43.82054564974271 
-99.0039747751456 -17.93686964692027 -68.82893297476036 -61.39516865047418 83.9549788355657 -51.107359097303394 -68.70314500252306 -53.52091390607381 -63.83746128599774 48.135152943855076 -5.4852700777333325 56.0082737281559 70.86086410500144 -79.70626881495235 -71.41227866011917 
-99.18730886089962 -63.21229639455805 1.5362696851204163 -97.44455631207327 78.27575858122952 -60.51783770936836 -3.8539071212723996 2.3336105807787675 -7.237743752223324 73.3275987507316 62.774260410319386 -16.82893903898382 83.58377933017161 83.76354819934053 26.367373615297467 
41.14203970892976 71.49644765604569 -26.867436212968343 -95.29389845449978 27.587925733919533 -50.82787295607323 49.71905372474737 89.87877915543854 -98.03334447622476 -50.940451164106705 34.55482631245658 -95.79317360676734 41.470683135427265 -26.373723118971043 46.79472120185122 
64.60005523936672 -29.065955602042123 -52.65380011096621 85.09990487897133 -76.80503555024522 61.077789135593065 79.78638652913548 86.15252241226594 47.57148347970684 18.98932574502099 -80.25942875699022 13.583241894191957 27.839039593918685 83.70745263038134 -41.07977104719895 
70.15356491540547 -58.065189791316804 56.23551106571381 -79.76062364852181 -70.22473063999183 82.05197667435806 95.41321675755722 21.438342001517526 44.7465255424336 -55.54126534251323 -27.059743362052814 36.804812183666144 -68.54742060240595 21.756157169419538 78.06530476082375 
-23.877512201328315 -22.64929618036686 -74.09006062049457 -28.85630615736825 -42.90949949170011 -45.063040511932705 -3.9915861676044244 46.39489783987074 73.81498938939376 -0.6916872706556916 10.395298715655983 -33.371210507433034 -78.8211032490538 31.18712534467599 6.119735593885395 
-77.70765501535595 -67.92699787812835 63.654063073598934 61.96916107025996 70.76244776554907 75.69792939922604 -54.31294664079795 82.63568119093202 -7.618266146860918 82.47957320620694 -97.57308537456595 -45.31714507183084 14.183313958787139 21.250006106956263 -74.21607730736181 
-38.70002656839879 -74.64864643045965 -95.92687750188875 -74.76598598300959 -74.365263912115 -77.68985453005995 -92.20904355522902 81.50163655949788 59.52043027522373 -59.76393685864192 -65.53696400441439 -67.99663002782341 94.24188375008268 4.466370629085475 94.79220883992409 
-70.92541039021533 78.9283677523211 -78.58938168560874 64.75195235511299 62.79799468885457 31.95823276927274 -30.517239673522866 99.53352956052984 43.537357736888396 -51.65393008729491 6.665938257955048 76.75773782706821 -47.73058250828382 -66.58355472725702 77.2823437367079 
-34.320547279164984 32.00910995082174 71.0648297260297 -90.8609159674458 86.35104628664664 79.29241255210115 -32.28698560406798 -22.37292308202595 56.40915377716931 -2.45402768533134 -35.91715809574521 -39.27726604341717 33.63820075419997 97.55036494423575 -4.407961245039019 
-22.588109239484083 82.05272812163912 39.33565999694821 5.459473032653861 -5.50226829572415 37.12213996040893 -88.76360031853663 34.848216617198574 84.3985996080169 -46.28786699323286 79.04264301801385 3.973262761347101 -87.48677885031665 64.09360656628198 22.37386704072395 
-40.21942171487996 -42.48636168522859 74.78767661238106 44.31833905124151 65.35127679920555 3.0850950699004187 -91.65046619567889 -26.140477682861672 -88.90840382636765 83.42309882913932 -57.37376032252703 87.59091545208636 -53.97294332371458 -98.16414031762729 42.12653566713814 
18.925356979308177 39.80492193514823 -12.038241965413803 54.617041147730276 62.85984387643012 -15.290192496586812 44.7736615826704 -4.473497596695424 74.68306559816313 -68.62833779240472 -59.39327138903583 -82.22410418657245 -23.128296561069916 7.874072462470167 -89.63873797115103 
-28.801848018344202 65.53448455357432 52.0890204051926 38.46724406991933 25.025286286071662 31.254901406179215 -45.168602991700844 43.45758016615983 2.0733141571353 -12.986055244901834 -59.1857130653769 -53.69477432396237 90.26597751420823 -50.2575285818678 54.511377021416365 
-96.77211598271265 15.952149839956448 -99.24853721931746 -95.07968319288153 -21.5571188170004 24.839614554327596 2.58889418184458 -8.257109838415943 5.667974465365802 16.021865102887304 53.13378156445563 -96.80386054311423 13.129479065406073 -50.99783816284573 -24.175986582336904 
52.33159279347791 -44.79163668828805 12.395226722508724 65.29619430333568 13.79261004121146 -16.066471171161353 -21.869804784482568 50.865156840131135 67.01667002131194 71.15273910732535 -49.74813292598401 85.26704772851045 5.144516618460898 90.30490487045716 37.67791073612449 
-62.40075724190872 81.38786708067602 45.44157676877671 63.95801753963417 41.60863509252414 55.26428603778075 10.492296422211453 -92.24397457612339 28.067400297606582 17.80253949747231 -42.59683634959346 22.270495131545005 -5.811372956629484 -14.397756128886542 -25.67905056741327 
63.71048296357185 -2.4310074261273655 68.42448012684005 61.53298558854959 90.02753925453322 8.149610994199577 82.63512277705044 -9.949430886838798 87.88377582508164 57.8424134503812 28.202229840876043 13.735298122194877 -80.55147623795781 65.68399911326182 47.79655415768286 
-3.1316699458221677 -22.86608245250386 -19.533042095708296 -10.16756047347451 45.17706966252297 -26.210046997490608 59.0836484602944 -90.04671867797636 -61.16637773414699 -47.39453796781283 21.35385590023064 44.71018292941463 51.672624043994745 -69.18916787591539 0.12812676823308777 
-65.61953089604711 92.27143408870123 -60.91504587210166 -93.02430251777587 64.44893023713166 56.097929336882316 90.88405622471936 29.730631242275678 4.674170959281483 29.24277634270115 -79.38647953667599 -10.88639977168559 35.12963777888277 93.32865296020898 -47.15324866906106 
-88.37927577465368 -32.82329001041613 13.479399132520456 89.12702497264831 -55.50292586492749 71.60247833455128 -94.36815534221795 81.02381117394401 58.20294618502044 6.627116386082804 -87.04572367370524 -59.59353690429437 -33.871909284480466 41.96178473780478 -78.03458083800209 
75.07413500275098 -62.9892931830645 -46.23561036730985 73.15592766239783 -97.76329390107774 40.31603706064479 -51.03832273163711 15.07266301750181 87.29423917669575 -1.8027821771452466 17.8535577403826 91.5155577665027 -13.493449915241598 61.43798441520664 14.994614372103982 
-14.416526114850626 -95.03555106366109 -68.56698118137234 -71.31272866274742 19.185490681756875 65.77902650604176 7.117406701098858 13.565267206997177 -6.7047364603414366 6.012660071479402 -54.57629007130886 -96.39194788118677 -50.40859632093846 72.59245488928241 37.36658337143092 
40.51355859552592 86.61563021335047 -60.822549458452556 84.13592761585826 -71.87488302424623 77.97283488118478 -21.192371561076 -0.26459557366705155 57.230026536380365 -64.83527072503333 55.08813656161095 61.55705642262873 55.72563698530067 -22.699296503608394 7.963744310181923 
-6.152299017512618 49.04599240661517 -78.97958664558509 -50.18639209643159 38.64780200165728 -18.549622170453432 33.609835593988976 -13.61684687538036 -70.41019275749926 -78.0035664278981 -50.15972220431322 -78.53009677793693 88.4179287972492 41.89520619605324 47.52050597354071 
85.5473651413632 23.59626185158355 -85.10894105251421 80.4725613369362 39.080984203057454 -40.39103651807174 14.649135573823614 -78.01716257322546 -95.9695176577848 -13.842810673797175 13.068414895664773 -49.76434831048835 24.13273890119285 40.94471346847598 21.184972837721944 
60.30075335429939 -41.08431937869097 -75.61450140011243 -83.42657060885406 -91.40961811149245 4.042160056059046 -82.34351223529022 8.843155866627868 -43.179142011040206 -50.05345801188938 17.483652124895826 -91.23622386492585 7.2035282171674595 80.35377232939479 -28.550892771008947 
29.583346855353966 -72.41936741186791 15.775203282387778 -94.55914263896916 -72.03890013925721 84.9160026585597 19.69984477945026 -57.51099035679994 2.7128327051918006 -4.300389119416749 13.969790076349014 31.61683316224915 6.266573836529616 -15.393070426846052 2.8644760795501583 
25.358633413781902 -24.353350384790758 -42.45756018623881 -38.992760353358655 42.32476914873092 -29.115922537815592 -97.73242948621981 -56.520489774751326 -65.32189413841928 14.279935905918961 86.3789512976254 -90.99374079817437 -90.27126738296101 30.47915661772751 -61.34555873710661 
-11.203275039488574 82.30825439896955 -19.66955745006898 30.989471521300402 11.917027444528557 55.19038994736658 49.45505450701617 -18.013111754499974 59.863090994008985 45.64066917698966 87.0497451570375 62.060173572584915 -51.31311718621028 -88.79898070169155 74.96597673541376 
40.157293927964986 -64.87810835354978 96.07351459580835 66.24138697713192 -51.72009501605827 55.70716188494683 -48.96526428514498 48.4864110833951 8.105574667066577 -20.42280875690352 21.62710038167009 77.6274980385214 52.700096552966926 -81.84900543330457 -6.263403127127205 
77.36824770880148 12.469404554927777 -74.62390942469278 70.4100673006551 35.73491288557395 -54.54640869744638 15.896740282838607 82.57766307084296 -97.39518685120565 -64.4886887534596 25.442312091488944 4.916407800780135 99.16206883568418 -74.84158604948827 20.956733039925112 
-9.10895848406004 10.886946195857746 -24.055715074804795 -21.77166239829576 -90.40990903640873 21.187189024995718 -40.97198774155741 49.763903320209835 -92.90436792001957 29.325231575132705 -71.20838762884088 42.919012552179794 -15.661078802675021 43.812731680361026 70.9780350999045 
-72.78506205909183 -13.360448549367774 98.81207994639107 52.99924189336994 -14.378266945910354 12.862211683597423 -78.61255215557998 -75.23684226534608 -37.63528625421908 -6.460329506991869 39.90351088696369 1.148184490346523 -32.89656145098601 -29.016222881424312 -83.50585828515929 
-1.9166114052690233 -12.161830873183916 -42.588755849295666 -53.90760456447661 -56.61269382353502 -54.48020837519654 34.75257240466266 -85.76965197226818 -45.95051372951748 -15.991133298936973 -12.536370565789781 25.083195760962738 -57.15141562168486 -56.08519263320986 97.53247561401136 
-83.17165860268648 -89.681241349387 -82.18066458073136 -92.82854711588173 -85.58031486233524 0.42784284490842595 71.82345603268578 62.45358173503038 55.397196771506486 -82.25778769282664 -57.276037852258476 -98.92535523782018 -44.40418250227267 -3.2575155216309355 29.194021869615483 
-90.77376311818553 -39.775216846946 9.024961367641637 -36.34575082280238 -10.400869840870854 -70.27081038517619 -25.24563358456355 -98.27625267368552 -27.35410586906309 -54.825155857549454 38.966972947393685 40.71130029058878 -38.167181408405405 12.259776296157682 -85.48699690127151 
75.2477336865175 -41.62037239632821 -65.06983224116033 -12.526600422843842 73.94002737995973 80.16130821037152 -7.489959630089984 -59.28283977019719 -20.11797851058141 67.29067055275749 -87.346228692124 -24.935981426037742 -98.45825789538434 96.93311733830424 -27.40640473405398 
42.315103907747556 44.025474419095985 -47.620186895663494 -43.07897481861047 34.07654578258254 33.184599918501675 -74.96614022958292 91.13399892418676 96.39188063369048 59.77562818376538 -72.36203992364977 -50.81212772500272 86.2604346527338 44.59229298431043 -90.25398254563557 
2.9081673005411517 -73.9276024078689 -39.750877667312736 -53.208337510743945 -87.86117304373997 -49.315932721127176 -18.709527385705144 88.69460369360652 16.46529403985126 -37.1879600639059 54.20689053295604 15.70535321951725 30.222837392601264 67.57427333826334 -1.2686819614867346 
-95.38918759151692 15.277437383274986 -8.290873317559459 -54.21273184224131 30.821904112311216 -78.71343996687628 -82.32472341775025 5.166085314578339 -3.2627170186669616 13.18132323639189 98.63269747488332 -73.37158188038458 -61.46978329016031 -32.67606371631497 -87.54283879126261 
40.170789278148476 -67.51172036585385 91.5584974099919 6.255160530725817 -22.261235757262426 -91.76493981475238 82.30782459413695 71.18431408892485 -56.48071607320133 -61.345424086219566 60.45270741576775 -27.56369008565143 -87.67414635976428 -39.430573453430064 97.02135782351598 
-60.994778392262305 31.970894839575777 65.5293028167751 -9.473587633475205 -82.35184688385266 -74.25726092109844 89.49913208988326 -61.17935091068123 10.237607180839731 -7.173983753847793 -78.87168709014468 -25.5339984338312 -10.84240430006544 -13.17014075732223 -36.326434518027575 
-45.41930226580575 -62.747012751791885 -74.62676397322628 -1.846892806797257 -62.54408871776238 11.55713132323055 11.248248903177057 -82.63911454501942 -87.57015065768788 -49.88418992914907 52.23207075345752 -9.07412225424568 15.413628015177721 -24.019493912249217 65.60727344471559 
68.74739333786974 51.946948525113925 24.44839244008024 -90.38518052687756 46.71359823991713 6.262679818750144 -83.79906188385775 11.268438228777896 -20.412107246560225 10.033943474972773 60.95929277063436 39.846559519905895 -56.939025131611906 -33.73511501301074 -87.94645543663322 
-36.44603727257045 31.766037388353197 -5.567081887875801 -52.86091813715752 -41.904850599569144 -27.41593914593936 -38.976252531393854 -37.09989682401715 -44.86270406762407 -74.03494585498595 92.18314472603413 55.4509453989387 37.63090947786216 28.742461541470476 27.758113106019564 
-2.028524675531358 65.56644168687293 77.43766556631451 -80.391457843433 -53.75087974214843 29.17602471796522 37.906769018874854 -6.401909569819637 96.16686055306852 89.72714001399694 -3.8520276266900737 -57.210982842020066 37.580645941818545 87.92407812921755 29.236557871479164 
71.34071032315532 83.0662424260353 70.87632740629428 24.04391800901429 -71.50265438641901 16.510797260533977 -47.22996329283251 65.75947473389994 -31.479116277398163 -49.45850599490964 91.90509283286343 49.40820994134509 9.389744170948305 66.10066750008048 88.23824248511178 
-41.162134061944734 -66.76242924483842 -54.24307428768786 -20.546670848512647 78.35761924363501 93.03344191942867 26.99478096227044 7.696796902774423 91.0003555407531 51.54297236992818 -57.38197024033818 -61.80274031145638 -13.307619080512524 98.56423373907555 -42.01810779125945 
1.6573239029332711 75.54323442906653 20.379555247281573 -58.71990591028098 26.750532369285224 -59.12912825501457 24.778576915310467 -40.45626903539734 -5.530420314516007 34.2512008544368 -21.381034646968544 -33.80458651244082 53.55859067863739 -76.51297260647249 78.38866008268332 
-12.128126396396397 -78.41472761474026 31.578601171983223 -62.61050483424246 -42.34258279228962 11.450714618332 61.90893371837382 36.53596400449439 33.14433468658956 93.88328169338621 83.00603030488602 -27.501029399517634 -31.02647662399545 -37.033564968593645 -16.417025690352332 
75.05680526355229 -68.75337080172929 -0.3053725177342841 24.104236407065628 -16.08777882607643 -92.1345258505629 78.50334123890889 78.98005557923682 64.19645295761109 -48.5998082931748 5.643057490241716 6.504634338443822 -57.932128498783996 -24.378522678745384 -66.48854513120276 
77.30260940703616 42.01677989628402 -77.32601966871557 80.64000985378587 -21.445899756411734 0.8161807683731581 -56.446708981564456 23.448260275352368 -8.49517399886291 -43.538890698113384 83.79375187852213 -34.67120621398567 4.867802909479167 -92.0461316291298 9.599989445195362 
-74.77601713919348 -64.52518792327743 -66.79562500664639 64.33680177189444 -24.530808723546315 -23.184564687399515 -9.46829758093945 89.80837997846612 28.522368319040595 -69.94200019241181 29.312746758214985 -88.66560210741787 58.87042156374747 8.106731593953882 -95.97586864337597 
28.988018845113515 -89.98692623865003 54.44210231947528 33.88528203035003 44.518194136135634 -76.11254563111522 42.28383023488743 72.73137583072099 36.25635338331162 -25.685626229827903 -58.628766672590274 11.941199467425761 52.722451964288496 78.15228166664511 30.309252169569447 
-39.490321478667134 77.10552894550548 -15.581599953349624 75.96131701343299 3.0840390954685972 12.110590266003939 30.697002902338312 20.37830743123648 -53.49746762157337 15.98364050757948 -13.808415871431066 -46.51140662123565 -44.24040448784625 -47.29508218110983 60.48272190607824 
-47.01237623858772 76.41555228026868 -55.106966090355634 34.159098720664815 99.32834548376931 -94.96194061161867 90.09652331152984 48.138646302659595 -88.52131299472754 79.79064461804322 61.0554200943707 44.93987829916753 63.91764147877504 -62.85358942795776 -12.46158699058968 
-82.64191640034575 -81.03711163482345 -17.694979308524324 -70.16375447329521 -6.041491978038451 -76.82103486450416 -8.0918262717325 -36.220700403661986 24.806805232724187 73.50050075875032 -35.85933496469093 94.3626070128152 24.767204243148598 73.90181268944164 -42.079459025792445 
-28.110879171952675 -57.42690869142684 21.413658965205016 -97.95926395140609 -71.39142958336816 38.28842386853134 -0.36375958826934607 -83.53748440256422 57.65897801363744 -50.9978062287161 -25.487217725067836 78.32804258828475 45.37035667352333 -53.93731669287132 -82.27923701716813 
1.7144544780362452 -74.97585388134837 -84.60313213712722 -33.6646244294019 -43.78004541135976 -72.17869675195365 -64.82320039900999 -73.79621481872512 -10.12310067774844 -66.415823267105 -45.268147757423584 39.74522792017294 95.4949072180973 -38.99280133407801 -63.96067259626213 
82.65263550087906 16.333225764806002 -86.35420532053178 -72.96084034235508 -5.535451234325308 -31.17064990579499 -85.56974801289927 -17.541882886376087 -85.35867925301892 86.55959251885852 -1.2909837299581 -18.511047015071696 -43.41107986591495 96.8840122773677 -18.21456470214875 
-41.0683484387127 -54.424806715390936 41.79831669901722 38.69475328236166 -64.77169732604989 -28.495605309729328 -67.94963053712507 -91.87571599013609 -66.43873489113204 50.22751089717272 74.87057815956487 -65.53608996569449 -33.43445695460173 -26.78456745538236 -71.19870620188951 
-84.03254983727003 92.32204895505694 33.17526442679076 -22.930190549802944 -13.650570348763807 -50.27937398146831 65.3631051479095 -96.95328316327138 17.167274215181266 -31.453444486814348 -74.41762470279912 -22.88629481433999 51.19808598894724 -52.892906067792026 36.58806401393909 
-48.25547082110246 14.8774962096643 33.28118008365732 -48.93252726524726 82.14640319002265 -99.77791237967526 35.24796542057345 81.58413348339363 -43.53943614132203 86.68058683418892 -1.4070914830516301 -26.58341576935463 14.866734753639776 73.51324257767183 -25.71920098304399 
50.455822137000496 84.2148809256214 32.715698588936306 -17.107712024597802 10.428514726177852 14.554827234481621 -44.851005576997885 97.05392208315891 69.92479324613697 42.960269717251435 -71.24036265462871 9.02131752065543 -96.61142570373956 -57.318462777721656 -68.06319919935473 
-15.02560355392086 -81.68068442525845 -86.01182645541078 -75.38440529285005 -1.0336091119964408 -69.4236688408824 73.69525834192251 -52.53256697274662 31.843713303715447 -53.63501390705905 -60.27097207184513 69.49857436579381 -49.26054543445431 85.33136821388348 -9.269308966852677 
99.49622299898263 -87.05031988554302 61.75124101802268 -49.50079534486345 21.14675845864636 -44.96856183002534 -63.31312078678144 60.262543527347844 -12.158685014375294 51.16257718001637 22.322872151303756 77.88446859389597 15.740286161371131 -85.41035961052398 -68.51854392038199 
-17.40724097020707 -26.236013684281346 -12.893555165540647 23.32326138980234 69.06256843644053 43.77886563781351 -68.75689875187226 55.18881165959465 -92.76470169670219 -70.23422486498198 21.862146301258733 66.16418587096581 -29.68330405467057 -73.48002391741065 54.199108512178356 
55.048442456594245 -97.58660392849643 18.746444706418842 -92.82538021997297 -23.84184088088294 13.259740492916023 67.71797018137545 -86.465711287511 -37.12279896145956 -29.24118314926669 -61.99108997617826 16.373422739521544 90.09974478987093 -76.21891009987824 94.89352825099346 
-72.63199310573678 -99.07378076955578 96.96262040586748 7.680801010464222 98.47814304233503 18.397807508963112 -59.59707630810125 86.90098595058106 74.77482547486073 -20.064379919858922 -98.54441295307635 -97.55187079252778 -76.89752476768072 85.07458804455902 -91.38213864968576 
-47.65850736743813 63.16744707550632 83.9796740471916 -3.842331750505508 -88.47518309160982 51.92335571277573 3.4258613162463973 41.41734726585457 -32.82005408723873 9.698960636768433 64.56433656960024 11.887890301537183 76.41161569007312 30.449455455807396 41.4219141310858 
-88.08649785701161 57.13215461901282 -12.805721420130496 -56.466985676991555 -48.21626839204141 24.91370643957947 14.937577200014516 98.77014595517238 39.94943203997687 9.129765260087524 63.74730428482653 86.60658120900061 66.44115625964685 84.37872916952901 -64.72630389801448 
34.92695246341518 -4.412468736496322 26.9674194467798 -45.610401508539056 -36.18079906511866 -42.538443906464174 13.135669737913574 -34.15614571562658 63.251543821510666 -65.86899559639967 66.32895778020696 -0.39906463010434834 40.07121482539188 55.11597690953519 -86.88240139072172 
-14.349226860000925 -50.46825552076608 -50.70913806304658 48.689365281920686 -13.634493990833477 85.02914219483006 -89.59645970142458 75.20296102861653 -68.20730806189235 -33.816146195237295 92.69067579881238 84.11042652781734 58.544815774752806 -94.97201142863656 -52.93881421612912 
48.14841806751545 51.11389808121254 -98.00966736190355 -56.97731760515368 17.61513888370507 -81.96082041366293 76.18841567591542 -40.10045915230591 -6.097213338982854 -46.80867113196974 66.58099273563832 91.24475704975418 17.657486870207123 -76.2223505526028 -57.50365056544018 
-97.43695010803661 28.67516385502111 -1.5048531573490038 18.44604251850639 -67.5660899103234 -46.13724400788157 28.867085049640423 -92.58744499532374 -58.387911470372586 36.99848628079701 -78.99536217709031 -47.458437384857824 63.16470128664898 71.86921373696066 77.58050637574274 
81.34810044178113 -51.03969613327413 -51.391054832841455 84.88984307730055 -15.61094921957067 -67.36923321741986 -90.91716726174369 54.432545360025046 40.9773610837527 3.4944454196529335 58.8840633739282 -81.19713777624331 38.80708542580763 -72.41770511657266 -92.34349388911455 
-45.268838408281795 72.20011398961765 30.618126035167705 45.509887066271716 20.96361166923029 -13.012459196842102 -34.3543697404921 43.466955510102736 64.669618807781 41.16173620889546 -72.08737748139899 29.77664160976306 -89.30065228331658 -60.11388215225273 77.08275486723088 
-5.258953700365666 -18.687612138147756 -61.22497015366082 -45.516089251175096 -71.62425950586533 23.28786493825325 -18.64288080665635 -28.074229464527917 -62.75881968153845 -12.14548052948767 -2.3543228907767 25.08220353748105 -21.28888312616928 -59.66880246566322 22.997072531542642 
-81.68649306145232 38.55854678297783 33.79036773764611 -56.23703216581968 -22.81696592303122 -69.48799266056203 12.417385161239622 -85.9252954587483 45.117053610558514 -68.77867885147076 25.92853902055694 68.62600084642938 85.87069223067581 -18.474999390091426 89.76348384115846 
97.48147818987357 42.7033469054235 87.7792889528667 -46.04683302453883 -83.93546221192398 27.35466448125831 -53.17050886675687 28.524220518855998 23.040211872956576 11.702900509942452 53.37928279518519 0.16473806403556068 -50.373662502321956 56.30679004193405 13.800735213620243 
93.04648985775412 86.18698312895563 -74.02233153218174 -82.93013434138498 -92.06508602121448 9.197170464230737 54.62619446358826 27.74602647680075 -45.79861035779545 63.7584398909419 -51.54615695357299 24.681199788106255 25.572678794808027 -15.789700927222256 6.727532658748132 
-50.61311378352662 50.10611133143007 -34.15527897307038 -66.2564569304868 -74.25995443050525 80.53188925110973 58.107279625947285 -92.83784289014424 86.11323018316509 -33.69562456286546 44.035467230055815 -2.114681545364718 -23.640534600295666 26.917925600080466 57.79365382789362 
29.780868374737082 -2.154389406542222 92.52024060613937 78.487297301317 -84.96913535674746 19.28377547507094 33.99034851204081 -75.42121119556211 -43.33823677940296 68.55657394381237 -70.35756722098924 -27.686908245481902 -86.18733112627423 -35.81069571400701 -4.806439392307425 
-86.1420095739034 -87.2820056293496 12.562742058748626 70.6684163112916 -11.008352239120953 -8.73340353238467 -88.32121139053082 28.545130072769865 -26.343719515108972 73.24487468479504 -60.471981759225926 98.29873944124091 -3.520107393690509 -95.68107082960815 -51.57361719042788 
16.002194479344695 -23.28814979593683 37.123148589712656 32.94142281271937 36.83934440208171 -78.03930101588875 92.87902203695393 -89.11485869058846 -27.645355300279405 -88.59257254705042 28.99296460097537 25.955551464685442 -1.1616451733134454 90.92684705250247 -30.879653358961917 
51.052021726135905 43.86640186701527 43.397689454911415 -22.204150600125658 68.94838273034765 95.69423615825303 47.62102553989547 88.56225816669502 -46.00447870069932 73.89002334051361 42.35474614341149 97.51143900312104 13.568929620253229 58.96578700283695 -16.509936937203733 
31.017285665722625 33.319108917049846 12.861011345126585 62.55526671137761 88.98970798179107 64.0952486964213 -12.180128905265192 23.225585746359357 -27.4806680883531 5.776051935508434 17.397926549170734 -42.622129952190924 9.012855124167984 82.62187730614795 -90.6954964270881 
34.784359769400965 -78.08695141304496 42.39076385331643 -90.2802099867245 3.8654138454064793 -29.655036451801124 89.08828446911284 -77.4902848713916 -21.84629459760903 59.91006682479801 50.24121298122719 -44.25400091265712 -84.98432309876208 49.44536715086562 41.369007539346825 
