-1.1324669842994823 -1.2284350796744639 
1.2948890308133882 1.5154871750176906 
-0.3333422802023294 2.246258500080123 
1.682539895512268 1.129854492971752 
0.3921136313155057 0.9664530492947844 
1.5325220579283743 0.10904774453361449 
-0.5839560191041347 0.07304394059830803 
-0.6916536647447085 0.7054372288501162 
-1.8795655506357618 0.5766934544672361 
1.1785384690237708 -1.8806166771913695 
-0.2878822400827731 0.638298979118398 
-0.4478667455177866 -0.0013744599049838207 
-0.017004230623973722 0.7564088502317212 
-0.3758046120662596 0.9662586660407961 
2.4077861804765637 0.6505388144243685 
0.8941132260874559 0.6568583827776105 
0.5563762391044524 0.8227700249496767 
-1.6226535546396164 -1.512918361613822 
0.6522346096856351 -0.6837017941351641 
0.2088891253881705 0.07310653621133725 
0.4155446092135835 0.3137454963531772 
0.5466167110325225 -1.617406652622204 
1.6200737821901137 -0.21269249728101153 
-1.120292196894352 0.9333628876460315 
0.6037146810404482 0.16260460412332015 
1.594528699799142 -1.5485635228078998 
-1.0690763392334912 1.0603278345516554 
0.342817986313438 1.211964372817812 
-0.17088845737686165 -0.2438832055028428 
0.21606930352597023 -1.4503626689233384 
0.33930846557227645 0.42165761579011984 
-0.31681354600373524 0.2904790231314873 
-0.7486784924174402 -0.09954471490022604 
-0.5301021725915672 0.2229223266289525 
0.795982990772071 -0.8824412546612163 
-1.681746146719723 -0.34259268829694234 
1.2951030215021369 1.6123889773356042 
0.8957825008506118 1.4694907357625588 
0.45834682226880474 0.5560276292495888 
0.5120631314708657 -0.4994833437615717 
0.7548659096932243 0.5816304019633411 
-1.812247638004454 1.4508583049633001 
0.23653203938941894 1.2751316124846257 
0.4274331477213435 -0.20453531793655041 
-0.7444078694400185 0.8117125005729704 
1.3767202977954058 1.524395641845788 
0.5654942289626846 0.5089856188478847 
0.12234296176839252 -0.6531880496149352 
0.8467496593920757 -0.028704275828521766 
-1.7442262162310578 -1.6161279528434016 
-1.4604321923281431 -0.7968649647329052 
0.986218215302572 0.25721538560945856 
-0.02872048285348197 -1.1636968130822207 
-1.600221105822643 -1.2321678705407961 
-0.7969591784160993 0.7053280301373199 
-0.30478608601838536 0.8678325047349719 
0.9621358537955054 -0.5925264735561444 
-0.5427974597868395 -0.15329570426352557 
-0.2888408772076335 1.1028523814311022 
-1.355122859454345 -0.06454463867188182 
-0.6084696236805391 0.3414668302486445 
-0.197338973999038 1.102122945440341 
-1.0387515155809253 -0.6990195765681945 
0.4639307659248932 1.1309808651412177 
-0.21336832133958802 0.023712011882539692 
-0.6369162704211285 0.03258599224492325 
-1.3083959194195018 -1.2604421764121048 
0.7294597131546615 0.2776121202144586 
-0.7872164202827392 -1.1921734629033687 
-1.0139379113205285 -0.36377174833232406 
-1.0768526642993068 0.3327366726685382 
0.8040094085555131 -0.013885952073950552 
-1.5410833959119108 0.48627621913021435 
-0.49011573368053885 -0.16236506901337264 
-0.6587635833723586 -0.7439467289057976 
-2.22667345119529 -0.029709312692597398 
0.23826878909838364 0.9336016074643742 
-0.773102015767443 0.9822601120782936 
-3.0730030551279897 1.4269831580410206 
0.32361852286690124 -1.183822926489348 
1.8558567398160508 -0.6708660247627921 
1.447727556708014 -0.7034413806804541 
-0.16381753207205202 2.528359540772327 
1.4653252440668758 -0.5632666569459298 
-1.076123841934026 0.8537930057482875 
0.11575413221270199 -0.605552267600691 
-0.22983268881289914 0.4325297246098687 
0.03953561469116405 0.41863743077759596 
-0.5768694427544538 0.24456283769637618 
-0.6103070618568508 -0.13293657170270282 
-2.0286363475106617 1.9615795580017612 
-1.3872480214721983 -1.0378937807904196 
-0.10949948780721379 0.10771158629927524 
0.6350800625796914 1.1897431361118953 
-0.3316829254511629 1.7413876825975556 
0.6200398044217034 0.33418668183847755 
-0.411366904704441 -0.9160421587591813 
0.35027673147022836 -0.7239934561756026 
-1.1953600452733506 0.721905649772272 
-0.472211951900034 -0.5330695988548093 
0.390028921937919 0.25851259342252947 
-1.2473415183289307 -0.3336841949943293 
-0.3353787141338331 0.4631376402221914 
-0.46239050089155115 2.0031511672931823 
-0.8286900519136818 -0.3862927033662372 
-1.7306981347608963 -0.615277612584288 
0.4284356279387963 -0.16624546079868388 
2.057897706209813 -0.661369438216054 
-0.04202009565999461 -0.8824246909786571 
-1.255707631292582 -0.06592311131774309 
0.4067183421779726 -0.47150557539241217 
1.780758184056861 0.6221175625205916 
-0.311634915996413 -0.011436811110332571 
-2.3218079381489503 0.7414898769393147 
0.8685676194954068 0.2680193792039989 
-0.6546097037561477 -0.8122427702722725 
1.9567100165758704 0.9953444054645715 
-1.2357426707482946 -1.0332699498416344 
0.02262373885897598 0.09735494186338248 
0.7334380436125586 -1.2353592603570618 
-0.7906728077238162 0.09010904898228267 
-1.3915682172054618 -0.3636716206707423 
-0.8409293482833042 1.9440681483431976 
0.15277976766511445 -0.04537817369143504 
0.4719618712747589 0.39163917730564907 
-0.12055270941052805 -1.6551139225998361 
-0.31210607772792404 1.7305021654035921 
-1.3420328571239193 0.7978154280221819 
-0.020913107874466513 0.3333277740613099 
-0.07839715506431343 0.15002348675665186 
-0.6756427133716059 -1.1384399709101107 
-1.292669427225889 -0.7172794595565744 
2.052187232720012 -0.3817341448818521 
-0.2793700755194328 -0.6976433770656377 
-0.427431439223047 1.6799344503170295 
0.06418794501089875 0.19079353665764234 
-0.12869650093345286 -1.2185358045599255 
-0.5952408365949979 -0.050363442043174805 
0.3917568631068102 -0.46147996257652285 
2.826985630206465 -1.1756396595951872 
-0.4325679593560068 1.1340127102668407 
0.5093961484936331 -0.25911130762180257 
-1.062666819792689 0.9786691302996935 
-1.9746783042121503 0.4415023069269937 
0.49104724154590973 1.2882553318565406 
0.74208135976538 -0.1367257465234999 
0.110982179249145 0.7866020900213111 
-0.3290527198907752 1.478880110302961 
-1.2264372687029295 -0.16603530663310423 
-1.5457257721723363 -0.35649433873409214 
1.4357425757463382 -0.21544241110200082 
0.14804024214379774 0.3794810807900389 
-0.20948480897224414 -2.3821022929062345 
1.6440005548961203 -0.8090356425764118 
0.5894490201100736 0.8100176554092141 
-0.1212488923473423 0.5091563592730265 
0.16694712071600112 -1.0901678341302736 
0.10437756917321253 -0.7560485870637693 
0.18598884452696068 1.2275010393038435 
-0.2908860249439374 -0.26899321634648876 
1.3039101215672921 1.827818227371902 
0.19670431678491263 0.3359793338710882 
-1.1049600829609916 0.4492263133947336 
-0.3519032141668127 -0.9605059513174778 
-0.14187736399231204 0.14518163062266062 
0.5796598927687115 -0.4169860601898888 
1.2771075481977385 1.7565808456743235 
1.9182691416656148 0.5126392123442242 
0.7719321269922287 -0.2993369296923321 
1.506386845576516 1.7389967724226385 
-1.4361570063422568 2.285352906452446 
-0.7763284484750436 1.5451572242018659 
0.6480742398577042 -1.6316851764255138 
0.6215778211606434 -1.7164588731105315 
-0.40539546042546526 -0.2702480474570231 
-0.9324637120176376 -1.412613626968596 
-0.8726905972169899 -0.34081593848169645 
-0.15756709034016853 -0.04891871365108353 
1.4886919545147677 -0.9246451654371507 
0.09101963256869341 0.08403835656189183 
-0.11699679320534431 -0.0812000269903317 
-2.7187894352911135 -0.3054778217244611 
2.244162751253505 -1.3224903579781584 
1.4864900117215056 0.8286821360063297 
0.10639324176810575 -0.0591305728764761 
0.7054734414544293 -0.09198459769277492 
-1.9739849486806897 0.5104192351118851 
0.7689313817726989 0.027621223453873963 
1.4338683888850456 -0.7851807903565252 
0.46381861015802334 0.8066586256609338 
-1.0478442591487964 0.5603727590459651 
-0.9407958939845448 -0.09010909913965119 
-0.014192438614984973 -0.6786048892089377 
0.31288280167739685 1.5095840334871875 
-0.21796371331478448 -0.6469729855478682 
-1.4906955850512755 -0.7366233311409717 
0.7812118543619893 1.030858134961151 
-0.7639522594179874 0.17490259338812744 
-0.7549955822032569 0.8692334529936026 
-2.2780404364324403 1.1655043595146972 
-0.3095190674486554 -0.1001285222168702 
0.4889416011748153 1.0751976917061274 
-1.2077125004985652 -1.6293229464675754 
0.45184044909898535 -1.9240380731343731 
1.0626341558421417 -0.48276442701547523 
-2.1792982082893166 -0.39047259812037743 
0.021545745871181344 0.26174403430959114 
1.1080788099309815 0.33690243128810876 
-0.8130344173403178 0.12353027723651788 
-1.8198176220244047 -1.7610214281309529 
0.11511407113975201 1.1656766048734144 
2.0167768709796903 0.8863394771226931 
1.7461997291943843 -0.9006488562015578 
0.13767460808170365 -0.6021964586020839 
0.8764736718847614 -1.2967434926641457 
-1.8542043457737576 -0.7384272760239853 
0.16257336286431767 -0.4330561617324982 
-0.870174998298888 -1.3034325011944758 
-0.20611619658928695 -0.8043296936302149 
-0.4215298272623725 -0.2351558908315336 
1.3191907033340051 1.1315559423434667 
1.744413447471295 -0.6644565506490654 
2.3746480152992655 -0.44271935985611954 
-0.8357957790290926 -0.6782135124323427 
1.5999171445011187 -0.06721194754011238 
0.048213237123368655 -0.26509660086299847 
-0.7447045025071414 1.2116906455331464 
0.1795447044595448 0.5735045006609365 
-0.2798648036527592 -1.4993270893060928 
0.6828170946973923 -0.5053598359538526 
-1.0916187524903274 -0.48680160657056903 
0.34772472645210784 1.6741115767467625 
0.4956000185187482 0.12384617880787858 
-0.05368625688760832 0.527690279089774 
-2.0842041135979836 2.133117130796534 
-2.901348062742044 -0.6945211691215993 
-1.5520821182788431 -1.2879071403611628 
-0.02373798974379665 0.6835271949625944 
-0.04306964158726913 0.18999402301483712 
-0.5899250617795614 0.5062587155790447 
-0.13239833064442819 -1.6699441340138053 
-1.36248668569476 -0.16012759744334193 
0.9898119511297225 -0.5036129469814551 
0.5669574104099807 -1.9635054621919343 
-1.4110618880782504 2.9704033579121374 
1.1674717924042342 -0.9508373533107547 
-1.2901359972058426 0.22443916952600226 
-0.7587912399830327 -1.201680050461422 
0.5794260636806594 1.0072854471201298 
0.49022165444891186 -1.5223747073257132 
-0.03942852855514361 -0.30420879472203555 
0.579432551096436 -0.4929526952454054 
-0.743835168762515 0.009451133937407265 
1.5211236573172027 -0.4335694541536631 
1.787526555473088 1.2522702181811451 
0.3013378865566975 1.548276020924585 
0.5459852780936906 0.8429143868881293 
-0.10239025979074227 0.484927396799669 
-0.28789323239773434 -0.26832177740026547 
1.798492853383115 -1.8407886864966927 
0.4433717662759289 1.1164710838788572 
1.3287114161159523 -0.7201540725905651 
0.24281275915539827 0.21673328087137775 
0.22990030036873418 0.8661848991889881 
-1.1563371340129314 0.15507584946117076 
0.9368341120744761 1.2684142872155948 
-0.15927101874687258 -0.3664418452489729 
-1.2185695862597388 0.9904950578922389 
0.4570945265049367 1.2830410852542407 
-1.4409674179053167 0.8903229613515328 
-0.30060634791432844 -0.9122217579422687 
-1.6075522935975175 1.1500067382576917 
-1.5566704881477302 0.290359227783646 
0.11931589228323193 -1.5940209190659707 
0.5449022336894537 0.6786079880052008 
-1.8864658060995567 0.47954467527645606 
-0.8886967836411197 1.2380969634673618 
1.4017252003371952 -0.6119163383627778 
0.6274960673433838 0.3927949496684091 
0.11298796034155041 -1.3122015648008682 
-0.5496019732189215 -0.5450087134590105 
-0.4597184798758241 -0.21420302118839063 
1.8176321874589676 -0.11512888386363102 
-2.82737522090077 -1.0593602348768305 
-0.3851622215655615 0.09865394399790364 
-0.3798460362679298 -0.3865824416736868 
-0.8223229500679954 0.415097633481372 
0.7335160167930398 0.05321692267023852 
0.4675099672233231 1.2232668008617884 
-0.5872133879239516 -0.9191934374159758 
-0.3432145272490119 0.20997787554079894 
1.5809198111961174 0.019418239891063067 
-1.0194008772324614 -0.9955395904061282 
0.932916087036745 0.48382196492737695 
-0.2522075982800473 0.38776346546444246 
0.06344039443768779 -0.40812956531650807 
-0.756108420924677 -2.1672750380706542 
1.628219015775383 1.7803779388798797 
-1.1130037219585094 0.3182291470412958 
-0.5771369873515496 0.43708174895837465 
