1.1773983473630216 -0.4616098727106374 
-1.018074117471699 1.94449572422147 
-0.15231437843797777 -0.2449718767889755 
-1.5753414485172086 -0.3099643061679359 
0.48598222271503533 -0.4446323570820282 
-1.0294032569367233 -0.5658660131418254 
1.1553205371282766 0.17042784301772027 
0.6104525550664243 0.21535468024026075 
-1.4043811678972729 -0.40538427802178834 
-0.1367194044567678 1.9034652566443562 
0.18589873897633835 -0.1811556754473072 
1.1541885204440545 -0.01998697042512823 
0.8561575889873208 0.09437250099241284 
-1.2407435155133613 -0.41611647582893974 
0.7415603635232871 -0.769748225707467 
-0.9744629468961963 -0.3718151419026078 
0.5886665048474845 0.8941621743615038 
-0.24502674968933227 -0.21269315161496474 
0.18119364143534172 0.5785800855943916 
0.6434399007416433 1.154826493759701 
-0.6102377223139116 0.010384337348482866 
-0.2886502154625552 -0.48304356813726684 
-0.8778525262089458 -0.05465852461589076 
-1.8154109209368614 0.7097921735303563 
-0.11635632790668267 2.184180125754339 
0.14399720161559185 0.22624915598395068 
0.8121829798848796 -0.5961697323913577 
1.339906006672116 1.2918228882298568 
-0.04018034634285182 -1.7450792191020958 
-0.3841914942956938 -1.1586899873472754 
-0.7117159338906146 1.6628999803560742 
1.0173673710898494 0.3872716585682955 
2.445587324358456 0.17764084776854197 
0.19595008539123057 -0.3623139319297071 
-2.5104564312900974 -0.20882990718453856 
0.7142427355362212 -0.153238973204915 
0.325594608147558 -0.5665803051473456 
2.0059913987251514 0.30243790842111523 
0.6473871573044478 -1.2125693605403556 
-0.23226227030057178 0.9028128150727663 
-0.21141964607535021 -0.8139820453763559 
0.09968759224092091 0.35647249248023066 
-0.7525534665578272 -1.4548720504609252 
-1.3462689896743931 0.23409677108453097 
0.9661263432263548 0.9538851838207912 
0.035277628602576945 0.9422328610147525 
0.3325364360918921 0.8875885812222857 
2.9761563594313576 0.8580249085280074 
-0.6435116541606637 -0.3389202784233556 
0.7163720726434147 -0.8684299741053099 
0.2217421237116865 0.8370751944780386 
-1.3226302221257467 1.5366981890256939 
0.7465183456202784 0.6075209337717526 
-0.38484749173593374 0.9780417363523627 
-0.4086217463993058 -0.3417480494395276 
0.6256985939971055 -0.6148066417577732 
0.18153333383049308 -1.41656342843709 
-0.4288325988972856 -0.7430242071031592 
-2.099781583751735 0.1014259831720101 
0.35312106650867325 0.32754289865957426 
0.8712560289655057 0.04169761949135153 
1.6839150777915322 0.3941897332187939 
-0.8974609347466418 1.3644780045778433 
1.7299047193784731 -1.394970005403346 
1.372109664735312 1.0639674875742169 
-1.0190074330546133 0.17883726089070257 
0.8424474107879149 0.6518507066463748 
0.8861360845778924 1.1987784279733533 
-1.315262780995921 -1.301362185449663 
0.2646339353708036 -0.10757661500490517 
1.5349653766259164 -0.2936160564751166 
0.8842804440337431 0.17975029230950354 
0.09137217125604266 -0.4028541215999424 
-2.3873091441974834 0.6947767966522167 
-0.11927395284881002 0.03014646879809426 
-0.5593469967131925 -1.564125170739223 
-0.18940406497269838 0.6779241758823524 
-1.5533582987174768 0.1714263806487733 
0.7489214136314499 1.407789792711872 
-0.622383750123061 -1.213160522300084 
-0.21915245347333787 0.4635959120639503 
-0.2882921595277039 -1.5688202581210209 
-0.342896625129132 -0.013035529762584565 
-0.023252564850435774 -1.0809012883007698 
-0.24795106524900629 0.9124046849607828 
-1.7017085672985062 0.059338969471173904 
-0.6785467159153474 0.06701620721566505 
-0.1729957586114975 1.408740702225461 
-2.2732154874457833 -1.7067496993960876 
0.3656015342988088 1.4661979220241694 
0.18733544445903394 1.144184229342486 
-0.27799031345497754 -2.154100498125761 
0.15980035363022016 0.32137784880372106 
-0.8857057716449316 1.5195629137711024 
1.6597635477573451 1.0451121432696209 
0.8768963381363757 1.4125299151144926 
-0.34342225678602184 0.8414453113974774 
-0.6157487265027658 0.4500468281013972 
-0.2620089431899485 0.35030265961136037 
1.2346581608064375 0.1308173740772689 
0.6637365099374172 0.3837472809803347 
0.05371144090328111 0.7875363953674537 
-0.4780168968981959 0.6275836330267267 
-0.5262048024046239 -0.0754526968192591 
-0.1383716610976875 -0.13543811125659358 
-0.11663551929351462 1.0732485899556883 
-0.4203073828259738 -1.3372566490986224 
0.9649036976248702 0.01981542026808397 
-0.30638930413355075 -0.8332501606325071 
0.3430266999149767 1.0781464719631797 
0.7234161662483889 -1.0989598196423154 
0.7470688849710839 0.7206358919241552 
0.926647297065567 0.16756145944116171 
0.8805648050364864 -0.10092253648343763 
-0.23070555701075943 -0.0969186730569908 
-0.8560679432200433 0.985567786712293 
1.3259905278859507 -0.46880103948675544 
-0.41132708575733484 0.15840443594257703 
-0.8834417952844874 -1.3247802709200325 
-2.093624949344689 0.06610450203590211 
0.8466248524097296 -0.15719862582638208 
-0.7158979570390722 1.2286443009317716 
0.151511663096901 1.4453076766558017 
1.1137590421304082 1.2992617970938507 
-0.7490341714956656 0.7782216392677366 
0.5923997560963389 1.635557069827326 
-1.0787431400687608 1.6143350128961211 
-0.2780512678052551 2.583206026753634 
-0.9298074362051917 -0.08836795674455894 
0.5400402225879477 0.10585990783722762 
1.6407932401152117 -0.8465413305133492 
-0.5439396954351862 -2.4045008826169765 
0.3175138989284853 0.2614307047628706 
-1.0176374378048776 1.172078866971017 
1.033161227832616 -1.290264123722865 
-0.11040773048257783 0.49570938351866123 
-0.12241480455182406 -0.8614156806049845 
-1.8190295551482454 0.09905448543118052 
0.9040104592256796 0.1619862952234792 
-0.7057552414302963 -0.693109032093177 
0.455112977202209 0.21239311040884978 
-0.877152573185801 1.2943371627087572 
0.13628253257736797 0.1208453466334296 
0.4825794941668774 -0.39230110861299144 
-0.1327359568931946 -1.142345179611503 
-0.8641948637539625 0.8865585223129544 
-0.448974111998346 0.9587326691234952 
-0.8445581705856351 -0.5475556448214092 
-0.48123994650744417 0.8459530115511653 
0.8447977001697925 0.08895849118998701 
-1.4548407210539753 -0.20649288867946197 
-0.186850939258521 -0.23699496473973625 
0.2603962520741706 -0.009221418386072995 
-1.1277410684906042 0.3218393896760772 
1.4566188987263267 0.8104827565492169 
-0.856908059016999 1.2419853898959101 
0.9845241596824363 1.103276120589706 
0.05132724067647841 0.9070382601732082 
-1.2898376302113108 -0.35264700455445563 
0.5130991940477364 0.7567290763225977 
-0.9077464384033433 -0.25846164156606904 
0.5735789601599295 -0.6448165983951346 
-0.4771467634251203 -0.2695282975256366 
1.0112292560575173 2.0756141087589115 
0.29408647002645216 -0.8346542577894182 
-0.9028333937119708 -0.02199478467588329 
0.8934519776901438 -0.2154242256040726 
-0.5595975610096766 0.3867951300546924 
-0.5506484754172746 0.7250712817339562 
0.7096447523189526 -0.3015854633548439 
1.045130219191659 -1.0165983867524564 
-1.3223807292345764 0.7104686865787474 
-2.1224581042848234 -0.8884438336342286 
1.7240880064528135 1.12424542148302 
-1.346043940927971 -1.8876929695560714 
0.5034646679710334 0.9642262335736947 
-2.510029901112403 -0.4110541242207621 
1.0085198919580407 -1.00231359066863 
-2.7519061525693873 -0.47717192510018647 
-0.33316390754681624 -0.8484042197836613 
-0.672503495842342 0.3191226511874318 
0.7817414624911937 2.01488151109125 
1.4598082914809092 0.09405078769946715 
-0.3622654141602739 0.3171645067024674 
-1.7189736206575446 -0.08263089799171021 
0.44711233135927575 1.498355994651709 
1.1236316991593458 1.172406434591119 
-0.68342106116574 -0.4223687103847955 
-0.5309072848871623 1.1162603271654543 
1.0305281537341402 0.36773887302035607 
-0.30265305955088406 -1.0914213139172757 
-0.4855256898902213 0.8299616395554936 
0.5410261432417202 -2.0903960041245013 
0.5720298880506514 0.6778877175063998 
-0.3579906074366987 -0.44559669088832976 
-0.8277681844308346 2.0241447800188004 
-3.4192433121231085 -0.4116476353371086 
1.0776498923004614 -0.26579466498895477 
0.9337126109224739 -1.3637637806017466 
0.9914978371458841 -0.5804628948776822 
2.673715206761886 -0.4093907892746015 
-0.9611557837036693 0.12318399554910503 
-0.06156965432581895 0.7508938404015209 
-0.07928781312381687 -0.5306667997898825 
0.2603802428388182 0.1896113641827431 
-0.40137048095299704 -0.3022626610187417 
-1.3085832411786735 0.4766273593598345 
1.4862090260710061 -0.014943399188688061 
0.04703984137184378 -0.37026825778305855 
-0.42341454194375133 -0.23822887462711667 
0.39930905947709716 0.04197903969907836 
-0.08592632777918352 0.06681671475330624 
2.019150455991583 0.15548907934697012 
-0.39057311570392894 -2.146657794634946 
1.3701392990742778 -0.7253097127998178 
0.18863285148696535 -0.9123897983521753 
-0.7253633934962843 -0.05866770490419243 
-0.07286669070220346 -0.10379329349187819 
-1.1752010022449098 -0.3338257792526007 
0.7989403193987399 2.3172740244902506 
0.20947494610335038 2.1812093763989844 
1.6823041018442446 2.2446829469071585 
1.0611201756444633 0.8386430570790521 
0.39143614087362566 0.44581683391419097 
0.7698562192895048 0.9344550508709054 
0.44005657179442104 0.3136117232839042 
1.2055988790218393 0.8413659492281268 
-0.7677617758432462 0.4392176717628643 
-0.2460036216760891 0.8643787724254919 
0.9939896144315047 0.12588926804818565 
1.6753203955362044 0.32579268747032364 
1.2248334660704716 0.20996615064197238 
0.12055796222908743 0.8476224395591889 
1.592475774263478 0.9438078715957298 
0.31257215944699207 0.508304712597988 
-2.3991236248508305 -1.5215199457872874 
-0.4619021181932239 -2.091486966559667 
0.21218911684403893 0.009487764862779455 
-1.1420274611327612 2.2968791128798305 
0.2876645629076749 -1.0434543548192794 
-0.13252054301617008 -1.6794704885408402 
0.49851073885263136 2.029472992238646 
-0.6597171083793424 -0.7711887180147015 
0.22535063009074638 -0.07363874867214801 
2.716365456394951 0.8984571892258598 
-2.3725048898270247 -0.6315690355602855 
0.6486357313643079 1.4223284292827285 
-0.1381645279098372 0.36027882645807974 
-1.0954463896974342 -0.7700513739467557 
0.9630825806584626 0.48433943038093547 
-0.79432802996294 -0.08368230950959847 
-1.0145702577241256 -0.6478088579313279 
-1.5526597454236486 -0.7088643622018725 
1.6542486977235304 -0.9716851794423147 
0.79912051872661 2.007422133056735 
-0.08523534753152694 -0.09465845078229244 
1.8777076851622327 -0.8499099725883353 
0.4473867182719556 1.5222470917575381 
1.2895233111012387 0.9597385640695044 
-0.3799617864939007 1.2167733188507739 
-0.13352772833189536 -0.6430760045565588 
-1.8130927883218493 -0.18044383423623683 
-0.03741692662491034 0.811393664841938 
0.7707233475116723 -0.8283130336052483 
0.28130383939447084 -0.993662814893309 
-0.06934835025933288 1.7033682364720555 
-0.22807934437929026 0.04600400637623133 
-0.6582814020154517 0.26813938374069746 
0.20394261403820357 0.9218198393441022 
-0.08465080923939795 0.07299325209372125 
-0.482085508682527 -0.8405641839858757 
1.119839296796319 0.6365602967451282 
-2.287268159556311 -0.17500419917199334 
0.3032424348677917 0.22152723776210975 
-0.6607329052997377 -1.0652489627701867 
-0.27145532798335054 0.6182357158919319 
-0.05004651698745379 -0.6945700353581608 
-0.17800465913116537 0.1526043928275867 
1.793165332282416 -0.18398426552050087 
-0.3372044847874612 0.4567366060191782 
-0.9536586980252661 -0.38655993843829867 
1.6693557608295662 -0.6986613046318834 
-0.023306557071742114 -0.2526468917298404 
-1.141409540913455 -0.2670589686572655 
-0.19621052164464153 0.555087072184456 
-0.06913694344476877 -1.1486923207208 
-1.1316066457674656 0.44422636306826635 
0.403510909714973 0.25316695808448864 
0.5823749359041267 0.6276033294794875 
1.416912597488167 -1.3567882746255622 
1.2481865081286367 -1.9157991933661742 
-0.2378453600128239 -1.8723221115503994 
0.5815936460994223 1.4304907395385573 
-0.002795752342420326 1.5803455725984474 
0.3282916141398624 -0.9065357550995011 
-0.7413410638389126 -1.967870561641929 
1.1981904848483207 -0.10455794318134706 
-0.0007052976164147146 -1.4188738516339878 
0.44908525709319086 0.2531829313520516 
-0.8614300432613481 0.45680834871566217 
