-0.09452219955769336 -0.3573995737698157 
0.48537878378247734 0.14622565058646586 
2.161096353984878 0.3637465135128907 
-0.8370766528165368 -0.32097714616769324 
0.7439306009051817 -1.2489486958800888 
0.6711401963984676 -1.2914952268144453 
0.5675907465206391 0.7844048976073883 
-1.2542969996619882 -1.238465834518686 
-0.7087028478466587 1.0936913539494613 
-3.5085284549324585 0.10675189763414168 
-0.5540075091234655 -0.574048773599814 
-1.2862440472540593 1.0013500563910926 
-0.03459173491914212 0.01990492777467379 
0.5419165509444587 -0.15191002368206336 
-2.535721102170915 2.27992860121689 
-0.8401244635895992 0.3498371454078468 
0.26190321594008614 -0.51761598150433 
1.0119091152225557 -0.023181855771264716 
0.3983729825385957 0.03184043623095331 
-2.054482814277717 -0.9314548994651333 
1.5745737366369066 1.2714388176567586 
0.611893549059287 -0.10086907283405591 
-0.19207343208365937 1.460233545191762 
-0.8400488303702541 0.2436994468187093 
-0.631158921739583 -1.0236430497703575 
-0.8018946980433302 -1.1963713891948502 
0.1992274463556843 -0.7218413598554873 
0.39150798185274427 0.5404836074463198 
-0.07211834261513435 -0.00010793820905165086 
0.911208791560635 0.9799227122019247 
0.21863283094812955 -0.9116862989862936 
1.7771509461814752 -0.8473342080461697 
-0.13338166514505154 -0.5103675639979234 
-0.8319529094782018 0.5472990934141709 
1.6777282049888302 0.37592440705501984 
-0.177673143567031 0.10025510099553839 
1.1965603757670569 -0.03531089711771079 
-0.5735917983062196 0.37379796670368615 
0.6619298045246533 0.2218901537921456 
0.5186246256610996 -2.390876650046998 
0.9542939162802535 -0.5229223753864164 
-1.0713786393389773 0.1272194568708903 
-0.7414851457710082 0.012699704989942604 
0.9829410971622329 0.34714144947104375 
0.15112705107131652 -0.9576467785582031 
1.1933843506533572 0.1720487909212042 
0.34850035308753224 2.1625461688765517 
-1.9464440453575858 -0.823260014545709 
-1.181643007394415 0.41620896954905745 
2.3471189830667862 2.0152130130099173 
-1.0926802907535398 -0.8073847596819766 
-0.6903888162877521 -0.7771635029524474 
-0.2787754263359524 0.5080761815906684 
0.4839688515138589 -0.6937818866200319 
-1.2883988774974862 -0.5919226817860482 
0.33852365910445564 -0.5960516077715557 
-1.0791083655725706 -0.5749102607479236 
0.02408701122062718 -0.5032585866229778 
0.5999049927710012 1.0197449037595459 
0.6524206033882219 -1.8648873674917485 
-0.012568069593633605 1.1225174916129044 
-0.8907539005369727 0.4888222791158705 
-0.6422435504500273 -0.183754685080419 
-0.07583967917248417 -0.4691455862210963 
-1.7553442923325278 0.956717434198975 
-1.1408594145981974 0.16187196638417573 
-0.6807885695304808 0.4304778220230856 
-1.5533185849570075 0.04446262671130141 
-0.5410796782735634 -0.011310782359416812 
0.29069919119227317 -1.120564500820453 
0.6096307378944243 -1.40921498659055 
0.4331829916362219 -1.254353331250003 
-1.1278154187496992 1.4696038893861487 
0.8288420226141017 -0.6192947012250244 
-1.6151961225432494 -1.1422979921550995 
-2.098940561695469 0.2526943953487783 
2.465768747147404 -0.03370045719519239 
0.14981335331994503 0.21017272170115614 
-0.4907217719781647 0.853965393310831 
-0.9127196507565902 0.12592326985745803 
0.10048780672166642 0.8283495129745183 
-0.1262759859511336 -0.9121362351939453 
-0.46531012696863633 0.5362270324252365 
0.4470995596789274 1.011127584546137 
1.0127192202525632 -0.8606191072774346 
0.919692308954484 -0.8522299153525112 
-0.42774234498780184 0.115721374003557 
-0.6230087955293772 -0.5350101022143139 
0.014169093113104643 1.757001089632829 
0.8320638214450549 -1.547563484321639 
-0.09338632632920307 -0.5008803101048703 
-0.6148270491308737 -0.4160112556933413 
-0.3771158986267171 1.1281755095557737 
-0.5861651178527386 0.453485442453406 
0.03163699860390754 -0.554756900352068 
-0.07585779475773394 0.8331266524317199 
-1.1377581252541968 -2.3662497652044614 
1.2253278114482555 -0.4365029875215294 
0.7128440547563731 -1.3915014972701079 
-1.0142109301234206 -0.5663165522206838 
-0.4830674432504176 -0.17262745592937986 
-0.6103144233843897 -1.2454405955077494 
-0.06042057177397885 1.9028395897585197 
0.4896353871171101 0.878534558423998 
-0.867663259725915 1.6501093532413071 
-0.7967457948378294 -0.09640239041559753 
0.6093919589064178 -0.9312165267356362 
-0.12580944913827524 -0.16927962718705494 
-0.5720253841111005 -0.3626117435678939 
0.8781474471325639 -0.00097347347615517 
0.8016136921879691 0.06677560680532672 
-0.831516427985704 0.7902316557382415 
-0.04386619799387159 1.3148988579576875 
-1.0036884130252275 -0.20080744756633945 
-0.9392700296828155 0.9803248956364318 
1.2793574387841873 0.22460516154387875 
-2.024390105116472 -0.30415290587815325 
0.5271671744664933 0.6557961630550365 
-0.35438571501211447 0.1552561713479118 
0.005273314697524793 0.19579919733731888 
0.9295824545356665 -1.1818142717594131 
-0.6840670836820504 1.1048013011986237 
-1.3716788629457475 -0.9122665416639765 
1.295597933917329 -0.7259266155618004 
0.02509892169311211 0.5274816522352919 
-0.3101044962901294 0.7706713773325682 
0.055427432869040796 0.22587879891186607 
1.2470631004714465 0.4457229222255319 
-1.3077476828327954 0.07093298709087832 
-1.8652791196793534 0.9442989361562681 
-1.0781674667812673 0.3613973039548307 
-0.22570094145104333 -0.24976433906186865 
0.6777819284629445 -0.9552179846741552 
1.4824735893198069 1.5263603190429804 
0.456386169521162 -2.046403597302922 
-0.9066982024933478 -1.2586979475094506 
0.5741456021817302 0.607770102121768 
-0.21007469212145005 -0.38217455664603894 
1.4164150244687645 -0.12208880654657706 
-0.7813353890409604 1.3296968895740806 
-0.10473309954752688 1.7944209456094309 
-0.8939707590991249 0.10525114524329389 
0.49254836856584044 1.536604213978003 
-0.23775129166534673 -0.6244385670161865 
0.09048066288660189 0.9519336391974389 
1.6257576696617606 0.12711659675328194 
0.946467999040969 0.5428606499627524 
1.9147429681733485 0.5088746849254376 
-0.060759758773617056 1.1210086126597214 
0.9613552610179753 -0.8825504289260429 
0.201147894431512 -0.7014178649316276 
1.0617981860776637 1.1086211072605516 
-2.139774110130076 -0.5003515800884497 
0.2989790633401528 1.5261468279248684 
-1.3720857513686555 1.7739459652073182 
-1.589234773365488 -0.4599907278408581 
2.1227063728471878 0.22416842166749917 
-0.42036747937093016 -0.11308353938542094 
-2.3473325949294725 -1.7623798553954504 
-0.8273164714525217 -0.8134392477079008 
-0.796411439592989 1.0440450741543688 
-0.15844015262699612 -0.9491502386786168 
1.5743678222001825 -0.5572565954819231 
2.131903873227786 -0.9402779240245616 
2.0752812066226585 -1.696718152213696 
0.5589152006841932 0.7186378090874943 
-0.7021544879227664 0.5650259771709973 
0.28977037916670095 0.5246713241291039 
-0.5827166764047328 -1.512290922787094 
0.11303986604184953 -1.0012001197730018 
-1.4204253770893978 -1.1831453614706657 
1.2948016896653833 1.1939479981959 
0.18734536514960182 -0.9447349267714493 
0.28495271101225705 0.1542695466946996 
0.3533305864942755 -0.7070058655306037 
1.2561586464487187 0.12703376201236297 
-0.49294888833447614 -0.6497026154034795 
-0.13389725557528795 -0.2546073127316602 
0.3975714016100514 1.085685273996503 
1.518926190431105 1.0446502642843252 
0.7613285322404074 0.14104623324794716 
-1.1992464111232393 0.3497984602668498 
0.0593861195114575 -0.21357384058633433 
-1.5673156428673214 0.20454215337526502 
0.07643128030714468 1.5299833571362933 
-2.003686077043091 -1.1367670119705013 
-0.11607842775340374 -0.1694437693281298 
-1.772406722705009 -1.3002760038014436 
0.01682062371471118 -0.43115242009551874 
0.9200672739590148 -0.03458761716518182 
-1.203361242591681 -0.17588081715270434 
-0.8592172191746059 -1.9646860582565455 
0.8293909005147829 0.3721399699675456 
-1.0496409875804409 -0.4379671498186342 
0.1953374508363056 -0.26671133421213 
-0.2743241157574896 1.547319102550006 
0.7503944851712787 0.011358956556574056 
-0.6596330203015766 0.7825214184583735 
1.0474187389992125 0.571951487676879 
-0.49194483875514095 -0.4620882399807242 
-0.9264121404693472 -0.6906739841002625 
-0.3727591379572827 0.7385501502071266 
0.02694489003956057 0.05347641854941535 
-2.1742305324691316 0.5044503964953638 
0.5955651224276622 -0.4051369118293719 
-0.275459525496637 0.3134086199043202 
-1.1433977755368447 -2.495028784853787 
1.6268603440977394 0.16822676716343649 
2.7096812016556866 0.28097465376487224 
-1.5960270312596634 1.189790955343919 
0.3728573741130187 0.7768217865492089 
1.4056004262207948 0.6587132313614104 
0.4985940194368764 0.43567155685771514 
-0.1558573837473525 0.042426732176985546 
0.19900029693697222 0.41063505777030235 
-0.31858824022797866 0.7743639398713672 
-0.3776754101904173 1.1730575922021158 
0.5156839142841738 -0.7459425551615662 
1.726459562386034 0.6902953009815336 
0.5426310487857198 0.024298296855493076 
-1.9760129083144968 -0.477837185792459 
0.500982234218979 0.7279075160742382 
1.1621375234866258 1.4832806179919245 
-0.8753474473800527 0.8546582471347723 
1.5014906553573923 0.6516084499506748 
0.512732507784906 -0.14625307608804894 
0.8817292404916215 -0.41231912196368886 
1.384798571854082 0.45836202086643923 
-0.9625440197585173 0.6944554773948871 
0.020737488304321934 -0.5521105449837546 
0.8608248978904849 -0.5397721952035147 
-0.7500045968845833 -1.2227156883771715 
-0.0833833988656848 -0.7120417498895818 
-0.781294745411361 1.5877450064672858 
-0.011243962802863012 0.1794619666621676 
0.26334404852292714 0.1744168679333705 
-0.48838278620610803 0.5697173923829822 
-0.8225408602624452 -1.4931537197852216 
-0.04510162064490309 1.021274485452582 
0.2401653320408575 0.6905915641552985 
1.7201108197695678 -2.2619390527056598 
-0.8098759703214274 -0.34250515579229807 
-0.18886681959982293 -3.259365243046856 
-1.8533075490474202 0.9139444358676637 
1.7805545333710353 -0.18559531488743297 
-0.1973050532913663 -1.9824989458137416 
-0.004000352616547403 1.4410756254467278 
2.0101516770384458 0.0809426444639357 
0.3444716473311261 1.8644064103209834 
1.4187637955036128 1.2453751558345507 
0.450323406541147 1.427173135817499 
-1.4020067008161463 -0.5452111221019506 
0.8599076865631866 1.6198276432629812 
-0.8952305801349221 -0.9281100662261195 
-1.6374959448050572 -1.758419537365099 
0.8913983224764314 -2.0271238005650973 
-1.3707315737765986 0.13401050990560087 
-0.4130917385550879 -0.15412694583263922 
-0.04630363206033588 0.7593755770564609 
-1.8840170781438328 0.9266820368172506 
-0.5421659935514155 0.5807628667264453 
0.4754996665485202 0.5956963043480646 
-0.7549143150508132 -1.1571243111203193 
0.46303081138601315 -0.5750071070431348 
1.0425677999416272 -0.4503823650971936 
0.24976461073176037 1.2379793475668757 
-0.6377255689327803 0.3243395071031451 
-1.0209303109950618 -1.4860984611472892 
1.136090445576216 -0.5646139318308918 
0.8866181967094429 0.1647278306601176 
0.49908684326440267 -1.9139181381178108 
0.9134487093227893 1.097280674863529 
-1.118880003618177 0.8560398493302187 
0.9556003535492946 -0.07043592613525661 
0.4137831733880044 0.3759763340746608 
-0.2350257470049803 0.7553719688286535 
0.17376462822723404 1.309107066355801 
-0.43787981542395554 -1.7109516974774208 
1.7513933553557393 1.8829785440491642 
1.299680812645502 -0.19217751004833533 
-0.9079554664707565 0.07903722264146597 
-1.0341228416569828 -1.0263706824518148 
0.5018875122458089 0.26640606922286647 
-0.9878964424275579 0.6316346967805011 
1.9640355176258482 -1.4709152814281106 
0.09841241092173118 -1.5519498790071673 
0.715211983681885 0.5028086887295464 
-0.752267642200292 0.9555902511323136 
-0.18036419507670293 -0.5898173827036111 
-1.0993936692961623 -0.45233986446963853 
-0.31377799645555704 0.3428422946524036 
0.013743213693649578 0.7082521534489827 
-1.0912514876685016 -0.5751198364884141 
-0.37697863932322645 -0.6045813577045953 
1.0197013533854145 2.2303038850960073 
0.6088112399995046 -0.8602586873358509 
1.4644579905714739 0.26381494215183804 
0.4890729824648509 -0.8294599339074529 
0.24322793889822972 0.2658553091069844 
-0.14726697275131206 -0.1394710524088236 
