0.5325209300511548 1.122919595408306 
0.7362054610236389 -1.8571502134214577 
0.3014532382660398 -0.7625605311945436 
-1.2981243558789395 0.8590638014956278 
-1.7440028395532587 0.42131994163065734 
-1.3377435411908247 -1.0790220257595455 
1.3326436083294697 1.227142389619488 
-0.7362253192655425 -0.0962333855281328 
-0.44724752650104926 -0.2745238862528954 
1.3456496640313047 -0.3833752359175965 
1.3487761561034641 0.3361230980957698 
0.3981888337268092 1.7615537015096716 
0.4819085585938733 -0.506365440226429 
-0.4634950322405517 0.31651162838379016 
0.2179154403394698 -0.476185725333802 
0.09204384585298982 -0.7403051759192112 
2.628357161653551 0.016861216883218826 
-0.09031076791548039 -0.3197068041065294 
-0.46137613601603483 -0.600020528156931 
-0.6756610257904331 0.29362501811152314 
0.3691248845818645 -0.09553078529194232 
0.032093583662090634 -0.20353815709615683 
0.9754066591083613 -0.17047647709198827 
0.9711720327974747 0.3746775700551598 
-1.0059673601819943 -1.2389212693959715 
0.6961561221493695 0.15523466535063524 
0.29797500163961926 -0.6134592460720809 
1.2937849303062765 0.012610078547209235 
-0.6290727544500513 -0.4118430827553915 
0.5489075758326637 0.4807554526543794 
-0.20260551011612662 -0.5688505686683375 
2.3681367917085683 -1.0960784182734982 
-1.7747485393875375 -0.2323764822562915 
-0.5722011226719476 1.010147104844736 
0.806851610763354 2.3950939314913056 
1.8182563914150922 1.7604321358817387 
0.1831038069498164 -0.22275770669056044 
0.7090293298526036 -0.08774077655090379 
-0.06843910684858023 -0.09209842464385858 
-1.365277353813074 -0.6978913612556594 
0.5358054940778751 -0.7740842825436262 
1.684845680988401 0.8233007596371817 
-1.1429723209509453 -0.27695038699571084 
-0.9439228375062133 0.3313938094233175 
1.7695159175207136 2.3033183938286257 
0.4705619414840155 1.9902134438763568 
0.16032195738191057 -0.6526059008239464 
0.49062517526109656 1.7600083793748063 
-0.3892036495345839 -0.010223119582064878 
-1.115369106880897 -0.5744106727849511 
0.41664828565176637 0.806509884017889 
-0.9081252375338876 -0.47233400474903703 
-0.07417965581264299 -1.301307450000152 
0.10040069534865065 -0.03643448713603896 
1.2299971237838043 0.5909288475343398 
-0.1043888615337495 -0.9558464323643125 
-1.9604373029226247 0.589262552652438 
-0.6364665992103574 0.8185469488140189 
-0.06833932509084234 0.8486280930223434 
-1.2055729117875953 -0.3043198974699751 
1.4269718438239942 1.0495498116000206 
0.8612961905003055 1.0845433008902332 
0.1865860120004364 0.4710395211308996 
0.42652371958661234 0.3209884204565596 
0.2563242195684499 -2.0763360438775407 
0.7957578627051315 -0.5584606267955707 
-0.6251825200820391 -0.703182598292243 
-1.3262366470343498 -0.44708847845492755 
1.1715116542720923 -0.509324915498047 
-1.4466941430661489 1.2324224213744055 
-0.024704186935082726 -1.749182067291469 
-1.9610731092677811 -0.799062559681857 
0.4384463552195038 -0.7308306447717071 
0.3344265921017118 0.4088463352931038 
-0.3121432399972851 1.1099241808576965 
2.0371702284750555 0.8473310028940588 
0.5211288206751756 0.9777221416284047 
0.45922734542018784 1.1476101021130536 
0.8065634963888372 1.5324691683631493 
-0.04180930582044698 -1.4843684503615129 
0.9790095237586975 0.03637773090596461 
-0.623963082191068 0.05881960187371957 
0.794054510376829 -1.9785425474465568 
-1.4753364595775964 1.1795862106270045 
0.8437525737264726 -0.7375957178641545 
1.092162760825966 -0.9527723102444244 
-0.9746767680328053 -0.11414635245793145 
1.3104717936846433 -0.47862368334214644 
0.37659130960548304 0.3149748742753781 
0.6889038475641329 0.5571430796653024 
-0.7344460299793112 0.6689204428566033 
-1.0083625620854118 -1.2706423226957364 
-0.12472075701594913 0.6182050322265916 
0.0667896310696668 0.01613490830952896 
0.010824975880672575 -0.0760109977491884 
0.326662334119703 0.4799065330641136 
-0.3354009636544005 -0.6681266006887121 
-0.606243733619646 -0.464298208560037 
0.9749353730723206 0.8719849966915971 
-0.6605190780008722 -1.3117992694481426 
-0.8445226437947586 0.024293168592452716 
-0.8404242612252262 -1.2773625957383976 
-1.1634514024382718 -3.044971920059485 
-1.1669813813024061 0.6213081253207698 
-1.1682035002861009 0.6412216404231418 
-1.9579208383034286 -1.1084635388123394 
0.4710605149621801 -0.806244951086443 
-0.7365922200642663 -0.41140015648778205 
-0.6999816167426671 0.04546104554343565 
1.3468579712506241 -1.087859814365626 
0.5079661283395996 1.1027336580665754 
-0.3103470783189346 -1.4150356341364247 
-0.21193195287154373 0.42593873574141045 
-1.7559862052034394 -1.2368882932331526 
-0.5072121961114205 -0.6212365578139516 
0.16011886716474008 -1.6679444729509876 
0.2652850793342901 -0.2941738310171983 
-1.1913085831015064 0.8888439329568104 
-1.50750125204979 0.487518135435451 
0.8259478063456963 1.1673668061230837 
0.27179881291886654 0.9304169210424509 
-1.2942869108663182 0.3100231677100151 
0.5442461048798346 0.3809182677745803 
-2.5548163508373234 0.46499339337083806 
0.2708692842753039 1.147653380740246 
-0.29975941603917006 -0.5429144648836869 
1.186755497070076 -1.6222197876508613 
-0.09907085206571992 0.14698331029293893 
-0.8874501411861964 -0.36191180018503055 
-2.1734761763417056 0.566822525976009 
-0.20469227105949075 1.2314979989962487 
0.22470590232277848 -1.1028297375155969 
0.5771250463737113 0.03873339397355004 
1.0291567884400583 1.4589563604629812 
-0.7187186608740911 0.6096807207092023 
0.6326255986855446 -1.0123224984639045 
-2.0289506299518196 -1.882562072924253 
-1.0474111345560162 0.4244617671075969 
-0.8423553981430582 -0.3116029113576309 
2.167237909579901 2.1159474939331364 
1.071233937387964 1.2168617043148608 
2.0263324178790496 -1.9810508316143962 
0.9792422602242109 1.3882093272566949 
-0.5677822886791691 1.2038049109916844 
-1.0970189891724835 0.7317006913080236 
1.2808858525557143 0.03002115760230769 
-1.1775181602246934 -0.9917606190974171 
-2.183860089891769 -0.16761939880915916 
-0.012748848386636317 1.005945099645459 
-0.3225043865067598 1.6062253567289817 
-0.340728934627835 0.6764690047049039 
-0.8829509870996651 1.346106912972512 
-0.4604669080174108 0.2366342718634945 
-1.058061720880067 -1.8942129227198212 
-0.35744709747114656 0.9266368674448366 
-0.408519312302535 -0.03707712635747546 
0.4473627482572095 -0.17877875738831936 
-1.0730792709441042 -1.7229259917057203 
-0.6579594128425039 -0.5842633560485504 
0.03550546113019031 -0.3943847580119162 
0.6395720363566499 0.14634481583403045 
-1.9887460011933438 -0.7785370491397576 
-0.2839003488670688 0.6992965651018078 
0.02302485947196378 -0.6195818300443885 
0.9129772427909869 -0.2075924251817972 
-0.0022441904105930453 1.2151196065709415 
0.20789254797644974 0.9972976891530079 
-0.030682165979291364 -1.3597237170614624 
0.4549935442058534 1.2856733472642135 
0.38732874337881956 1.9878794523183712 
-0.8123074348105882 1.0632112801366236 
0.5668448545295582 1.4133658567463272 
1.1618441308194365 -0.37868521446212156 
1.7259555019077477 1.6446032289581574 
0.0489268965864523 -1.229779164758853 
-0.10573907558264009 -1.1885692344652923 
1.2458116873361884 -0.816162560930258 
1.1280881595235783 -1.0599897522945443 
1.4745765400984077 0.8273088726610219 
-0.4376689785227719 -0.2086974010084884 
-0.09428384319404702 -0.43644893058517337 
0.8980622120179748 0.2791566421924648 
-0.1450295673073005 0.7637495724911723 
0.6876841509746033 1.0467806922380913 
-2.046708241087736 -1.711833048141136 
1.1392132242832 -1.1677994759167027 
1.6454141806061193 0.7843335994889996 
-2.555905256131936 -1.1699428922428905 
0.18237886923639846 -2.3812809482634516 
-1.2176919828097752 0.11978143842545624 
-1.3342665807073149 2.05303244891291 
-0.02712252214283255 -0.8059965330962464 
1.0820616545031074 -0.478718776650704 
0.13352024073537488 -1.4227589412818569 
-0.0319371364694366 -1.3274743009792536 
-1.1497032307815849 0.3057619811277795 
0.19316518721290427 1.9822269679212614 
-2.1036364408614157 1.0061497691100807 
-0.9290858264220959 0.0630501154231717 
-0.4303713138840365 1.076902133837477 
-1.7193953053568227 -1.078277502438909 
0.1795499341442518 -0.618215551591579 
0.9987341922100701 -0.3679408442029388 
-1.4526369884900578 -1.6525826980361704 
-0.5931939063306455 0.4718699457275101 
-0.5604465435611675 -1.6051527295901142 
-0.10635307665575612 0.37741496892390264 
-1.4361005728690173 1.1429601745127065 
-1.437436226658715 0.2052639337858295 
-0.03633941863718596 1.01490099096982 
1.5197117658752106 -0.7612375859772237 
0.21737007900025243 1.9989722524062914 
0.10235102658575315 -0.9785755376729762 
-0.09719579056431639 -1.0638131403180466 
-0.35588253135546305 -0.2914805304450364 
-0.0616628650831067 2.2966626124829386 
-0.41762036848718553 -0.9643736498408962 
-0.8559432393193223 -0.6019029163236728 
0.000905293856949874 0.6146051093142171 
-1.2117550786099018 0.7430570667649924 
0.22119896726526514 -1.0135718598928793 
1.295972794141826 -0.47910400941328396 
0.40589042356721955 2.413701477399737 
0.5172754377661952 0.39277051421302506 
-0.9523808664797427 -0.598840842814144 
0.7342236659291689 0.13077543382260542 
1.0203796333113093 0.7366218482625501 
0.43489807417727644 -0.39140585276533935 
0.20517918480775457 -0.19084708725730032 
1.577504330875884 -0.18926546541845285 
1.101678997347289 0.7667202863109825 
-0.2204507869709473 -0.0842886232759232 
0.038244805555843066 0.4738861125861644 
0.5300354472681998 -1.1266549982112146 
0.6450073425341944 0.1904467456631894 
0.09057740351549784 0.06397072761227508 
-0.9538148830513262 0.5470544895070514 
-0.17107161076373145 -0.32121823912349595 
-0.7702411883537036 -0.8654366965635351 
0.9338408974505684 1.0839051067100063 
0.6827142752827813 -1.5980699777242118 
0.6000507469738775 0.2786229638712924 
0.07903385361013643 -0.13509498337856504 
0.6519842733419784 -0.38352544254451143 
0.5388236142908893 1.293913568969037 
-1.087892012763536 -0.8668710731150512 
-2.041997301684898 0.23308621916606806 
0.710838542480426 -0.6163172626880602 
0.7801854139393435 0.015594042254070758 
-1.9781553864946793 -0.47343299328913746 
1.8396256602292482 0.8463304617036184 
2.1183896345277886 0.5123681464585859 
-0.5164027403788669 0.08069895614736773 
0.31783981677958795 0.67110064008911 
-0.9439306154340737 0.009636795061548768 
0.6953869343472003 0.965113047024644 
-1.2168805731734784 0.9007676417235664 
0.7212342042589577 -1.8957071731568915 
0.03405767911956989 2.149113345708031 
-1.148016043719121 0.07186256045218567 
-0.09052197917242334 -0.03729585980768478 
-0.33351877935827495 -0.13701670906267407 
2.0973788049244977 0.6938130379695662 
-0.9626388928149887 -0.027495926393735524 
-0.18428673853322924 1.0275707523609856 
0.4729576677232828 1.8905264570641627 
0.11397973869521763 -0.2240672591097695 
1.3726268465252143 0.2896897622693013 
0.03357388734969472 1.4162448205631923 
1.6620083281081748 -0.8336519671579494 
-1.312886095152381 -0.16303785835677242 
0.5883354724474741 -1.0187318542762935 
0.5797838237133118 -0.5211831576611031 
0.18204960577433435 -0.7911716005568975 
-2.24721842850969 -0.8989350927571309 
-0.5519316684839629 0.6724334041505112 
-1.3465179034639763 0.28042255426854296 
-1.4894717693061927 -0.20627901951912006 
-0.17287191741677468 0.24391856274900117 
0.3223624156556828 0.1189407324910733 
-0.14689598598314946 -1.3574339986943313 
-1.0316777228896559 -1.778326465508889 
0.5753868113343192 -0.48221611943961096 
1.4698159822757062 -0.06122929292940011 
-0.2354102424192327 0.5174107139014326 
1.1925014822641802 0.022493207295084014 
0.7515017511297446 0.5142703772176067 
1.2875012999643989 -0.43893224739801123 
-0.7135728776653006 1.0238777000216885 
1.7637988011204655 -0.17328866746802055 
-0.028806229999684813 -0.7168730510296436 
-0.7015337957825126 -1.2557514346722845 
-0.15357777097430758 -0.32621628388479496 
0.9108112777904465 0.13570097465747302 
0.20546102529333993 -0.4521084020858349 
0.3586086329367118 -1.8818372216387464 
0.6699336742886782 -0.7643855600961894 
-0.11896741989720495 -0.6864893852499168 
1.8267698895497824 -1.2783686783364503 
0.45359850569459725 -1.303364826459201 
