-2.0522533443412065 -1.289787376067631 
1.1157081892589358 -0.5357459976879593 
1.0322955926289001 -0.7801338417056359 
0.29879131531053654 -0.6314629024239803 
-1.9338568024856313 1.0090840759167394 
0.22985333560798915 -1.8851905197789667 
-0.8995246649376181 -0.13089154986361778 
0.6735386226786098 0.670498699950405 
0.25767718090297664 -0.9244856163108744 
0.5842553965835935 -1.3110761975166858 
-0.08100719783766433 0.17816456503366815 
1.1126090550069248 -2.2137527202265272 
0.06923418657052088 1.037060103378881 
1.194689699024779 1.2409640367683723 
-1.2878791343811096 -0.42450160194344044 
-0.6033967210287018 0.21249888208644813 
0.44554198180469645 1.3118641761797283 
-0.24573674626709338 0.8223651284152241 
0.127532675474836 0.2757264057611659 
-0.531798950916828 0.7802451089588202 
1.21855584494898 -1.299835957520368 
0.20231831579066223 0.7725722617488332 
0.045690065812945456 0.8735312725391764 
0.9177647956530236 0.5807731740743033 
0.6136790183506914 0.9679589593991734 
-0.6936768725860066 1.9386128228943271 
1.4791683051375766 2.8672776045630815 
1.042705920057319 -1.3007683947990847 
0.03612630608675243 0.752343898338551 
-1.330706515671483 -0.4413603347765267 
-0.852013776767539 -0.9419692640628001 
-0.3570571723350043 0.7216680711697538 
0.39237079348006143 -1.4406043501249735 
1.8278251848532798 -0.5864326508791653 
-0.5742026983046844 -0.020373798998683856 
-0.286322160079758 -0.030039197154740665 
1.5251002693995432 -0.04795742015027158 
1.5100466254620586 -1.3106529807635487 
-0.3559463877506911 -0.8581996725890186 
-0.7605600607453968 -1.4108247080596914 
-1.8710358395513096 -1.825712086559998 
0.6851692019129386 -0.0218639844374904 
0.23139453311596458 -0.016419819546127288 
-2.4811051731914278 -1.1027226208662801 
-0.30570415198728884 0.07374208497945554 
1.4573395822569875 0.573797972873807 
-0.40144353516384074 -0.46387313062219865 
1.9020253847699724 -0.12732620352310456 
0.5698309589417004 -0.23143653878327466 
0.30665285833857436 -0.4698051632888647 
-0.7033251493103796 0.7240753753146161 
-0.3006038686856405 1.4265591933866464 
-1.9294833188810825 -1.1431460794870076 
-0.2391805434057199 0.7552613408189901 
0.5771341108148554 0.08801991692922852 
0.7040634402186823 -1.7991471851778182 
-0.6256731118249148 1.3084345772624573 
-0.1647794359492813 -0.5785818131651528 
0.49061277206698006 -0.47916800033873624 
-0.08286682154973353 0.6954730792394308 
1.3395677880069865 -0.9471021008110745 
0.5549617103446952 -1.0323904558158932 
-1.1930855563120222 0.7843543088355535 
0.3342973023939671 -0.3444598429805806 
-1.8625692166025567 0.5718529058882074 
0.6966881040766396 0.6777212948153217 
-0.9430197611346195 -0.07067716638896754 
0.8970170209002281 0.6922536848472962 
-0.7249538459122229 0.36574674814079505 
-1.1057319653755893 0.703641356340654 
1.281445188073158 0.7476063257421814 
1.221116462238416 0.11937648596735051 
0.42124023994956283 -0.9274743534356988 
1.9118155680309454 1.3892906845417954 
0.4801922999558207 -1.7454456412604875 
-0.8997107504182785 -1.3865135066456924 
1.385146766816376 -0.7822530948897366 
1.0388954941322948 0.05389406545987988 
-0.38184678943087647 -0.6394919420550026 
1.224012838962805 0.43341760109740946 
-0.5607178264770015 0.14454426648028199 
-1.1632079849260113 0.9954770480625111 
1.5254400257723992 -1.3538854447292108 
-0.8595644348566693 0.23641102554259907 
-0.226861831492796 1.1648049729402352 
-0.40098476079511597 0.07338171392214671 
-2.1356751049312828 -2.166577175910645 
-1.037151632531646 -0.6114485137903922 
-0.8854628520615023 0.728537326552418 
0.40342117139965034 -0.1849869058659243 
0.4498561067210301 -0.0948509418470873 
-1.196017863854272 0.14544754574146665 
-0.4236498175173557 1.6048304591087552 
1.0844368684865677 -0.5952685115226691 
-0.18900186165649757 0.9017256873757655 
-0.5724274812796465 -0.7533017838618102 
0.24984267269949378 -0.31598354414358015 
-1.3301510747791543 0.28222637568894576 
1.8420563364234122 1.2474509741723587 
1.5681025278292726 -0.07437167732760684 
0.3609113256500533 -1.0630621086478724 
0.9452613700705427 0.0304334650533087 
0.8891350830741259 -0.26405416795257414 
1.0836236396265149 -1.4214243464741376 
0.933438992951895 0.7210732961185665 
0.8789530587964356 0.49962574694052625 
-0.6795867944315744 -0.6906973589353087 
-2.5702396500395754 0.6521763131302225 
0.4245355573276865 -0.09737145789956697 
-0.1339496199103772 0.8000800946838069 
-1.7851393797218633 -0.36746289822700795 
1.1762259582421792 1.529321102659854 
-1.2538640390753364 -0.9737210959249651 
-0.5869217069825867 -0.38816229119856704 
-0.8013043510387211 1.6775658521796377 
-0.30749855309799123 0.21166338816563735 
0.5212753077745964 -1.4631715546630852 
0.17749912803314533 0.5672098354371177 
0.8051082849679138 -0.05102597025162666 
-0.7693918280895926 -1.8431700282073993 
-0.940772519368678 -0.9672995598440334 
-2.019583376349009 -2.0969709809338024 
-0.30038693311425163 -1.3365984626894292 
1.0993720279033246 -0.5958113775500771 
0.8669224476612855 0.18972757612662708 
-1.9552410041960802 -1.9082329091498342 
-1.008059225325358 -1.1248127678372428 
-0.2373931809692324 0.4490440950063188 
0.800558714917185 -1.0157003239441722 
-0.9847396678712118 0.43961661121973844 
0.24026077958274347 0.1270928676812871 
0.5783214229896513 0.3176922705018488 
0.19704010282770107 -1.8920288863197894 
1.4554177513527418 -1.3511280885801171 
1.9899650238265294 0.497223708949697 
0.8946220606233404 -0.9780227167881597 
0.7663567702252457 1.9161717716960658 
1.0898336074492412 0.681324703601437 
-0.08456190697270187 -0.4523489039212506 
0.48807709163593793 0.371621113211165 
0.5195197026304142 -0.5567825338383177 
1.274865115073595 -0.06825681878762556 
2.135326106968786 -1.6079580360045322 
0.04449034674412682 -1.405133680654158 
-0.20574186512485332 -0.412865029105874 
1.0258679940219608 -0.2840771752934561 
-2.2689926146735258 0.04148872307005052 
-0.2756714034856526 -0.46119050124850464 
-1.518278925136192 0.3795898536579851 
0.2716573270643704 -0.289079845296321 
1.330138111632686 -1.4032484550506046 
1.3889257751570587 -0.367873393178694 
0.6881165407396516 -0.7490720305344389 
0.7468562081871766 -1.9982396203894555 
-2.706803382360329 0.8833485987798242 
0.335202667963579 0.7328885262297025 
1.5304613306247867 -0.8615706530667481 
1.0844764123597188 0.6222483408118126 
-0.37990701559950574 0.3691083508140704 
-1.199806750828184 -1.9841424990301064 
0.19178391800655603 -2.40407905453926 
0.6406935139476192 -2.4754695707275793 
-0.11010787288731869 2.550968488104171 
-0.7751016899205471 -0.8689832212461849 
-1.9998203758115707 -1.7936014040090453 
1.3827646583431137 -1.5990933232389228 
1.1507880957641068 -1.0935556795174795 
-1.2159021264557028 0.31033776414853803 
-0.8422320686167047 -0.012656209241776212 
0.27212086511918604 0.47465027930235326 
-0.3613234861032413 0.9343674133748786 
-1.426165049994386 0.19029015643563635 
-0.5737113849663658 -0.09058990194518597 
-1.0205727508126181 -0.292277165881895 
0.0422172985226267 -1.0723738427969318 
0.5989517024096067 0.8306890260300448 
0.1457150794633552 2.141599511524344 
0.5418529447291693 1.863749975494731 
0.48975342405213595 -0.21600386259220666 
-0.047626790934639604 -0.23386613787966418 
0.3029156607997991 0.8061227966079992 
-1.4455422017767825 1.054958040241972 
-1.075088927686736 0.7900823771749708 
0.4833156847437862 0.17792731891869903 
-0.7615273209206274 0.15876349660109215 
-1.676485081268072 -0.31228316342834667 
-0.668436649750834 1.330498553566959 
-2.875364519554737 -1.0496959541087185 
0.22582009494832303 0.4527728755759295 
-0.08430518783472198 -0.5915855254275019 
2.420596206681221 -1.1573290630263842 
-0.10185714924823618 -0.6969889805531868 
1.1225786380443028 0.2675238354221126 
1.0444819209941765 1.2951814777125004 
0.39622155080723526 -0.4357033477293387 
1.1821370358228098 0.019449043552096954 
-0.10252576119811042 1.1718767217109847 
-1.3409110501685275 -1.0172422788023507 
0.8853475262521785 -1.0982770118687517 
-0.5602776983806941 1.0143466451570298 
-0.3126238415804387 -0.8563991807744122 
0.43731577389437215 0.8702768783057945 
-3.0806197581604273 -0.49617146135618434 
-0.8746192984924321 0.9351780134172917 
-0.5660174071324978 1.398264151211265 
-0.11727996589518887 -0.1490362819402957 
-1.170903077728862 0.5613781539219755 
1.5126159183140184 -0.8006896526189017 
1.530404239127666 -0.363435781450517 
1.1747390174095438 0.9394772280984222 
-0.8941095029455361 -0.7612279398181406 
-0.8722553942122045 -0.04759008048997587 
1.9283271623924865 -1.2433284004205938 
-0.7703218351197249 -0.4806527122949732 
0.6464327577970618 -0.209606903699418 
-0.8146575606835794 -0.2255696790812209 
-0.34789744529140704 -1.5296171129363294 
0.13834776597324688 -0.5311165609383269 
-0.08219625949707624 -0.5794377831435 
0.11320883032941378 -0.1742555464040344 
-0.7608083350923888 -0.5706051628971098 
0.17598082425480283 0.5655196298719931 
-0.027375631830265135 -1.0414650725766186 
0.41972221785195446 1.5086280405700312 
1.5200760261159874 1.3450010224802968 
-1.6485910153889975 1.076893304167471 
-0.2532884755769629 -0.8449134578784775 
2.049879469570573 -1.7506238362907693 
-2.029631120283453 -1.9262376323529842 
0.0350204879431697 -1.0971862808682988 
1.0715525381936055 1.0976763773605136 
0.07410336389611562 -1.4187374158066444 
0.06902994134643047 1.2766647147879822 
0.17459828669660638 0.026431407194369934 
-2.421190945764873 2.2766773243164615 
-1.4662690874217998 0.03379477910001966 
-2.0233157395294112 0.08592421170137587 
1.4865193773867518 0.10493496562782142 
0.817328503894816 -1.640328000774197 
-0.23834790115259544 0.5407813858402704 
1.7817530414444278 0.7114775004754127 
2.42060880876637 -0.3305196216859247 
0.6928321414195288 -1.27155573119322 
0.7024038739069763 -0.5400612595949595 
0.13723318127627704 -0.05173340767187454 
0.798414528483268 0.3147688400374341 
0.5880057631405892 2.044779017484133 
0.34118999757531276 -0.13903556313956555 
0.06785082896615369 -0.11204793515866897 
-1.562328064547825 -0.26299697581573117 
-0.13126984822087157 -1.4117792351899836 
0.44556398012684534 0.48145238075325264 
0.3935550212349012 0.2800964719780244 
0.5356982701696383 0.9019192655852063 
0.8977991560588244 0.7366070609969892 
-0.0996359055900702 0.21467008862064246 
-0.02714919249230103 1.6191429500040029 
1.515082913337217 -1.0912135341560458 
0.3598667684799245 0.1435669661637116 
1.0161144859164832 -0.6070832506605952 
1.003447917328756 -0.5616590626763357 
0.8519753007145946 -0.586933495963408 
0.5207126034239752 1.4108187778049375 
-0.20694176959250746 2.4960023426756135 
-1.3586811046787748 1.2521020709391457 
-1.915986960200205 1.0997980827426757 
-0.20084448658015128 0.7798634793094137 
-0.7197717358687307 -1.215072110944925 
0.03754866728189474 1.2863551194675003 
0.1703665524464725 -1.5817917864499964 
-1.1181853065235654 -0.5723577535468496 
0.07728003264502271 1.2450355026987614 
-1.6094849574311503 1.82346114297564 
-0.6571357735774075 -0.691447773116796 
0.5066180884244588 -1.5263843409995772 
-1.2715750437201807 0.10768451223082061 
-2.5865935869125707 2.7506746973422653 
0.3205429633257292 0.15113985789497375 
1.210350915254592 -1.1396713242730576 
1.4241961398258418 -1.2583490941560735 
-0.03940155006394172 0.11497453027588947 
0.043476189597027405 -0.548096334357916 
-0.04315383162172631 -0.6066254468318663 
-0.6080623220547356 0.25503038719146204 
-0.5619263746412171 -1.019604815729667 
0.7189660648317419 -0.44862872646937996 
-0.4209289753553353 0.28836709123055004 
0.285535388001783 -1.5964466991147637 
-0.7288699663355175 -0.8082325698179755 
-0.024281447517318863 0.8378906381661853 
2.236375422514483 2.4075414185964696 
-1.9857481368331769 -1.199963130343536 
0.8183712528490087 -0.1510368389232106 
-1.2701445099895567 2.250964445090821 
-1.4075438889605094 0.21401362830563359 
0.8208506689090805 2.106349785458233 
0.03148137471788633 0.004501023508336239 
-1.008041845819147 -1.7021492486170722 
2.31953368840784 -0.7262444367792253 
0.9200335785190896 0.8191520843451174 
