-0.7638158893576744 -0.08855117398822544 
1.45091267893101 -0.4247725806552888 
-1.060506183230879 -0.9882482534231868 
-0.07134099379625795 2.8372185548187465 
-1.2573246302765142 0.7791086290583765 
-1.8895619093083247 -0.8895607791644627 
1.0051980582571933 0.028592079906485754 
0.20292684742370623 0.09863240913225788 
-1.0324811036907362 -1.4836887972315798 
-0.4121621905492016 0.26889925371987483 
1.3696223617478394 1.2192795367276188 
1.4748860398793082 2.166506355369467 
-1.5596520651337666 -0.0065626258534418214 
-1.5661091735780424 1.0061251198102619 
0.029443300595116698 -0.6080993858954721 
-0.5863412265810994 0.5500162687569485 
-0.29823967578590976 0.5541199898659386 
-0.2925011750303165 -0.3424894504390546 
0.2153005081523826 -1.0994385201859735 
-1.8081065483068022 -0.18987574833296728 
-0.3740947781294085 0.4930889038797802 
0.1574386383468395 0.7212757815225431 
-1.4853909436496047 -0.818022404803233 
-0.05966237883035526 -1.8551942999685809 
-0.15852980100124175 0.15563091634065007 
0.09351797257048036 -0.05342370406914656 
-0.11114502118606934 -1.2848554895357787 
1.3026900679168036 -0.18837764880497995 
0.8359321547003954 0.6393052239807159 
-0.3458264758609745 1.288620802023097 
1.4354288813067448 -1.0481870999389573 
0.522671891397368 0.05718345269151795 
1.4299936197199747 0.4067128425775426 
-0.1393896108316466 0.9637362638165866 
-1.9036694704196129 2.1292719147885295 
1.4241211009004342 -0.04714826973538511 
-0.33691896179750835 1.2695961472002109 
1.9887416136948097 -1.557203391336558 
-0.8315708989619012 -0.03920053832486465 
1.5650615789383426 1.1488492529023429 
0.06513032210388939 2.9060207123683632 
-2.0565594386079753 -2.1803416605973958 
0.4179805593172235 -0.700320187957675 
0.25742476865518216 0.5086203046084933 
0.17240376215424444 -0.4211222361175639 
-2.143718148838414 0.5863836511988753 
-1.1949580880696895 -0.7284310538133664 
0.39013348848911994 -1.6176619184517487 
0.20725751877254672 0.46307620196133553 
0.11772305749694373 -0.8095453175731663 
1.2377954338825417 0.4652519757688356 
1.9916272651279538 0.5202160577393489 
-1.8829750573388764 0.2436649215987733 
-1.4739645425096395 -0.15544854119455637 
0.1352175083483176 0.6871702115318096 
3.4346072185937944 -0.4631240036744877 
0.1633606709388963 0.16552704362220122 
-0.10761938975053371 1.5397788759363575 
2.5393476606569116 0.7076936951708594 
-1.4049100265181194 0.4480824694793113 
-0.25080562784304844 -0.49322123970678694 
0.589672701557618 -1.1541823640675795 
-0.4224734839154386 -0.10448048035888216 
-0.6819061767423872 0.46466799575694145 
1.0588747496455269 -0.23575606120262765 
-0.6733375334881923 -0.33193579792204164 
-0.26414097911889056 -0.9139741195602737 
-1.3149256050158113 -1.2215662712239643 
1.7833949117579704 -0.6684095803744428 
-0.8791658241056681 0.30173892861054996 
-0.3513906706947189 0.9724284212156694 
1.1687172386589244 -1.451041758468941 
0.28802977133194113 0.5374171361315115 
-0.32713773022646875 0.14449862629580457 
-0.8148282520292228 -1.3736247616205923 
-0.20468876420691734 0.10858221032322149 
-0.13251678691698338 -0.31312009340369434 
-0.15944368503851578 0.44347081264050353 
0.011663269045144413 0.7133303829176886 
0.07224271296751694 0.3405592819370752 
0.9405177973329945 1.5018550351790299 
0.3369090628184951 1.9217438607388027 
-0.4362821128137636 0.645634790809551 
1.8200829169621284 0.21872253453406634 
1.4462470073842504 -1.4553394953188534 
-1.1453910791183295 0.5680882014257735 
-0.5368954068848708 0.7585457964167536 
-0.9952628631610244 -1.0049635667870687 
1.4709230687094554 -1.2006559898083298 
-1.117339207512983 -0.664027638367591 
0.05094604922843783 -1.6888154778157867 
-0.538668060962396 0.7745947202800157 
1.9267955617855714 1.9946555226751976 
-0.11770610281231729 -0.5441882313388937 
0.937799735906125 -0.6155343974605468 
0.4591729262123553 -0.848424421329463 
-1.0002863230552783 1.19234705556788 
-0.1003407900923864 -0.48844414801702096 
0.14172160014016358 -0.0010409904083976576 
-0.6095620033648494 -1.2916034819168976 
1.4391643415655906 -0.9510972234484861 
1.852282208167741 0.15312380121741376 
1.0957769817846326 -1.7172704712071951 
-2.5420141725720757 -1.410424972576914 
-0.4271487251498419 0.5554554329727209 
-1.0607220688724686 1.2380572261513245 
2.339799522853725 -0.4885804090506778 
0.6658448539230802 0.6616231149744458 
-0.981305984641201 0.46241749506184804 
-0.3766622399758552 0.13375204919793146 
1.9917500584744052 -0.34978807842226206 
-1.1985144752541486 1.2601827745166856 
-0.05456342576296738 -0.1654010501052449 
0.5830091962089899 1.196479509502232 
1.0608514551917618 0.9317030954366137 
0.2684325275077731 1.105538063292452 
-0.3968270508271775 1.2257158504782166 
-0.7089814575824301 -1.5308827593279881 
1.155049930106453 1.824381005593804 
-0.5906698807271117 -0.23257776046878456 
-0.5872828056553577 0.6691117382825786 
1.511821382977844 1.6874490342818875 
0.3245561565904395 0.49920006479767404 
-0.8721516877930534 0.24703127419094165 
0.9368372956418621 0.3317401776674552 
-0.9802630933750323 -0.6267609669083037 
1.6842911424494595 -0.042287883084150095 
0.18727128487567868 -0.708884744654945 
0.123085568870271 0.4279786043525464 
-0.008314855473118903 -1.1181854327581298 
0.6805391872551411 0.6547564745068185 
-0.010047991940235536 -0.7275517914424763 
-0.011042044249174373 -0.48544381971963646 
-0.8274890392276887 -0.339819871999761 
0.0821696249262738 2.0791664654343647 
-1.6290859053971736 -0.34575450387853235 
-1.273291206353378 -0.4800921439380194 
0.6278016294691359 -0.18079684261844572 
-0.37909129933070024 -1.6461366527032417 
0.9773374760262337 -0.6347878355350393 
-0.08408598760712109 0.470963939328418 
0.17350282528200883 -1.5122281436936205 
-0.33128264175364736 1.7212710135374683 
-0.1183410168236184 -1.7092171539271273 
-0.22681619585345292 1.7826012849923571 
0.09062635606944618 -0.725170540603649 
-0.9962972481665325 0.14008702301559162 
-0.09509119365196507 -0.9640101606299964 
0.548682669120464 -1.8414833001647357 
-0.07382565950758896 0.7492667699045047 
0.5868571199815308 0.4209485977981925 
-1.2079934904245624 0.8630150461466066 
0.387436347329148 -1.27855267781662 
-0.603839683444754 -0.14059758134967779 
-0.017890589578836307 -0.8746504723392396 
-0.807270945364194 -0.5835083819652298 
-0.1994125755438544 -1.4931828481841916 
-0.672376574509109 -0.8935510543806603 
1.0794973451460987 -0.7564617338520386 
0.6156364818106113 -0.2558708783918277 
-1.1988820946592154 0.9415440467855013 
-0.5975160620736718 0.9517051729445761 
0.014805529566251347 2.194822314928877 
-1.3028582397427524 -0.423432701853962 
0.5882694651074282 1.2765029400843557 
0.35533209215541645 -0.20636680023788845 
0.7510211110600029 -0.8603471408680671 
-0.38622712952204497 0.2844225528644567 
0.7205629006027429 1.1282265924177826 
-1.7300587582720421 -1.0199368980729302 
0.956674885843946 -1.1485666638623484 
0.5686126766367935 0.4086165441770096 
1.7413943653834019 -1.3640605637687466 
1.2474954471003599 -0.714820127011364 
0.38978646775474723 -0.406608927179163 
-0.8366308296686276 0.8845151155306251 
-0.2577828120809307 0.27923428991352695 
0.46308911126195423 0.9886843597142986 
1.4990022803039182 0.08900472965987587 
-0.011789985804132555 -1.7672611494021386 
-0.9029171329985406 -1.6011005604621327 
0.11851867460118705 1.2815379057400826 
0.4294612425413942 0.9461025933058606 
-0.98908660979565 -0.4734443929638492 
-0.6841271010303989 -0.7832999825828431 
1.0274157704902893 1.442609358031357 
0.21848786078893376 -0.31415120474495045 
-1.548458181089687 1.2317215470688008 
-1.0254548991337002 -0.6802414158503949 
-1.3363639703230832 -0.15240925338939065 
-1.1540057702205455 0.8030759096209581 
-1.29185065290907 0.3613960825579112 
0.541771627089452 -0.024006125199142 
-0.3834542875496849 -0.5446011661276176 
1.6268421713272685 0.46726721378351366 
-0.14551642598842074 0.6956123150929734 
0.6814218089765763 -0.2265665209463164 
-1.4277531115276205 -0.21832383252328655 
-0.030685240087406338 -1.1883382640127553 
-1.6501640858744053 -1.0750254716710463 
0.09554899458584275 0.11614447598033287 
0.667401200225246 -0.32668532879526485 
-1.1114206523841859 1.4862381911535503 
0.8231402023710225 0.009122165736748416 
-1.34529967564587 0.9101151184987881 
-0.9713375776180577 -0.9015771872134618 
-0.6467650298476176 -0.13325629693109092 
-0.5101281156088174 1.2498207121372373 
-1.185350470320509 0.4093957832278883 
0.3882220770146435 -1.260624344342961 
-1.5034674117829032 0.21956811180185845 
-0.6936426344681265 0.29733183155872167 
-0.5697112101307044 0.08202431845495602 
0.3798129319818318 -1.282059773244033 
-0.28288663358360006 -0.19187805786825052 
0.5280097573228281 0.8006455418637447 
0.8235120789629823 -0.3625777123842185 
0.436008549254078 -0.10398885750085454 
-0.3457355796526425 1.115414722618288 
0.47846175305557986 0.2714607107922696 
-1.083527338112428 0.7611630860473291 
1.1082418346951064 -0.6453880042699531 
-1.3780747045491832 -0.7357617413502624 
-0.17765907582527685 -2.395122247419107 
-0.665524635250722 -0.8562617134155832 
0.11013128585899412 -2.1015868784052474 
2.489491254034753 0.24983548876227216 
2.802701152906876 0.5107732613515736 
-0.9755892233262633 0.8429046003025358 
0.35767978538024403 -0.26322785145746525 
1.3258570783267756 -0.18941479399641273 
1.5459462044629517 -0.6680666684341371 
-0.0416370435475672 0.4028985450699475 
0.3646371052604909 -0.34090633488058125 
-1.624211408356472 -0.4332901785300124 
0.6303749871401712 0.3629298529954859 
-0.8847018326414102 -0.4837541002185173 
-0.4303446156711048 1.2692055883171118 
0.6878103731135612 -2.3638530101740427 
-0.42418047637351 -0.6646973548393494 
-0.4174430385292853 0.46729773876615416 
-0.9498039652221199 2.5943367644643707 
-0.8513489303261342 -1.7487631637622474 
-1.6927279492625604 -0.7452562942207004 
0.6074005140399104 -0.8645699894112283 
0.4870028979839568 -1.591826370851128 
-0.7675287596642807 -0.5860505292297425 
-1.437076971069136 0.3554883401540719 
-0.7804272977429775 1.4213264015838998 
1.0522836844066705 0.25633400391163136 
0.7162392197397601 -0.7314398148240178 
-0.2672660485714653 -0.29904663299264644 
0.7809044805492857 0.7876447779829125 
1.226482335774961 0.020922988100134963 
-0.11810152183721843 1.3402240990430818 
0.6284107044298956 -0.9226188836907351 
-1.4934414895148274 -0.0008821275241015362 
0.13737652624919638 2.1000860215538357 
-0.3128096280599862 -0.24978429565442165 
1.4303932572861788 -0.2911344191263058 
0.12021695312663676 0.6772288850974658 
0.8020127878302619 0.610257912095918 
-0.604588955707228 0.7939097950622553 
-0.09321561275328828 -1.051885972347224 
0.6341787866341762 0.4938799436809411 
0.09218990599661143 0.9647408586023247 
-0.9350461650270591 0.3195330392427348 
0.8006148017226176 1.087868461515199 
1.8294529637924883 0.4636002825942258 
1.120643148159306 -0.13716020769861922 
1.0476622030059466 -0.055056931516518574 
-0.13297775269233408 -0.8812228611514963 
-0.14734657017607206 0.5962146356892288 
-0.19238700578098847 -0.31397276870364216 
1.207630099313976 -1.5394032769934238 
0.6309090414172546 -0.2546665610851924 
-1.6405748868169054 -0.9541696648974817 
0.599996709855753 -1.0932108081699512 
-0.5570838691353087 -0.5394435934143641 
1.0173006766289787 -0.07579775228426067 
-0.12590849680644373 -0.509853614570823 
1.6853096904089273 0.5044298413699795 
1.6804271175897256 -0.6028890212358129 
-1.5312240275659117 0.6140149511512221 
-0.6539258661814717 -0.5552260742597491 
0.8621103453999033 -0.81597052192972 
0.6070762196629512 0.9872218405316181 
-1.1567731638604382 -1.2134482194031144 
1.0933951933195913 0.26712988042601 
0.4562673352173967 -1.1084057378837215 
-0.09736451674117785 -0.5515353378477408 
0.5242323289278416 -0.9333623882867504 
-0.32585810917607383 -0.43872988356938425 
-1.0912113352994273 0.7669511185399576 
-0.2689813403772631 -1.020640325683724 
0.588110298158651 -1.26404688723376 
0.12808335276938557 1.5846812702159574 
-1.4891894947111282 0.6129155203077822 
2.0610384080691397 0.6985289108828341 
-2.1627198166124826 0.027715514114257992 
