-1.327359466096802 0.7173467660658495 
-0.5709096793649068 -0.24504165686531304 
0.9201557921235786 0.12494660771299723 
0.4405867659885136 0.4002445182816203 
0.5849244861884765 -0.0875430473944854 
0.8559264558542539 -0.7703534248339927 
-1.1458868698320492 -0.6158459272208021 
-0.001498366272177252 -0.718069971955137 
0.48374827195679615 -0.35727756483091644 
0.32135346428366485 0.07918156957394194 
-0.5041600741408858 -0.42248784763861846 
0.43119140687971913 1.9479342794354455 
-0.36413014475661504 0.796251575932165 
1.277461804581993 0.538575065322685 
0.8444119727519052 0.5248629220472517 
-0.11453406388488234 0.5750266468616895 
-0.08404743189326065 2.020432370877025 
-1.4816473271022064 0.5485321272507232 
-0.84179970886693 -0.13424425904682805 
-0.7347533849308179 -0.9294027682132366 
-1.0455943966546044 -1.5564208990461277 
0.0641213156169753 -0.8565018912660186 
0.4478762548110597 0.37001899904309915 
0.6794372505815578 -1.2627573703286583 
0.8553068816348767 -2.9065170389200623 
0.4374380970177237 0.7675179446888326 
-1.081662520414037 -0.43241768983429685 
1.146840267724439 1.7295940130119571 
-0.23506377939382525 -3.214269889064989 
-1.2887575577888801 1.302691501767618 
1.0144663217354322 -0.15527183780002143 
0.1875524433931333 -1.1760891241323426 
0.19492984415943268 -1.2102034310228027 
-1.1827798743157996 1.3528465515104497 
1.4034828843776945 -0.0605798407503886 
0.04296368743173709 -0.37347531153695235 
0.708317030733847 0.7137375548983765 
0.5130818591349574 0.7460701332645947 
-0.6205603516274021 -0.04544658187254344 
0.37231818790762716 2.056828662810985 
-0.13190718642864374 -0.47154586955339783 
0.9516800156307845 -0.18317598919257522 
1.6032887793506077 -0.11066860381322187 
-0.7850018092945894 -0.9495307458471329 
1.418861636381559 -0.8530641866099491 
-0.428196834123549 -1.5336292796853348 
1.349965640467497 -0.3329231545838472 
0.318376949563395 -1.2905758508833607 
-0.23655739822735747 0.9150482430202229 
-0.7319574381813524 -0.1551624248332884 
0.8829224174707001 -0.38582694941766793 
1.7006148999263482 0.5946815700048342 
1.2388757673428745 -2.4360286662938924 
1.2928980416851978 -0.9257356548006274 
0.36864066446963795 -2.4194296675061677 
-1.7025295262661992 -0.8424542684319986 
-1.7779218506691363 0.2702312122940637 
0.6056538225706961 0.1423201303084343 
2.1895828816742555 -0.8803566294257118 
0.7023334138391106 -2.0906544406603547 
-0.5785367761106538 -1.0251701806547937 
-0.6210596884315864 0.13141399195459771 
-0.43128640851920996 -0.07702650041544637 
0.7348981404224344 -0.9099269281816699 
-1.1686626529408362 1.0330118935203463 
0.77451642108013 1.0549389516668695 
-0.3312664647493204 -0.06442323765290647 
0.2211470244752235 0.7519164105202449 
0.9542222752942657 -0.2209603174377712 
1.628543999130407 0.9410941753757781 
-0.11327176314173698 0.5870194563931945 
-1.9928758323412525 -0.127295655261559 
1.4008787833486 -1.3759269131274907 
0.7753788939309804 0.6930193047831543 
-1.1583184181058261 -0.5926709189115684 
-1.3649752248001414 -0.705945004538325 
1.1412004998802154 -0.942486731945881 
-0.37556541150373274 0.01798459047384226 
0.2885349102599866 -0.36886055377578364 
0.1396609052776723 0.7329143103430692 
0.5279095965673517 -2.8425562175952805 
-0.18208947557537725 0.43966039777365223 
-1.9831779961868135 -0.36307764957808986 
0.49147632782058326 0.10506044399025664 
0.9173019877653844 -0.6440650118349317 
0.210164642050711 -0.19969935734974076 
1.0117037282808774 0.6427630700589019 
0.2747848626352529 -0.022682083526200415 
2.38879059386025 -0.10050026721026206 
1.4043028084463172 0.44634241613860026 
-0.03089337619880804 0.05260057906352549 
-1.2682729555970096 -0.568123403789568 
-1.313417591274459 -0.11051942076285505 
0.04406861523506271 -0.4422375948594797 
1.0806045283994312 0.6969874821608449 
-0.6251196775268014 -1.0716446106918835 
1.951329593534244 2.785098774769906 
0.05677819518117576 -0.09936670206115185 
1.0757629408042775 -0.32561925331264874 
-0.41950663468218347 2.210079131109445 
-1.1675954316360306 -1.7802709540502166 
0.21247068162236973 -2.513701689594505 
-0.6825179897774739 -0.4761534691612705 
-0.19115500845864192 -0.29805345370521624 
-0.2241032602250956 0.8900766982089587 
-1.6335817997646873 -1.0153666527784126 
-0.4204017632832812 -1.2167016575763439 
-0.27999364149751527 1.0261131561879773 
1.3058016153742276 -0.29097127107339466 
1.42858589899027 -0.6509806227777621 
-1.7247885893331365 1.1972244003255448 
-2.601493969220781 -1.3404837369827223 
0.6406746415440407 -0.08804266322825365 
-1.0258000950264272 0.8441955970560956 
-0.1523560971731907 1.0958372151611606 
1.5219593684020436 -0.5851843252954747 
-0.3907937912758204 -1.7557280798441444 
-0.2557910377467253 -1.340829697729154 
-0.5999420670260134 -0.09581215441750952 
-0.599251772342873 -1.613067537020848 
-0.21810552248552015 1.0609245384612278 
-0.017779256535541393 -0.13939309766318111 
1.056447097838851 -0.254884649603967 
-0.6224360533057708 -0.26946321094159625 
-0.4038431690521228 1.5100686392708056 
-1.6641001282787429 -1.4561015172355785 
-0.5488060624276319 -1.43768089659767 
-0.6632740061741423 0.3676564220660783 
-0.37487853032157165 -0.6082267701776857 
-0.09949322234966679 0.0213559359957464 
1.4109739776056431 -1.6201125834632573 
3.048215496246233 0.46587515725502315 
-0.044515447417461336 0.9112855435004811 
-1.753428071166826 -1.2111544131841223 
-0.5641290546874581 -0.590300191970848 
-0.15498831550473136 0.7140656045150348 
1.4210998016218304 -0.6805903127801938 
0.03149330274843687 0.2778055507741404 
-0.2735658125359147 0.3195560307972835 
-2.0091064534785863 0.6329857306191926 
0.2801278193369046 -1.3858026518849285 
-0.2796663516511907 0.8176826510951533 
1.1029728655828204 -0.800821876766393 
0.07790643040868066 1.4360597451012491 
-0.2847917098921073 0.42501853587260946 
0.33752669688976744 -0.4889169375303481 
-0.646703376511121 0.6843462643715698 
-0.8568755182523167 0.23740455062284999 
-1.2717104508213322 1.1561104701600673 
0.2943798149697176 0.5076859476121885 
0.1797834048732045 1.169832352468983 
0.3165539021764978 -0.15195831758811124 
-0.9683700151339147 -1.3891379313928118 
-0.33029564820665813 0.2664513070067124 
0.7206855951476124 1.0666492519738437 
-2.578932604447332 -0.6932972873224161 
-0.8913621290043551 -0.49685465675165147 
0.07851980147582678 0.007750185561076466 
-0.06098521144395762 0.5066235327157094 
0.9202941298553046 -0.6278057957482879 
0.7713717857952463 -0.9343757271280385 
0.9819174313656474 1.1071129923973742 
1.4211331187460445 0.2098100956598154 
-0.7288554211493513 0.4498328331326946 
-1.2149742689046132 0.8764255994457241 
-0.05910212651585979 0.4286757129269386 
-1.6891051141233488 -0.5539193382624212 
-0.641200407734304 0.7234950830186421 
-1.5449962839828417 -0.4495649155671563 
0.7864297817853603 -0.45143246256960523 
0.31212659171161355 0.3931738417803918 
0.03639180010430152 -0.24480694802493314 
1.8018524356645793 0.6099625532037274 
0.6858890968755095 0.24656488524914788 
0.4341156271971478 -0.06940003153107771 
0.4738826748153618 -0.4392370818366376 
-0.061939982591803916 1.2095231876558008 
-0.3273853298030025 -2.316164558325676 
-0.9415930159004059 -0.5888039587246673 
-1.1384731595745248 -0.5112577342667323 
-1.4385606945101743 -0.8785341270193039 
0.13145552960679394 -0.6351587751074205 
-1.2402326001003428 1.6218650887744976 
-0.22259013360968052 0.4090976701821183 
-0.05709812998659346 0.1887514220698034 
-0.49486132413254624 -0.49425653020529425 
1.356504811536351 0.6094664647711715 
-1.2202765804367435 0.62780161529839 
0.4286458801258286 0.1258038397799915 
0.14412465751885103 -0.3948223170684088 
-0.30742130491068026 -0.1685632504392188 
1.2054334462543241 -0.027255204229253375 
0.3008819533387421 0.30654744621454205 
0.8258624631878232 0.5117582415249693 
-0.5879888522402277 0.3186159082527294 
0.9828426166100749 0.8280792594000763 
0.8384840086127185 1.1883425140536932 
-2.3587306211334536 1.4238575027290665 
-0.12113653629778168 0.6066972836743698 
-1.8102015538898784 1.2606762167544783 
-0.08078655731709336 -1.094943531050641 
1.9387526334787784 0.32521483934326506 
0.1062559984374125 -0.18552037188571793 
-0.40075794776680956 -0.5198542675255579 
-2.0871876772022584 -0.6180258463771064 
0.3559335191544745 -1.9668344541313403 
2.190251448938504 0.7691124603990197 
1.4805258278070563 0.9464221680474426 
0.25577238865295815 -0.2069061797477376 
0.46041670993920025 -1.3616956018674555 
-0.6579008007592088 1.4918495333187944 
0.614451724005419 1.2720741144633503 
0.017777136480001305 0.9523732806290557 
0.14069315156506143 0.17834802379103556 
-0.15348137323761157 0.816635019113563 
1.0373440612948426 -0.6217704944023059 
0.8521680845631631 0.12636557823419806 
-1.3492109216398225 1.6939494866113252 
0.392190115671752 0.4596579892872983 
-0.3571906860153378 0.35711000067328347 
1.0029508564734724 1.9902143314400496 
-0.41637553316700365 -0.07690894861035036 
0.2433692210161678 0.4107430052671226 
0.5542354012533015 -0.5264852925752415 
0.1729717197781002 -0.13609399540765527 
-0.5679058416318226 -0.45784442251931345 
0.12283946031526516 -0.3480065929704104 
-0.9009219017911865 0.7459142865222955 
1.2598901572333383 0.7424627205299542 
-0.11286741517071147 0.7055929246428513 
1.2533499132175978 -0.41276760380577265 
-0.7961718835113382 0.4863001910909329 
0.29568756428777454 0.8223038995915449 
-0.6961825429109104 -0.39037142505278344 
-0.8830289741618002 0.0381349464453925 
0.6012358788679039 -1.242318061448406 
-0.46255102610025095 -1.1941060100774206 
0.7709192692493 1.8654094802023027 
-1.0932918471595396 -3.0330973955405356 
-0.3939021349731148 0.3643868548076339 
0.4925843404505525 0.1808776056801122 
1.0128114947207567 2.8227451583118786 
-0.7839236798389275 -0.03472447568612032 
0.7371934057903684 -0.7259604963861862 
-0.4127850432994045 -0.058995723051875025 
-0.22679435724496635 -0.8171157055928125 
0.3873684483536902 -0.3972965789706282 
0.815067155533427 0.71879764357907 
-0.5853389215019988 1.3592139965943282 
-1.6742858611243192 0.5051923317222116 
-0.018513246620675623 0.3902702690110163 
-2.2365494058378887 -1.7887007616652244 
-0.3922167486532291 -1.3070030381520656 
-0.09847707324186188 -0.21688637411899275 
-1.2961050913974301 -2.562111463340208 
-0.31368849030243434 -1.9891857194554714 
0.584054909368428 0.26467755555234745 
-0.5368461083858362 -0.2630911914820951 
0.9324650036217836 0.3720325637551152 
-0.5331280903684361 -0.17422194492621326 
-1.4281421424063792 0.8218284189594411 
-0.4399001743098751 0.2225479168495348 
0.8920069895484176 -0.23912958087293254 
0.034120420258640385 0.4646992617052142 
-0.28742355093707544 -0.03346988439239818 
0.644364643233521 0.7426530871792535 
-1.0235266290914948 0.24359329552200965 
0.5897583048136984 0.3194003278127825 
-0.7002376910348408 1.1260765790105416 
-0.2879259580013878 -1.0232837391719711 
-1.2651728260567427 2.4371964755716697 
0.19675119992250095 -0.07203429974960997 
1.1023783737794943 -1.8526640505261947 
0.4244647183379994 -0.007114311803243899 
-0.7777380700310319 0.23835358905918513 
0.9097017786538024 0.2388657298240051 
0.20217715478464324 0.6728847055169974 
-0.47030359236083863 -0.12156180894387526 
0.6473115318318604 0.2836323750108678 
0.41225445665492366 0.8140716121896405 
-3.1470917109577705 -0.7159202962728948 
0.01836668206967956 -0.6166752520593625 
-0.705607198576602 1.10295812277116 
-1.6800762446372406 -0.4488632953867615 
-0.09943587591917404 0.6578525289986683 
-0.1092405042642844 0.7836267599448874 
0.6335976019712701 -0.7099641051638956 
0.7811447365051747 0.24701825500913258 
0.9305470367826032 -0.8520140349059725 
1.1974057342230837 0.6570596621937735 
0.11362678114693074 0.4594351354046692 
-1.042213820128166 -0.8590580388583977 
1.3083922328524689 0.22902408094546414 
-0.7843401898211955 0.6172077144454443 
-1.0338177571090208 0.7464975179779189 
1.3889795065675723 0.14125474906869395 
1.1064706860093096 -0.703025773227609 
-0.8309877393149927 -0.35640842266241435 
-0.2194022073470528 0.4775270140400645 
0.520723360921055 0.09265510315871599 
