-1.972686001243244 -1.498198356301327 
0.9152130768573467 2.262383217579244 
0.9711110130540862 0.4947319514158238 
-0.6147921309117491 -1.4446024051820516 
-1.4195506327945044 -0.7652457872037924 
0.020292607387545736 1.0091877835303602 
-0.2987426134520217 -0.5237861859551828 
1.2394314466676193 -1.498143831437508 
0.7514826161007392 -0.6564589752153254 
1.0113179316115222 -1.1980623136603024 
0.6772412826136702 0.5111440919044014 
1.0565018756982136 1.6129558093265728 
-1.803094705222605 2.145549321589893 
1.688732905560832 0.9007559436921041 
-1.126893465334351 0.09296470642144125 
0.0461066188609515 -0.9078145185509197 
1.656406715736155 -0.2814361113161037 
-0.8215137856893198 1.3542154570554468 
-0.4271144836864485 0.9278703051285604 
0.13090800554350643 0.9746623170600991 
1.0848597990539952 -0.10581770037690273 
0.8711413591846234 1.3267146372629985 
-0.43799243863754367 -0.9461114757167843 
1.7509775501494533 -1.42626789231544 
-0.7383863645399685 1.0513572686135466 
-1.3705612417894717 1.046240440185868 
-0.136169460830231 -0.6150161424943117 
-1.0031997993815338 -1.8539987093076984 
-1.7442521177128965 -0.37493213326694125 
0.1152803430934514 -0.8686855514638601 
1.3312309704205458 -0.3026742042412035 
-0.8489024638507565 -1.6755411968371015 
-1.5205925822257036 0.17777745883618587 
1.3802108683135026 1.4585081494861163 
1.3443218792345322 -0.02259739054689858 
-0.8115913958667175 -0.9402053638878293 
-1.1380402227330177 -0.013605860767315254 
2.295986505906102 0.6193638630997966 
-0.917318213094764 -1.8870983910550507 
0.9300524947334936 0.7361260691738258 
-0.8031563097180331 -1.107001903267896 
-1.9536931135080504 0.7544070972370812 
1.751974593087697 0.27230118302928813 
1.5465894980598267 1.2043508941209824 
0.7490059929887191 -1.4710854617290454 
-0.850344221612571 -0.6220736257380924 
-1.5584199047345433 0.07955237521783227 
-1.9007192847714858 -0.3160151053103312 
-1.0824982709398403 1.199072796920355 
-0.625169064885268 1.4762189085106803 
1.32310055458957 0.9308434588611562 
-1.0600530668872523 1.5449403311798644 
-0.13346105445678116 0.6279100580752088 
-0.35058546112891553 -0.20223391599593413 
0.7052986542568526 -0.9027054820267321 
-0.5986717212675047 0.07639649473783153 
0.6549745386269318 -0.31614554074332224 
0.6386203603411976 0.9513862393693938 
-0.10679210570880769 1.9110736990332748 
1.0744081054998227 -0.7614743886269796 
1.1977041048999757 0.8302305695932828 
2.426343143311308 0.803666819579343 
0.5402672361827505 -0.350844008177302 
0.79812524203909 0.4116833354198465 
-0.5998493455059426 -0.014502949706700899 
-0.05944444511031524 -0.0687254579255898 
-0.4267351932655408 0.40386215395969677 
-0.6528294434006537 0.25501144212481847 
0.1978480904804138 -0.22074253499046065 
-1.5429814129261281 1.0988568416781532 
0.4240046707167321 0.7428899839166375 
-0.5345667738790888 1.364470685405004 
1.3731798216875726 0.5847646878761906 
0.007415760571835648 0.44281674012895067 
-0.37606877651738285 -0.9816571630085184 
-1.270364556210497 -0.7502633330371169 
-0.35791427077123295 0.08566549696980451 
0.05254024509575869 -0.6252818911210066 
-0.804782668424137 -1.4487052026916671 
0.3045012156925936 0.1339129377571189 
0.25306063725059363 1.258059369185954 
0.0545302317468388 0.06162554906615642 
0.33659468745574705 0.5238200672707971 
0.20028460878232748 0.009953590775790241 
0.6903701129822236 0.8855986102319316 
-0.21759892365795547 -0.6274593515607881 
-0.6016601919410433 1.6929318334321386 
1.0421724033853532 -1.2332739008550733 
-0.9188374958554795 1.0188232415361138 
1.351496225872216 0.7231709065457226 
0.8937341280608487 0.2527300493619977 
0.04657686224436769 0.5001104603706742 
0.5200034322515179 0.36198151603508566 
1.9629506766635956 1.683869455595006 
-0.502740835718241 0.3659398243335847 
1.2095607809287494 -0.7777887372096165 
0.23247668531737917 0.5733105345739878 
0.3520385404378337 -0.2002683741534132 
-0.3302853537383239 -0.21117830346617725 
-0.6152291900539699 1.5168904682195445 
0.9737638944976673 0.354948870078139 
0.8422887598561897 0.9264178382829688 
-0.024124364975162037 1.5026596253852849 
0.8380631955712593 -0.3718436791281279 
0.2016237595479212 0.1499369208325943 
1.4140949496786164 1.7316092657654574 
-0.6596334558586062 -0.18217568541998816 
-0.8921204526797792 0.2242587331522377 
0.04593183046980177 -1.311798342901372 
0.04633753233297754 -1.4651172594513078 
-0.30174505276471497 0.5746878984547463 
-1.4964194412050684 -0.4379134835609232 
-0.23477096283868032 -1.3867276400117796 
2.899450788294447 -0.0687813155438465 
-0.8432095196877346 -0.4311151165271163 
1.035323227084843 -0.472062167857042 
-1.3233071253400654 -0.5666570784920978 
0.31684408909176504 -0.3973919626795867 
-0.36046258548823595 -1.671586888659105 
-0.37861068206047843 0.10621476062892644 
-0.21948828278761154 1.3648662694460931 
1.2804329512004766 1.3395246820030249 
0.27917943608706763 1.7645444808934228 
1.6688706890808318 -0.5556870506090925 
1.062049151513338 0.728984944348206 
0.7428992389371626 0.11726897256822623 
-0.7350262460122646 2.676966596323798 
0.5397844148673265 1.8743877321750255 
1.3085737972272597 -1.171552691442764 
-0.7170764127094356 1.2357285224787464 
-0.6426059814643716 0.20811581511119975 
-0.15252108969372988 0.3917333921141036 
0.16849706083171986 -0.05069457013982346 
0.9653841698850493 1.252366203026493 
0.46114889449796814 -0.4314523636111017 
0.35561814499899574 1.4235743949011745 
1.5814788630918877 -1.234674685838238 
-0.5143454246326754 0.5688939329304488 
0.21145590700908248 -1.421665609324803 
-1.0409860297749485 0.5359685347320379 
0.2632034158080332 1.1856306464237056 
0.7648663106077876 -0.30406744623864335 
0.10607000266175377 1.9259336197185601 
0.3814499632014882 -0.8504296447964252 
0.49332972016835347 1.3753813807807527 
-2.547518835701538 0.7920504548256553 
-0.6134860892593009 0.18891365004815333 
-0.4581354126140361 0.7252159179409033 
1.2159900642465067 -0.6136077074618447 
-0.5220162756750674 -0.18527938013250575 
0.9224922721333245 1.960797635915849 
-0.30327311034320387 0.4824927689476919 
0.12902308563334572 1.4349103775956866 
-0.581728039554852 -1.0033470842365448 
0.8261340935540858 -0.6222183215743257 
0.7191163987645345 1.3524946067200858 
-1.4070358538310697 -0.2889736289004065 
0.021837850351590717 -1.7290746214867305 
-0.9902018529292421 1.4193638865455764 
-1.3489262375069806 0.03287556537045571 
-0.43788447290082033 1.1376358362376 
0.8145755024133358 0.7437366665882171 
1.5234984698709766 -0.9621584255867933 
0.1556894886883489 0.3088991798389016 
0.9579452482222603 0.18028481736068575 
1.0934534712418762 1.407333089513685 
-0.0441101593569237 1.4768610144574992 
0.694650439464125 -0.28912018821350616 
-0.5596738323712778 1.3401762909640373 
2.0911255138544687 1.2859539215516873 
-0.058526317718026785 -1.7436180852098535 
1.894114544294998 0.17838342117352096 
1.2822458011197286 0.6069328101234268 
-0.5088519732751021 0.4738424122939768 
0.1110677808057485 -0.04403013293920443 
-0.9423846187128768 1.4275114018828456 
1.4464723771787442 -0.7888107925897841 
-1.146572321424982 -0.3440135281882301 
-0.9470738101598387 -0.4020410255736085 
-1.9952164146800797 -0.1606929282694896 
-1.2103306992763803 1.7986268701652313 
-1.325457215364865 -1.0047279849331385 
1.7057263923107187 -0.7346090320833654 
0.37530526915328105 0.025807989839416973 
0.1547930785372311 -0.29977627049413463 
-0.8692282818040828 -1.1797824249052606 
-0.9859691522604105 0.12626177906659328 
2.0524493139370033 1.4563793080377805 
0.5164557739360162 0.6672070522980147 
-1.0998237450657145 0.8230847215045131 
-0.5213270179810392 0.46130068613093766 
1.162834906960631 -1.5100069902203348 
-0.5661681583932918 -0.7018747590140755 
-1.9936589324303275 0.9819525892415976 
0.9389433954709773 0.4441260298978854 
0.6164720116813709 0.7193303074727553 
-1.436557874493102 -0.5243339840900436 
-0.8944091123365289 1.3093083211513385 
0.5248358701021442 -2.29929129793657 
-0.12087460191401055 -1.1037241744165098 
-1.1884864849441705 1.5262116639450962 
1.2120015562462847 0.6937879763542651 
-0.7401831421802251 0.662030934864019 
0.48513643909483234 0.8164640001962927 
0.7044207565522428 1.1245398348577238 
-0.5149082905150324 0.9785433465586002 
-0.2941147611569381 1.4621442140183314 
-1.7553673834445107 -0.833550055294383 
-0.33767633764671734 0.3609317952090617 
1.1724930775622844 -0.1964911347124203 
0.5239705897227416 0.3347177574975266 
0.09685392642027646 0.6488222777847336 
1.9613549803003971 -0.5016820211648 
1.4837013484598032 1.1712424239118702 
0.2481037890367076 0.2547019531968546 
-0.42711199855323867 0.7036338922971335 
-1.3257669909293197 -1.0142666016924486 
0.421407423491858 -0.9472263055124731 
-0.6277622363837988 2.6421533920443734 
-0.5080663446302421 0.6506480558345028 
0.5934403621180482 -0.5136368447378056 
-1.577515497552981 -0.6831984574813929 
-0.9669759082030274 -0.22715223790722072 
0.22934407056069517 0.0866406407145634 
0.6743410091374221 -0.08559886253357872 
-0.8199571974715707 -3.0881746008723185 
-0.8503155791043204 0.8955008290351115 
-0.3193372980436942 -0.12667934460771052 
-0.874631368261084 1.3446867940849738 
0.018614849050999374 -1.5145866174621903 
1.0901143547677012 0.46667852864220505 
1.0457942970870313 -0.7927122612914113 
-0.3557337812045123 1.17683042492563 
-0.007984526116598289 0.07121626607723762 
-1.9838021510381634 -0.3324816073998754 
0.27611958424994865 1.8270172067627553 
-1.1024249121677678 -1.2601865477818293 
1.104875039905158 -0.47881942519111864 
0.5105583786862641 1.5469467101057535 
-0.0647261134906175 0.7598801215941563 
0.12952293945601245 -0.319030946732784 
-1.6264180553530063 -0.7451049449321733 
-0.6693312587783644 -0.6019699986930138 
-0.20755113117209872 0.7918913428237627 
-0.16783898220418825 0.37815608867952455 
-0.6754662986748193 -0.22181233891916316 
-1.5701514358833137 -0.17334824798556095 
-0.3587157861887187 0.012511423894912922 
-1.0187363501698652 -0.4112911423751556 
2.71883693674339 -0.15047898502742743 
-0.3317626862249346 -1.4396303663612016 
0.15664159537195127 -0.9882002488379831 
0.13295802980819646 0.33517130175668297 
0.15508294015954202 0.9427742897058239 
-0.8870670422827164 -1.0993205974722688 
0.20087115711539544 -0.06410149861331796 
0.2736055037132956 -0.3381910602114544 
1.1128684181320276 0.07753674709721177 
-1.7625958251043066 -0.13875542499522528 
0.8100130589538792 -0.604352334815686 
0.5724783189317451 -0.9160151803721908 
1.9146908406085865 0.6125666148688346 
-1.0828667719799248 -0.3359451298946433 
-0.0407273643164073 1.290063725826015 
-0.12667159028014907 0.8785288464479419 
-0.4259731638667559 -0.3165895678990482 
0.37704332493268833 0.8845198167722425 
-0.451029330630074 -1.3615937651500798 
-1.5640991729025087 1.0847472582154472 
-0.019363669280864946 -1.0453938871501123 
0.9291660713652019 -1.183510692675088 
0.635703152507552 -0.2137812761044453 
0.4926641197926317 -0.8339396524725748 
0.6761273170272867 -0.6623701548329124 
-1.2383877774065992 -0.3343864330763981 
-0.06622222742032127 0.08062614922105914 
-0.06198029487111504 0.0037903211378345 
-0.9703495490244708 -1.0878519391554662 
0.14056257546597045 -0.5990088983022186 
1.2093668441686336 -0.4350994517864303 
0.18225960276827116 -0.3106551938212136 
-0.8794103573050578 -2.9520477126817486 
-1.1551838414594477 -1.0215100733008196 
0.8855741333230909 -2.507273360161228 
-0.4163545755959464 -1.6476143915427084 
-0.9365359829113078 -0.6991966624936269 
-0.17753109897429442 1.210413463272278 
0.3802445771173343 -1.257564888594603 
2.6379716083547273 -0.502017377763936 
2.253242430684965 1.4637794961062276 
-1.7351427196435725 -0.7680751549438501 
-1.6259806003347326 -0.9118435816415712 
0.6341251649206224 0.5344287288607339 
0.7889993301687782 0.5009949757628749 
-0.13935029286730868 1.5179602842956432 
-0.8187356516010222 0.7350826892473681 
0.4972892192012123 -0.5785435790520163 
-0.42947035875308964 -0.22972933436505208 
0.10403113887274759 0.5628516884009733 
-0.6172218903507011 0.49824025165764785 
