-0.4288636638510407 -0.29934860729415663 
-0.5548764789887651 -0.1912323886471139 
-2.005364696729527 0.9740678698668859 
-0.2715500116220164 0.06711498790708527 
-0.8313270974278333 -0.9084900098633357 
0.9032463998043595 0.951223248567202 
-0.22280123695036935 0.6419140180529314 
0.26873916573330303 -0.3815016839764226 
-0.37546685431543936 0.3324232933172121 
-0.23673599338008167 1.0367131353904673 
-2.4495360066797858 0.164824014094714 
-0.5062887073049437 0.44304327183376974 
-0.32480069525538213 -1.2946343998050907 
-0.6702052170245598 0.9372758471982785 
0.01675519547934304 -0.6690321260106191 
-0.9122653676886189 -0.375058825672914 
0.004023918304003249 0.7562693937121743 
0.2515327148879334 -0.7858765568375051 
2.1965519480829796 -0.3343891529751376 
-0.24458315860227986 0.7932372748754389 
1.4970306175239732 -2.3569643009891643 
-0.6158517969780632 0.46264333319955736 
-0.2609532725735118 -1.7846046928402917 
0.19632701479362005 1.2681666908221363 
-0.0706730734262963 1.4718431616159966 
0.49783142228099964 -0.7005733615968321 
0.2586154712963079 0.024184555164952753 
1.0696248355477413 -0.45646287267176394 
-2.135423685709337 -0.1253621145692818 
-0.25872645865758204 0.1383865127171937 
1.9341183138605529 0.26713069908158993 
0.5970935811812706 0.05925750658749155 
0.10059609405017152 0.11639295141948516 
1.2372396931510565 0.23725665783193464 
1.2894616804049908 -0.9273990723226618 
0.9335386960531838 -0.8994424016623407 
-2.2224473219551166 1.2710685239589372 
-1.080280598374014 -0.6099742848863109 
-3.2001142697923406 -0.5125856404089991 
0.6668027325153971 0.11150211156712622 
0.4003891506862463 0.4381717096034473 
0.6770675874379848 0.8430818635950136 
-0.41263811456290855 0.6068519453785511 
0.6337753417440213 -1.4783944544987115 
-0.42765945646112863 -0.2445192509706924 
-0.11571047380108651 0.7936838378555026 
1.2366190807562867 0.5113023037413821 
0.7160396184353249 0.28597781498096686 
0.7784753282544219 -0.33525641583828925 
-1.3009098482908084 0.6933867791265829 
-0.9081513526581343 1.8755874281408915 
-0.20002279740662599 0.8861271811840397 
-0.5432874849212804 0.011734931307388027 
-1.3976389924953532 0.30530054854020666 
0.5177958388221158 0.8042241899762538 
0.5838270202334205 0.9251401724027722 
1.5457384248479265 -0.7673297299606491 
0.47640272417393253 0.4169343102376931 
0.38387571800499903 -0.8046688513376049 
1.3917891499977006 -0.011879298664368628 
-0.2103072213099068 -0.3889903592759368 
-0.3592182284906697 0.2748742752988556 
-0.7625768065516625 0.3804156041074672 
0.44795615221252033 -0.8934029631168852 
0.934944243669377 0.42947610531333835 
0.9357527123770422 -0.9338016533262503 
1.0279903601490408 -0.512812987609414 
0.09964355429825814 0.3560223149622965 
-2.246918786070967 0.16230106517985257 
-0.14947107129991757 -1.7713463016566906 
-0.8919521453304871 1.2136927155205857 
-1.7631308805908135 -2.470674426541812 
-0.47865179709300854 0.7998080785582149 
-1.1929168341621743 -0.7984386373955619 
-0.8007262809543338 0.5965780932118897 
0.09108341605191447 0.8536497649544526 
-1.7828856215864926 0.10674031373874751 
-1.2349962627940219 1.2189344210584387 
0.10928830064988089 -0.6483770964238955 
1.999865900923357 0.8364979810071009 
0.08068085604578426 -0.8298684845221839 
0.1411030887194811 -0.8371977824805639 
-0.5319696653005027 -0.4355743056733738 
-1.228397346904676 1.203736460488149 
0.04043141808863881 1.0491636019175699 
0.7363546042375038 -0.7370940754676596 
0.4199823581240806 1.2368072490681232 
0.9266965229337012 -1.2777811693740904 
0.7535140977607664 -1.7088830854381607 
-0.32806807177489605 -0.658391842599965 
-0.009175972119777281 -0.2722705671197374 
0.6045982785489691 0.37669709748224045 
-0.8458685704746383 -0.8449303811471173 
0.7214189531160519 0.3562048454161332 
0.5441489475496557 -0.10830736609408688 
-0.5520880336424621 0.38309431599361987 
-0.3754037175642891 0.46010448248303404 
0.6089430912045569 1.485569816120036 
0.12276321064290228 -1.231639831746706 
-0.312573518383482 0.5814661362738546 
-1.4246743482113975 2.0675027989334223 
-0.6543857055125688 0.4675323386350032 
0.2466715105751753 0.10982687341000465 
0.6807150252013584 -1.0457169268601099 
-0.13298542886603565 0.24066708798341227 
-1.6806487463561615 0.035031957705171535 
-0.1864377991187104 2.175901248301362 
-0.7328767105062277 -1.5710763178064342 
-0.6406293548614426 3.1820528252448255 
1.2684829566487137 -0.25594123404343916 
0.4582826067529834 1.304321862832302 
-0.0065315392264384655 -0.8245683864451673 
1.1108339709828987 1.1894239903848387 
0.1094358892832795 -0.16022496079062462 
-0.4438367544398631 -0.12127692520594702 
1.062512553277656 0.7067605705453809 
1.0335989400718453 -0.19841733337160333 
1.1005113881091166 0.7540281942496403 
0.02318637242400899 1.5502448535338462 
-0.1530523170873086 0.2213959399828478 
-0.06263750699443528 -0.23903045493412065 
1.2837191781925095 -0.3888114921442538 
2.145983813667172 0.38476618704693594 
-1.0515993192634008 -0.8185759963867327 
-1.1409527425135468 -0.4980135672629834 
-2.2973843187395144 -0.3749396474669886 
0.17358996711313185 0.7508802616795268 
0.75462581140177 0.8221038681072084 
-0.6823513134807312 0.0905511704524927 
-0.9159551106699735 -0.45455679165617735 
0.10992224432047965 -2.463209674829995 
1.2786167926036107 1.6076097888505418 
-0.15956562239079652 -2.1701489030502197 
1.6356441367777945 0.7491543951647672 
-2.1649253360214034 1.040476151327704 
-0.16329956148570685 -0.3523575256595686 
0.5441696259391785 1.3665510165949184 
0.11593731955129842 0.9686284822003591 
-1.392874774041126 0.8476428979958504 
2.0682508070607826 0.08134283149535415 
-0.29429422223810614 0.6768487037883111 
-0.03942756914816576 -0.26068438413221257 
0.5560599796390437 0.23761154650400607 
-0.8714241839185836 1.3279080871403375 
0.8165853182807482 -0.5490648503284572 
-1.1079387797409939 1.3583799634613887 
1.2668082650149255 -1.4132168742535733 
0.43172973171016477 0.03318122268829081 
0.1732251184617684 0.678976080808802 
-1.2452204627461358 2.1231582828782036 
1.240666881343571 0.0511213467575527 
0.5011818698213013 0.19320092117782214 
-1.049361945077926 0.7981194901942693 
0.48863466467988975 -1.4193600555371202 
1.6784999961568685 0.6132612189448375 
-0.07459917711795962 0.6843006443556695 
1.3175648552375 -0.6111016305298576 
1.4373797063408578 0.06431745395464397 
1.090512211505545 -0.28513367707802195 
1.4107951416335416 0.4511013566649191 
0.3112373792658334 -0.6857872262012251 
-0.46129721953617847 1.3387499707876458 
0.1841283614497863 -0.5188593969928205 
0.10941765788060205 -0.2869733728681819 
0.5651957531856474 -1.1905382202675543 
-0.16517054477326534 -0.9803028205745113 
-0.8309530138311705 -0.3699818351256045 
0.6108985464018236 1.02416897388109 
0.42425925480215404 -0.09098671650428536 
-0.061262171545007425 1.0184593167350515 
-2.146392090402404 -0.2081387674954105 
0.8984626947342191 -1.1815769465806516 
-1.2393861570990203 0.5162785709175644 
-0.9937496056021846 -0.8251828692253519 
0.36277889225543747 -0.02543547130651053 
-0.8299245625390852 0.10717233972665628 
1.330182673544613 -0.34778461877630085 
-0.18848752296460172 1.6628046628048563 
0.07310026118978442 0.1684811871776798 
1.0838900882283096 0.37751924583608126 
0.40876731506506814 0.07306123403539667 
0.7759339893291044 -0.13634111624587966 
-0.7385357912388038 1.1125027326011443 
-0.34492668417347205 -0.11677089327418426 
-0.36378028025488096 0.45367305843618216 
1.0122130173582702 0.44977970348963053 
-1.0436498132811016 0.3632019564318544 
-1.9862330545035705 1.302930204740763 
-1.0761007145839245 0.877612945534232 
0.560252167514333 -1.0214287544362186 
0.694299123080404 0.7787619798722549 
0.4036815269772397 -1.2224608802653103 
-1.942538077289844 -0.2118735831756979 
-0.8220021447573125 0.7728089138667289 
0.7164149460542536 0.8326615209395704 
-0.004803222191316875 -1.1895420715511686 
2.5537202692886876 -0.050944025947308715 
0.6574312649126746 0.3218944718949592 
0.026659418882942126 -1.0771102493147544 
-1.5905219647825104 1.1956330613829662 
0.5963049116097647 -0.452542007631258 
0.5782768203856489 -0.6628073394579357 
-1.633369969243695 -1.6754788137414194 
-1.3096294136835207 -0.07962529890137873 
-0.3188029148823287 2.684153969737626 
1.2995955799232712 0.5342365249283377 
1.3540600683882957 0.42062613715440456 
-1.2816815406293576 2.317108265125695 
-0.3043676104895016 0.9995782886948795 
-0.30940750602413447 -0.45064998443671256 
1.6252293597762544 2.5001605042794357 
0.9712458099372104 0.5140470861911489 
1.3488324266228382 -0.5818276628774985 
0.671285357763132 -0.9496361036062043 
0.03775046117498453 -0.6543911512749658 
0.5058631859239778 -1.6842011568886257 
-1.7815730856723868 0.967123132918126 
-1.0507360747794658 -1.7851449621692266 
0.39853681725994056 -0.6658499734816394 
1.041635886457361 1.0637446124228274 
1.1378022580252738 -1.501314766519607 
0.17721245018057438 -0.554700286845372 
0.08337162995500627 -0.16071313594616815 
-0.4328255006792425 -1.3168726658686098 
0.7601213419795256 -0.3541278370118084 
0.683782572481555 0.790613605241539 
-2.3867761073540787 -0.6917677531119071 
-0.9653151441711858 0.12852198330951442 
-0.32806851018533556 0.9367932902792824 
-1.8439722350893148 1.425435342402625 
-1.3300908288905797 -1.9984041122779885 
-0.19856819172697102 1.6258797319571041 
0.9969247473385134 1.909581561666224 
1.287645722319212 0.9226362551849889 
0.9490611662425291 -1.1843406188283758 
-0.07708106922136704 -0.5169622610317334 
0.8538140944065978 -0.2655290707653544 
-1.4623069949821055 -0.7867494977406243 
-1.3506299196653393 1.2063791175864673 
-2.606883091495133 -1.706243356580483 
0.657941158040068 1.6567339719885692 
0.48460109174115923 -1.1927501261036813 
0.3990602464989101 -1.623209965917486 
-0.12523536520773015 0.13319062398847706 
0.28171593745437895 1.6769495126045948 
-0.2621248320028864 -0.3978126451237384 
0.6647100949448302 -1.6763626046732858 
1.2009463429520362 -1.8363015051245362 
1.898726828427776 -0.9324904243157345 
0.6848749095206779 -1.8484544755629921 
-0.16744059246902254 1.1652986306230437 
-0.4089973967458404 -1.3625119960335936 
-0.41484411387127224 0.44407519475848534 
-0.007222077784078726 1.6512974052173663 
0.17488988841535458 -1.1446933910451207 
-1.078852688749886 1.3178229404422273 
1.4750575658932656 0.7348662896533233 
0.051199144058479334 0.8784002887876928 
-0.27590639258756616 -0.09197200145452258 
1.0365838393119853 0.23171864625333785 
0.11723757944871305 0.8838605951915282 
0.6139490092352043 0.42546835975418934 
0.6252245401868188 1.1413361956008767 
-0.33168698035882405 -0.6571917218906597 
0.2895650295832528 -0.8550782093133283 
-0.33493925761172255 -0.11158995119225418 
0.030045252084638947 -1.066038098306646 
-0.17519179830952197 1.204056615626098 
1.4611546996099942 1.1443094612045677 
-1.68631541283221 1.4707165522879444 
-2.890976357512625 -0.4234091647588841 
-0.8414582679242333 0.11247409279540373 
-0.9786281787938882 0.14010535106100758 
1.2019965127859984 1.098720448499823 
-0.11101533736286028 0.5343142794547954 
0.19882517489762702 1.4727752283170572 
1.2362610559978313 -0.5001201093026059 
1.288769282958205 0.17637379896344496 
-0.21433196802227433 -0.8577510204599142 
-0.7504239554873998 0.1482985655719727 
-0.27310657715944986 1.5626120267728272 
1.0492574757531123 2.0697085491339844 
-0.3092121908561498 -0.26367501419765643 
0.6174407562187538 0.9856909455454369 
0.16391945276955608 0.7410110734741661 
-0.7559504661609354 1.7177610864117856 
0.2676544505308847 -0.8995499143784854 
-1.4277525546753893 2.018357265300884 
-0.29627479563705433 1.7051669625315127 
-0.6854236677103873 -0.02541046502304417 
0.3872101529913892 -0.5759067492543561 
0.648962975697655 0.35646621520556815 
1.3074452385693993 1.150603780858655 
0.10215550735502188 -0.6086602322107202 
-0.2227376215908846 -0.8089555291610165 
-1.1404335442527818 -0.6337880056023989 
0.3417054911054406 1.1378636225163659 
-0.9831669609477804 0.01756349127785264 
-0.2637726252662373 -0.05258178806234024 
-1.6863962799157304 -0.7125247149371239 
