0.801035129383404 0.5091854768021137 
-0.28690623670344484 0.4557760735559844 
-0.7367459209054842 1.983917659577628 
-1.0427978323098828 0.2574392315054095 
-1.2587569431447707 1.0553245036530772 
-0.051117822949312615 -0.4086059538621877 
-2.1629077041762423 0.1604043645734937 
0.49194266610023096 -0.7680165053694122 
1.2694605821443214 2.2238861972087385 
-0.9052097668438135 0.6841165047281575 
0.1557156873521774 -0.3587332043858573 
-0.8048837599563393 0.04154104731668594 
0.33125509325702374 0.6931192611783896 
-0.5337632983536982 -0.05988974995747225 
1.0009793021667965 -0.5128168714966984 
-0.24126451513855343 0.0992198270771604 
-0.00792897762123965 -0.013001181420522324 
0.937526122438441 -0.5592226479052438 
-0.7022249658106781 -0.6266341911712487 
0.2469198887174531 1.4163005221555016 
-0.2690589011295586 1.107724770392971 
0.14804883706663136 -1.0909610812682973 
0.28843470395339144 3.91079878747722 
2.6832182360094916 0.08485234004596907 
-0.6116707743159681 1.039085901532686 
0.2810676811806019 0.6094835968466774 
0.28491351822651934 -0.526673992091922 
-0.13720397291728503 -0.04282167858743443 
-0.028811479431382347 0.5074163877263589 
-1.2889559081248396 1.428233013973898 
-0.6427017812113495 -1.5656557876555501 
-0.3285041312759202 -0.30384541683482125 
-1.7353825114689536 1.1539014316210234 
1.5070136772662648 -0.3574968928656859 
-1.8025891463722035 -0.6312274114669661 
-1.5003642441190732 -0.3509112752704067 
-0.5038308862836477 -1.4518267190146974 
-0.12819969789809568 -0.6139872542542456 
1.1260661186991283 -0.9694500410982982 
0.25975016924376004 -2.039602995485802 
0.653076687827054 0.17966511176139385 
-0.6687682636056028 -1.1248922979723008 
-1.141498398933863 0.684710096253218 
-1.2922493882079285 -0.005731578924479237 
0.7356119836028082 0.6938977708946611 
0.5983764324883278 -0.5648598487523286 
-0.150521299928857 0.3331337308647343 
0.5814302865883725 0.27778760611000153 
0.5999575201291439 -1.1118894027791026 
1.626884157738536 -2.635451731669626 
-0.5142414932509641 -0.9848018054125784 
0.829085144381566 -0.0386159244931748 
0.402043531772729 0.547461928216679 
-1.2452346465631914 0.057388044218457425 
-0.8030542934676965 0.034565053923119024 
1.2367434173926246 0.25199556426543507 
-1.1135378771612903 1.1892309688560827 
0.6680413754137822 -1.8623688929048916 
-0.9703570011888404 0.9041577373075297 
-1.875557803640621 0.6586706425765732 
0.6663534070465587 0.7295846120626935 
0.6557856671732655 0.7139336030446567 
-1.369630750056752 -2.4923845218488556 
0.9421357359367531 0.5916635846670321 
0.11761327331884715 -0.6572732425017559 
0.24764380021916377 -0.7488423673040702 
-0.9802923212692721 -0.017017995184597852 
-0.7827333706114511 -0.5951573581104589 
-1.0752370197414562 0.47639354725085725 
-0.17042332897784998 -0.8373497260464986 
1.1897621314171865 -0.7716595272500806 
0.5096025697369432 -1.1557896568377488 
0.8801010312517349 0.18331182807121438 
-2.1299648392031214 -0.9012312383532328 
0.3635274274674628 -0.5864340651997799 
1.5438747417083236 0.6539203975031926 
-0.671127180936285 0.2694066020813885 
0.12029190133427814 -0.4409779539869599 
-0.9579343387579385 1.3744912099040425 
0.9599177837195807 -0.5349232749372188 
-1.2697490813286978 2.323545764344049 
-1.1021767140265493 0.3796366268467589 
2.0263535704504845 -1.066145430745868 
0.24759122046676668 0.8065880208930448 
0.7218826856662115 0.7181013727044417 
-0.27778570972692485 -1.5840048882119093 
-0.5054134764014033 -0.714348140420902 
0.021183651757794877 -0.5043757176893088 
0.5385535692388577 0.9327204354792473 
-1.0627948162685092 0.018927950879179693 
-0.21934322379052434 -0.3560026929260679 
-0.29586779163832416 1.3938918049775797 
0.14077859226059206 0.0316482430933108 
-0.12599595730366644 0.3467000157272792 
-0.9071501716527037 -0.17098244829767573 
2.7766559842403824 0.9784972753305711 
-0.8410923034256084 0.8864392344797083 
-2.0282939350600597 0.9635295309141887 
-1.4430749438288386 -1.3112954633979592 
-0.6843596454963548 -0.07214581450374949 
0.7491682636696532 -0.6109599747381527 
2.3789131570015614 -0.7474497655989846 
1.7790825633002438 -0.08609393695267423 
-0.702026808461054 -0.468480497534545 
0.10121684905432554 -1.9189345511629678 
0.5623780736075181 -0.9582576391276842 
1.7507453643205118 1.959448589244044 
0.713003846321501 -0.5998231861324902 
1.2008877975186527 0.9387096162646074 
1.258276955238357 0.34923970496543316 
-0.7309363233093426 -0.484729454081373 
0.13974423860020285 0.29654762376731425 
-0.7865395247051409 0.19029152523123832 
2.325710590239835 -0.6340253968807241 
-1.4181388584649282 -0.28401369363026474 
-3.468865282133326 -1.2405015186253303 
0.573661328010448 -1.3967502890697387 
-0.20806949231299457 0.8629902123319941 
0.15881276002255332 -0.04005377575453691 
0.11631514456783265 -0.5769038238435195 
2.169106455012463 -0.2120717354234472 
0.5360574605810036 1.3868249647430073 
-0.24524496020862932 0.1413442501980607 
0.7566392965757838 -1.3874617217033491 
-1.5408135171994914 -0.5500651248121247 
-0.7127746736054482 0.645981294840987 
0.41510644059272733 0.2941276637979226 
-0.1380375538711826 -0.10521042021769277 
1.9337005972503405 -1.0871365915300997 
-0.4929112012757877 -0.9065490462947132 
-0.8528249345197676 2.2439131020463385 
-0.2675886400286054 -0.5243755194173714 
1.0306422537648532 0.28080876426885404 
0.2115969608821907 0.857539275408785 
1.3065584745207972 -0.996422336519329 
-1.0929076660151946 0.3930083600786767 
0.5332109143380723 0.9946949498783254 
0.20169763662048965 0.36734853793813776 
-0.6164747663406931 -0.5667625526723985 
-2.658634700736538 -0.5322947058464746 
1.9659781916192056 0.14396956128701036 
-1.1088945089478235 -0.5497314131714469 
0.39335244714432005 0.4479710467457326 
0.042660341086616926 1.164775836269857 
-0.4957427443482607 1.2257979092460332 
-0.5863348503752879 -0.12719680268632144 
-0.623872311107661 0.6102330026129356 
-0.9836065566555346 -0.8081104084387563 
-0.5856555666047026 -0.7863741705901098 
-0.6380091013877779 -1.065217175334044 
-0.17209786715525807 0.7918119412883424 
-1.5354809124967883 -0.3062587528913659 
-0.5764867149502393 -0.18902442799774308 
-0.9275348871600471 -0.14964047305083875 
0.16068422226878026 1.1198095228766332 
0.06620985800256521 -0.9741243065842671 
-0.6770880052672745 -0.647179383868776 
-1.7248915625269128 -2.0409067689095783 
-0.6886647410354654 0.5547872163299098 
0.24379632567418397 -0.21193380680864898 
0.22975303503958033 1.0348566765242355 
-0.42210644299251837 -0.3248644621472201 
0.04929341648993913 0.08863034500353943 
0.3457233906201005 -1.1370364919627607 
-1.4017672657538438 -1.0731325358523338 
1.3414585623776754 -1.2225746269534554 
2.018059111788366 1.7754218468825838 
-0.4373619538817505 0.26189306247157335 
0.31046227242707486 -0.4537638374591604 
-0.5424673160471658 1.2290006844555814 
1.1503997221601903 -1.5222852261067246 
1.088767217365362 -0.020324215825794002 
0.2043088644748505 0.9140309573489329 
0.4286696776907962 -0.6699834150997768 
0.41807521236169787 -1.1434791829006865 
0.019327697196490443 -0.5576311753509168 
0.7235567022401329 1.81221377083948 
-0.28650947206528454 1.2983507572827269 
1.0259073715931804 0.7955228748110482 
0.25805362574957336 0.21992126424140004 
-1.6012154850381746 0.5348147364267936 
0.535612457269985 0.7963176746438921 
-1.360013060265928 -0.2912643959725833 
0.35958150785073967 -2.220197007361046 
-0.07125986666198532 0.7036377871509937 
1.2686636026695308 0.563805252428124 
-1.5477891723467225 1.4221828344146152 
0.3363361823727925 0.4546404454661432 
0.463154244354854 0.5099778155300798 
-0.25995515611175923 -1.4964383964536758 
0.2594017672448834 0.4861253124145247 
0.46902241860604177 0.0370457284490663 
-1.0358131660833745 -0.11361856034715692 
-1.5036283160183945 -1.0750699528918237 
-0.6470595595342999 -1.13292587259098 
-0.4604504472762392 0.6098280413302068 
-1.3516526291932953 -0.11512523780812964 
-0.6617188724936811 1.180240858868289 
0.28387577546178044 -0.10577572473856985 
1.0061102559321056 1.9443618466755572 
1.1178151648136814 0.286126932864866 
1.1105707549567045 0.03133059233582585 
-1.5215278726242512 2.009683563374379 
-0.5986957684178853 -1.4195270133041624 
-0.031561877301454384 0.07017079491107722 
-1.833734406487591 -0.12364061127087089 
1.2004617459698603 0.9187888593834806 
2.1464574626497073 0.2584691028330819 
-0.08830120859847544 0.4394574034352561 
0.3770110106721546 0.9077667368992139 
0.1163108488106752 -1.1528277665697795 
-0.7490191976274326 -0.024089751735317404 
1.1745503775708708 0.5355912054630276 
1.2135054695028373 -0.5288025319557239 
-0.937276933381978 -0.778807499965126 
0.06695782599446803 0.2033545607502379 
1.307931141762003 0.5799226468130131 
0.4651465558863205 0.7805651612960836 
-0.6097474311861747 -0.116532255223409 
-1.3566961220543239 0.06389597938537077 
-0.588880693094511 0.1296559546775236 
0.8501021604204358 -1.1842858762966617 
1.385983471200099 1.35968440845217 
0.04397199700435511 1.1525462836513234 
-0.4610093401504214 -2.691866877849926 
0.5344062064386611 -1.3539167053346486 
0.17856472292643494 -1.017854985784561 
-0.3245143294727256 -0.710985917205413 
1.8066246679160716 -0.4858445562051413 
0.5131406974927776 -0.06951469283197782 
1.1832939188651956 -0.8612368273303393 
0.2608066902775146 -0.2098502980271396 
-0.833837123249315 -1.17860413683426 
-0.08390100378462954 0.754698223655188 
0.2339897547024421 0.7779181194550645 
1.009839718830676 -1.5333818953354164 
0.4335731531586707 -0.5964277695248108 
0.43077980444730773 -0.9833343289806209 
-0.9023625786261777 -0.5305298347662308 
1.36588295468092 0.09101832829986363 
-0.42243962679455693 0.8819849177101236 
-0.8699594541829027 0.8298083569691821 
0.07239174333870492 0.694241441558837 
-0.07031850183511601 -0.7033882079061442 
0.8397995122327093 -0.5642663971382097 
-0.9262540717692495 -1.9628844283522682 
-0.7158363476387163 0.4687151649140639 
0.3376141410503847 -1.5467473880485163 
-0.5792569223521968 -0.2591259764691624 
0.9847403597586277 0.17465133708387384 
-0.5555845708106965 0.47402120759939576 
1.2877132329730854 -1.5237807386576148 
-2.1203148468839172 0.1508482012230683 
1.7340796801216916 -1.63360971084874 
1.1774170305616605 1.0512648357646588 
-1.7288645757954944 0.5766390271067099 
-1.1700074661792472 0.8662798564066692 
0.7015607530434874 0.2399153065982463 
-0.2744549171340415 -0.45328982137962126 
0.3126755692516143 -1.3490129283322099 
0.4767022476535697 1.7377496549518212 
-0.24425206665421723 0.8175322429674391 
-1.4722221685666121 2.27725057538426 
0.34867787811502005 0.006625265117777222 
-0.3164880127865679 -0.889189727769376 
0.17885987308366944 1.4127582314186462 
0.6111739483264579 -0.2679849430175932 
-0.5605408200287046 -0.25127193317259655 
-2.156249641535323 -0.8472102725072053 
0.3702398170054317 -0.9822897516651835 
-0.3942078404093766 1.1168017396069412 
0.6893685715591725 -0.009764020745396056 
-0.9754236204316554 -1.1247472600697044 
1.7534828373790465 0.3480937213420741 
0.5040022011988061 0.23145696715139766 
-1.9556488297878334 1.9786253850282576 
0.1803494037681003 0.5636275784469634 
0.239542102111212 1.220040529205229 
-0.4049405043386614 0.6187170734029256 
1.3579349342843854 -2.503766765379688 
-0.7182115875882261 -0.34874151020454086 
0.8138041143109245 0.2585882736692692 
0.8141867442641757 -1.329362243533891 
-0.3588716745067331 -0.4737054193125361 
-0.14861325608613532 -0.25964750774166734 
0.28559323870607706 2.1660085414613346 
1.5980934821051904 0.43422393859640945 
0.741102001408446 0.48925948518785645 
1.9678432898188196 0.2947528317758489 
0.6914920801186499 -1.567280012887476 
-0.8048618857546729 0.4386396943272525 
0.6769717706514502 -0.8980111264331222 
0.04204517676342274 0.9333546283936768 
0.818646338851725 0.6546883993585568 
0.12597645024842907 -1.0461636748616012 
0.07355077657456394 -1.0716206102263868 
-0.5255512383094857 -0.37278483035056803 
0.5418751489336631 -0.5357813503587437 
0.6688188721309334 0.8042873732720486 
0.014948310052661194 1.1777001172252939 
