0.9077562793043153 1.4826815804096771 
-0.8973363731854604 2.576353335248418 
1.4057154699987213 -1.4558327789599068 
0.1231352638077609 -1.123403166956341 
0.15240887252887753 0.4565172471404675 
-1.030400843091365 0.6992961156268154 
-0.3664054660718784 1.6036640026493743 
0.309470931122595 0.9314111525792856 
0.30823526213569086 0.8765031436976254 
-0.6177615997528384 -0.07754471101443235 
-1.1386703289227693 0.20746162097518636 
-1.3300100874656304 -1.0980666420361846 
0.4323911080824817 -1.5770790568448863 
1.4462052746207787 1.3627790512618048 
-0.6147655740090899 0.15038814757360464 
0.2919063634951107 0.4669744206338817 
0.3097329096275109 0.36031513932273407 
-0.15866185219868104 0.745388617680578 
1.5794936010578748 1.635838710099751 
-0.3073220838348039 1.3622355826023318 
-0.06658176833617128 -1.7667730571568254 
-0.42392815379975535 -0.5370083120007523 
0.1100534535618335 -0.0562864255779936 
-0.2214517837834601 1.2165688187210462 
1.3435272480924332 -0.6788692212330781 
0.4832051986709102 -0.4613319972241897 
1.4778285250844172 -1.2082896760948347 
-1.8799337688267752 -1.2187397007424747 
0.08999620131580655 0.7632112912659024 
0.5365992189082572 -1.1631457933523943 
-1.8135525370005074 1.1784083303889252 
1.8859991766352755 -0.46415393175465675 
0.133600651951246 -1.0489292442959837 
0.13935861025984975 -1.5468134435797478 
-0.7081326060591139 0.15870520081614903 
-1.0186954075566657 1.4437553880690839 
1.9279990415556882 0.8263583418284594 
-1.3667050454468972 1.1809599356986662 
-0.8691687283181385 1.0606331396433364 
-0.969693152679952 0.5947401722822455 
1.3173176740398986 -0.8076145848657577 
-1.630252703046864 1.4065686793763994 
-1.7928909505326558 0.8721567254372851 
-0.2120533362884257 0.8533854886220046 
-0.1522491592842901 -1.892320611243124 
1.8207463000902675 1.4436057694292765 
0.26839742702060193 -0.6882419042249305 
1.2356141295596195 0.9060155157101349 
1.4584362988085162 -0.6972709556059692 
-0.1325617547180511 0.11375697694655099 
-2.32683418678145 -0.9626645787366858 
-1.873641523822565 -0.20744950207690652 
-1.5965780556979512 -0.019344777175757572 
-3.3657589231597465 0.7531488081007127 
-0.15475798605030042 -0.8683688375299342 
1.6502924805242871 1.9459613062485546 
-1.9313980094354177 -0.6343671582511748 
0.957090503033826 -0.41057235989289387 
0.5975979601202476 -0.9750160029347549 
0.5661999362548797 0.2532393925312119 
0.18975944027603509 -1.5772314826703036 
-0.5163170920770779 -0.04831581160949657 
-0.2569716348030126 0.6260347337713411 
1.7387847012118127 1.0541355726594825 
-0.1550959831143683 0.9544196049379252 
-0.5210658731815422 -0.1928408144294973 
0.7061477931073596 -0.10639892625095215 
-0.08409247535558655 -0.05541276096553103 
1.3787112118422706 0.4284897308914931 
-0.9453774256039746 -1.0274479864646806 
-1.1976982419703543 -0.7351415736542788 
-1.2910339913028561 -0.12365201869139315 
0.20695316012817289 -0.2786964838146746 
-1.007287922962261 1.2889681993329924 
0.5609832685589297 0.20025421293571255 
0.09996999541353356 -0.06218968658731279 
1.6638568942278567 0.8426835013673077 
-1.2037316253141295 -0.17346759358036834 
2.194785836229072 0.7580414878876808 
-0.07387559537776726 0.18344022268326332 
-0.9883206519175806 -1.4755550966570927 
-1.082881377743074 -1.8698253264554758 
-0.355365389227122 -0.3657754740711506 
1.5723403653588468 -0.977908378877788 
0.36619798215855537 0.014722396375350449 
-0.8760828427267254 -1.080317061976729 
0.9552636390383191 -0.6913650447786149 
0.74273216081768 2.0017011944433665 
0.9027846540648142 3.3833598354912664 
0.08624797756263232 0.1313172042016147 
-0.4743119935862797 0.33306562331556533 
0.024110505389225892 1.507711972603336 
0.9386940543815417 0.3027317600504402 
1.1387724120311948 -0.8547771477681572 
-0.6176646397775954 1.2275870669930629 
-1.5790820533848275 -0.880412249980818 
0.20343396119104182 -0.7121851589855124 
-0.5906424437520653 1.0862994009278046 
0.1961619686046094 -0.6836645361189992 
0.0895856084222236 1.8636669002226238 
0.7973939769005358 -0.8051677253721211 
-0.6318227837140157 -1.3972710585557442 
1.5960355549105871 0.3703123106011445 
-0.10435616580528621 -0.13371450316245873 
0.16454317563685184 -0.4048345792533402 
1.2447455391441167 0.02613858457775157 
-0.467975869004392 0.10892346556240812 
-0.11940408951607377 1.4426635134966768 
-0.8697672862119978 0.37931829316000304 
0.7421807261260868 -0.6184855680557463 
1.7603023802801199 -0.047479302959984426 
1.3958130126731974 -0.8057642954667409 
-0.126245191675168 0.23955054958997074 
-0.6702278731884225 -1.6605991283368091 
1.1632619996765818 -1.345633498806539 
1.0803129581621702 2.0367178863814375 
-0.03169822646527525 -1.1291214480252658 
-1.437577688736666 0.4334703339595816 
1.7327280281787074 -0.8669014818864006 
0.4074835903843231 0.8657218002237987 
-0.1317079952317206 -1.0589824733949305 
-0.49887506638494983 -0.32194521584217234 
-0.0999918463384124 -0.7801549464291174 
1.7610946170203385 -0.9102756374799489 
-0.0471262347694278 0.07919381728459085 
0.5472317989016813 -0.6113759385530874 
-0.5603015392712871 0.32674609827754836 
-1.5163131642623868 -0.39053884744305384 
1.072050515038918 -0.36934660875774056 
-0.4927337917936914 -0.6794103820222385 
0.18187105116430036 -0.09366036369505264 
0.7221251545185349 1.2170727838095767 
-0.2524525064096196 0.12228716670462192 
0.023252421159668666 -0.36112063576002285 
1.9076802669012642 0.01409807074904095 
-0.7346637662080098 0.38823805364375485 
-0.1109502561476368 0.9613514214770152 
-0.5594360121169613 -1.0052839934650382 
-0.10612158555926968 0.6653692030614031 
1.0519431979510663 -0.5856443069508404 
0.07531910869115042 -1.255098961743828 
0.18109855840553746 -0.09541444747702256 
1.2983901298273002 0.011689093167675569 
-0.30750402342101807 0.08985697002569253 
1.6190954939469753 -0.23009670786973616 
-0.5031977935795634 -0.2497279782227537 
-0.7761695905943731 -0.2475829158780875 
-1.950734126123526 -1.1343548707050692 
-0.3128863688959387 -1.211242792037157 
-1.0204912043446215 -2.811176449456201 
-0.47130434335515814 0.07387937671679039 
-0.49051260204713004 -1.3345319421377144 
0.3216869421167042 1.0788746107081302 
-0.7778144078629683 0.3670530936765945 
-1.2732509589241467 -1.472041489952558 
-0.48856061209264606 -0.19500379331677437 
1.600845133512379 -0.42333765221106884 
0.3367967524112688 -1.4137063022092722 
0.17995289157574063 -0.17125465487214253 
0.7717886377506931 -0.16313048169997216 
1.0005025972332926 -1.908403633534625 
-1.1358239942073667 1.3633872113857366 
-0.20545667705157733 0.9687092946527447 
1.065283224667336 -0.9923647610735775 
0.23416566335540576 1.8672614658762392 
1.0141827379105757 -1.2460553654090847 
0.3394145275951153 -0.7810553413688015 
-0.5903498450370698 -1.914465874567474 
-0.7642772994037114 0.2697845726771696 
-0.23354157083012625 -1.1647086729608112 
-1.102302774423877 0.7836244890589799 
-2.6107567333642625 0.9190353308411554 
1.0949643930942317 -1.1733670703503205 
0.17079082664248446 1.6320358804693362 
0.359553482148282 1.7404928512631324 
0.47859148269790197 -0.307927251292853 
0.42409616784252446 -1.3240815504595367 
0.5109160673979454 -1.6116586928716754 
-0.3263500637413647 0.2501216781629768 
2.584575469455486 0.4895563337219805 
-0.7253515134904892 0.4573598843087854 
0.35723973805601383 -0.11260720348161309 
-0.05473989023648536 -0.19960425773299445 
-1.0557208682157067 -0.40748075244066784 
2.4645888394056663 0.8316632803546328 
0.05540504722893645 0.8210514919793963 
-0.3140545153090502 -2.748763164538632 
0.8605196951690645 -0.3909789997246766 
0.3710717004626937 1.3939543035585567 
-1.2790183317396222 1.2794432566725276 
-0.5074527493639808 -1.2247701363111663 
1.920462868802424 0.16231976032536805 
-1.7196137817363444 -0.7016668171122227 
-1.1457048009578632 0.33156288222811087 
0.494970768100331 0.3123804020222281 
-0.7018243082072949 0.08702465800520699 
0.960013644727239 -0.10369933524501598 
0.0008549378684657727 -0.06236427240433688 
0.4479025005654273 -0.2871535395886334 
0.8764288502225018 -0.021999724148541313 
0.1956044123854342 -0.9595235425390655 
-0.016903482976597363 0.7556517886392522 
0.3815412652571343 -0.5552544593210501 
1.011349876628296 1.2588970131789365 
-0.008692932717461556 0.6444602574827012 
-1.0556928355557116 0.3108375858562875 
-0.0009586158290140188 0.9678510757474983 
1.066625506971131 -0.05435015259817008 
-0.8007743907411468 0.4594726932528552 
0.1669019905484552 -0.4554933482802889 
-1.625324761592067 0.3378314309021436 
-0.18280584264883448 -1.760397765757241 
-1.0161291102564498 -1.1722441018052425 
0.38025036979978805 -0.014149606492814657 
-1.4618331502389972 -0.755571457549873 
-0.6371002558822763 0.798454371891775 
1.1237988280076183 0.561065970474638 
2.053677418990555 -0.08679965438883391 
1.2836767719413271 -1.518253756735528 
0.454044397348145 -0.20743594031848914 
0.8539397261551795 -0.5957544207038997 
0.5493446788537031 -2.4771362621687056 
1.4291030677137608 1.0256489588947804 
1.2952425918487658 0.5440076156130053 
-0.7599237933132907 0.5766988644545862 
0.4881958552987823 -0.4206745916366232 
-0.4174437615627274 1.7802374889223194 
0.2921331984254473 0.02208414914801967 
-0.24743509704332833 -0.5077513289049959 
-0.08759228241474182 0.37680848597517136 
-1.0586465461004348 0.04901249329874162 
-0.6686199006996517 1.1172486381317757 
1.9868476520489102 0.028047487882765593 
-0.20126770490996546 -0.553062968086864 
-1.7458166593961169 -0.33462777943909816 
0.27533618712806496 -0.00683524982228996 
-0.36203248127464455 0.7288638203210187 
-1.2159328173103618 -0.5277463980577423 
-0.15163853712745107 0.9630250584479901 
-0.994085785349452 1.6737171584234665 
1.0402961103044237 0.3494869331192621 
-1.4075373169187897 -0.7394695630005481 
-0.06383571854768874 0.6277174026959687 
0.328086344790567 0.8291305677607149 
1.3410388436751695 -0.7706216275179774 
0.33361270625409456 0.7325522495220044 
-0.5341963419513299 -1.4984608179687424 
0.7763362203930204 -1.2296169486927528 
-0.9794749580528105 0.05440129722852809 
-0.5541487845445738 0.9117788502827658 
0.01173445476887177 -0.22526913195047746 
0.29416314051491016 1.3775292459464714 
-1.6742780573354845 1.722901192080006 
-1.3130213379104787 -1.1280648243584956 
1.7041026467102633 0.2524076547848577 
1.5492930463653274 0.8663799265452208 
-0.5684826548738685 -0.42525940196576634 
-0.6584126375267252 0.2567180679283577 
0.1261018550112608 -0.5066489636259129 
-0.17382824607015945 -0.8857814750193925 
-0.863747245977387 -0.0752519803658064 
0.39966165126132835 -0.36069037876340987 
-0.8030587003226208 0.18419084416242293 
-1.2795069117283064 -1.454033062399695 
-2.204128533534147 -0.16699433820146992 
-0.030877970278314584 -0.4060158558209766 
0.7781308111449594 1.072263859365816 
-0.19315312345683627 -0.7043693555998363 
0.1807056677497473 -0.3226933846543523 
-0.601824735844212 1.3865233158819605 
-0.4490613685774055 0.025193057469897938 
1.971229836973576 0.316853285695065 
-0.033533138382301673 -0.4826906242788993 
1.193836703834814 0.16174432859666393 
0.46901349383019203 -0.11517274943390507 
0.814510096311264 0.061154812310604316 
1.4996501817329295 0.40882542227786584 
-2.134216124128005 0.963218183501659 
-0.6283764675122133 1.9095522981189317 
-0.08219575814675109 -0.45095742406401546 
-0.8321733998997805 -0.22083924762802717 
0.13941699332095567 -0.29908506282011454 
-0.1038435836163517 -2.229113515578065 
0.3987117992862359 0.38140294664411517 
-1.6762608020430454 -0.39361967109960966 
-0.10389143422065751 0.6213855904653449 
1.030143341254612 -0.6410806846502883 
1.378829216477756 0.26409943282477033 
-0.9888839855367622 0.4752029580494715 
1.0744509518042866 0.3249512658635241 
0.45816238822581684 -1.3115817082457215 
-0.6237066545774337 1.058203857253073 
-0.09124549731337471 0.09582001456553509 
-0.13108926710103913 -1.4511004319133227 
0.41884639502754045 -1.113642492190266 
1.9072172023132732 0.8511047917472356 
0.47530027409559744 0.1344454110080917 
-1.834540670384732 1.7571457862136688 
0.8812841982517216 -0.2818684321810137 
-0.7562254759657077 0.30116838314680167 
