0.09252038933527718 0.37201071214515274 
-0.9594733349171034 0.0005449383270083034 
-0.40456108913639016 0.6486012834043475 
-0.4532543513995909 -0.7268015835303142 
-0.04584401007744317 0.7132076749009103 
0.22713227222941332 -0.02724829261021235 
-0.4287740836700816 -0.054692908098238326 
-1.1956944214287553 -1.1917646211609476 
-0.21101961181582268 1.156294237568672 
0.7176687523744252 -2.09680343323954 
0.6773542120564041 0.846797195535606 
0.054921592158814383 0.3296404832176579 
-0.10575864623171491 -1.0806857007121975 
-0.344772302225225 -0.20136546138242015 
0.349152600737041 -0.016283050308629823 
-1.353221650667663 1.078637638447725 
0.7784777110627845 1.667311926432896 
-0.1145598430039041 0.7275579444621413 
-1.3128885846825054 -0.2835167174994437 
2.396145424804919 1.152565458266648 
-0.52373265787177 -0.8293120053251425 
0.9402518125774799 1.9155358541670933 
-0.49544276142832344 1.010249831489653 
0.8732870524709716 -3.018608158843922 
-0.37394553629260324 1.0405289599225735 
0.5883498214654548 2.9599618113290713 
0.7313962934520142 -0.24461717248931308 
-0.7424961682128559 0.7772959122453439 
-0.36726593091336474 0.8625717558987566 
1.4272697468012085 0.48979490947872856 
0.12862189023357007 0.024698159819684654 
0.28571002871582685 -0.18581943787139582 
1.8370327963399324 -2.217454755214268 
-0.07788538566722333 -0.7597252191839907 
1.13125241557903 0.548801223338865 
1.576502399713343 0.2066729424476892 
-0.38919411367425516 0.21948306853886138 
0.28695646225086174 -1.0574471059990023 
1.489010015696078 -1.4989111517883598 
1.2574377018680745 -2.1556956228419417 
-0.48678432833706814 -0.8082851648497444 
0.8683023524596761 1.4236665061979377 
0.5700464797921749 -0.47431860821869637 
1.4936869487756192 0.002264607719291884 
1.0403257701261437 1.589199586015796 
0.03795092027602927 0.3225709000196977 
-0.735967634563959 -0.07885051316864689 
-0.11844817511051352 0.4949111258930307 
-0.43559971666775776 0.21850230600961068 
-0.23622512443530752 0.3755367668040027 
-0.1994518087782402 -0.3069967252311788 
-1.286236974389372 -0.2027124722115232 
-1.475282978512735 -1.0665335131178064 
1.760727717966658 -0.2004370795795232 
1.3380042114314767 0.26586523592234945 
0.6185357032907992 0.34672829074321027 
-0.9046173012390599 -1.2198260412622812 
0.44579440505771023 0.22385778681345198 
0.4414617611830958 1.2754957500617283 
0.6375602450859664 0.008233512475410047 
-1.199075557041811 -0.018651789486247544 
-2.471536377179566 1.9842673833407853 
0.7834266073247546 1.1394656615281618 
-0.2553493830901059 1.0132796942330273 
0.08113631576031823 0.687878880755084 
2.5736664359075534 -2.0361974990215295 
1.0352175143710418 2.549426793483411 
-1.1534150743145317 0.7034172649220677 
1.0067942025273646 0.5415685556522757 
0.2917531500507425 0.6260559015560029 
0.5956813737459717 -0.5450391621564167 
0.5520033795990384 0.610542263635817 
0.1497048993444413 -0.7203403821468263 
0.35316255591870555 0.3483099153904148 
0.23603346157679803 1.7953711174541302 
0.050720387923718205 1.4310324790682973 
0.5330948568695623 -0.00986930824596341 
-1.214809325010804 -0.2214215531673525 
-0.6088762308943902 -1.1386499979988172 
-1.2064518070342858 0.8335410251656178 
-1.0100136741568442 0.6435334964153689 
1.5280709569176567 -1.196396266578977 
-0.28522793109449934 -0.8847970985127845 
1.522142910288897 0.1537690703920437 
-0.2812478935722334 1.364997594539398 
0.9280805190109535 1.4530008854742862 
-0.8374954293517216 -1.1290296358144334 
1.4745860010228358 -1.4312704864304484 
-0.031858284286883025 0.6584720635390577 
0.6993911895314624 1.6026162116808058 
-1.3702551674011445 0.2288926966836562 
0.7474104560540925 -1.2024407461825264 
0.9587539088589921 -0.5024422143129801 
-0.0795288222087058 2.5162338445979677 
0.2847366528536772 -0.7502325872666136 
0.852220871445081 -0.4774064432698449 
-1.534257458634335 0.2555277024987904 
-0.05562546740479589 -0.11628474365425354 
0.360905504324439 0.7139872490059842 
-0.09392547314184277 -1.035016547011931 
-1.3438574605773679 -0.7513684636672672 
0.9615601703273436 -1.4756053783980974 
0.06711772317488152 -1.6055787226706548 
-0.44862704767394407 -0.4619031174682669 
1.5807266085258782 0.7659237371617452 
-0.763433511099846 0.8958949769515023 
0.5492383740209039 0.43960186211173496 
-0.6387575098785754 0.40337339799566424 
-0.8645377146868042 0.14910770914566965 
0.34100159576760375 2.1016451269449288 
-1.6554510729296432 0.7089020789476171 
1.542930474874928 0.48369812895029746 
-0.636201236421636 0.8649742279010185 
0.5034407634680812 1.527565581654573 
-0.21972069575444275 0.8944854712932295 
0.1354102293011349 0.7526745181771528 
0.7666780047462904 0.37122566365858006 
0.38272410727964173 -0.06442503480091993 
-0.29878508880344623 0.4330303368972961 
-0.6114283032534362 0.7798629562464993 
-0.667098803048181 -0.23246479630831565 
-0.7744124607456709 0.036594164692015534 
-0.36971386749240204 -0.5225341883657626 
1.5596996866309827 1.1466456642064664 
2.0608436080373522 0.39290927640787443 
1.427658762752298 -0.3116282627437217 
0.9524190950120488 -0.3881914771296893 
-0.679037330314713 0.6773953031472905 
1.5888299083436745 -0.16802447023354136 
3.218907943683744 -0.17322985633134969 
-1.3136591587298254 0.7671986086413561 
0.7210085182082168 1.4513513346381204 
-0.8906802180321007 -0.9635859488685511 
0.8391038114952415 1.8832563800940132 
0.8964752335857485 -0.3148765694891346 
1.2724637659665625 1.0141189284865435 
-1.0488068009929004 -1.089434311349877 
-1.443186975002498 1.3557358886217834 
-0.386106593929728 1.1629351377017814 
-0.4139370486433478 -0.17422476133976364 
0.4320931379148402 0.7434235026919318 
-0.39004664884630613 -0.5422651040795249 
-0.5774467358161476 -0.6100966452520943 
0.792130028906207 -1.6210201570277785 
-1.4756557627852422 -0.8889611468711023 
0.13901320171936363 0.42103311774471264 
-0.4151670342958174 0.9976248940315139 
0.07540292211496671 -1.3912050935131748 
-0.27728647950671764 1.467939883339329 
-0.6584446598823407 0.12855685721293306 
-1.45426329921874 -0.3224653850924874 
-0.9597563492958333 -0.07059208535416366 
0.5847531956060833 -0.8453253296392067 
-1.5607917548286905 1.4158317840641792 
0.3853727950172008 -0.017333582083538704 
-0.22402264169933211 0.7761319085243846 
-0.2578789309723195 -0.7464790642972009 
-0.1102385230305189 1.2032328615421553 
-0.5479634184776537 -0.7612712829000585 
-0.9570525190409496 0.5756625687807362 
-0.8594234475617405 0.3602351818956477 
2.005939846038104 -0.07214779974047851 
0.563931587651527 1.4706308106704837 
-0.7718914031641131 0.09783612920366398 
-0.7475764855396998 0.06127641210406107 
1.7552267846692957 0.3573418669748655 
-0.7735567234815752 -0.057194701452454 
1.9444142860370555 1.337337519636135 
0.5408195814319194 1.2464744852516298 
-1.022356513350463 0.22529713628823134 
0.5788564406299774 -0.3243791111586737 
0.11216563753586223 0.9547463970568971 
1.0774065656893017 0.20273521013457124 
0.966519112127766 1.1007307979297998 
-1.0312947592747965 0.6276543226096106 
0.5102751840508261 0.7044917386396563 
1.3351716789702321 -0.8871044301400467 
0.14924822669805157 -0.17936893380108643 
0.04572544196835357 1.3994844955923949 
-0.29647769419794395 0.21940174620238112 
0.6302165608532405 -0.05878408212927724 
-0.5111021149036116 0.01733618086055348 
0.4497165218416397 0.9727192510273851 
-0.06419421601787718 -0.571204204264045 
1.594346237561792 0.8284123136623315 
-1.5701636254313225 0.017337658233958136 
-0.2816841631386926 0.09014195711470395 
0.6584624728615815 -0.46004178370654475 
-0.2778033877098952 0.5939907734958223 
-1.4104063869185979 0.7998885924515047 
-0.14410490921835167 0.011099011519459117 
0.0034651890139980115 -0.19626284084167694 
0.10031726663952364 0.8501497658575231 
-0.529128835994693 0.771459115108176 
-1.2456360136458804 0.9846042169536718 
0.7221449895963596 -0.9100883101175892 
0.5843915275206717 0.5064124934765499 
-0.923206764282073 -0.1898187419332812 
-1.0883653463311056 -2.283672691165914 
-0.25271394098106215 0.208355340734234 
0.2791130064417798 0.10626286148804884 
-0.4466961204856895 0.2286847880047614 
1.2549590392112668 0.2696237354128787 
-1.3876025898108888 0.6198394640885568 
-1.0094910776112924 -1.0334152150093763 
-1.4351817669624647 1.0803327854361455 
0.6493214774532398 -1.0360126557207594 
1.7425995344824468 0.8940614050890434 
0.20570936980666601 -0.3863005908260713 
0.372853747445442 -0.470157832888297 
0.1468614751883647 -0.6055561498222417 
-0.7272898222201083 -0.8317595518245776 
-1.017022616551036 -1.5895851566248551 
-0.4538138380033045 0.7356224160207343 
-0.3439247525284792 1.390444638473615 
2.372031766826153 -0.24288707256377512 
-0.48467813468320264 -0.34829581971918633 
1.0036441713808228 -1.002796653809895 
-2.131958012038007 -0.8452089590960579 
0.45063120850309285 -0.6456751261091132 
0.935377520587726 2.7202460556458794 
-2.093452316917836 0.3514940473016139 
-1.013907368632483 2.055923728937692 
-1.6160009319262323 0.6129040202333712 
1.7811743513832794 -0.18260334822794208 
0.6933338215397651 -0.35697039655254825 
0.004255851612651544 0.1931350974771975 
-0.20825988369550927 0.5963543588111666 
0.07775551522747381 0.9865148927442282 
-0.10430378464572487 -0.1955389009925012 
-0.4636593363787483 0.2942064749788336 
0.6134650382572601 -0.8862916028166206 
-1.8407982827582965 -0.10481576732026139 
-0.6043572548458505 -0.08812659017919287 
-1.5010369670199952 0.2663101690621396 
-0.5838211772285034 0.09602265643263025 
-0.6919758515611638 -0.9503225398858519 
0.6079205708054605 -1.2063276536234022 
0.4081935960340135 -3.1536038297291853 
0.509880416860952 0.6935539870985511 
0.9871776160995603 0.5500740735749322 
-0.5307513969513896 0.6783439896281023 
-1.0473216679256132 -0.9051305707948026 
-1.0711594074672561 -1.3102862861403497 
0.5512236519301837 -1.5000058435740498 
0.1859866889328812 0.20613588384453074 
-1.420919904332528 -0.07356498691292528 
0.6787159410878402 -0.3748789993658889 
0.4722039421578673 -0.5046612196336694 
1.1972622919687996 -1.5656446276154228 
0.9268851082755499 -0.3715616501663136 
-0.8660556507540881 -0.599677376605979 
0.7279387101505754 0.18418341145819417 
-0.49735805653885 -0.4186292972503848 
-0.6125272288168238 1.3104537973281523 
0.8719398322580654 1.1054470020941094 
0.9612435514421663 0.7907762300957282 
-0.7209618707998213 -1.998530271731165 
-1.0576801708971013 -0.7263482391582612 
-0.889805283048799 -1.0921711682401902 
1.6800458609200748 0.6814997409299635 
-0.8227609089802098 1.65772830678159 
0.6180096376038714 -1.005684969749293 
0.15041448148722414 -0.6612956975439261 
1.8652573459652038 -0.6102904968156578 
0.30127283025758483 -0.9128676445233207 
0.5888067912527516 0.2830449009688566 
1.634415901927529 3.161398858587374 
-0.06411262977090028 -2.431528243353801 
0.5758046305909749 -0.7364709993028087 
-0.26391501711776333 -0.9337260720386464 
-0.4096446252393159 -1.3367149259853672 
0.6055206987029974 1.2066227381760204 
0.25516007447704225 -1.2723159113761633 
0.01088646757030505 1.473822393717924 
0.6227873594139328 -0.5553410993571114 
-0.928568908545935 0.3702950452667753 
-1.5355845562501986 -0.1722061958694608 
-1.0164200952342513 0.2989899135993572 
-0.09947064235397783 -1.1656519374121685 
0.3453869570289747 2.0922763273454805 
0.7842394170714403 -0.8732134009239482 
0.05438431100561429 0.34790096896472816 
0.3478397402509448 -0.9536156063821957 
1.1062197193556127 -1.3507360502906682 
-0.8518997340668808 0.9848692518797111 
-0.4742599178483163 -2.437267868147712 
-0.15662861270743464 -0.8135020373583531 
-0.36031098394270766 0.1196092757736216 
-0.18974190444338757 -0.2956115099683829 
0.610243673174032 -1.1594683496362317 
0.14745836963927078 0.2662179854898688 
-0.3458025888010493 -0.7768597734786369 
0.7812647718138671 -0.14414441485470755 
-0.5856997609711201 1.2702082683759712 
-0.8537831158334239 -1.627370734422823 
1.640518510379837 1.7980338519298167 
-0.8407870490663316 -0.3806480001764146 
0.4582029218804358 -0.19621272607401483 
-0.1665321466204784 -0.938289342847515 
