0.7769879770843615 0.3566171213079024 
-0.6912449562879854 0.5470514556374557 
0.4384033100408379 -0.6607113159891207 
-1.1433114074713635 0.4342954532695062 
-1.298371254493742 -3.1910718012302635 
1.9810068989026388 0.2881083038209144 
0.2955471985278896 -1.2958533791105977 
0.15252842898884128 0.34253234953644973 
1.012542393392639 1.23622003696222 
-1.2767647525801245 0.2382293966356512 
-0.7655119055501423 -0.8306392181882005 
-0.2934475155823161 1.062221990978345 
1.1537924433779447 1.432998999186038 
0.018138034386140502 0.9309571953525796 
-1.1235249276254538 0.9218911675725014 
-0.21181372577637292 -0.7642206775036963 
-0.5037198026528471 1.1536395708521097 
-0.5214158035224006 0.7635680686282669 
-0.902704893396122 0.7580817967986155 
0.7182697535514874 -1.0287788469039694 
-1.3824153321314594 -0.0554505424962092 
1.320467928046271 -1.6376885060120776 
1.7693099471935503 1.1654836565059856 
-0.4182874129257721 -1.515745994320333 
-0.09344310661755056 -0.35082780103796274 
-0.5658084969922147 -1.7726907273571106 
-0.10644573105086669 1.3253104361067383 
-0.6881926743673283 -0.9749478792294466 
0.9153632283533879 -1.3995306870768107 
0.7333675555272056 -1.9203726873209659 
-0.32365957993715994 1.5488273036617257 
0.37570252065136406 -0.568853733031952 
0.38293019038727744 -1.1507330222386718 
0.1819837887877662 -0.9854647936211525 
0.1609771931129293 1.9917043921692488 
-0.37173808887905935 -2.0540591944712348 
-0.7847159535065777 0.3048319854693897 
0.11118032624775202 0.4299257900758792 
0.5797340388959759 -1.4171236102631566 
-0.34175494708773363 -1.35542158504132 
1.1526746914830504 1.401292267854026 
0.8203757803522029 -0.8224454612590651 
0.6627870280546685 -0.10814038766236025 
1.1648800542554838 0.6188485503153186 
1.1178600073336913 -1.1102072310156494 
1.7590554710783353 -0.37611209985599664 
-0.9462822915498934 0.941938726957948 
-0.3497394292987862 -0.7289425442780078 
0.23505603101101394 -0.05361726141804023 
1.3038124446920891 -0.9400037358050277 
-1.053301517399947 1.1907879355394364 
-0.5347208096033765 -0.0211867974448098 
1.6226748122198735 -0.8799072625922925 
0.48701904676084323 0.4190037960424803 
0.005850164607405688 -1.124639723870526 
1.0430797090410862 -1.307387774378798 
-0.19527407935315869 1.8828351824658216 
0.41389750332217423 1.1722500091439412 
0.15668881732903886 0.3214810303155312 
0.14670115311643994 -0.27867271830595375 
-0.34764226370617135 -0.529931538948375 
-0.801468283073697 1.066299368728395 
-0.19184777289182756 0.031927631700807195 
-0.761474918182179 -1.698963334248944 
-0.611964638206206 -0.38918856788918493 
1.0334335058521351 0.3728907876281575 
0.8058344013286073 -0.2134033526003264 
0.5399250315302826 0.6706922709183608 
1.2846909931750086 0.19571065657454811 
-1.0755223403549548 -1.0366516782722235 
0.3692121111025731 0.5553735773173591 
-0.18719895145891363 0.05809835021615084 
0.7194803027259271 0.6778410583853912 
-0.309559561752495 -0.8953576293902775 
-0.3911910134000558 -0.009142183371289978 
-1.9814795133628433 0.474944393262926 
-0.48588080199536826 -1.0641056973800929 
0.10060307863143647 -0.8099127151609619 
-1.0657598624052753 -1.9414465578363664 
0.12254423219133934 0.45006553011196637 
-1.102102218460171 -0.8077035617310009 
-0.02958858076471741 1.419954852137137 
1.1252995063703808 1.7911317965758582 
-1.4150315944620355 -0.12407830923273898 
-0.5698814131114548 1.3323110966679108 
-0.6781915342922892 2.283736881862073 
0.03150633605248663 0.2251833432267484 
-1.06098283828206 -0.9833623588490714 
1.6100978076953385 1.0445483898738603 
-0.06397591596367315 0.4809018885057591 
0.025213066780804212 0.6317083459708231 
-1.0242874640389197 -0.7345016535157755 
-0.3215165571783222 -0.08445582881092502 
-1.5294857936077688 -1.4998658625212817 
0.2621989259104342 -2.328935241186851 
1.0941498784996944 1.6824738817416531 
-0.09734335725754359 0.1218167114782116 
0.6075112809848346 2.3779721402916025 
-0.5760608429225379 0.07669707709709087 
0.27027126015797814 1.2348123097642025 
1.3145586651275618 0.4575082412815772 
0.9948436418749425 0.2945142249383751 
-1.174248325382567 -1.0046716108872151 
-1.361019334098001 -1.2001813212152448 
-0.26929687164123517 -0.9507985433721597 
-0.6553798038804443 -0.6290679581242686 
-0.5749016188478515 0.5026050645498449 
-0.7102592679135686 0.3998752369923734 
0.9080994844774233 2.936269897877425 
-0.8156573940450628 0.8013446761869983 
-0.1800778374679844 0.8399190144420839 
-0.34034800702655926 -0.8838849581503333 
0.8330093499457729 0.04662256467642906 
0.9149859462949134 -0.3550212389927165 
-1.5998900184905476 0.6423452530219779 
-0.16005151311065743 1.206388105743914 
1.4385096189394246 -0.9675686881040382 
-0.5344386102722763 -1.4075380804595663 
-0.46227088404694416 -0.5883026766246692 
-0.07902244602027245 1.7451504522188952 
-0.38179619053781116 0.48682975963483216 
1.2229800038327714 0.891673249338644 
0.726389302010482 -0.6762029197453614 
0.24491446225420266 2.1406535394300406 
-1.1942077348157119 -0.456038125513224 
2.218739494737382 1.6849281403125769 
0.259161207997757 1.9400471326885063 
-0.0113514296515734 0.6087140774876355 
-0.522270759950073 0.9722169796642287 
2.197594913296139 2.1003139140527387 
0.13845151796686944 0.30723656982079867 
0.8835544680508187 1.6130086637912353 
1.6681612149917437 2.3375498244358983 
0.729041866133144 0.024603167323360958 
-0.5736043305113506 -0.4235950197490028 
0.3733103400342502 -0.7524274672192739 
-1.1852271378516785 2.3849716897261 
1.4537733133651178 0.2906741624878286 
-1.3140452133768161 1.5996104533759152 
0.28926618391635023 -0.5306410383195126 
-0.8037428885099749 -0.9111244589480056 
-0.5689020774888098 -0.42756953252567464 
-0.8830540677382954 0.9116729255379548 
-0.8696402597482081 -1.0545989101695012 
1.4166563104823044 -0.5718506568042458 
-2.708160122066945 -1.488021016600365 
-0.5350997491278631 -0.8196441853982215 
1.4082167908339744 -0.48574026313285623 
-1.532391414595965 1.425377961745593 
1.4638684423451676 -0.8620455903740706 
-0.4460071131284964 -1.3674547318897639 
0.42935613868989575 0.850845213963482 
-0.03744149763044537 0.016156193689948674 
0.638631781763016 -0.4182912336831162 
1.4116186676061788 0.27597546097296016 
0.9043805402165668 1.7285515356798282 
0.5527050006398717 -0.009639128120640307 
-1.577719070669666 0.5333402579039559 
-0.4094828894353843 -1.6256117492515803 
0.1632521151703045 -0.2489264673252249 
-0.4678093906211492 -0.5361347935827565 
-0.31662023489268537 -0.17500027054207257 
1.5092964335532273 -0.5949211317878074 
0.3143564837781989 0.39490712435476794 
-0.7063393629830986 0.03611564346237815 
-0.1829908272758916 -0.18044676137949733 
1.4700419173798318 0.1370968030186175 
0.6138751846740391 -1.344207937586768 
1.2383688796162127 0.4279537201417993 
-1.1654984048737629 -1.7363065828225186 
-1.5433619889844934 -0.5570576077230855 
1.1568553241854989 -0.12681152909159266 
1.3046213198687404 -0.28025567643534893 
0.8947897697305517 0.7193887231302948 
-1.080940427807387 0.39692175611352826 
0.629025337715961 -0.6839524035341318 
1.0125518144727266 -0.6087522583893167 
0.43458630962720446 -0.020556807444912943 
1.1460426761535405 0.5544650218819166 
-0.9499083572272328 0.9557289846592982 
-0.8326623339710694 1.6350908313157122 
-1.2910136594616752 0.14075849640013577 
-0.6380078077638086 -0.19491357901722858 
-0.25601504059419783 1.1801347935564421 
0.85818375370854 0.7609388610621314 
0.24635893906836884 0.2902672644388457 
0.06659708074456928 -0.35162790143333605 
-2.816879828533382 0.8022767528766521 
-1.5392676862020893 -0.9919586510632448 
-0.10303899620155 0.8569542857235388 
-0.4897015181853794 0.48582841698449963 
0.2426023712676226 -0.30906502167971117 
-1.033848921983803 0.0695608690525085 
0.09765338913646046 0.02726799020757524 
1.1779865616550749 -1.1884727696802826 
-1.1153593057553632 0.5582299166119946 
-2.4536150041356684 0.8360279684764198 
0.07229129952475591 2.920464405499948 
-0.9866370078240244 1.177770938314159 
-0.36115537715918855 -0.5530719032090905 
2.064296348433087 -2.3489912338912062 
0.12925456115211162 3.168846606391702 
0.5761318116451671 1.3587722556955852 
-0.36610413524265123 -0.26104391750276046 
-0.31711049577149764 -0.030185225309575247 
0.9303586863299041 -0.8113016948775117 
1.0565976172039822 -0.964479702794975 
0.3709300589363467 0.5043429878112436 
1.798223556454418 0.47122200593678387 
0.13605470385418472 0.2674709291333611 
-1.8144778543295277 0.9175879040958178 
-0.7387324806263008 0.13737534448836733 
0.5464433756736216 1.538888137721387 
-1.3952573212408887 -0.07573256300168217 
0.12170776433906137 0.4627296409626162 
-0.9827102854361691 0.7985056612815233 
1.2917316391938611 1.1350800099582337 
-0.4641715088518271 -0.09064045754377534 
1.078459236041111 0.5287877803923837 
0.5495652480267152 1.1844884437757137 
-2.7620521810087153 1.3017238348006648 
1.835280274404251 -1.2710455147220847 
1.0388574076525898 0.9197196975264035 
1.5231720483378872 1.7961589924913157 
1.5910803257545743 0.10621838327687232 
-1.0149812076545779 -1.1032804975485033 
-1.4640633581757727 0.18509256571336913 
-0.9177773629752456 -1.4598275337433322 
0.1831745188918515 1.9817468623768513 
1.9353626834511573 -0.3981450298393822 
-0.19729377320824612 -2.795595598311074 
-0.23579051321402714 -0.9004768500185947 
0.9439007604300125 1.7188289181093281 
-2.188198915551888 0.36283037949077357 
-0.8460613158408449 0.3353736935134925 
0.38653446205217 0.8633794371945721 
0.4907159923174375 1.2246915398809906 
-0.19942873375794065 -0.570688199745764 
0.018232768829721774 0.7902590352633837 
-0.8678468568718549 -0.16486939237546883 
-0.7755107482745099 -1.000478213380153 
0.30500164366222776 -1.079455234328051 
-0.42050822118731135 0.11555631776194951 
-0.0421282580668948 -0.7467871164387169 
3.087061266377806 -0.6877157445111555 
0.36363343110463836 -0.29137712369631424 
-0.19242904103147404 -0.36126762360466047 
0.12069459427037799 0.4903931235653559 
1.0375092410541353 -0.265507980961301 
-0.4906421422191207 0.2722297487053548 
-0.595847939318872 -0.9040657313138362 
1.2277359854986034 -0.9339933265966975 
1.0603653804071582 0.049630273744262224 
0.047219475613204415 -0.3384759104724856 
-0.9426819353959719 1.5153029532936062 
1.152468274512118 0.4976326471368794 
-0.08532967579362288 0.05189389587484672 
-1.099766099095492 0.47596852270186235 
-0.5109707009707166 -0.1639985365253728 
-1.2512146930321184 1.0848998615368115 
-0.5881391962776945 -0.456534509934441 
-0.5015786301255704 1.311997947728153 
1.077141079826178 0.3467456082650648 
0.34616070480732614 -1.5506467258562113 
-0.49768596191168857 -0.32310413376182734 
-0.2306485127281115 -0.8493053279119258 
-0.058551107213940495 1.0804479005149863 
-0.06400497187040712 -0.06619606302150828 
-0.753091211194797 1.7756880739913092 
0.11486158913095423 0.7664842272340266 
0.3644939445136615 -0.8594207298216806 
-0.7099824432313155 2.5566915429813255 
-1.1423832154970628 0.3034921676073132 
0.34748796494848444 1.1120461377528337 
-1.386286149106437 -0.7767556994078822 
0.583111406953712 0.8541681879156194 
-1.5874139706502643 0.6439967036580524 
-0.6725888441038781 0.09843817698424219 
-0.2187804741213958 -0.6716091276722663 
1.376129852683816 0.994957662932795 
0.28331463383449507 0.8476874949218242 
1.0283475616682067 -0.9639762779920021 
0.11601300825035119 -1.5899878629687907 
1.6411386491381985 1.4681681115736231 
-0.5370650810001776 0.7856468352797619 
-0.7207342152074063 -0.7440432846797735 
0.4487523169536441 -0.10362030390872509 
0.10090826450382842 0.11865511467291799 
0.23575717761649428 -0.3522268429395225 
-1.274349661617067 1.2755875221145194 
1.7049906549803158 1.004693058181182 
0.3852082894854833 -0.21940760533998646 
-0.17105722742409354 1.1688846707160712 
0.49440968867007234 -0.685904354190402 
-0.14700782303450718 0.49528267377671586 
-0.4194942921654686 -2.3260055259448587 
1.598344784801534 0.20449403415664766 
0.26080873907244084 1.0232193916198202 
-0.6964362385208368 1.9672419411352793 
-0.7262553791123876 1.069674096227006 
