-42.88799552361486 61.05925418529711 
-9.898040145727379 63.98413960552986 
32.40291600403617 -67.28672323635128 
28.50651875115412 75.87164140301894 
-52.56367180131187 30.45254530444467 
-82.21845167929098 -1.4010211177169651 
-23.49962772554477 6.662900756653016 
48.11298913476824 65.90609972254111 
60.42605801284918 6.552519545329744 
-9.979984483414924 69.30113528092795 
70.074531141575 10.117495913165214 
15.664975331036658 -90.1954459597127 
-11.74089108430529 87.6181731072941 
73.33224686207024 -61.17022631894506 
80.06133898342958 -86.22821870526707 
-19.774903531850256 1.7399434681115054 
-97.88181228846655 2.1389273108253946 
98.72150028871803 -89.4687082336333 
7.4448895447794 -17.46550458666509 
81.06955700764874 -74.95403507518965 
34.8949568984595 53.35003813073064 
-95.04253491381355 70.22521883089095 
15.574225765426647 -10.432644634919356 
-68.63752803599704 96.44666149218031 
60.1130616575679 89.96328172574383 
90.09094202330408 -80.51146123688402 
-82.26899504512318 -85.9713514889539 
59.4311459705487 60.70002112572891 
33.2895981170995 -40.991428626445185 
-0.014491846607242564 18.333533465713046 
-38.275178179413814 40.89286553117242 
20.38751913572341 -46.3223667628071 
-7.380216566761021 18.849896088848112 
-51.518391803005926 94.09432500054345 
-22.191766583996824 -92.12394144711166 
-32.90199765990806 -56.098251720059686 
-30.801343451917717 32.195767149388615 
87.68517197241488 81.215516524879 
-91.39524725339227 3.230381966505462 
81.78119413143943 46.55632788429918 
-94.3267197971807 50.748267495766896 
32.55393376756513 -84.72549898091117 
-53.06432005244359 99.66712270822057 
-40.29246872516345 -85.79634556817246 
81.87276637827568 42.54594819439913 
-77.48014530823528 -82.18933681093546 
-11.239498981939235 35.8722372861036 
13.209895430852072 52.83772898741276 
-26.339678596107646 -91.0634759938054 
78.91395654042608 -78.21984936970479 
36.351589851825196 91.38161514316317 
-22.22202321073688 -31.92574506412842 
7.405591464798306 52.298835669565506 
-67.3765561215207 86.06724688010908 
-87.69198945140455 -76.93501628088937 
70.34551459278993 -66.06610448791722 
-31.048314399565996 77.43261017809107 
44.76255728143846 84.42347317450972 
47.74943933985463 42.70382798047433 
94.54985323265882 28.089402008339988 
44.50053392973075 -52.26440620372208 
26.16511223205127 -27.622108302900017 
-38.71056531746089 93.66355084510423 
-88.04751167686906 45.93096490676356 
74.78294586933652 -2.2709171801125194 
-35.01286031248341 97.97361290488772 
95.93843755391282 26.7098748077278 
-82.7201189513395 -15.633790165512423 
5.478678194211639 6.014550341270009 
58.554913219237676 -44.70864541499697 
-88.4227872651581 -43.577137075029704 
77.86819723100265 99.60254220840008 
-60.94487078739688 23.762174422521227 
76.22411863511601 -81.48157605933733 
-66.66424900864152 93.47246538048572 
80.99028223939081 -46.03289202616973 
48.66692585541293 -50.29294880355586 
77.30307182631773 -99.56957587719948 
94.51012954963352 -64.73963930651693 
-36.130554799376014 26.69042571118763 
-83.00295181263809 25.77769291755294 
59.48978035894115 17.46276198271572 
2.228095183521873 84.31047268650417 
67.29516050927711 -1.8502565740973012 
1.1353827394092093 -37.68794204987489 
-25.208400974092086 -68.6334806627844 
71.62467801133067 -63.4758243287886 
-43.776315470530335 70.09176654522136 
-69.7259952473849 57.90861915337953 
-54.74939123347957 14.078248392660072 
74.52922686546884 -4.064458129297165 
41.99037044670078 -80.81961924931437 
39.03260670521493 -81.79283101091563 
4.675436878132061 4.9332380788953145 
-54.041783032731594 -99.02763668405956 
57.54401279348497 45.11106372511796 
36.85319094251659 -37.401345460255506 
-52.53750787971263 81.38522527416751 
-61.748686233940234 -81.11172067894543 
-72.81615323718458 -30.602505503868898 
-96.2501009841825 -33.64352072592263 
-29.289032571951054 53.21867004500507 
-23.036317924989987 -14.893374634567706 
-47.76541512084269 41.40935720107842 
-90.56926937436563 48.588410377927346 
64.55463205061554 9.214250644291596 
-3.1673316952776815 -64.52061103044565 
71.90912364090894 -95.70755282937806 
-1.5558833132704848 -5.104611783686835 
2.8522163467831234 67.26427197554708 
84.9837142574961 94.99244395557659 
-82.17841808298978 -92.38655847708617 
57.19859116435771 13.276182666793133 
67.98753999833082 68.46316220601793 
75.388147080826 10.939823860480132 
-34.73066326152774 44.38924993656926 
-61.77177037159891 -53.47310040070021 
-67.97146539224292 31.583669791356442 
-70.28153397642443 14.17013529328645 
-8.520693453958245 -21.455747057460513 
-17.609726726584412 -41.446424644174854 
66.20001135011725 -19.613032603042683 
85.34325307873988 -4.789518521676328 
49.15914213595843 42.764044610120806 
-96.58000489101839 50.920270128382185 
65.3868960658258 93.80317473294718 
-47.9760142872087 -30.17473139712807 
-76.71334713192206 52.128047300237 
30.478313928703614 62.31883551109567 
23.348563189607347 89.20089124519802 
17.911771124281813 14.292969354325962 
-20.17448179700989 59.755412341694324 
-57.80505259434206 40.634827116180105 
7.930939218541468 50.641068733428654 
19.154976531057514 81.10987754427583 
6.211064896804345 -30.766522452274316 
-35.42730167098786 -35.31336245385252 
29.336663889368936 97.3649715051429 
23.02249819419913 70.86545307218427 
91.83950703764478 58.7115446404963 
-83.32289092769938 8.4188620971466 
-40.692981695616595 26.92878391858764 
-48.26408056239404 87.08237333275844 
-54.62808447385332 -56.997700883852076 
-35.900738082961766 26.071509320985058 
-30.474961828509308 -86.80971139826306 
-58.71973529222663 7.312094553449498 
-74.60556212865677 -87.59393467970406 
92.25826314549772 71.50256573860662 
-34.588442370314326 -53.4782646986921 
-39.84671067004504 20.065904807163662 
-13.363951014790217 -41.15030706740592 
31.82137918935095 87.6238352322024 
-24.128749488684576 39.98659938788006 
99.7769378230308 96.45273116825942 
21.453867658801613 50.745445993895345 
-84.86586764592727 -28.361635351152927 
73.05732172075176 15.155341444053903 
84.64495873101839 -89.53317298761743 
-52.87236787596026 -45.20094519356965 
12.469930848349804 58.73033015487573 
-75.0301425659489 -61.885328225715284 
14.428778379350831 51.6616354904379 
-99.76809203057122 31.40752086583703 
-3.6096613034596032 -16.063109842933954 
97.92022788458473 -12.368866974060765 
2.5912941940902954 -35.63644641792982 
2.4765159557633467 -17.54583287032476 
-30.846519862597148 55.09293306252883 
-97.01415489173884 54.9667461410136 
68.32379070329836 -68.21564206082695 
-55.97772854845804 -28.547605055965832 
31.383844100169597 26.915972446046226 
-9.256166575101773 0.9346362501729857 
11.51730178283887 -43.61232973652189 
48.78567863353538 -72.42727099342368 
-90.8938933445508 99.23283294161217 
62.95601591293021 13.14103320830651 
-82.59281496274417 -72.20316759080296 
-56.3387584046781 -1.397401706014989 
-67.65129908739704 48.46820476169589 
6.849297855044512 74.93363619269863 
-37.0637416645909 30.501004939541787 
-11.36199975555472 -60.41250046376192 
67.38531912610745 -97.65448468793294 
-63.560726243482435 42.91346715717253 
-51.23064706306173 0.41426552143815343 
8.021870125109245 61.98484333200662 
70.15337047922938 93.40436530405421 
56.37570766011018 69.23212464745589 
18.181518163575873 -2.374627882876297 
-85.21016536672727 -94.50255096923487 
-80.56347108755027 -59.51026010834997 
-0.3510558660820209 -56.689803094473376 
-73.68424895651859 68.05959548947939 
69.1387613438186 99.44257658126801 
30.723241868245765 24.232793087938177 
64.91034204761664 11.218981695361578 
74.22089384284038 -73.05691525098487 
-81.33104367743815 48.42453899313523 
-56.26178642607742 77.9808008007692 
-87.61472168595374 -62.95430043704986 
35.12398954270185 99.2585704970692 
-64.32986991322427 13.124840483796135 
74.29670344639212 -7.909230766021949 
45.12058808259113 -99.46486021982217 
-2.5275259505422127 -19.452846010235717 
-61.07665335905115 18.27833735291034 
18.379446113623573 60.29565778976621 
-35.47885716977753 60.0521379478017 
-53.08565920706481 -82.84769065106124 
26.173165180019836 91.31825795268051 
-53.81202943642405 37.42153920960604 
-55.823474975047894 -77.48852157274324 
-27.425801272711553 98.08175673091662 
-76.69044315683897 71.80440344260893 
46.2945216683068 72.36370155027993 
-9.607600637847597 1.6739696286951329 
-48.50131701303204 -94.12038078733956 
77.75218939462158 -26.619391555138577 
-64.40611541962855 33.41773506678024 
94.55095499818441 -97.50955573684665 
-91.58046801082438 88.39214034758427 
39.431435267189954 -31.94363823427679 
-23.23658826448755 52.13145741053009 
85.65159768549222 84.86555106121534 
43.02176059455226 79.8484129617897 
85.72806416301756 49.31576617617071 
76.04218958178353 -34.79143613336484 
22.79282222992012 49.413429617293644 
53.01173536814207 71.76404369334992 
94.19193900016404 36.27096568826309 
18.59954491382794 -78.35352910385467 
-41.78765257238422 -69.13503894074933 
-55.2967783280834 -4.313636533042867 
-37.103432160093774 -31.26292908495938 
-91.6002890935014 48.1765589269738 
66.80268760379627 94.57185268269271 
-57.49680973611877 -79.84701873573184 
-6.539174318284196 75.93047394568549 
17.058603341554516 3.562775946068726 
-77.49364536529481 64.10760001740715 
-4.271701409884315 -64.71258943234861 
-87.8349891527694 2.349653077258324 
5.909772652349204 13.944726297766593 
-86.7580082954734 76.86631695245549 
-81.18781816799196 -98.56483041967292 
3.7039770736175797 -15.970685121430222 
4.078750184959176 -26.426159326716345 
78.90790088641441 12.667848845358606 
-56.9506642297678 16.496929577637843 
-21.08893930424101 -24.074368601497724 
68.45809588060328 22.397675034092288 
-59.67878814044016 -27.232327742624136 
44.556199199795344 -21.865114975760562 
-34.27184460756756 -82.50711076729225 
54.42744970981167 23.184875462081592 
-11.555375631084729 -66.02419537754074 
-90.38304347239334 0.8231007541438231 
3.848220912886873 -14.02972711949559 
13.020499799998703 44.33106126083254 
-53.5285260011372 21.37093075860112 
-90.9414191845655 82.83864895710846 
12.05162820646224 80.3539066283916 
90.47373772360132 -30.509139421305505 
73.9350094277537 21.67085884014493 
-95.24287402462144 -20.402245458936846 
-40.06439517123592 51.91404760857287 
-68.78950061082365 -71.10838679857952 
-88.26013956645389 -99.0776540320315 
83.84401847222915 -31.40736433280378 
84.51132491702933 -36.61684679529176 
19.458531061315142 -92.8635329261295 
-50.62049782683378 -26.11584784958933 
47.81793449968697 43.25670522112995 
7.76025260581261 35.68977283938668 
-98.08348329260082 -0.016366890704816228 
89.33164555191419 -26.65937339514852 
-55.96362598035567 -40.44995295326401 
-36.943763199616455 -50.75693159860146 
-7.231229825625235 43.23644036978234 
-67.02155173682507 -44.05337263526985 
-13.779536682605894 76.51587497388536 
39.79160973673535 -42.653464210107785 
-73.69259397366643 52.586686026736146 
4.231458504153068 -50.8838994065135 
77.55409531972174 80.98771170049775 
37.05924546577015 49.121457136755936 
-97.40391466085951 4.759660413160844 
-17.919106837232718 2.4266775508552882 
-25.764137160760427 50.10249453498295 
-2.678005864711494 -17.645239550611862 
-97.34819536357521 66.83721360995773 
-81.8934020805061 88.2715183596475 
95.30003868850082 -74.33900059048099 
44.77193507342534 -60.38791354875652 
49.0979210272356 60.140000460875655 
-67.63771084021333 -78.23722723089806 
-65.0479161472991 -28.323048591952556 
-33.53155908728431 71.02600588708819 
