-34.1813967978144 56.51583280049363 
26.178132752602963 96.0212141980297 
65.90687210557945 -40.13933452974747 
-93.37146054631292 60.153932926317964 
-12.276079958639798 -77.5302531112961 
-87.82442011028408 15.863033044834111 
57.64955481533303 -85.73048956524443 
-23.106172238961804 27.358302437305127 
36.39721179942313 60.01956928677353 
-29.305627739590506 40.25238958258339 
23.967119596908375 43.54594027233523 
1.2316687370711463 61.54080201745424 
-2.9594180090923032 25.145800498763165 
-20.952587809136077 -35.83886988510436 
-4.307355531526895 64.4828381535329 
62.35837477839735 -44.84942616597471 
96.47010200126567 99.87833279707198 
95.684055639792 84.85045363728631 
51.26926062380025 1.9622748140605495 
-74.91818385421797 -84.17041916972177 
97.01460666179366 -48.024288868845844 
-70.47139024003282 5.909087723250721 
68.23328767682978 6.747150861271223 
83.3143444573104 -49.50812308046191 
-44.31063568909768 -51.14312222488966 
-35.514449084920074 -66.33080631435479 
89.83759667398849 -65.46208244385774 
47.42543073006556 -30.005095102255552 
-82.14222781336173 -62.37749244098432 
-55.41490887097813 -51.48065432725883 
-66.45498321322225 55.65300453559942 
-72.37486375820951 -60.91365740538497 
38.13263315480722 35.02504412360591 
-57.83577020875812 11.211847297751603 
-54.87873819233924 -46.02820616487473 
38.72189639919614 63.9248959928193 
99.53231490508472 32.01867500245339 
96.52956867255725 56.72436204627951 
21.57325255767097 -91.08896862166111 
54.68402550922292 -74.05558439295478 
73.45698760600507 14.825296437725115 
45.59423607258745 -61.3747638428497 
24.9359463633033 29.84196836674053 
-77.5850598911413 92.45421704589816 
-65.41921458682818 32.94005197567887 
76.37555772213065 12.926930797950462 
36.00530590454099 -11.73938860227122 
40.86932042969195 89.42922710548717 
53.79205329989506 62.71160768610093 
-48.984199602100745 -12.282932924086467 
-58.41159293944875 -20.89061073554157 
-78.8009716772932 -22.137617493704866 
18.48608262377492 45.61105300068354 
10.487334701403128 70.84069317133176 
-49.12845479585548 86.4851569431614 
-74.41301214434546 -14.286148338031808 
-98.76757380147991 16.54689236183569 
-56.40485976472911 -50.104599861032554 
-43.89182478892173 -10.114762961756554 
-28.26703457760948 -99.32675830520337 
41.80506640567674 41.12134424763357 
-74.35215482804985 -75.20839175528627 
28.713256463684615 42.15911895663186 
99.44903882230466 64.02992457356606 
60.03064870073595 55.54104515175763 
-44.01832123228693 -21.79679346464482 
-13.498829834457922 36.4972962595686 
65.18442880141973 -85.44807787273574 
-1.7758755257457608 11.323302194204274 
41.64330982172092 -1.3696060625758975 
37.508264063296934 2.0973796813678263 
-52.02913949272321 7.0698320547159454 
3.0495296782680867 73.59240126525498 
78.81099601861567 -24.682915090934102 
-5.6262621318156505 21.81753423023551 
-19.379163274421657 -0.22496999404604878 
15.505074936642302 -46.589169547693146 
-23.68431725821884 61.573903298582394 
-54.682896178536964 24.992156228642216 
84.74377081769182 -6.713867770664677 
-35.50945687947468 91.43862783318414 
-36.53048248962669 -86.30449597306671 
97.69192428403198 -5.3323575098295635 
37.48383113061314 17.31237280103582 
56.50644848102243 54.701558482771304 
47.35828217367367 -56.0565461447571 
-11.461087774542065 16.996443363387286 
-30.84429715855667 0.8601092209139978 
-69.08328874983107 46.27291111252262 
-24.260319077367072 46.28458141336117 
93.56744126873943 11.154912177417458 
31.150207935176923 97.57907345196713 
-6.653897491749277 -93.64003010060249 
62.56534012973884 -4.413056401822885 
-48.5088839855232 33.12473154955947 
-21.89391727653333 -15.943435642939448 
-38.195488957286614 97.48353017457103 
-39.84646065978301 -0.9605005838856613 
82.53501298973367 69.62394575811845 
-55.56753064685422 27.800879013330075 
-35.722649562544234 11.30462888424259 
-87.70153207031983 60.08864980132935 
-21.151172996473136 -28.37168784714379 
86.40958975589004 73.19159423296182 
98.91072565951868 -94.98838569306638 
-34.402630982615534 39.79121590587192 
83.55713937160937 66.54124250984992 
-88.26585357721484 -54.05921743416076 
-50.49448859699488 -29.010863300964644 
-99.61739048140078 67.8979571497814 
-17.81515832261063 77.97392874808344 
-28.38241007611599 14.261890110245474 
58.49993791046353 -55.23191959191347 
59.612872015534606 -33.57457981059997 
-74.23940158603806 1.8400286882957602 
-24.891368048450886 -66.37550348332628 
-68.77774305436259 -55.2907724856748 
-44.37827045935898 21.01969008552595 
-4.5325137721055455 -47.20220102829422 
-22.062726241034298 -23.940567887975917 
-25.04111790976424 69.62827833278314 
50.512214824421505 -5.819577106967529 
-38.46643253217532 20.134218380818098 
91.50408586106494 -62.1932160595635 
-75.13289938185461 -16.009286392274035 
82.23001023217725 -60.92851808949982 
32.285534321584095 -20.350098890639075 
68.33711239007724 -56.376575411048925 
86.59895318188774 64.50341907769948 
18.59530061690684 -95.06505252118063 
18.60895307811458 18.977437263317952 
96.16282137558667 -23.201125750638795 
-29.88783633164833 0.9205280636600293 
45.85911404703245 -27.541374701098505 
-95.1747620348753 -99.46004711831597 
20.38152770802624 -33.9377728182707 
56.16629557464 7.237557180124085 
29.308617668593 -67.7221294451746 
-38.6822107951585 7.746381738683539 
80.55590424658428 -84.8044272512147 
76.10431679929607 -25.843711375188903 
56.47330322497217 70.34729026192852 
-1.2905702137033614 -11.379162232429678 
55.106712245355794 8.496925272383677 
86.1792852823636 53.81952237715498 
-57.18369323586363 -87.78204598953259 
6.28311016228335 -30.69160866022571 
-83.21344104430952 -38.19595391028474 
-17.871220041446662 -63.9826288076625 
79.14245087466651 -46.79649903324572 
2.700302776601845 73.87327041424467 
-76.66555403235868 -72.10226062274192 
-66.10897086887393 -27.433229905481696 
-56.14613436352531 -99.62987573800733 
94.61868133020909 34.82895791720654 
13.33132194127002 33.53212065095107 
-5.340101076035893 -85.7209143888755 
77.1642533900411 7.7277546110775575 
39.776465177623436 -7.316152462744554 
92.09554380046686 60.31089078529567 
98.71990625402867 24.22924230775169 
76.61507633493414 27.82477253171737 
-14.941062441957072 -18.704418978152944 
-99.03884331121589 -0.48714089897630686 
-57.7118085264118 -94.52779568120823 
-20.846510541015675 42.95770341042527 
37.630150157381706 -3.096561398730884 
29.545722979448442 -21.298990889408387 
-11.463067364310547 -49.848112908846986 
5.320453104032879 1.3304239739352965 
56.22447467462126 66.90975139158272 
40.72140388918518 24.811638688245253 
-45.60315009493689 86.88644140386805 
98.96413303459556 95.90521592075402 
25.273690096275374 -74.82571282305332 
54.099018014532305 58.207860405387066 
21.483530315332928 -96.9110510838975 
-51.78266130271003 -35.323960553765815 
3.332077951801409 64.89749661035947 
32.63219517770344 -99.0213150191106 
-26.87920181345224 25.62471503688728 
84.32286568380871 -66.22214315228898 
-4.975268681438166 97.94978559558112 
92.95491559943707 2.7978247200996833 
93.98791462007111 82.62218474712196 
62.641323500296636 35.015569647584925 
-49.73559979585516 -36.0123637462993 
77.85335966362885 65.41728608272899 
-40.77171231904118 77.30302387455441 
-2.968275985597188 18.033467103284593 
-19.66870248467984 21.205246431894523 
-73.96400309361815 38.19908384068171 
-23.064357621339028 53.148959799466354 
93.12155500290734 35.888388056496325 
16.38158905066949 26.057802359613234 
69.60063479901447 5.600131304800527 
-31.415902361647355 96.4424988871194 
71.71175949228149 -27.725604942475073 
-66.20592770655037 16.952922344366655 
-30.241567619219452 -45.45366713556713 
-21.96574334664581 35.39868483402165 
-63.84579004402748 -94.40751993183855 
35.66732370747749 82.90069953500446 
20.362262148219898 -47.729164394367096 
75.51192610768979 -41.83687722027343 
-58.457453680684225 8.160007869510281 
-73.0899399411418 12.85025462874718 
96.49355200726589 20.073121399131736 
50.379994776867335 -95.98225270575362 
-86.67681690797303 -87.07003924708047 
67.86898256471935 15.250082937962532 
63.65652105447427 33.77659082254917 
87.97452787016661 53.31623992532593 
4.240616589077618 32.204034619541034 
50.689837846883535 -7.842290599847956 
-0.5919867659864337 -24.533581147154877 
40.1304174148585 6.42792910196124 
-78.875637788222 18.101710375975898 
-44.991190945116166 65.26551680705742 
9.888398140811844 20.217832232138264 
49.94109654517217 -82.51373637629402 
-91.24255390928224 -43.30841127031857 
-38.321960895792095 39.01870860166804 
35.59871016527231 2.7197695219642384 
-24.816018669063112 -43.930154545218116 
50.47776868942543 -76.82535538657969 
-74.19896749503827 11.429933029488254 
48.01282572892214 -45.72264292792918 
23.110872360134024 -51.13613293882595 
47.49223298405252 20.764858161929524 
4.08416663465141 -67.98600588437071 
93.73847478338394 -62.35253031667911 
-88.79590188431992 89.96837519299552 
-79.47366625404595 42.59007080636536 
66.92637633691126 -13.520197119900786 
63.279187491587265 41.70611151112479 
38.691106974980386 -72.69760248376294 
-94.32154010882394 49.65190389605789 
25.307539814582 91.6120835416479 
-12.376396036702914 39.26522356970611 
-8.033510358550956 85.88651875021907 
35.37335905748651 1.2361140808839366 
-22.735776631736783 -96.99118385589784 
-17.66273773646043 -63.915311639296576 
12.04300865344976 -20.667689763607527 
-61.19043762660654 3.7067505473401923 
32.247784653720004 -93.1584766500904 
-4.431262127329589 87.37392374318523 
-26.993379630952475 3.231755629337954 
85.00806709493114 -88.3828769609003 
76.66838187334534 -16.322306725380912 
91.77023813040245 -36.77462338421385 
93.56256391677681 -67.13990393985772 
-69.98458333170674 -70.91319781218837 
48.38171764819384 -70.26961088889007 
-80.51308147400616 43.27081918557798 
72.90411047196258 66.40052354425552 
49.269702963999805 86.75002307383573 
-40.63176321490411 -2.4406450387668883 
61.158463345136965 1.838939594194585 
-67.3274524362646 -71.00006624348737 
52.64928015556444 24.7066141533123 
-89.98392032182878 88.46486051710093 
-86.12976981947111 -2.2826939649982023 
-40.52549256378939 -62.620927101208345 
-67.38153208559648 3.0896041330078248 
68.99169666143024 14.007030509704222 
44.04291062988531 -87.96218131518256 
-83.17276246661822 -13.527487532177673 
64.23798811298994 -69.80037686337926 
-78.15535939314768 -4.063334911438602 
-59.022982562359736 94.09146340130746 
40.067336559364435 66.10707234239038 
-40.82859297602668 -48.61472282329768 
-15.216642700152747 -91.53480145217583 
-58.254613744562775 33.14552368335259 
16.98735662367315 7.579617134685805 
-71.05028198322394 50.82453839929417 
-59.73867329936342 -64.90640486053357 
-14.21848847671913 93.68728123062849 
-20.947583947064203 95.06207132868792 
-83.0270156306171 59.872187220044594 
-45.75647733254582 -76.68532158485044 
-35.02283020055313 75.59622786586584 
67.64464781414716 46.790037321261394 
52.09337814226109 96.672452571467 
-28.789151186933083 -21.666614899439793 
50.02233622098555 -51.533380780682705 
-88.41665300697174 53.300395020899145 
-91.95049694144744 25.768441821537877 
-39.390465635536856 9.589331283999925 
-65.02224005882809 70.5144816738649 
-81.35614296523705 -56.309321233412945 
85.49367005288707 51.11943429582095 
-21.62828004742765 -35.34500150909419 
-22.090555018568466 44.57709506135194 
-31.534670380985204 73.15954827684465 
-49.309642174470646 -14.247629898630308 
10.288516207003369 -34.08310834913151 
-1.057058371096332 83.86346296868578 
