20.54439953248645 -34.87635850801291 
6.435274719606383 -85.89244112905985 
-97.40452040303109 -87.65082042608302 
-29.37639476923492 -57.91988674788699 
-55.71715846929413 -93.58053446951222 
-11.818546681604445 30.24459604024196 
-97.45816484538707 29.179155922068333 
-97.33617820970082 90.69151702724471 
14.447976425461363 -54.419218039532446 
5.679777566122652 -95.06981441580464 
-70.25299733318158 -61.34025474309664 
80.32982909273952 85.10445826687916 
35.048635304356196 14.540455879019063 
-84.41207360487716 -87.08010307478035 
17.166426033401947 28.352361295832992 
-8.60673227461821 -5.533736747333336 
-42.04121821972553 -92.98509936668844 
57.42370695007551 1.5237532350882645 
-23.026826704418937 12.95898132974662 
-92.36295957770078 -68.59767411044791 
-61.26289722500506 -8.303721824604878 
19.378645148898798 -41.969262982210864 
-33.98459957996485 -15.581194632127506 
-55.37461189132375 39.33542973815776 
31.388190644142213 53.09693707441613 
-34.8446209080404 -20.595544946147342 
57.685561364679046 -86.4916266314808 
92.50898402241143 -79.9001315484201 
-68.30359107569407 -77.67256105098022 
99.80904319181661 -5.878416462536066 
-18.63759224296919 -26.69779668348822 
-99.48829721982 -86.91384136822757 
-38.81900331281478 13.040325493470846 
96.29743843702761 -81.54625271200986 
-21.897540785262265 -92.0927294020278 
-2.338509294004922 -93.45209593882291 
-12.13522456246227 -71.07315328512178 
-82.33024449909934 93.35958493102194 
-55.68919153791507 16.694111736778993 
-54.268124361142455 -73.82345663643011 
28.58635210323976 25.738137223912602 
67.93193657952091 -53.5647388933433 
3.12305306436636 73.94281426603007 
-56.33698392544508 52.361984637652256 
90.74152907099824 38.201380029148794 
84.18091676188345 -15.144255227581738 
-32.408158763955086 90.8994990837491 
-10.64292359831434 5.75230345445101 
-26.43931446886623 62.2011069010027 
-20.69037557644522 0.21942837194875153 
-8.599881977136675 95.09284254213296 
3.1991014099850474 14.33735584647313 
30.68435255483203 -53.38081451313339 
29.53599153580589 -77.33173723551074 
29.647212726628652 21.648900753877953 
35.48596316195295 -17.42591311474399 
-25.934782843345488 51.30714034876942 
-34.17865372453082 -5.675251838668743 
31.048400692928453 8.112380913898207 
-54.984000588674384 3.387342572210798 
-48.843447304342845 41.1609707014691 
14.217853759157578 -9.748722955963586 
-27.41805098916241 86.27509195493434 
77.58056220726516 83.13720762421664 
88.65175044766639 0.962356000631857 
-78.55307208452737 53.8584107804501 
24.821586931061972 97.44536488117609 
-49.25939160683919 87.65951158094077 
70.49330194024412 -5.9583966616426665 
-56.45521754912044 -38.38803306592191 
-70.78204109226674 50.89081758707442 
96.03504555613742 -43.809917283912434 
3.1874864162180643 21.765114532742018 
-42.966366269580945 -8.589826175120251 
66.8557251227682 82.39797213308947 
-75.33908289834415 -51.84809880725154 
-58.98193881680409 -82.05866382185745 
12.14304769864924 23.325229333548464 
49.7447372087357 -63.82173627341421 
71.49352358855751 -77.48450252870569 
17.238926164057162 2.760428538930526 
-39.77591734379313 -0.04910749200608677 
-83.26274600837726 32.89009458556714 
-67.35156210551045 -19.41545226718972 
-82.08793948165683 64.70977688513025 
73.22070738100018 15.989445249449147 
-47.98596751256308 -93.43813593624229 
-96.6153030743518 -33.70008083969881 
-62.971220217056256 -5.809996354989536 
-20.912444033348592 38.917749184135545 
-42.14437985001922 85.16872031562946 
-50.30562875055355 6.439499891075954 
96.78882399206995 -21.64304034303271 
-73.90865235159262 75.70432268063902 
85.06465135420376 32.183449859921126 
56.38528647434583 37.30184696152256 
16.571869031042837 68.62619861752285 
65.15696501738469 40.859914160656785 
73.9193450583495 -21.582667595581313 
40.060340707485466 -3.934395144284906 
29.273409165901455 -40.50688380779355 
-55.82688628825932 90.47468048972354 
15.81773441414147 -66.0958795001837 
-94.19256946076703 12.000862430925508 
37.64478226912229 -78.23284035237985 
33.68999836906863 -38.67522798488932 
-80.96783563546836 80.14278804888951 
81.49164098894062 -50.275295918877205 
-89.89619059801808 -28.919775783474293 
-79.07860732774432 88.11303440304394 
-13.235181594355524 22.666395463757965 
-64.37043052267825 98.21740203742638 
37.92555682758393 86.33440216856226 
-3.723691311824197 -1.2478692823559783 
-41.7085544095591 53.15331561845832 
87.5408622662575 -18.773522373877555 
-44.700069940327694 10.729333547429533 
98.62992911326259 -25.392656180745107 
-88.48886422269324 -34.62644963288686 
-77.06545193794403 -80.64772244613327 
-73.97124055928884 57.51484007763048 
-60.162385665129925 66.25411918725106 
70.9779169223026 -25.319833311637808 
23.975584618895482 32.396904743706614 
61.93223793284176 -95.90065512977073 
-79.50471885551056 28.997836013459192 
53.141871896856145 97.94799907134123 
76.28091857279895 -36.26242955463799 
59.1776989956264 20.702241433228835 
-11.126666391065896 -50.89825482083423 
-85.97301735327551 -67.15142996936953 
-19.35915028178394 -37.4707170139992 
49.92502099156863 -50.324514542268275 
52.734822154020776 -33.849988918339974 
48.75219746301039 20.25093582700414 
93.60937020416645 40.18153221145914 
75.33729130208769 32.507565594017166 
-70.11121237750817 74.82095419381966 
6.639963874747522 76.41397812385887 
69.52632273576461 74.9335689836561 
-90.39170945755457 -2.123612103959232 
32.37092224676613 16.678645485134183 
-10.27052691406955 1.9347426730374622 
64.74269589695083 76.95606640105376 
60.93281233624941 99.5304126967873 
-9.396153108069498 -65.45466409978273 
-91.88849741985443 -45.813770956838006 
-41.99319649361484 -63.01748137734178 
48.10886871369212 -7.4167684835258 
94.11729125835095 67.98127720849888 
-42.16228277055292 -8.813524150344065 
2.874949844517772 -61.35047026192859 
-1.7860888464417854 61.34357116914066 
10.847118521312765 -77.0201210953714 
74.63863593558222 76.07972629800139 
-24.442873931569324 -52.51025453036024 
-82.55594997306747 -42.13240392022295 
80.90970885733773 61.352027946525766 
64.480809964826 -73.60901876356102 
-29.59203337085816 -41.39589718577592 
-94.52106014768698 -37.57161425741822 
10.23302912893547 65.64274081904176 
80.07323044938508 -83.45759732595437 
36.472092784450126 -18.92919133176416 
23.627475508095472 61.01945029333959 
-75.77597128739428 20.723597392363587 
-12.880940366043106 50.653729412040065 
-80.70003431651426 -45.97813951295529 
62.34866319452689 -33.447119384512774 
6.090247864206248 -28.72258316338396 
53.50229755079121 64.77752129984762 
22.209729686092075 -12.098906225017487 
95.18616858461465 66.35274837374837 
39.26803875329219 12.942486848765 
-96.27841859088679 53.656611237311836 
52.984558206059575 -76.42113466916061 
-70.5605541023063 -69.79489141863291 
-16.706234671182685 -52.82229607837561 
4.492862192098414 47.64702877163256 
90.52141525223735 75.23290268727015 
47.44164332214436 82.08501969692148 
27.241460972487957 29.927232482883255 
2.6319237303113425 66.34975039826975 
27.77428061565675 84.90047223565935 
96.21769454978704 92.84435637510185 
67.56901918746445 66.55626929703104 
-59.50632965618261 -13.996701626626034 
60.85209457130259 -3.6607068532371585 
-61.6486543242105 57.901562204572485 
-66.71050042806712 25.021976763155322 
-91.26900475544515 -88.41022452563583 
41.49546167025042 66.81977534982099 
66.3766727296697 -0.9921641007338877 
71.75726118898928 -82.35349309252766 
50.548055031919915 12.383941381315225 
34.02770207243876 -90.99823953024186 
75.3290067426783 -42.32722232812327 
29.855736781547307 51.90549134015552 
-23.254576155797807 -35.96678033768765 
51.359884262514015 -89.22274846965699 
-61.42651778772932 -88.6904232007489 
28.179146455361803 -59.533651342066875 
-42.37519964078045 5.623193332363911 
66.3848574966263 33.30603809380358 
-39.61923103404974 -13.115558016161714 
-39.19204836325325 77.49552411724963 
36.41565618703771 -9.84912373207358 
28.476661670898494 -51.34388056872381 
-85.37234825829233 -43.66434011633513 
-77.26125795133794 33.51660489246498 
-34.78297525610763 -33.98052610337052 
-50.224697682508875 -16.985945469580315 
-47.65366825516981 -82.15050577943168 
38.20641073136241 -4.741315104621307 
40.621158950336365 -12.656472800676283 
66.1008050602567 -75.84803824171966 
98.18031449485568 -81.67538673260113 
-74.45102682236725 13.832167145187356 
-79.7574164789409 -16.836342162832565 
-49.218621090915526 49.81767557403336 
75.90644094524976 -58.58540568050179 
-64.05259608424629 32.4064805638661 
-83.7082071311857 84.3147087651821 
-36.99955303368561 71.92644513842296 
83.589186887198 -52.49280243828809 
-26.367806834424144 -76.28585563509236 
-39.545188124625554 -74.13420018446446 
76.39841594222258 -99.81551376227638 
24.483440596561664 -22.421396174112047 
66.94370699515474 -90.07383133350012 
-72.25311007573103 -88.2866142086208 
14.341664066196813 -27.171270707053537 
-29.68579978377022 44.19293366919223 
15.969101603575979 -57.409240253093884 
40.54550486746061 40.91494597407646 
60.347365976881974 47.343013927245266 
-85.5707340324291 -31.560872849168646 
38.8796280488136 11.317800937167476 
3.2688894320557864 31.603127453898793 
-79.22702879103235 28.703021235813992 
-82.07558430143408 84.32699119444698 
-96.52540592450296 6.247522548947984 
67.08525148902564 -71.88003343271308 
-71.15845276144914 -19.86089619096876 
-15.833871509865645 54.90718048600593 
16.655358938965776 1.8061847350936375 
41.90202309151411 35.27921324994762 
88.95700083581414 -87.64810528239815 
-7.382650553086933 -10.633796825512576 
82.99001885778713 46.86140572743764 
65.96285922686934 19.11445845372903 
75.37055742192805 74.6741350248183 
27.009379818619067 -59.52185177133131 
57.48280218174355 80.52775611229862 
52.39053776231259 92.30686459026472 
32.53124562801827 -81.94542456832832 
47.94717461751395 -54.34353989898615 
-48.177990599350196 97.96751141768519 
-13.700741364537365 -3.0710616234648 
12.262740976855241 -90.77769513862694 
-77.32499900508422 -29.732886770625086 
-69.29516810529337 60.269391895230285 
23.401427372654354 -96.88591322960369 
-72.69298942667024 -32.7706488168306 
39.149224392187335 -4.173727814402 
-92.11886983528265 77.49532216823471 
67.08755388646904 10.755631408312553 
-96.06821829318422 69.77076679170264 
11.028896201230125 71.19464023610269 
-14.245588950400418 8.225799356662705 
69.10457358890153 47.23880757151758 
97.58811708711917 -13.709016012015624 
81.57500198263168 -65.3845626899865 
-60.555560223040736 87.22546465529803 
-55.35401034100338 -1.5651592047501595 
58.894881548794956 43.208807179314505 
54.57847721186897 67.30190510617015 
31.83674534631774 -58.70602342614053 
-38.05906992159043 -33.376768660275104 
39.17855183184972 -51.16229301690074 
-19.288395124187275 -98.60468311479195 
55.87361691274202 -62.449994326377634 
-88.84464777417453 28.413683429781855 
34.164677348241185 -97.630046455015 
-25.3940698226004 30.132873297111672 
-13.8569411655521 28.044125767789637 
86.68755272848932 -96.7263588139228 
-84.1923618118503 51.71293058536864 
-3.891623744233513 -15.74161113526469 
99.946334097325 32.35229133765907 
-51.21768147826957 -86.43575954611515 
97.94567522892208 17.040381799685164 
-76.63738291438717 -19.681547758203052 
-14.610754522781292 64.38382739674469 
36.38916745275344 -69.63103265160925 
34.721076445824764 -80.57672524253314 
21.654493690361292 -5.963072156456036 
-18.62842368067615 -6.202581912466613 
53.95546397041028 -97.7590787524868 
25.194187045140183 32.388516965017686 
