12.741947041650675 48.03124120741742 
-38.70829264894438 80.763223764043 
54.2984571169728 80.76875366614999 
12.39939991634553 20.531544834581638 
-33.81612079327685 81.28949396889044 
-41.81380406722577 -79.55532420891613 
-74.19324698327682 -54.52940262559611 
73.79221720203284 -88.06863085768137 
-27.484167399009934 -13.2050371781189 
-92.87166096359807 6.681704504736331 
-67.8863532428638 -28.250632047558867 
-3.9329678390249256 -89.67241200164737 
-3.2115198154138085 -36.81156159445624 
91.38889765929662 -28.0461954798686 
-59.299633386136506 98.35256328316731 
83.00428039242925 33.800494637667896 
-54.56381303231383 56.95762048213322 
-91.68807394550066 19.82077189553131 
-22.457657726742724 76.04877107021917 
47.344513664565625 -96.95901548584862 
45.5186142192683 62.63649744428719 
41.23614818938918 19.54735269545182 
-10.241804346307504 32.0955262044595 
-32.68335848097867 -40.21720162222957 
-33.29132640841377 -39.12058415115425 
91.91585597601798 77.35313773867304 
5.190072165020069 99.17404708419403 
-74.98921764666872 98.05759053591623 
91.23081767371735 -32.91554311716985 
90.54954184555436 15.701696011995892 
-18.76488707495163 -60.57919883037361 
99.23653276878093 -37.06957078030444 
-3.3540855143197916 43.810568087817245 
-90.26164911649113 -78.40705456196102 
12.18637275724366 58.50310582922563 
-94.61801545485412 55.399653171695064 
81.41697798635056 6.880645349138902 
-9.264486040064241 -10.117658319694712 
-30.675387672455585 -68.32394955855264 
82.1059308045075 -95.81786588792289 
-85.00221259766654 -76.77158184255354 
78.2548252811471 72.07647419799719 
47.200216014225276 -93.17538708232058 
46.617235983780915 26.706042734369603 
15.633078534357352 39.31174424215206 
-11.885981635549214 26.98591183466921 
-31.40604540945226 7.433777252337876 
-25.804065094201874 -18.077135383636517 
-77.73196894508322 -65.42143785978642 
19.57916086855566 -15.247463385772832 
-79.93542228868549 24.094933202024365 
-96.76947144127199 -1.2243421409366988 
-79.10697061695949 -78.9499898765094 
-55.2725735453033 74.84952085062281 
-51.60049702154061 -90.48462002455209 
-71.58652034611315 -37.40568528990056 
-84.86207061303215 -51.506819817473335 
24.323577023415098 57.14977742572921 
-81.1169284332625 -96.95420849766461 
37.69002469833288 57.48998715255419 
-85.82040571424312 -72.65654077156734 
99.79772039771674 -24.047903430769637 
65.03760057708107 -56.108328959216315 
-1.395319052856351 -26.506494040168533 
52.56159810673432 -86.09513685772711 
74.04954488793061 51.37923822291418 
52.22258656862098 -82.25342277329636 
93.15855753874445 92.67265327583968 
-53.04271668646683 85.47101096142384 
57.259685915737094 -33.00513911102658 
-78.10830152875197 -55.25570878991228 
-82.26655228215608 59.84821073585846 
-54.754895410672354 33.150381174058 
51.622033512618174 -43.26342768922675 
93.4580365139253 -53.29345598743957 
31.87055335793491 -17.194591199934877 
25.04671328544579 46.405246374108486 
-17.0048234749879 -16.073864997756075 
-31.58566483011502 -72.66892903378852 
-97.97530463376253 4.123751746241041 
28.865390474351443 99.87163804348643 
16.0736429856605 -90.55646518209008 
96.82647566430887 79.41732767883124 
-69.74298718331463 -84.34866885003818 
-7.6514407859482105 -5.878547075411021 
-9.48319903730588 47.87992783128601 
-26.030571105289212 37.60751833095463 
-98.24008686933954 -81.24661835221627 
-72.77695539985314 -37.90354697063767 
-4.76338634154358 -71.505106785885 
-86.56073512355889 -61.30830141571273 
68.31656924270362 -70.56481275605361 
-48.93251134925507 51.92403729701297 
70.6031548838364 71.70868337914024 
8.294755030436576 98.22898527272167 
88.08697605039742 -56.68420609347178 
-77.82563917971903 29.56548948005718 
90.34020374116889 38.61875274786095 
-95.8589517818528 49.86687624053599 
0.5504069636555187 -86.942885103159 
-29.30301001561149 -20.127900543065465 
-56.035498913362325 -30.378699971816857 
-80.53587016330303 -17.66781502505836 
7.390401488524745 45.65568552573217 
7.174291399398996 66.75679650583967 
32.13319310436208 -19.60533456751699 
78.62846934254586 -60.72666586536801 
-67.95194532905582 -68.99004328348167 
89.45018006009425 77.90368856387795 
3.895681402267485 -77.12125765770392 
72.86587446910184 73.61938515828751 
12.48480094815801 -22.597625819446336 
98.55569950835192 -75.91242523596351 
-79.73757176729062 7.291975053718659 
76.01254216527715 88.63899900568359 
-67.44244219206593 -23.697944270212417 
96.56298623349596 -18.271364205599227 
-19.262737912428122 10.581814869420711 
80.8259570963894 2.659210460506216 
-61.1247858434254 31.823181592580767 
-0.9142370463552538 56.011036824445995 
75.55803295735757 40.8135844754334 
-83.42273125140294 48.647110375398654 
-72.21161384744646 54.12258352760804 
66.74748924036876 -10.674905596025994 
31.029498065615968 92.92849629414906 
-49.243075680687774 17.36725827347317 
-18.547566223109428 -47.73148562815093 
90.93054731770701 60.72461131242696 
-18.228327290320806 -67.36985062447356 
-51.89537039916241 92.61203444261733 
-89.19495040965045 -60.02430066984956 
62.68500838643817 74.40256479850791 
-67.01162932018966 29.68875393682916 
11.469127177665214 15.622614003429021 
65.03427095792665 28.47066409236413 
70.21360366205428 -80.08730230300982 
-39.16324757483669 86.58052796017736 
-67.54602323859429 -55.22901839087493 
-45.65592572642285 60.01685049496183 
-95.96928675251397 19.64102717042755 
88.17893034330845 -22.444030950877703 
97.94961384392062 -33.689265143620716 
-60.91618896486586 -63.37372842690148 
56.484032702852005 -92.33335344562606 
-11.242812258054173 -61.90899974148185 
-2.2149574967215813 99.31947782794208 
-14.252263465675227 -50.67278381162576 
-80.18495894203687 -30.683756154602833 
58.545037595973014 12.121759900164037 
-50.168292432118974 56.43387595070857 
-43.87541456896766 27.72857287432838 
11.254965283651217 67.89317613985452 
-98.43016945713752 -46.96468685039443 
82.98990834877614 73.37141069751516 
26.53508162798579 89.72873762669198 
-56.82903744122003 97.59344752092039 
-44.59713762544357 -93.86080626556401 
-90.61015377212291 -12.1912105377411 
25.4964934713213 7.836064272136383 
0.1474875723936293 -78.25370923334445 
86.47407715579627 -83.50532531628477 
73.47671349642465 -92.54895758735707 
50.20135950349521 -1.2929507272198038 
21.413871552339714 47.144632208849856 
-13.728384357562561 -69.07258068441993 
69.31209930264853 75.45512617891194 
1.449372788378838 -66.09141871147682 
-86.33016893082215 -98.31025912713231 
-42.614044008806374 16.186800858683313 
-27.958437323850376 35.594999897514526 
59.272267725810195 -9.946986168177375 
10.384343147010128 12.185705413415732 
40.376059369815295 98.51691350995472 
-98.40217823737028 53.62731398294639 
-23.192569768422672 -32.4752422023402 
-21.629782366684537 -37.44857172539868 
-44.743359804690755 -59.71904486468045 
-0.9872680947836869 -62.15646786677191 
-57.44555764365844 49.00713202030158 
83.78723704949215 -46.69475736777719 
0.6813032174753317 93.35399411714639 
90.29117978893439 32.890098711457625 
17.70504950057665 97.52239939630206 
-20.63875741116385 68.2281771712808 
-86.52080456183042 17.41344059356959 
61.94141413498855 -72.17096413816988 
-89.89568318002515 -55.64393017566065 
-99.81078569996828 -47.26928531270986 
49.45727291932184 -8.431733483984686 
-61.832123796795855 81.80363050733061 
32.3748394429598 -40.18127174309147 
-28.049190300728483 2.5708703309621086 
-56.65560045519587 88.67913441728001 
-37.49201104449034 27.99240214650834 
-39.79276792649136 -62.642405933818445 
-74.42621302387738 -95.14269164514602 
-41.31071800820041 -91.54417882364665 
15.47854102435447 -17.41293208784566 
97.64201378182955 77.4435440821336 
-12.497953751327898 71.68858700493527 
30.99895569795035 -69.47427375692905 
-62.12633043941482 74.96596583964589 
-93.65447389322128 -46.19344634821378 
-16.036625315988857 -51.80280362141356 
63.89894510305021 10.500388937306553 
18.572235656405184 8.288130406873236 
-79.97701478803407 16.1710949162362 
33.16119759185233 -81.18751322001995 
-54.96318531686566 96.284260915944 
-10.577579625859698 -2.138627838887828 
-82.15837050692225 -65.57290583572586 
54.90163334090511 11.229818784875107 
-30.449619648155334 -74.14602139966581 
-4.207343221670229 54.03883303577254 
-84.85207712896148 -87.46989589441793 
85.63668845031057 33.603749369389845 
76.02998247526483 -12.732456966689213 
-91.24867418525275 -64.1995958647629 
27.721505624752268 65.66991106250629 
37.475391171381176 -35.11759659131948 
-45.19095526071315 -54.0932933482676 
-66.19672285013198 -45.28123415440171 
58.03109042570523 85.15509043322808 
-22.256020630473074 -87.31380756771394 
-5.584643045261004 51.44082255630548 
39.70413710743054 9.405146677270267 
56.36227861956564 -78.63693587838883 
-15.597601468796029 69.42717016678012 
-50.95311946569263 86.35653351878332 
40.644803106882534 36.695156015743436 
75.5629278595944 65.90064760918773 
68.09503405383194 -12.747991577828572 
3.0071045893848947 -9.03188789338887 
-23.748997980269564 43.54097536198174 
43.46280431107104 -14.247380447428299 
53.537425442613454 0.5903596836166969 
-73.1333589418449 88.04353242486539 
6.721403766750257 27.04575969409393 
8.796723803144914 -57.09816753461943 
-21.23512823639699 16.369596688653743 
22.548269509401365 18.875914144020413 
-31.01352693140788 81.57010789858583 
36.957479486118615 4.094782381300718 
-85.9256217418775 -84.00827507706018 
48.23760831587046 48.728816890191496 
-40.533067870708386 -56.65291062632074 
-0.70248401808972 23.10242826281612 
92.29099009033195 -50.43489216659125 
30.680322828659456 -31.88783285807378 
-58.55545467293026 34.16315841745529 
-10.223401190975778 -57.269558008285415 
-76.62458368611848 65.49158663990181 
80.53602157323647 8.139337401883509 
-14.460114818150998 54.86392172912744 
23.153655820858006 13.978288542850507 
4.484815032930342 -17.373386915981342 
83.1249587240903 -63.41287261800825 
-1.2460816777977897 28.019646319624343 
26.57111492863389 28.708694871863088 
-90.61990971550154 -51.16697612820729 
-36.481497123316366 -21.08351415127902 
40.0108787056202 88.27146215090292 
-14.554797844873988 -2.6023828073539903 
16.98751070723054 -73.62352383977426 
-72.08164511820034 -46.77160082600504 
89.08908013010105 46.42750814090567 
-21.79475370153851 83.48899042209689 
-41.628740721739746 13.666070837203307 
-43.15888865890205 -27.783412620043492 
-57.79479669175651 90.97289218723228 
-24.61211646382013 29.81449308087204 
45.74683173301494 -38.31316068999 
-15.823707799781388 -86.39232719589356 
-31.111271544941488 57.25218120034302 
0.8251150854792684 19.656697512110128 
-26.63646303660836 23.315349032764047 
6.500041074573176 -56.728242905879036 
-75.61439399901741 -1.7057259279114731 
-67.57926032554265 -45.03159690029004 
-59.881117437053064 28.160943714905557 
-77.7987051404232 30.082829876925928 
-12.30443598994249 50.738201933135656 
45.04039752745342 -57.09624190924538 
39.19186758553096 92.54846667172004 
-65.71205437275262 67.74000120702931 
-73.29737768573722 18.350660971234518 
-61.73252715739095 79.3253794908089 
39.90184694310628 -48.75091353226688 
0.5553793355900183 18.311449225755865 
-26.468806407676965 80.97078982641705 
-6.451765031296304 22.06139719984455 
-93.89159813577179 14.088462544846166 
75.63950782882796 -20.0559741136412 
40.59368118268458 65.12896275539953 
18.64205020232903 29.753105200154693 
-86.9630388990619 -41.82783778768868 
55.978222820185636 -60.88199611466825 
70.11466362464486 30.487671141977785 
35.91264949714849 98.7433908453628 
