-43.8942705647213 95.40917035333825 
53.54005026813081 96.7518157107574 
-0.7284525135958972 4.977960075173954 
-15.420458055314114 63.13777749201094 
-53.693690783410375 13.301702449488744 
-18.590504000762834 10.097728821213622 
-71.10999086194283 70.65407587770406 
-87.2992387390575 -28.633220925201 
63.041756161721 24.710734276035026 
-4.932769975911938 59.644800829027844 
-17.04484450668791 60.597417157898974 
-53.24050661596394 -84.5261280238045 
24.51306185696835 -63.921223658120965 
-54.59642927450097 -42.150896109833894 
-14.774192257346357 -78.9549834257592 
1.6611351508227301 83.81667104118404 
-94.98379914405575 84.036432276679 
-96.99198312564673 58.77600727259289 
19.530265074034077 24.591090766196714 
55.7484158436487 -83.01532330553627 
-88.63357621084353 28.144824529395294 
46.29943600157867 1.4282256655669983 
18.765674044431748 -92.42140940214838 
40.273962844171734 -19.05098379382366 
-88.01734645770863 53.16971708234769 
97.89307108312917 -11.618897048331405 
18.952915691972933 -98.414056935869 
-0.02182790218687103 54.69668780989443 
3.0020699349202857 -26.74201525145034 
71.68940428433575 4.190695039948537 
-99.38710192174287 -52.37953358923462 
78.27542594341307 -67.79384448958425 
83.57278569980718 -58.251182689252865 
-67.98219271715152 -51.01254086261342 
18.02975529334799 98.23296599074581 
-76.74696564319916 -37.193449230558564 
16.331563655396323 -45.329157736482095 
-9.105499254301705 88.01986247188725 
-68.56803834459828 -24.43539689558621 
64.62343033263383 97.40391090304948 
60.455819372411014 41.07904525439136 
-29.119200998663814 -49.10544605902813 
25.792848074065205 41.154191321603776 
59.42367305445299 72.43089873402775 
57.82207225958152 -9.34301285078844 
98.49483612817818 55.43255566409795 
-25.93759290226005 -6.172060382665563 
56.55450460396813 54.138212339393476 
-93.93103895291249 -17.12921152728883 
36.85277530891091 38.71039327598004 
14.262807947630392 -84.29790942239109 
-29.457198983747773 61.80635971637858 
32.84613671304018 39.52079826769386 
20.92977592474037 92.62340425997783 
-92.58995295257594 -23.240623210096416 
13.308487476668148 48.12711085357398 
-72.32450685138214 98.89326822841568 
91.29184700979053 -91.50743323986232 
-27.046129386700784 -38.25337659079799 
-6.505821770131732 -10.261059603272741 
-17.670963360261922 0.22205262983298724 
-36.60662154745966 96.56256581031786 
49.72555001232976 -77.4403035357154 
-22.66314836488364 -11.342169261428879 
-20.12750105923604 -62.028012457415784 
-21.243572532110534 32.0238761338795 
14.051167228134844 52.18622667701223 
-16.060215101660532 -59.493336437534225 
-21.61085825275073 -18.43051409186296 
85.26697939952251 78.84787953433457 
-49.41056808943358 -54.36778953491481 
50.82544824066059 -30.519053359206012 
35.55517357221885 8.01036537884319 
43.65550070846277 -60.93619225448972 
-24.40400128671625 -44.04828491793804 
-76.88772679275036 30.48175907705604 
-44.74948441977791 14.64897677315875 
-35.28513047016652 79.46854052995505 
67.11256062406974 72.59509553138409 
97.7524457653231 66.99744522416881 
-34.110591192929405 -30.135522104330988 
23.8696261740387 41.837502907434185 
-29.94818464330322 -29.182838830982604 
-38.52267431542846 -68.62405472993115 
77.6171277064328 98.527962231673 
-81.06410968468344 85.13760186576928 
8.337279384634954 73.14525498832313 
-59.56335125481118 19.514931863911926 
-76.20935792201335 42.28146657284316 
-96.84247768974679 -20.699871271476994 
21.079240626348053 40.71307792536635 
35.253482035388544 -9.039233418590257 
1.2713405918451315 43.50499800560422 
-29.383635878051265 -97.62871377988705 
-4.512552538397202 -65.66227612115568 
41.34562809737449 14.948992196874158 
84.0746837472345 52.33980335609127 
12.996637007062347 74.77261296311525 
30.052917426752543 -95.5179572254251 
1.8792061745438957 96.0646399316322 
-80.66950559923913 66.98327624208699 
12.283041413036784 76.37806562790706 
-89.67569511887169 67.25237432804164 
-25.59525460616055 54.2911845174782 
-91.12326611995346 22.56198819775173 
-34.82330485544114 37.11202284304355 
83.09076882131396 -11.163401235884507 
74.90302015051105 -70.25136970068743 
-96.15763633334082 91.49531248640662 
57.340082760796975 -39.77733436038753 
5.9779039337243205 -61.31593150252284 
44.00693400453298 80.43681013217972 
-53.58949861668692 1.1149431618595997 
-98.6102011396525 73.31297140554236 
-20.811413238595364 47.231350825574225 
27.20212251689847 -81.32749008258544 
14.732549687232279 53.62175635011005 
-85.94136283189371 -81.63197156018818 
39.65723014200364 99.51991022295113 
-43.33489555970229 72.4923972417881 
-63.43488263938002 -4.012673856715267 
-88.63891454068032 -14.600425444216825 
72.7404327464489 -64.19670871978016 
11.219183551977423 -80.56270764043087 
-49.68484939120044 -92.54321247001538 
-21.648356087256587 -80.92484462707708 
-73.36350980533467 7.879243991150503 
42.3011736911003 -37.194569883610804 
70.21446228222948 -79.30983130398414 
-54.49186625943159 -54.47171187885977 
-16.33188816673139 -99.88525270513686 
-28.93224705981632 -64.73323321125773 
36.96105319673231 -53.137432572601064 
40.77510847156259 78.15454264473672 
-46.30084937345313 5.895462474131989 
-6.564306349622257 58.07536430309901 
74.47851854296127 38.17767042459678 
98.51849293376605 -16.083477735031224 
40.89858587364682 -40.06298702394198 
59.598039545628296 -49.997633642268504 
-63.540582743037355 1.820637251733089 
-23.094635390422155 -11.33276502866319 
61.574211505648435 47.56493497642637 
-0.8340387438066728 -93.4291373546862 
-55.068235533517964 92.17766774094449 
-68.70387099690747 88.6977645120362 
49.05540079814935 93.97393246487337 
-11.015951305881003 18.23707534946395 
-67.35448339811578 -1.309536118141466 
-22.277187759009067 3.715802420794205 
82.38145153183603 -50.459063756790016 
-35.95364373182781 -50.61302858131638 
-8.566473161315244 55.372658950789855 
72.41174056676374 24.25165227591721 
60.50265352711324 50.13214514247599 
84.44473740498009 -69.79660047720094 
-96.93492655519731 -43.545386481234935 
80.18799566611494 13.8471607142544 
-34.15360743008793 -45.77510474268451 
-92.97883796459953 -21.02428244836632 
7.894208215023141 87.83488464134712 
-28.444377233566073 -58.161948536589115 
-52.3787908537916 -95.6758774684073 
-30.58882595386953 -24.21661277945492 
-94.07587084831664 -17.065690556468667 
53.78628206679602 -47.545712814592164 
31.96061447989146 68.12049493612287 
-63.957477929369674 -9.196338596334996 
-64.90523100455158 6.020991402363222 
52.40633228678021 49.04537881721828 
88.71277817957807 36.34390097557386 
-88.3142403369723 82.12797923018556 
71.1285074410828 -43.5973271750608 
57.64370054839142 95.8565144124598 
95.5304335543488 64.23605977302685 
-12.216881466807578 -94.98434128782051 
-54.47761989292561 45.54236107847106 
-98.93441140204442 -99.36309253304651 
-64.3858041842312 92.29882905135855 
30.16532585615124 24.225695066920807 
58.5581824521002 58.58042506778085 
44.06557343606994 25.930332276739264 
-88.94163769540668 83.39255381760941 
73.758834938686 -70.55895361419174 
-84.24018905928988 18.463077952405712 
41.830638814461906 -40.209414886248894 
-68.23825642125453 -87.74781928517963 
27.448152058037522 -5.4250426640835485 
81.98410006829661 63.00467983691104 
9.883961635572575 -85.00996753018504 
-4.78485699621946 -82.60776059699133 
24.313522418160787 -5.5526173079996965 
39.86879885435545 88.85246727277644 
99.04797382097595 -40.50623343381468 
33.334683137254274 -18.55559748643651 
61.76790442783002 7.325719881150292 
18.69233340813126 -65.66893881227264 
13.621660004124948 -50.460062509788095 
39.35432417210353 -3.3300410721671057 
18.682026576006592 -64.8266601353941 
47.23980672418216 90.03664495245147 
81.88410035563513 -7.826164264944865 
12.826767879106526 -59.103640724816046 
12.546225407022149 -64.84568453275226 
-69.0513089761053 50.076966291228956 
-28.211821641906695 47.544940494353625 
-41.834341875952695 -37.655296956948646 
-87.05926238508764 30.85032525667887 
89.95597338352539 -33.69121814235041 
23.25983960705061 56.21472819619865 
53.25516059185631 88.75058625244583 
21.136851648450786 63.373810549393625 
9.596484681065334 -29.349377190121515 
97.6870318873438 32.927428620392476 
-23.034699237232758 53.080278448645146 
28.29102361085515 -95.36303336248541 
87.56681685387784 -75.65189394100318 
-22.16846089631524 86.4257367355446 
57.24214494698424 -26.43466021359255 
-85.51240856890914 -20.74154651119005 
-10.109069449170917 10.372298734264817 
77.62611089684754 -24.24728891375625 
-92.02045380920303 56.17155876250618 
-55.5193667437996 -93.8432817806011 
-58.60049104871612 49.73102095568103 
-96.04109054902159 -68.73730440635259 
98.79208933807334 57.21249471787175 
18.23387829962948 -46.19533599254944 
-48.11823522186638 -27.713260040755642 
77.50083594511855 74.30136837241 
-41.48013810454696 17.790299635998764 
-81.69791406055052 -78.48418185230459 
-89.98230943174914 30.98832601713511 
-12.787470149786031 77.46760613105496 
-32.2195012985206 -76.73963628076842 
-80.71974929679553 -27.219665709518154 
-47.44082692524736 24.36890627831079 
62.04718589252752 21.921412416103124 
-70.56794916562254 -59.86359043879108 
88.23780933394173 91.67765564440487 
-99.11862981340853 -29.21808741400244 
-2.4938185320227575 58.54273435328116 
72.08346888751979 51.370720686756016 
91.62656658545151 -65.50979771482574 
46.414974698986924 65.68810679608805 
-0.6319894040974958 -59.30787379694089 
-98.05050583386654 11.724638457699982 
-40.10736436208098 -47.4401304453943 
-47.58186329828333 63.20313346533578 
-42.02407291034274 -22.992162861309566 
98.58932292168646 -51.0312208253342 
69.87601837201231 9.41617246970516 
-15.582665724426676 29.981738713885107 
98.83717818017846 -65.269122576585 
24.03743526756101 45.54994747095935 
86.22123773518553 13.703741533213204 
-55.876923487191 46.55812555218495 
30.42990449953851 -29.665956753332807 
-19.445573219575294 5.331693485999864 
99.92011077180487 79.04577236851296 
24.581144800448214 -43.72136841667764 
45.24512968082419 7.351323668920486 
71.84588042281854 26.191712019842 
-55.68024638142117 -64.28537112447677 
-36.59578288817214 -70.7818350715917 
-35.05160898150879 48.96174425603482 
-93.71033521673402 -84.39744163761188 
-95.31054529733089 88.32066725266694 
-83.40977107033613 35.023428766543276 
44.4475491514728 42.70609499513381 
68.80173796111137 -35.56213182233722 
58.452161527681994 -18.954555852109507 
-36.10944937169043 -53.89831001723091 
-81.59130700621924 -44.3065504018258 
39.95039220889447 30.214178585480397 
12.890977449480246 -43.938803079140754 
-60.52299665259282 14.22666392682821 
-7.502674320378972 -39.625925446391406 
18.767597589985456 71.33407312873302 
45.08895706273793 -59.44154962069326 
-8.43324249806389 -9.23673039636202 
-84.21633042757293 56.331166033224974 
0.4746954927929039 -67.90308560940389 
2.9389848835353405 -29.406039490523185 
76.35716984897948 16.948118080327276 
-55.71111140441034 -74.9788304403634 
74.40855925445368 -30.238635611434916 
-67.11480133731536 -61.594055628886004 
-26.614258349671545 -4.154663964585012 
51.19841651621218 27.17399077361992 
-14.983033949403946 96.19547044272502 
0.14071623291221158 1.6657649758558648 
-69.71082169405128 -5.067374529251239 
25.219291891336113 37.553815393154395 
-34.4520594123703 76.04664861269498 
62.508730328674886 -13.576745425546122 
82.80261565456678 10.299029811409753 
47.93919357795983 -50.74762053146249 
-65.34392582837685 -4.413783105887518 
-67.56493397829007 13.850010729970137 
