-39.04009722983566 -79.9230048803073 
-36.93089431965435 13.74023859937516 
77.20034636658605 50.893592879005894 
-3.5395268924461902 -63.90122583008089 
27.9385254164374 66.39957355260671 
-72.32993593371722 90.73408472527203 
-17.396664120806676 66.87185323604879 
-95.74893599285225 -72.47928706913025 
-55.82945882918542 -27.649446214676004 
83.33781524239294 58.877328024160846 
10.069196334147108 -32.394192265680346 
82.06886847632538 22.253623674359233 
-86.68410944194424 -49.094020170832465 
56.99588298912576 56.97335451424536 
-2.5890530127025357 -56.666052889568185 
48.91984090651607 30.423811309014383 
77.42920093105943 -22.70193916087409 
-18.11927496955306 -68.00320897074452 
-39.50570361248025 -94.80812155586793 
-2.411593209301472 -1.1971882727549286 
60.69638140831853 -88.58068467233231 
2.685103083173601 -81.36192721410696 
69.15151561550249 34.857813406678616 
43.33098134124299 -75.27055743737286 
70.98552497518651 64.10972862130646 
80.24141884155858 86.70645742898898 
95.30400735244356 6.904900754969276 
-35.71349389471921 36.61116692174434 
49.00002186434375 53.37940553047025 
75.50853925514127 96.93180749369071 
-98.56041516838634 -88.7557792646106 
80.61337133607526 75.9559393096032 
69.36405763138856 -53.98598272255528 
-98.25745177211036 91.47961892838129 
-26.626277242165514 -6.214820642230251 
64.4082561431039 -2.982725887726474 
74.59564982111212 -93.37869216261237 
-10.7061632691766 -19.513148227789117 
89.36155967197664 -43.46742096965164 
85.30506163857763 -82.7381975894938 
79.0579062256343 54.0979481820865 
13.089369761064546 -61.39998616273075 
-28.50835112241586 4.90141387391219 
-44.22366967112279 61.41924063103477 
72.29583744733861 21.696463530245808 
32.161802353646806 -43.53653298261262 
-97.81898918197804 5.11666690847872 
86.81973679332972 -94.07886736042155 
25.811446565728602 -64.10279108927236 
67.98406254014242 -48.21844645425084 
0.27256014395509 81.27088752662328 
-56.459229464928384 -47.42473484522727 
-50.94523950342633 93.39851201496771 
82.40436526704366 80.72460765551901 
-53.778941055926865 -80.84367266832757 
-68.10977023296374 90.10321408124756 
34.34108143739047 14.39333265782443 
-70.47437772690324 98.28241446882518 
45.8367702558422 30.579625521706333 
-43.815411391577875 92.17857501540374 
-88.57951981066465 -43.55085591785242 
9.677168086580807 90.21969264498426 
-11.513924988060523 77.05178487948928 
-68.79958730893965 -7.2019201889198285 
-38.39365401460957 69.3739317494838 
-38.573723512271954 52.27547061627794 
-95.06902373652204 48.63469781297954 
-32.61181346948237 -81.65423198703145 
-99.33649473043582 46.75981592060717 
-67.74096619968492 -64.53199238073452 
-98.6284290864963 -11.188186986882528 
98.26620813648822 25.567294562854002 
-64.42030934649124 -55.53706626440902 
29.86412202631402 -87.07259300604058 
36.498789528764604 -89.27475773028964 
-70.17179364415287 -85.67556547681971 
-44.30647542601562 -8.138591861132753 
-54.53460820144234 49.026822091534285 
-82.1243396685614 64.72421679763883 
-9.602800394965556 66.23145882516658 
-39.68126489241459 94.56060604182284 
55.349710622416836 -75.94041479152258 
-41.05454216007913 41.06843266495014 
-35.51021716982679 54.612223121939735 
68.70405144750686 -77.78971034355524 
-34.453282829866566 82.15726906054147 
65.2523295887597 -30.228827258458125 
14.716933719388209 17.17038599558329 
47.41863849302271 89.64707614602284 
52.594677974391914 -27.88262345673735 
-27.072720071209872 22.311125418843588 
80.6860918594374 -88.61564995885067 
-23.796889155722894 54.5775159435305 
69.51471447681789 -46.017693385021644 
78.73039079221763 37.75283541418875 
62.218552859441786 88.72849195475831 
38.8932858173242 -48.33439750993098 
-59.738532451868664 9.467104872818723 
-90.27141402710879 99.97101477888214 
79.95299325493545 -8.07995932872079 
-26.94233250269285 98.13012614444398 
74.37105878611871 -25.801431148059393 
19.555844722794717 -2.76212572698023 
-43.51507691215679 -91.6831501559374 
31.207300826091853 -33.276782379071705 
10.381717022651387 14.595239342076184 
58.012166128552735 42.35886640173098 
-37.66694088441505 96.07925343582517 
75.40142049344564 77.41231989007292 
42.71197111623886 72.2940057820033 
-64.49820592989414 -75.1759008045029 
-38.99759117726824 92.68319054395326 
79.94257948714906 -67.30756609902042 
93.1269740612293 36.591787909475244 
73.65055654011715 7.3207214029852565 
27.021365270064706 0.14257335122142933 
-21.881038987823416 -50.543591340350844 
-95.58121897271657 -29.33884423298956 
43.14084709886549 77.86178073978706 
-76.37539936740583 53.576289648108855 
-4.769084515534686 -70.82736615140365 
64.12250397624669 -1.8221380460988996 
-40.713879539234995 -2.2288494058798562 
7.506601404802311 53.19715916118534 
86.92796205821799 -60.40449295529555 
64.18493840853253 -68.16785441363868 
22.11591354614714 0.9179127902064721 
-67.75672182440914 47.395477534882986 
66.00341165883458 -67.30968778754259 
39.48166807987789 58.67903366585631 
-32.562583378542584 -89.1267973844363 
-73.7707479432816 -31.381739468701156 
4.043684841390899 59.07136337937763 
-44.325084065164134 -82.59885279601863 
-94.96955405040227 -61.15248326108711 
75.03093045368988 40.96884783979388 
-71.48208131393861 87.3150521689142 
-99.56487740094566 43.353555439539434 
42.31986554022532 21.320796539093863 
-80.34433581803127 -10.702548189820334 
53.651381156345025 -80.28471554726352 
-67.07305239230428 -80.10679635805215 
8.519009829792452 54.302316385881 
-76.83172468961159 86.30449585569562 
-12.388960900728492 -64.65351996327232 
5.049974179923254 56.67964672347202 
3.4212987931784937 20.589403904721436 
84.56840584889105 29.399057632974518 
39.180931248048125 58.91893154518243 
-63.10303002109132 94.41894540745875 
38.473140842010565 99.79682100206156 
95.54575486570184 -9.979003871415173 
-38.55184740467736 -12.50699555434855 
-28.94168391785344 84.22444871060918 
45.10250118791333 -34.6691443654386 
87.45127708493919 -26.55034018877383 
-1.3234824958753961 -7.257963608675482 
-4.970525524195494 86.75711090292063 
49.232067028746485 -14.750180399891647 
60.47724500580941 -32.92714533188152 
21.202312485624432 24.768999201681268 
33.85612647967821 -92.17743528648357 
-41.09879944805617 82.67035191836877 
-20.26088245418542 97.69952626434068 
38.83514949719884 -52.840583279461015 
8.537766144718688 33.078539386104495 
81.31184953776028 4.27174795374097 
33.598630884814895 89.27203732156198 
84.122530863522 -34.43523741616144 
80.15137348973687 -71.50012235796402 
-55.517040485011336 8.038022671921368 
57.1627480433298 -31.25704564778195 
75.26502221589126 66.71780375429827 
80.61677455593303 71.30542862283303 
49.26474422729498 91.37757151829621 
97.96384630292462 -81.62578935514652 
-3.365495217900147 -59.68163974367919 
43.31076956999408 80.95998610408023 
-42.39485100430993 35.19448935766985 
-83.30581988904619 -60.421663923052485 
-91.62755173098162 93.52632665847736 
50.3299848218779 4.624984807487081 
74.85577998568255 -70.32894239874865 
-88.1772117291725 45.18249539595257 
53.3453351562228 -8.434912241590965 
-37.1040547994276 -99.53934438067805 
78.27002010348488 23.684302670892407 
83.11454011405513 -25.011708920501576 
-69.41117147185547 8.317864311498852 
72.72641096492501 49.44034951816184 
-59.3458958872757 -48.714039790566055 
42.42299713158749 96.19139767027488 
91.63910428792713 61.36594646828928 
57.37587853705105 -60.19894697609236 
-34.5318049894406 -11.719031529714826 
61.80956314784055 87.60736361096463 
20.408009692955346 -8.260592718546775 
-84.78240000715263 -41.71403716699109 
-59.546932563599555 -50.785452723266374 
63.91457261804368 39.73594635666623 
7.8384765811671855 -64.85580657179753 
-64.65495394751603 69.17439658642425 
45.58681938945901 58.77890412233006 
99.25841502864012 -35.952125484850825 
10.523431576158558 7.857302946763795 
85.78961483669886 11.731485438147814 
89.04141773609223 26.377406191814316 
-78.97301034896702 16.805131935676584 
-18.073784106139584 -94.00159958883718 
76.87917507960046 -40.485300490763464 
57.42318287390421 -89.66556730613641 
35.72632111650549 -98.87037842735693 
-66.3146537568276 -24.36799839794284 
95.97246539064247 94.48093627891666 
-71.03300505934823 -48.27461528587644 
-92.72548302294685 -92.98561548425646 
61.61744167466935 -76.79985436750559 
-24.44214952917956 -53.30915334179802 
-69.23825598522906 -55.8867355110086 
19.351876642473684 -37.370400189273624 
-83.00187728212613 36.58029159681476 
66.05654457796558 -60.52346408471383 
-87.2801406474721 -53.149088598320795 
5.005373750018833 -38.332290952732095 
25.214784160040352 62.13826525076132 
95.42398794003051 -55.48964801691927 
-37.95168004301315 -32.334715482433026 
26.379342425094592 -21.3596977519001 
2.1726854331714804 64.47169137253977 
-39.09013671960329 75.902870515573 
52.758116601879266 -4.309066438935716 
93.2724043549876 61.17094617141049 
5.641493395351318 -49.9078290141663 
97.49189617827682 -54.621814420140666 
-53.67813439284623 -0.7521894805307738 
-71.03058045738841 44.69796073573039 
33.8066986117868 -91.02642638169247 
-30.94859458333201 76.16134689724484 
10.049746383943699 30.095702370363824 
-72.87030598218053 -25.047411663726777 
62.71179829541347 -74.40979210077201 
6.805131633863056 -50.683851833569136 
63.2871662110187 -20.74419748379937 
-75.35653180288136 55.693633639365345 
-45.669279619785776 81.31928871088897 
91.50438613924669 72.87956970056612 
-20.183631579622798 75.57916764708906 
-25.236280102268196 -52.029598811326316 
-90.9674647702053 61.86359396924499 
-12.124118813437804 -0.9822604671427797 
33.83160564094376 -16.006563998781402 
-41.035929919685366 97.67965758981299 
-43.23343030924238 11.431958038584028 
7.320993239106016 35.47325814203984 
9.522586643309666 79.59559160158273 
-9.95870047005829 -28.171388022053208 
26.306219691149877 -27.03590034957783 
-9.719102268460105 -42.80937131767888 
44.87314117907732 33.6291407184205 
71.65364652879356 78.15723796428878 
-26.811403858487964 94.94687380545878 
-82.46718056869369 -73.2550307971306 
-8.507635900315108 28.865788031667364 
12.761103511191479 -43.578441546258674 
55.518835676630346 82.6416628303287 
-37.569041469957924 -38.33621435446668 
-0.8277556978237328 93.74332900227591 
44.15877482377445 19.71843728790934 
80.02308682142453 -19.98786989166956 
-25.059949146887206 7.981273355626001 
-67.77115156819156 48.85597147890303 
50.63874722183468 -97.62285781107562 
23.376551167256025 -9.117539636088452 
-28.777829668898306 26.61380356247433 
22.81335910372964 80.2976286917692 
57.63300652403197 -17.305990578409762 
-45.52567852567802 -86.59984763164003 
-95.59154530380107 -24.919104788595632 
91.42613445453713 -85.81754948134721 
73.55125010138246 98.48841677736195 
-49.0541239194654 49.512233644901784 
-16.841338117530725 89.43517360258087 
-78.82820432108157 -15.118014607206035 
-83.4191002008871 -95.97187381705317 
-60.67064585970652 -90.67032543836521 
-92.96747074779867 24.67449525414787 
81.87906398029594 -70.11995714153439 
22.877091109652014 -77.37929182762014 
-33.117300862626635 -40.759550427335746 
76.13152538568795 79.00172552834778 
-56.22849118787803 38.094043936744384 
30.834315084498655 -85.7609044208693 
-11.750204256263785 2.5918201019826625 
40.557995114257835 37.085719590945814 
79.06239672434546 56.03046636012215 
22.90026149796782 60.64978385642556 
-19.386649928942617 -65.55501338063354 
-48.57634665413673 -50.770329229496404 
-25.563707726872664 -48.634921529311704 
-17.979197481678113 -1.3649003014729857 
