-0.864310844576849 76.71415365314968 
64.99978917131315 57.49756691736886 
39.721627919793434 90.93692499810638 
36.694454646404296 24.623768490563464 
73.49994776149472 -85.07449148746014 
-0.44157277767162384 -56.853445487069855 
11.63096679107754 -37.00962673421551 
-6.705652947609437 -6.298476938409323 
82.4571607376715 -57.0550358712683 
65.89118704640697 -43.10308471752149 
-59.58599522579806 28.021362635258555 
-8.106642537697951 -53.03608054176823 
-67.16066982894606 -54.31390193720156 
60.09234591542628 7.198229485590019 
82.00942899373354 -89.25583461197422 
-92.63015536144673 0.6391078781281294 
56.505582537894554 -30.919790875434956 
-17.765588825564464 73.41197251208644 
96.9410077189741 70.29363819317246 
-31.670754756326076 -54.37938326467482 
94.87459447951605 93.67182088314738 
98.78959700803333 41.63280953739047 
-29.75159676821903 85.8873506214056 
90.98511772465204 60.60134051914113 
93.62239440112538 87.73168626538742 
-58.5614003294757 -51.464542746575084 
-73.1161846496235 -70.01415414441414 
-49.44479997061391 -94.82489914766548 
62.38460559603706 5.701961561208719 
4.301256079290724 -27.15027702660184 
-89.96915740547922 66.357925530677 
-16.898920518373828 45.910968580027145 
34.20189750875048 52.71638633382196 
-87.23656829207044 51.89887409441519 
-80.37364115288092 25.52762906512433 
70.6487264698722 -68.50274979190718 
-48.88531403496397 -39.91164079222369 
24.148876530111423 -63.46305597629858 
-25.716887740119574 -27.954638499405718 
-59.322641907977335 30.829540489689208 
-29.231808699110616 67.96740288989 
37.994923293023675 63.61562786892955 
-54.53951784037798 -77.27676771232201 
-14.375518958281617 -51.38773995148329 
43.25361197284752 40.73435329983866 
-53.184406835240374 48.87576184087172 
-43.597179175193986 -84.00533419798906 
74.00393075422465 63.244952676998594 
67.65127225549341 -23.5200403185396 
-33.56459724725869 40.36500437765022 
89.41942296837254 1.2623359339660567 
39.23323522166751 -7.464602656470845 
-16.46315327431998 -87.58411878922776 
-61.183753850727605 -41.79988669861625 
32.08656311492828 -43.39085297715795 
-75.76951584689276 54.131954285905294 
91.8385621662564 67.19630707947692 
-11.770853768152435 -83.408861678854 
-38.07107905622604 52.62896261633304 
36.906217523930906 84.10093107454543 
87.69032160317988 6.925356976627413 
-82.34037873651906 -21.405521815048118 
3.9141960657920833 -44.71097582085029 
-19.068026573270984 7.188396975820382 
-45.09145383346118 37.5332032806549 
72.867328893934 12.495625210957215 
13.988782392473894 11.177911363151168 
-60.638862429318216 8.610681643580762 
-99.65946737519724 48.070041457549195 
-19.983932957655597 65.21384755910722 
67.84495235723304 -25.110386287200924 
-38.7515476009965 -70.77015840577744 
6.111217722271462 -88.87820818788452 
93.78705666988083 -86.68763610694259 
87.6686633968011 96.15693603282244 
2.5274779913646057 29.73117229078369 
22.54245782107502 -41.564785410733805 
91.0912323795977 -31.458795057778218 
47.70492349576182 67.95765865259997 
-82.13070481977493 -36.45988278890806 
-26.478700278114516 -4.454163931256886 
59.27659772084044 15.806570341479073 
-75.38536012012165 90.93077653706541 
9.377849283373038 9.493004314841286 
80.40293881404935 -51.155439953882585 
6.225395431785202 90.59753703626069 
-78.77816774129457 5.673746061170277 
3.4450795660650755 71.70581526774853 
-43.66279794115706 72.78339803148592 
41.03371566353857 -1.8006536533819997 
-23.727770022535537 97.44985259542923 
15.808114704577463 54.666534525118124 
48.63846026330751 56.23199493104687 
-89.6486381444155 88.56441998343996 
20.002946893981743 -14.222479704005565 
77.3898184236406 -22.679779398869556 
78.51379762394072 -9.383470044497713 
-17.148360657345023 -7.756515793673273 
-76.4548449470316 36.795093153149026 
33.16308741809914 71.6155786465547 
84.95397666465612 -40.932491238178144 
72.13568021352421 -58.382625626273786 
-62.140450328077826 36.66140945723686 
-11.488648999201018 -86.30782558707595 
34.574202160674616 12.386049355250208 
-88.21016618523001 -90.28356783043319 
-91.77866295169399 97.28809406741453 
87.56885185937398 -75.66851199413523 
-85.62163513271202 44.399741322625175 
-76.60833991695281 -83.87090868949846 
81.96363499603169 28.776239110989707 
59.29873339407595 68.1214325489212 
-73.47898471756531 25.981291492773224 
-13.23792504857731 63.88015038080971 
89.06367892963257 -60.16904183788259 
-13.387024814166494 22.3669716353549 
30.51618544246574 37.9996672568663 
-30.184487521947887 24.19253764003848 
-6.032036889806008 49.30870069481395 
12.261552315245709 -5.624506394859679 
66.34839187939573 0.2294459201679615 
21.944855943094808 -18.527424097128858 
-71.80768712776673 80.52043487686322 
-79.08212104710921 22.372813142349685 
-68.22385582934365 76.70317026264385 
81.69223253796275 -66.34727325515237 
-49.72147638590065 -34.05663743576039 
86.44481974993468 33.9690397709667 
-11.744389990429312 50.86514838921755 
74.03196067253236 34.85583539267196 
-16.508884198304855 -14.496510246132075 
18.139367532243128 99.70679921507767 
36.63649801202277 -51.70934514552052 
-85.60519991606132 -98.38575774739266 
-12.41018724540119 -44.874306823657626 
30.289806999700062 5.0344878520720755 
85.53847429639652 54.06540218784269 
39.06536733762917 -54.258019347755 
-8.392445689244951 63.005927059253764 
-96.46950221625141 -36.23686335310623 
-27.61423387861413 -75.73794160547969 
41.2074570108108 -44.898661929998475 
-73.44584234271082 39.917642301971114 
25.589737703155976 52.07234514460558 
-32.39190183424705 78.41018328773205 
-25.163538974635387 -47.80491229202117 
4.339511921200852 -72.95988749643882 
-2.7526947161092608 -2.9244764243079118 
12.228801564210116 13.285368861062508 
9.514456217791277 83.31598755113572 
81.22589540632953 99.56779500034486 
-53.02447436569471 -82.69876823951215 
26.1779180504184 99.39465543362093 
-38.363026995999896 2.384275836875858 
65.58088576448299 -30.685158638744653 
30.016597788948246 58.88992946731719 
22.18589624398328 -40.79727987470076 
-6.422435357010642 -68.4882705939349 
17.33340506874346 80.9969947475578 
62.2437716399337 -25.386806650474085 
70.0112128981161 -79.48716270117784 
-9.704033754327114 -19.187349549322818 
39.3105365075628 -0.02645469375291043 
29.294549691403205 -11.803346828199565 
94.20391246148228 -75.23745321500775 
-7.595266695427895 -10.99852511855957 
61.635775914739156 -99.04174984587746 
37.015910522382825 -61.283230500029575 
51.3842763759244 69.96919671250649 
-55.115188284441196 -99.02138017789386 
72.42596462275466 -42.0388681911549 
73.27935208334878 -88.91517573956781 
-42.50642224113334 -3.9713390040152348 
53.50541875532252 -37.87131773192589 
-18.699636234511004 32.589563198693924 
21.728893614545953 -3.840911191739508 
61.262718194534614 37.12992058065339 
-64.06540459604369 -54.3610217786219 
-56.98857861361515 36.394448175505715 
-53.75425158519316 -43.59796788631765 
-64.67725268491196 -56.85252983130902 
37.21867826005024 46.885673603805344 
70.73040740327829 9.427707198761553 
66.63237223592668 -66.96300520563318 
-72.91789881021595 -0.6422679764231702 
49.346395078393925 2.741691045660488 
-52.55997745180399 67.03265139839775 
-63.66624853593248 4.621419590834776 
-17.132413373851946 19.4848658984305 
83.66119527412215 81.06858717943894 
6.367115415935331 -25.563009909032928 
6.657807322543235 -71.79049719634719 
-61.17412542634801 55.32306261183956 
-10.536706495968872 40.45078378650598 
-32.63347780710302 -31.218698968472196 
93.73768905451826 -63.72987316298004 
-92.50711135822318 32.43940529353188 
-69.7610558292049 -27.963050203257538 
-39.33672255473412 -22.013315036695374 
36.471837306514146 84.13124910990638 
54.23117017976543 -88.55084059026572 
-20.063352168112786 -22.763619505278427 
-42.2958782902277 1.873864753742609 
21.28137531048702 -3.565208908124177 
95.44668636524497 38.33847422500091 
-56.342686804954155 81.54445174400101 
40.451159958393475 -48.90146584570585 
-3.8890507617797425 -53.48139549388507 
-34.590036188940545 46.85260757631352 
-57.93761715645998 -30.417813628579665 
-88.93315880225006 56.12662138557317 
32.293662420078306 6.933740290050565 
72.01455852534707 79.41672832348817 
53.51838603151134 12.185733960231545 
-45.978318113475794 -14.308867103649092 
30.50625005877302 67.66759454559576 
65.00975124207565 -49.2460069940204 
84.74364213186652 62.2649248735608 
-93.6425139264657 -80.87766421123033 
71.90962645047063 25.131911515439427 
41.05398271216549 1.3978384221505706 
43.9625246264857 -41.514634336613135 
-71.80428071134268 -84.85325654652492 
78.86682359039455 -41.34861564664454 
-61.90059168619118 -78.11685668460018 
-40.17425905269161 82.13825035158297 
-30.46322492073081 -31.917150196951923 
18.773378099809364 33.23910343888468 
-74.69274019562515 -84.00282464048297 
79.77001190521307 89.28132346336955 
-52.82498389071419 72.45128125289978 
89.85706043926959 74.85972223241916 
-89.60472305989633 -10.423116050894492 
78.77105676230616 62.766547779456744 
-99.8424077870397 11.374002841323573 
82.04703237182585 -97.94108018296295 
-82.93954343358575 71.972539947186 
-77.77481800367036 95.71077580683212 
17.003058273847643 -55.712999310741736 
70.32797156333834 -44.96460671882225 
-16.903378862122523 51.03291555046948 
69.41427845155818 -4.71376813670976 
-86.19468005623222 -27.825458508347396 
31.88661223133741 18.068903940271014 
12.115539283771597 -63.95787829358359 
34.439498433529906 -42.77146162242629 
-96.3214287592306 1.290889405118719 
29.014680416257306 -63.214535398250526 
-85.67188878852483 -20.980429458638312 
-88.72237389682655 -73.65210855197776 
65.57023380812552 -61.31064633172956 
-64.57913893202046 -36.15587883716207 
-45.19643334131245 68.52687430422321 
6.145052969462256 73.86701937758554 
-38.5294220975942 19.22443116500085 
-45.410619705167754 21.59828654597773 
23.509136733814827 40.1248200291725 
-46.51053236667278 -96.72133945066068 
58.83191103722183 52.954435719194635 
-65.75166870958407 -48.116948193488355 
26.32249066374672 -54.95814337384459 
-16.2319292037852 -59.106005411787656 
87.8238591459112 54.39255914261375 
-67.5744011262961 -61.50614749168712 
79.52062051223436 88.88806935777677 
-12.002181782928417 79.22212211435993 
12.118929151865657 -25.14665067779312 
53.8395075158073 -3.2579768846981096 
35.29004921215849 -18.14963045865153 
-25.35291835215692 59.69521604149918 
51.69384643690947 -67.71409862206106 
4.272551155646596 65.3623061679956 
-98.98249233433114 -44.94610294844983 
-3.497823912957031 -19.911390338675815 
16.308687201914424 -32.490467064277965 
69.4094261761714 -46.73584193466651 
23.17576313366385 14.89852211880121 
38.17193936715674 23.461365886787505 
-85.4865854581202 68.27391736517143 
62.79936505623223 -51.31811175415191 
-8.261695782716558 81.11427790537033 
18.8317341085764 30.111587980151683 
-66.7098587562424 6.254329919376872 
10.6553262579028 -23.24365834331536 
19.53244568815515 -28.816846857203316 
-41.53711050534643 -48.38108613994376 
16.974363512184738 5.446780005790728 
11.604714572747966 -65.92765925864475 
43.187770492753316 8.689131644303345 
-29.202168122040888 -71.9405859503192 
-46.997895378060136 -47.71179101541647 
25.07119179153625 -30.98239518197788 
21.275810305561606 -15.820784636914098 
-89.26771402864784 82.1773863108088 
-30.000208367763136 -90.07519696163435 
-70.6049241929288 69.39910207040384 
-30.11890629732747 -78.23415652412389 
-57.487040360675714 26.400945665840013 
-38.939815651094435 41.655673758871075 
9.371105179655558 45.802377263407294 
