-50.75214223553748 63.17556302423847 
-14.95208508133831 81.48436111662065 
34.98603207977396 -94.47568790976797 
-66.00283195471776 -0.03029793272824577 
98.9408341271041 76.35164268649254 
48.71212332038152 -1.008771552776878 
-10.372794710624845 35.17831826879424 
-85.3482855009525 -35.06694887953795 
-43.38923897077818 -36.509726465597005 
8.454552139490602 -90.5992450869332 
-53.55264091816554 -43.53220508565509 
36.41288543769522 -1.4063648521308352 
55.77802554853568 16.26592961873756 
-54.115052706647674 31.406395580602293 
-59.044206467520645 -18.5452646549291 
34.354715625596725 38.76450142032104 
-98.80103092025311 35.10349958196085 
-87.43616965639927 -19.561264683589542 
-32.39227106468438 -94.70347703700116 
83.78147213408491 56.89787651685677 
-46.21188739998203 -76.95997377063136 
9.673965583798932 -21.532433805270884 
-5.23523447839527 69.37308527931498 
10.02461481252881 -31.46226047683878 
-38.30712928164244 -67.34892522762037 
-92.4439044750996 72.3608770767496 
-90.33330206283958 54.57246822630404 
96.84542405711079 -74.71437623170229 
-89.09109192136586 97.1845285788043 
63.83689169979445 -41.55310764916245 
15.329149218416731 -13.306301834129613 
8.868126273675543 63.66987701198502 
83.18981788852412 74.62712328877393 
-83.92874587019978 42.075557097838356 
-96.97731441192985 61.775204308486366 
-24.939075780832525 40.31738506310231 
-41.03731455422661 -16.496949506737522 
-49.47208270661434 -15.721143104685027 
-79.3605525952823 -96.3026978078328 
-44.22371609696392 78.33903498969511 
-3.6098178055001426 -28.682537951470948 
-47.18656807600019 -83.11214787937845 
40.58593959893486 -20.256299018233975 
-62.512742233945275 74.81244335081342 
-95.90597113706912 -9.634901474373805 
-23.287555430938966 76.48920351869128 
-33.60003344528984 73.21231934786971 
27.582877469090434 -73.99028601936924 
88.72373567506696 68.89769090902115 
-45.939031190007505 81.94394592699484 
98.56689106523794 68.28562459818505 
57.781695593445335 -47.97414083509748 
1.0162397062955364 45.69567509670463 
83.80617323049674 -85.88181619011293 
83.13713767722172 -25.305568767235258 
41.77207130655063 76.63448783596547 
-35.09803430764296 8.6183548009149 
-86.5670437525566 98.32032281533094 
-84.65219696927527 -12.904037277048076 
44.61999872700943 -30.358161965073663 
-64.9100866524452 38.62405335548709 
-19.24203314797448 -85.1411082892881 
30.948188723318935 -49.097130750839725 
-30.06024641818665 62.42482636003675 
5.795014364431822 73.4193615758133 
-58.270718555809275 34.822578299345366 
8.873459931860054 15.01606000244486 
45.77374526563986 16.28966208563017 
77.94050032230456 -77.40045587333506 
33.36467265848583 87.15296809356562 
-62.9764534534083 81.07962515347361 
93.16911721629845 59.707708885953195 
-9.75443811690964 20.990751625268118 
-54.58134261755683 -63.707375072895054 
-7.297026665379462 80.44116862635411 
-94.25009240844577 50.21156031213897 
9.755406087688343 9.718182995815752 
-84.70467764390082 48.80047310333288 
50.587250837651055 5.808387257443613 
45.112180037369626 3.425262023546537 
63.180045904668475 -65.42726662754691 
29.431149972187967 -9.45732452808133 
12.4682558928574 -16.472754652550407 
-76.11173624454162 62.46510100204864 
43.828064657806266 17.489659411566834 
69.13767740572442 -0.735795655984333 
-87.24718573261426 -26.99052783356983 
44.062352999153745 -63.68325496329579 
13.399279814935497 -52.514155753224514 
89.77583403180321 23.926367904280752 
78.94190816027043 46.152953424719584 
21.771556647899757 15.581246633410856 
90.2078562238903 30.69210957737576 
8.521798886646252 84.95168375675215 
-60.09928149969479 -79.3808809400244 
56.40131725206075 77.597670568484 
-19.097510235581865 24.050147865723233 
-4.189783942036442 75.07974094548243 
18.2219483755744 -57.239520661490296 
9.233679466682403 -78.5961964589066 
-8.063104656291188 76.42626042944812 
51.54505066179513 34.35074552206311 
-33.74741686184622 99.02450567657965 
47.10378213307817 56.02734664236766 
95.44810615220237 -64.54821950830949 
23.96786101174078 28.265278309139603 
39.32021280471736 -83.71095188056279 
34.32479929203765 -31.31119798117092 
12.687939703887778 -1.6646111454524828 
46.73773127792103 79.60997071100462 
12.59864598310773 92.38979567711038 
30.117108937794285 32.55461345503889 
-82.29427362630244 65.91411243627621 
85.23573683689114 -60.83007909013845 
-91.39330176554137 30.400091706757593 
-82.91388436790304 29.110190321076345 
-51.21714372842583 38.894104398327414 
-17.61441768860766 66.98170060453026 
-77.20370674449013 63.835035398258185 
74.00421126033177 -8.137150833703416 
62.19975966572517 48.4032130782966 
44.992901733758885 -68.54263537587926 
16.17944779048652 14.411814481895789 
-3.4547939741299274 10.611874854604551 
-9.750628493389726 -39.85565614959165 
-52.58220330334837 18.80663928938739 
99.39268546222814 -87.97196093611403 
-10.74575366888915 27.330796886486723 
63.06377718429309 -73.83219187055587 
71.6588041602559 -39.17283679924648 
-73.51268811733308 -9.911061816643297 
-97.24056624286928 -9.774566573710104 
-20.982954393813785 33.722856010650474 
-77.42002052788982 84.44957754889066 
83.51491360099652 -77.86493499186354 
13.299294460395416 -87.6505916444388 
97.94493222882298 56.62365591007523 
84.08009931120063 25.365512164227624 
95.24590595375855 90.9538185424478 
65.06914366536938 -40.872844162151665 
-12.710702056899365 81.30541889099496 
90.58322842629303 80.39825578803351 
-83.82918774169443 -81.91945363948894 
94.45442400075274 62.06410989903932 
-8.110052890937979 18.72662665507096 
92.44842735199398 61.341193982553136 
66.99068529122277 45.05486106732974 
72.47811420259339 -85.75605580973999 
95.57115438415664 -23.893019887589446 
-55.676401738650206 -91.77882261121293 
93.53129098870554 -42.64926551593875 
-26.476901349481395 -57.15209940244974 
16.143805790027812 -27.416052743069656 
82.53033494064246 -19.000018711628357 
85.51636292444266 77.07158997887731 
87.00582858977674 -16.690246589216557 
-49.36837884108722 -24.034434480403746 
-63.746724750934035 68.21328032825673 
-95.75453624439388 80.17114838844225 
13.596233584851518 -54.99974643230912 
73.92578673660401 -74.76991088895879 
-90.63912550991881 81.29078177117887 
40.02693370370267 -47.80857244982355 
-50.08779193507682 -2.8796144301075373 
40.948464759733696 17.14805423230048 
-57.65310781546531 -71.8852253921755 
-73.3309268896694 36.780182916183406 
-54.85728387074818 -50.20446213633798 
56.61537014442908 -14.332227880870946 
-51.088930164207056 11.373982243078373 
53.30982744639019 14.701347062455852 
83.86721363770943 -3.5587417133786374 
0.9692525852198912 17.85546035316024 
65.32942641651394 -40.34635079176834 
19.46212067780297 -2.0911124919930586 
-9.823054030672807 -77.88890437139324 
15.873172161937333 -34.274960383310244 
-77.72834149387933 -50.39421985004293 
-78.35928248441253 -89.41935443722409 
-87.58438240263581 -1.3811999715473462 
-13.928531209078287 -35.00993324588879 
2.5256007092389723 -75.53210392550591 
-62.98440980515723 27.110369413300873 
22.10751557002115 56.8530484529586 
52.94534248104418 -67.53973761659836 
-18.425518697798978 98.99179298095976 
4.620604235341034 -3.1173541625713455 
19.399565210568895 65.51726943483351 
-56.83998337480136 89.21355652026222 
-62.99962344817524 3.2650192572091044 
-4.8733481331113495 78.11741108103445 
-47.864250036035315 -95.17604664964938 
79.82946425549648 -23.030071108742888 
-38.133186913835296 -1.0281218590489658 
92.4641974495313 -1.3944147318085953 
-22.192825536058862 35.49626805580604 
31.583016062986218 -0.3862638838778736 
47.863443839465845 86.43474697966113 
-75.34326789974617 -28.44457417332309 
-78.1177122618494 -23.309936883705802 
-74.95445873487637 -44.819106423779395 
93.21829262291968 57.09383017185661 
89.74724818874336 -80.77997192754127 
79.48251852097013 -12.996029057850507 
48.9845811793399 3.6927425858771983 
22.35347201376247 7.163414903387391 
-16.059766695598256 24.655988600287145 
-43.26841422912799 12.169745969793581 
11.318940696741691 -82.70838455875304 
-65.89041863997052 8.301141289137888 
60.129551939716265 6.063076099280252 
9.24614640721866 9.886954032031042 
-74.82304092691471 -63.22627544170489 
-13.084028514749164 15.215767662690993 
8.859918526090922 79.48775890298754 
-40.83000509432182 31.49527490192719 
4.567530144146687 0.48835685366765347 
70.31590836165634 -46.17216413551868 
97.18234552121311 91.8940816451653 
-79.50300660644007 28.022996181979664 
7.4229230500531 37.955296770656105 
-65.52710445686503 -15.589798211983492 
-87.37710627259841 -43.621743950205705 
83.04517683948606 -61.9642094711526 
-91.92647337699103 88.40305943198516 
46.95718156995136 25.718349001402203 
76.69124030624118 -59.65547835194478 
-29.278752581218797 -35.005593235371464 
86.292638951893 20.13294176111387 
-10.903156471469046 89.5567765669166 
18.932473266266726 80.09493484097695 
54.02826659746037 81.83829166253446 
26.930487465780303 -38.126332371113804 
81.44883951622128 -7.3695756686269505 
7.998179378665469 39.663592831302054 
-95.98122512911709 55.83482626923802 
64.34335759253912 -11.64432096306875 
10.087257771931775 41.30746833572317 
-26.305633390168182 -58.67271576419155 
48.44447273989084 61.356476552396686 
70.79240375991228 66.91097078195546 
78.93427919151424 19.25522695824546 
-94.51854514679896 -60.107200699923034 
16.058989534365978 13.516122473669228 
95.71880755498239 18.66599184121118 
9.230676018513151 -24.890777969487573 
-43.34663061858033 -1.483864857095 
27.408231682099597 -27.145419658906405 
13.011145078379258 2.0697470852218345 
-98.16218491864855 98.87302055501635 
-67.98234515496071 -82.16106117238078 
-97.7113802568432 -90.25903015566115 
29.212018149779368 5.637649328943326 
-49.086886391999094 63.16638597939928 
26.249283835105587 96.86670967198893 
43.57680338659716 74.74244337987784 
-50.197047041450645 -23.614813789593583 
33.977879551115564 63.23526283393218 
-38.85386104535342 -25.490259767066178 
77.8358254972753 88.57219880934556 
56.744197831708505 14.577050348533888 
-9.643225824376003 -39.2324857695898 
67.05778841076179 30.620869788814844 
79.81931647491021 -28.10792068043122 
69.0667648147124 54.6544746362288 
64.57415466229543 43.43288929024604 
-18.28865639387945 -63.36809364733145 
95.13281224015108 -58.986379410316324 
-93.95344035728981 28.962934301559585 
22.56313680531447 44.03709060844835 
-95.56417759782376 42.14147960634904 
72.97898281256394 29.935408123738455 
23.099140158761003 26.858679009454804 
-75.88060086084096 -95.48732798257231 
-32.510894800106 21.123659942252402 
-48.50327772004348 -7.789550258057858 
-86.27331800116424 62.45960106184984 
72.46640468086812 97.18989162825716 
98.84846641633999 -13.966629739533573 
40.38655969088194 60.7130379603816 
-67.99491156372056 3.2009731918763293 
99.14472089938374 21.586194207970763 
48.28752953108392 79.97489196761026 
52.84860420798526 -23.26741839244781 
64.34122443383862 90.40336477100595 
-47.04554432470347 -98.6893531687924 
70.88385210414827 -88.89620894417685 
80.04743132022918 -13.744267385353169 
66.04877302532245 4.625059841532391 
79.92608070020736 15.930601873719127 
-38.38065673468347 -53.569827111101674 
-10.284583263333701 91.7618363859257 
-94.33098426424745 51.1920107121789 
46.350948508600624 59.249170340962735 
-43.11320308150872 -49.829325744038954 
-70.56052940047392 -96.41203613664126 
-43.487210373031694 58.38252499755151 
99.95029193479698 74.03497710454471 
-92.12666469130433 65.72560238876167 
-67.36163631209875 89.04815287876099 
