-10.034513794450064 62.04636493279338 
-13.116177766491745 0.07364785213066227 
10.272606553204923 32.929660151350305 
10.872431389760521 19.438750928713276 
-4.466089002924107 27.243984692067016 
41.53554472903713 75.4135319298947 
-17.482550930337254 -19.813632215885633 
-8.679853170037347 -58.3876897322406 
-23.687703359763333 -33.05989402262128 
-14.099903971003314 -19.996080314438956 
-39.83525677262354 -78.07813536310657 
44.617468434233786 -97.92728757258244 
-0.5972608308663467 96.51078341605484 
-21.02593889853361 -19.508450076356908 
-79.92462073489419 95.86785279630561 
53.93652155620725 53.63389828421222 
-68.53590490770503 -96.24725303837138 
-37.73574483631555 -36.59712942554327 
68.4230741550044 -59.34957631756315 
-18.944454691399713 66.79454759205936 
-27.835393790929402 34.902032864943834 
-60.4604119385949 26.19183577920174 
-64.63039859878354 20.98351760066781 
76.59231759279308 -76.93760094392667 
23.748383548534946 44.900065154622496 
96.97073198126037 99.33558332177174 
-62.524352869793454 67.93455824698836 
95.72175715471596 -28.33551040847877 
-48.791434627893906 -6.319782154595927 
-38.645729071096405 -20.277202029840808 
-86.04994203369087 8.770961012299438 
63.602883334230654 -6.808741714950756 
15.60260914335825 45.080148430299516 
46.27084772140256 -65.80198347140305 
-18.67346206110092 83.40599112629695 
5.913434768121249 36.75497878411355 
-25.343753040349327 63.59652330436714 
60.49023318820696 -72.44274921104224 
-26.975415078119894 42.17312969522246 
31.063545330281727 -61.10130922197181 
-80.40167598329175 -98.61279969064122 
-31.65748837918258 -14.973933250578895 
-5.765601140759941 66.25230902877811 
68.4287325615513 34.62425595254254 
40.23859837618991 -45.79491160173834 
-65.57031860270973 35.63105971203777 
-70.98648319336661 52.76648017343609 
-30.86158618403894 -84.80144359054043 
96.46789681045084 2.164413768115054 
2.8896163372470767 -2.9751846761688796 
44.19352310455719 95.85305309639932 
95.92935075238452 2.9619942667239485 
-81.8197830000484 72.14776492552178 
-85.64756692212232 -72.34260878578715 
58.297855815928244 24.704072428449763 
-37.397399437721646 48.56456666919689 
-87.90578672429545 -54.83927726845656 
-93.5662771978228 -77.12145595862488 
94.04540629084829 -25.62017573377902 
10.221813613216597 -83.46032969233679 
-37.15810744835786 -89.92169717295779 
81.88153518267228 -43.982294678177695 
52.705110973395506 -89.02550671359654 
-3.3527983978288773 -81.02437453445447 
40.01606536092444 73.65839431425647 
-35.6585993933364 55.11382335550945 
90.8263252248044 -46.93613864475328 
-60.27474049566 -0.6741354028225004 
19.78700388406982 74.07991686581181 
32.980116115191095 -34.981025157123625 
51.10975792692025 85.97714620970808 
-45.350131143199214 -45.697329394334176 
-91.547585337172 30.77648491906365 
-33.70347922150778 98.19011198738045 
-52.12920457644816 89.34571139776637 
-57.658633126722506 20.51598953418174 
53.44360242156944 -96.10642702573024 
-69.60345151722103 -82.87437440484935 
0.7809334833467858 19.066088580226292 
-95.86888464641363 48.12560700270271 
-29.7886596926391 -59.72547688109031 
88.94538776466493 -80.88325379993553 
-60.70970970125265 -38.92021616738332 
-59.02014465464678 -51.07314945283052 
-42.919884155403686 -22.4935380109778 
-85.78394248822383 87.43115579114104 
0.9700633242329673 13.10135410854673 
84.64979543975792 59.017861027720556 
89.7139896185185 -71.50254017848982 
-27.808165780065195 -34.11225214301055 
54.081756646124404 -97.87045283546657 
-90.4623521314061 -79.40781303585158 
-31.81979286407794 -48.00392093316719 
-94.50660179204596 24.449769609177537 
56.953206621116664 36.39031090577416 
-60.2629542230998 -62.15101785493038 
95.52743111841062 67.89929952462964 
57.431227691121364 -3.324501011144477 
-90.21455573984218 -4.628493933670171 
-68.1509462288987 17.431528752510133 
36.383969424818474 -23.682393637231996 
-31.349647643807614 -54.35355613985333 
95.85504856392316 84.82065230825992 
-18.510786915197187 18.341401501951708 
-3.1931097092125214 -10.97612608087428 
-26.100688243569877 88.78203658884243 
15.041494416968419 96.8720345495999 
-88.73105356901931 -75.16450030718704 
-42.48362244883346 -7.771819977731823 
-76.27063404187274 -89.13977841285332 
90.98711056266862 50.955937846109975 
-16.549339561545963 -2.075854961007906 
43.61847740606484 -70.46556452983683 
-52.459291281649946 43.62683994719262 
-84.08975034438994 72.13767385509772 
33.56404080633311 -50.95035755897046 
50.743826883949 17.018167030770343 
-76.80477084902908 58.58843356018181 
49.257982857028395 6.333776596996415 
-61.739181895202286 28.617620271098673 
67.44784624940993 -46.43416788995014 
58.18279985913517 75.11484918549121 
48.2392562304496 94.62550470537653 
-75.54633706596414 -49.806700036849506 
-31.672721961304433 -31.413953781926082 
-79.57760895534349 -92.933974271692 
30.11615318267411 93.19009962112742 
-29.48581129280521 -18.31028312675936 
16.903473372875936 -14.410469006843158 
30.84849699864111 54.78250529417744 
-28.656680373260528 44.59074117819176 
-40.2949626887428 -92.48557655183443 
17.171847182355933 -25.318668827631967 
83.50539329542056 40.53359066579861 
34.55488080290371 88.8658336574463 
39.44669515803761 -76.52478395952454 
-95.1513648889056 2.9500046295803486 
-9.854200094867863 -21.64598130954245 
-38.66196970298681 31.828637062593543 
-78.18899647786772 52.8199658588679 
66.01866645230541 53.0350307903029 
-14.988666343696067 83.19645594843806 
59.39495612998516 99.36144411697668 
80.0497511484129 0.030219816820633127 
77.09885768693246 -43.895851647231424 
77.97821996049962 45.95175352996233 
-83.41841997146153 -89.67322411542669 
-99.46077993990963 -12.612635642792426 
98.06118112594118 -28.81043046400727 
56.404669235565876 -45.047284814582845 
-27.722455665534568 -65.24776491833589 
69.47568050471926 -85.04086520040994 
-75.59545711376452 98.93951424867706 
74.26318052033318 -41.124504346015115 
14.289681332763934 -10.298651569351989 
28.75266824478743 78.1051247321086 
19.59514611241798 -41.087436217836995 
-88.24432397443753 -0.7020951385091223 
86.92488197190477 77.54583442029906 
-34.72382633797193 75.30605677282679 
-45.24558741106799 -21.938724305578333 
-90.74629282158115 -53.686311294595555 
78.78954026411472 -30.11227613242346 
37.032073234826726 -37.587915151879116 
-33.53145324518967 76.72451439337624 
-96.46370774765694 -25.824278881359803 
-72.24824375509459 -11.612434815659128 
-25.571850212981047 78.64104135340847 
-54.00911415913434 -88.07265523727712 
-42.682962334448284 -41.05260638816253 
-88.67578283492095 80.21750390890708 
-37.001318762494016 -98.69745683540808 
-51.246171999846204 -15.034062429975165 
-31.619405857205663 41.2308503406889 
7.741180381554429 5.617983691351185 
-21.689764763811922 91.701398505079 
33.24971681219216 68.26430719065243 
-23.768963892095087 -1.2689640557833854 
96.7095749090752 18.619214506140764 
66.69167494037453 69.40358499007982 
61.84579704375048 13.963785750191434 
66.38722361415307 -93.91315464310645 
37.80044332265663 -17.18191558728641 
55.655136170146335 -31.17132268735827 
-41.96965129365253 -0.2176060099284456 
-80.14604827137823 59.72612681742629 
71.0371298688328 -96.52542111131596 
92.2342201764173 10.858101395984903 
-45.58968113230104 73.18853494955567 
-75.5820478517253 -91.5206017686447 
78.5835260658879 81.72609425013638 
60.00086161751727 46.692625894354165 
-65.0680204234178 46.12352717035964 
71.22460706200457 -86.68969174098311 
-98.26276072199154 98.80198949650512 
45.51801448486833 10.536739353365093 
-59.24926700263926 12.238675209273353 
-93.78505684510043 -25.78361208745949 
-31.535642896812917 42.43816004217322 
13.740031790668695 -51.82445834179392 
-20.151076043514976 -64.84798352686995 
-69.91980629518855 -86.59291504727955 
-9.615049392697301 33.0765074915665 
-30.326509013610163 -25.08310333977184 
-46.86519440966526 -13.462449870893664 
67.5454857604962 -68.55857356159393 
-74.1004419145554 13.928561654832535 
-50.87965737296125 -95.93235781815825 
-77.99181531278465 48.29658716715096 
-28.686555783243662 -94.50610643639592 
-76.58462291967697 93.20918304166744 
-91.42938440590054 -49.01323238231059 
92.72950469848766 98.71467287230948 
91.20500903451904 66.75194158664138 
75.69169515626618 80.96255970978703 
56.16530374037973 -16.901052631295215 
54.382921572580614 62.00736524777372 
-67.95893473315245 -3.3832942480575383 
0.8310989766592343 15.826385521074187 
31.534381979488444 -11.644638104334092 
-15.630352243551144 4.7676684594595 
-2.8958110307185905 -49.80273555837398 
37.183794424468374 -14.439942688840162 
91.7489348131665 -7.1091969740855205 
83.34628402787266 -45.70770298032731 
-70.05861476284656 46.65749233745413 
-63.78722243824371 -42.77318646708268 
-99.96380925665089 60.6179767937229 
91.08382382198522 39.60752631995575 
9.030171299062474 7.97782024969267 
-26.663573794133285 -97.69581506830731 
-65.36559357773632 63.268261157078655 
-68.1637726345333 -73.5919421581558 
56.147740640833234 -1.2076661774893722 
31.406479363402298 -40.580664306998514 
-5.046570033194968 -45.38977896288641 
12.546775225473695 8.729818306708609 
-4.959294765883925 98.58249454767423 
-55.35042604949141 77.99821965198657 
-71.17149068792341 -48.07997053431456 
86.19000867556181 -32.34442571170082 
6.646746286843481 75.82965913455439 
6.939925581239109 31.593486482990357 
7.0006974579132475 -5.082283884237441 
53.8842835552347 28.77980164693946 
28.51800084829236 -48.8405906416318 
-93.92549266304147 68.98424746569546 
74.99247926051143 71.36714732246148 
-77.76109477036961 -54.66126485413456 
-72.67994054282502 -40.95905216499132 
26.961496408556386 -31.492880770117722 
44.77075891860511 -61.051514147194965 
69.90321127626737 -26.672400126661785 
-53.53370411871894 50.35648148689219 
20.98527015018756 45.74292009077499 
-58.3740143289901 75.90876560720824 
-36.25504591037152 22.57582256895421 
-67.55664192093498 -46.44316863253306 
74.75176906831226 55.1504837139299 
30.815934088807353 3.4277636072920217 
-90.56352924285001 34.1824509005522 
-87.83083490362012 48.36802564992067 
-58.13146651845636 56.87962328505546 
79.58367002280181 28.970117274165688 
-52.9348971956084 21.727458644149607 
-7.417893234847611 -50.661835315851064 
-44.69125766117823 31.557363949932437 
-87.61134489674768 15.965169952140215 
24.10971374490991 23.879150116128443 
-57.09662824045609 -7.947612704896969 
9.852150729736948 19.6997302497047 
-35.08303813141198 -43.67877895656702 
92.16924943035247 -12.21174259786136 
-60.452706291030545 75.60340198463916 
-60.642013094538115 -71.58218569015993 
-6.314856264277523 31.11367886174986 
50.606324360036325 91.16585359242592 
52.421434681886865 -47.01182583332664 
84.88065856083233 -64.15578958110189 
-32.37585497098637 -55.891437641749285 
81.07676773809081 -77.41344790360777 
-6.44399367944402 -99.05229647730496 
59.487801957840645 -90.3898889260955 
14.099896695261478 -82.64062807577079 
21.750518395263256 -91.26551182983668 
91.03326374876767 -76.72689918311957 
39.39519187352869 -58.52497102255116 
-97.21038701648752 -91.96227732632325 
-34.11422189974648 -59.861052657617655 
63.933279358124224 -4.676010135636503 
-31.24876588407244 -31.763154192834648 
49.89327212971256 -92.71063355849205 
-71.15311403010527 -79.29572164379361 
73.60020672677305 -10.611860420908997 
66.51991617082282 -53.757605011810924 
-27.692180992675247 33.155739490866864 
62.89561765003293 56.09925337462579 
-64.34557910471834 23.877640106345638 
78.48339158147712 -41.685020327293245 
83.52806254851617 20.6970888015598 
