-32.73998658781811 -52.68735980461561 
31.749015672939436 -15.886690177559188 
-61.46072772021014 -67.31925912438695 
-24.051864893622337 68.15635887826369 
12.05600533202194 -43.1305637827371 
87.50364440121555 -96.92656982187482 
7.206835896052908 -50.08082345108236 
-83.7114695994693 -52.78026979799761 
-0.8621677097945053 -0.2314857694906749 
-16.113837716559303 96.54179805787265 
-2.2497000119922035 -30.78608683444783 
84.03377239390272 -22.18908682773801 
55.11779542709917 -5.352566554211947 
32.11683590092494 98.97521990734856 
28.03476261331315 4.792397619358496 
93.19542049302945 56.49140902483566 
76.65481669656609 -74.70820988833736 
-2.603702361601677 31.375892803176043 
57.13834227701918 -9.870681518616493 
-19.29399504100826 -4.345600701283402 
57.48882284581063 46.17408291968536 
23.065965657684814 -70.09322062447086 
-23.741265022912444 -68.09809275182424 
-56.91720306956351 90.47207952914295 
72.88789153425864 55.736412617845104 
-97.55395801922407 -5.172589849210013 
-26.49039499285375 -21.95951646685843 
-89.7933972831762 33.9758749999983 
-16.838178143731696 -20.51025530482184 
72.96907639941932 -9.249368220446172 
59.64594079439328 -25.815254962313034 
63.275924225711776 -37.68937686659286 
-12.774748484996607 -24.82387930460142 
-6.477315803207674 43.98110965038387 
54.3330997922275 20.693823646416604 
48.00193842382282 38.06860380020635 
33.977085436243726 -50.765266540641754 
98.52514209982505 67.99556753256496 
86.77920516870932 83.43147874353238 
41.269119714910374 46.43661266350409 
-49.24435785811412 -88.46880875763831 
5.645829113476196 -15.725803547827269 
33.57080498974682 -66.20796599127004 
-59.536471047270176 75.01557899339679 
44.202806492011945 -34.24771998927882 
-6.5318303602016385 74.4501442582173 
80.49918271684876 67.66303980616257 
-55.94312050051469 -7.465881047929358 
-56.82537103470735 59.06295693035423 
35.89428830457459 73.75827143828374 
-77.82876522431268 75.38084251957133 
-95.18685564547584 67.4903151946557 
3.5832572206539055 3.5558171671059142 
52.98476369681245 -64.2024174976108 
-50.79010326825353 -38.60070150309048 
-58.68344370361256 5.002645472783456 
-81.05548900647733 -67.94296148607026 
40.04001736232746 79.46953305936168 
-16.9698952923153 61.74176692660157 
32.02704544799832 -63.42003608474602 
-46.14181847948804 38.85785761773215 
-83.051044876571 37.19730690368294 
82.9937038386405 -79.45911882990427 
43.614318696320254 3.251880419785749 
-30.77661439799884 48.28323700235242 
48.18867218300076 -15.543778494946125 
88.52671815552685 4.976675498534419 
-93.62252916179219 28.35794249994578 
92.48568645306469 2.466587487793177 
19.105147706389715 63.456101901974364 
15.235956511719607 97.93766623215393 
86.83788265490236 80.21341249524312 
-98.9381417208121 90.40177226814612 
41.67734995694141 61.09899852612165 
-93.88230374942704 24.790567037555448 
-12.386800452016544 54.4241852958545 
16.24494623189365 3.43065283019061 
75.25856297738912 25.26643888509645 
71.02624614335355 68.24014824338892 
-70.19625389515124 80.20277401400881 
-17.35132309134812 81.13031303458976 
82.9482237600788 -89.75581196917896 
-20.72641691617865 29.4636648508785 
-68.85416945956555 -92.53317926130835 
-83.68387326522193 36.01018902589746 
58.61412594278201 83.87178956897586 
-26.49616026199972 -55.21218133740593 
24.642157670031196 65.02416095282544 
60.80240953276629 56.16489108122252 
76.2943967879132 -95.8300441464482 
63.309213468936576 -97.58770407771335 
47.01666730221939 -36.519558535652365 
-53.76321461543567 -67.60608884176045 
13.368772998120363 -38.32207408318173 
80.32564995000965 -11.136206084450407 
86.22832970465316 39.13970613198924 
31.706336505962895 -8.884189302699852 
72.8585035410832 -0.7822198458928113 
-5.975900729485801 -38.01471049710421 
-16.69567964132463 -45.189004173113915 
19.921210357405144 -87.5134852087991 
1.555392044317344 54.530093447557164 
-25.19110117613141 8.251087691387767 
46.008864400691294 24.80699449377866 
-65.70030533375457 70.7136149466065 
75.88547430904777 18.834827819664184 
80.1478644759489 23.25180113121077 
-39.054536224462645 65.92568501114556 
2.9931064439753214 -73.84174381990339 
58.60257740959062 -78.29870208291953 
19.775560707542013 -96.30527431041438 
-49.81892950594287 31.709352349826446 
91.07995836711797 -28.492462095394515 
-52.778126128997286 -17.708555795651094 
68.2721216058494 23.79985501975395 
8.913921992077832 2.818498392505518 
-3.7679194649905554 -54.408826890189175 
49.07198502908105 43.49818725872899 
-56.74665905178926 -41.97897236051051 
1.14734937056879 -7.31860509953772 
-24.373166786172902 -2.004512251597987 
-48.9231634294784 -84.85902124395093 
-18.668817802968647 73.72699846416697 
76.79259404839078 73.09115664804673 
48.770247380064404 66.37673912771882 
75.06441505874466 84.25917409188742 
-30.212516007826267 -23.298908726914846 
43.05300895564602 -79.41876735581226 
18.531921543712812 57.6121989335966 
-68.9096118601965 -52.011111708830995 
52.922163252452094 -40.386596052739506 
4.07195249910059 -23.017365592896795 
-30.188934297555733 -15.79645407041805 
74.1786529334905 38.880173577069826 
-91.7588983699619 -69.20044591609597 
-32.2037510788267 19.826090942612538 
-74.065416152376 -15.684255605887842 
20.690080198218496 49.882606631372994 
-38.10770185790295 -49.97128118169414 
-66.00667101033383 20.262676443660425 
97.14920419721486 -41.88900795097139 
-61.48882077621174 91.72431952653724 
-27.748270668461743 -63.99466076395635 
-15.86771071608743 33.879494923805055 
-55.57386542308602 7.093349964872232 
0.43958945847832354 74.4644876582422 
48.343638641214625 20.230598653531274 
13.221818299047243 -32.476566659667824 
66.52302731988001 -46.061269429740356 
8.729113503623623 51.25562416447562 
23.923947532643794 -97.39061276096123 
35.38874012990041 88.6829522359447 
-70.91761075644322 68.52960379958265 
14.157590361266159 -38.39922154372539 
-29.077870377420282 -22.46436103443743 
45.96278125484724 3.8580261117110695 
-94.99303864397089 87.03271122540727 
74.333763007053 -38.70566926109675 
6.004406106246307 49.71410522554092 
6.676576000266849 6.062953175855455 
66.59302941907947 46.17505350077988 
-13.748765094532828 -44.20492206521678 
57.99416217858882 7.6247310690618235 
-20.533818508531738 -56.69802061248228 
-55.948578076337526 -26.494616231223617 
65.59069901609556 -7.6586877990555 
84.57302889077135 -12.437996567670112 
14.215472160348469 -51.29239294426831 
-93.31648032474679 43.07885536456101 
-36.434293460332356 45.89500017122282 
94.34470522479381 64.63577289093573 
83.39799050149654 78.80869277025315 
89.18382468861537 64.31875344549539 
90.7707279863159 61.48286414532279 
70.37501649197623 -64.88019142898 
-43.691312323034005 -16.77908822342738 
45.26785878797662 41.60683409180356 
86.7675958857813 -71.93207355207912 
80.17153541058983 54.15727940477805 
-96.37822698170552 -19.744090616984494 
-62.815281452247305 -27.900682749915504 
61.85731585549911 37.174951861277805 
67.82593838888948 -23.379632961604813 
-32.044490947055706 -31.174688427702705 
12.305314941438922 -65.81085020816006 
26.460852434963883 -56.076917325246775 
90.49433736521928 -63.72913044172572 
58.1927886672876 -69.77849283589126 
55.03332298038609 -20.270731756334314 
-10.48023175121837 35.0687707451394 
98.4505603064982 -6.043111888620032 
-97.51237578695533 54.87953932496137 
47.074347623387126 38.49320797176995 
3.479422883816511 78.06939465307005 
-10.656952707781926 73.96592353147494 
81.26575517889813 -89.23020265357687 
-64.08617191592774 96.05223873615333 
-5.3375394435049515 40.24331444427182 
-85.53470164181468 69.40731991697206 
-15.895441256100767 55.031352671784106 
-77.55877963408342 -95.15668376657509 
78.22505280696478 81.27960452794863 
-37.538896499524775 -70.64656679709236 
-62.04699899684005 80.23383401144883 
44.18678533446584 -47.142703870864786 
-19.822813252823508 -85.03085643382758 
-41.24597264162004 13.374400685051228 
99.99989709269076 -14.689118213662056 
-9.202591928243137 88.13515974155399 
91.26435618374046 8.572157807780002 
59.30832474044743 -31.30572245484619 
-40.61139960030611 -40.77460153743857 
-75.47410404951583 60.08782714753744 
-62.618116237704704 80.75204866131065 
-8.02277434838004 -91.93868732583266 
19.178626009211868 22.1466505732252 
78.88529165048539 -54.3605956664156 
21.231708658716713 18.16339765701889 
24.512103776336815 -73.7640481950139 
-9.03731519726054 -67.94838866822433 
-58.01735382079498 -56.164884575599295 
-9.975625011443327 -5.700850399040846 
48.25371681784415 16.190259377675048 
-81.32039025797562 -88.69714626839855 
77.32166306788179 -4.959234547172798 
-39.34110332877763 3.5988389016819156 
61.80146241643695 -89.74695993184261 
-93.55843715372012 -24.45382967012526 
10.588795576169233 -82.44635202068528 
-20.00927928569037 -47.85423262977946 
5.022730226002807 -33.50018165678196 
-57.83424237956567 -32.82685269948331 
-69.57443598672401 92.20634086412903 
-82.49148129684822 88.45483769056301 
92.23935027517743 97.42406877749804 
-78.96251800792345 1.5779312189676489 
7.638912880156184 -71.22718126374713 
-68.26290935074906 -80.33118869297522 
-46.65666257954015 -75.71508541516806 
-55.40708141678734 60.056717766012724 
-23.954607779243403 -54.15294412748219 
71.29102448652282 43.080583711999196 
0.012483703734503138 -16.254696986152055 
92.41393555958368 66.20422218319368 
30.99189145051139 -7.03645530388269 
-54.37563184828982 -39.31768631644328 
-69.2803500737994 77.49687161782009 
-19.109479770779814 45.92171420535021 
49.93797260955657 10.465848485553849 
-62.968873432098135 96.96058950650425 
-33.724003839190985 -74.14261016977042 
-25.750100443982475 35.67379750839444 
85.37504259288525 -40.133115165405144 
-6.936137711564953 40.87709652366607 
51.27393611719461 -85.77577526549824 
58.98976497606816 61.502150238913316 
-86.5822865933342 -14.713328797164138 
-67.60152793638167 -78.42380975972458 
28.367902223677675 15.273229735455018 
34.30290175092273 69.96516303168275 
-41.40630671643386 -17.62476094645949 
49.12119162861464 -91.66612814154944 
-20.25756488685404 -71.83180249606633 
86.90120676526195 -74.19297793392592 
96.29179996177302 -28.989028280763463 
-55.85714440140852 29.696179326708545 
69.46102879908807 -85.63786510267677 
-27.303901536669144 -66.28475258781457 
62.900725902280556 -14.920359807609088 
44.46285979927086 -71.53577045834768 
-5.92935136939505 -74.63697355288134 
30.547727274765606 99.73680922098387 
31.219269794622676 -95.27658712710654 
5.011185957282876 -86.86166833971738 
10.905842768827483 22.045374297130266 
43.22135762853492 -42.98830459170051 
-92.45379152043449 85.13005474860128 
81.40696034411545 86.58964967684264 
-98.2107705863862 54.027857008327345 
87.55115263304188 19.060759630813436 
37.879399943862836 -53.41340648260473 
-80.92017402169574 -32.099252838030196 
-53.67202679707028 88.42133076888055 
-85.9729079792335 87.92283572397787 
-59.646437120533726 13.38579339067553 
-55.913336002883106 -90.47982276234727 
55.844913854945275 28.713605609354488 
9.377373642041519 72.61050359522906 
31.386604406114657 48.1968752695806 
83.31036456944497 -86.49045651868026 
89.85637475323213 51.494976001585286 
-86.609558368746 35.06034523803544 
78.15648663636708 -75.89479581589391 
-36.59742314391814 -66.09277998619245 
52.81440468624629 -24.884400810302893 
-21.832711237851 -1.4706311050066745 
97.56851147083603 3.6703996826271066 
7.442797289281771 15.055017781258996 
-27.629438815797897 -88.6029456314482 
-82.32190973313462 30.244198491413954 
