63.597880180399216 98.24740605176285 
96.62719704133838 29.734505268457667 
68.4053122807396 -17.213239428393095 
-46.727838373863364 -79.68277274160454 
63.714177950151566 -23.426359648685974 
62.97708578979538 31.045506516114358 
61.40385063423582 -49.43672599646354 
-19.424114829321113 -45.03210239396349 
26.393222449471637 -48.29172437423965 
97.78356426514617 86.77982222504093 
75.90561838563266 -80.37022505812914 
-50.86865111740373 -4.340636362177875 
79.27222746713247 87.37831079793608 
28.547102157794853 76.38077613229643 
-18.08802163040059 50.11686550778887 
83.23360833343742 -73.79089918157706 
91.34458594398401 -71.43788594013856 
-6.803986331421299 71.602088964621 
35.358988491402044 -6.346536466095756 
-38.379636139696814 -51.630862327609336 
-93.27972107451914 90.59975821234991 
77.86676848300436 -30.229702539538806 
49.72246049830068 84.07439244213839 
-96.44791427418073 -83.09395775861803 
-66.99073472341217 -3.4739996595073706 
96.55898280602034 53.07242121854637 
-87.24459316387794 -72.93747048999246 
93.9252555642392 70.8446421643271 
28.027403531370197 13.685382717910073 
-46.64992978843448 23.231164226226596 
-95.18215695228417 -53.73469441094127 
72.36785880820605 10.470134252741104 
-1.0544494873106203 -91.6342926609906 
47.91827946090092 -62.038022969270855 
21.64558394089393 22.231599001836017 
33.54400989685146 -24.9398253715581 
-96.99463560261303 74.18759498221604 
25.427751768359784 54.06306585127629 
-55.2494459170539 -20.01728130354101 
-12.895421834762118 54.503997370724164 
39.94368728132852 -82.48019594561296 
-72.9844847487239 -99.30539342530945 
2.027142338787897 -83.25772784177565 
-32.89344511810552 -44.50366183254517 
63.591763130276064 -46.92401040706429 
61.936051083180246 -78.34485809404536 
-46.90676614806071 -30.76479760986284 
6.639673317372058 57.935393246704365 
-76.00414380900078 -48.77281291597762 
7.92264905630995 -64.12775236566199 
64.96913371067683 48.4810098801959 
81.3919717593833 72.8267275723918 
-27.445715837969914 59.84276735926176 
98.01788726073309 75.58795222247079 
-33.75639278529516 -9.067970918628816 
15.346842569254491 52.05601421176155 
-51.064175227119655 43.67914748346479 
29.841012489660187 -38.66977504708249 
48.31893050374097 -0.495669827148177 
80.00783744492142 -33.33921013615921 
38.74793519130975 -34.351812175898615 
-76.0943908500223 -87.70877668473823 
17.38976406543378 5.402609934545268 
80.60306488138812 -64.74608096244944 
10.899624101835641 -79.68850866582761 
80.14547957976043 7.9930962999867745 
-9.838490432823008 37.549577524407596 
-87.17094781831065 29.63646247356425 
54.99637706095669 19.330411305631046 
27.380402576151724 -83.75005298042586 
-48.9434892039029 -24.70104720328976 
-60.18103214976076 -66.8375742533234 
97.90444628793423 -89.4027980807755 
-28.971345747288254 -45.84953860321692 
-56.39343332518687 -13.779446804886433 
14.729795311665185 -89.86538768670684 
19.708050611266373 -86.47262215197478 
-27.776662101679577 -20.951837063386762 
51.380529523658424 21.85824110357268 
-29.500735981131967 -2.8303708597911026 
-52.105537705537095 -66.36156379918891 
2.443901041296698 -34.18298589015092 
-6.888246259271995 38.65850983015838 
-9.485849556716389 -87.25691938164172 
90.4749381014588 18.725545379702723 
-17.22699583653325 26.25496666812886 
-79.9425583378831 28.042513518253514 
50.45480641467063 40.94711001532866 
66.66881233861764 27.9445752907923 
-9.291916842025302 -69.65204027251613 
-2.3416433549545985 27.670678260034293 
-21.320953873884264 10.532282647124049 
-19.051218398653774 -42.104770285540695 
-82.53865744179714 70.40933310627258 
54.55965497228797 -19.045509313167216 
-18.649193170974712 54.60426409072235 
-77.15304313368661 -6.039526891736941 
-83.31387626439057 48.286692330279834 
-51.72466754681027 -13.609028823388812 
-64.20097457655507 -11.612248726082171 
58.652775886147595 76.80402805472977 
99.29353912431228 36.59277281992587 
17.35848002635005 -81.65370586177173 
63.45498642799092 37.25613743815765 
83.65554626992065 45.352010774690825 
-9.556995312608834 -34.26261308041438 
-51.78354536588765 12.028488908377156 
96.00344009110094 43.54753884127766 
-35.6788383894729 -41.551639053790645 
-83.88494481300152 -64.00214324006603 
16.759460891627327 -24.00291654439799 
81.56662304725211 61.37177025426473 
21.614942938854526 -99.35256203520701 
-41.47317652936913 -91.9830324353811 
33.70559989593335 44.939761790187646 
-7.64377240757878 96.83057765224507 
-29.41378344506667 93.80904289141517 
29.729588261240792 58.69094948521297 
95.63987785136538 -16.470454960403956 
-46.781476628528566 -60.604735367608 
19.627216403417933 -95.5656499958612 
59.055703794131716 -44.43866508202168 
-60.29558739339185 63.88271330682656 
-89.6643737880263 -73.72760654028023 
92.5744688236577 -18.48033273696376 
-19.160347116323507 -54.9954966130922 
-78.36612050847603 -56.11143429365948 
38.02458083443025 -70.79374610038622 
-83.62605271465478 -25.6658415846333 
70.39768296432382 -7.7826432698774255 
-25.96032645596351 -23.485139916700675 
-35.42866699506352 -90.34869783603061 
28.692918849486148 95.05894129974223 
85.284800654404 25.343638920961524 
84.20415559509121 21.608784935524767 
-25.881636329669817 98.1130879944615 
5.320330399669103 67.6670097549638 
97.5171230679745 30.98455153592593 
58.343318934936974 99.24649625744743 
23.703650944241588 -4.646598124445404 
24.747648444335596 -25.112800364911976 
-48.226648729780976 -57.71794598392634 
66.60948288513305 -59.86935194141678 
77.4491594850063 78.86014184374875 
-44.37009694823435 98.77273681119496 
-59.91035827032114 -12.973695118637394 
56.690347242644066 74.17997869127268 
-76.48014930908298 -54.54217989116658 
49.012850943760725 42.185612807529424 
22.79785062621312 60.77120893886877 
-85.39356990242737 82.81938736960197 
80.20551180053653 69.33199951783638 
-23.93925274996151 69.4540629416831 
-33.28591633647555 -17.048143561156422 
-83.03390609173935 84.38435855324445 
47.883529748624625 -65.74477460871077 
-64.04076249589225 -12.767379998878269 
-86.56820102533631 -32.88205829496795 
-9.11860331906216 38.841444260180566 
-33.53525046695147 -6.502374675231252 
-15.38025949833164 -15.097452697610692 
-93.69266071792977 -3.8665515220286153 
69.9713294434896 -6.831521644178196 
-22.744289433178125 69.60511018704901 
51.80461930793382 -2.452954663862883 
-32.60075885983578 51.54291788466895 
-15.802147030583711 84.88459778103976 
-39.69564319909635 -9.098114405271133 
-75.7906479762431 18.519729771180067 
49.93803874252512 6.301220381518874 
-59.58255698861774 -87.71538886657974 
-49.72235894112813 43.72991397477543 
82.13737085955265 -71.30560332665992 
43.314207990895284 -68.41683720102512 
-74.3374743112339 76.62261879411534 
26.85908430080211 -49.461691073379235 
-86.75564946659017 93.59488055519262 
43.17634817654843 5.9316164489629415 
24.02915411886748 -7.022109768760416 
-23.165870595990114 34.5986053802674 
12.188770530891318 -83.82739526136905 
65.89358867307934 -22.143109623631503 
-12.430919565969575 -96.28204664431888 
75.46357952426459 20.80489806971171 
46.26671584221543 -42.989991426612974 
-71.28053012172248 8.828104137056812 
20.67470082337222 70.87848667842636 
66.88384253838217 -58.61678114586646 
99.03264231376772 11.498400515812207 
36.904680853424054 -69.25281250478399 
15.071916500573224 26.681132858956587 
-2.463913854610908 43.24435368272026 
32.13785961025104 -8.477330046197707 
70.5028598703608 3.2655972577577046 
66.66692891533842 -70.5766361287088 
56.06995810054974 -37.51643640129738 
7.95507133338613 -75.56723906227887 
-99.08525057160853 -50.88373040217251 
78.34860542509702 99.08302075062306 
8.721986639419228 -67.40849593990936 
62.51070049142584 82.63510262208774 
-6.479121133110837 -71.52612811780645 
34.681292516525616 -6.447130978170804 
-72.47359892003206 -38.43884660980241 
-54.757946116639886 33.71566294902152 
-3.8565354497619495 91.49343466554612 
-96.78911457423447 57.79504034478816 
-54.274463101658775 -28.815733698168927 
15.54123369074081 -63.142712931954904 
27.867343110513204 -49.74406910121427 
-31.163105817243093 64.49585715534249 
-66.8621673877402 18.078567964007846 
-84.18410898653019 -16.56161974644455 
-5.164145376232909 -45.95924281490529 
95.72619762051431 -18.049164428535974 
-20.860661123705853 -10.701111121293877 
45.961604096154076 28.878251412348106 
-62.58732863862952 -25.242379858717783 
-67.88633132264096 84.01231320301176 
-73.81022414025023 53.137310993216204 
22.330027721492556 -58.5285344147918 
-42.54148882985673 -57.64648083320143 
-94.59980613561278 89.61578275184314 
34.613380117863585 -33.76662471005764 
-35.17143100903685 26.210497260900212 
-46.376558079424825 22.770163567991602 
64.40463320881486 47.58147908213019 
89.01109238207707 81.834552615445 
-54.73508806682608 -35.692540782768134 
-72.07564602194043 -68.91405785153368 
12.68584046102022 -23.133511411522775 
-86.66592440014398 93.47729919026537 
70.02001450891967 73.40934848313412 
52.92269625376298 -19.913542187924875 
-55.22716422883549 -13.577865360418627 
-45.6824904872807 15.523721899115912 
-18.151086558759943 -86.03721872743444 
55.19995268119166 66.97856302560496 
43.06976988023402 71.92625273271477 
19.497788232205494 -82.86449678677752 
-81.45557045979923 -34.4239079119055 
-23.568270985890578 -43.92351547676461 
-0.010391587632568644 -11.4281076467377 
-77.68174956249673 -8.880105009477973 
83.56222379170356 25.20735019433529 
-67.05016910425309 -9.438512643488565 
-2.610240252836377 -34.57244842362941 
-97.40775733440586 32.564677506293606 
53.07020137139378 -53.877733265562796 
-63.54992105568593 -91.49680358976775 
79.118810387032 -54.67331496027186 
69.18165527665411 -74.10419203822376 
90.66685589965994 80.8867603356862 
-60.94036571441237 -21.467120238874642 
62.58510762498082 24.981797537356343 
-3.045268457172085 71.75437663299465 
-52.0358443573788 -92.94033815833616 
14.26188524176682 -73.97129444924373 
89.40491438809383 36.04756057224628 
73.49645759437743 -48.3596000226882 
-59.78955162699782 -66.55858907364393 
65.65309840008447 61.35879217439805 
29.888001349166217 68.0125812214352 
-65.442633850711 -50.181746444261655 
-53.70761913425197 71.54067141228794 
-77.42735896230016 -74.3513297581454 
59.17449549756782 -84.14925350312532 
54.42743342677676 99.20218849217827 
-49.36861158443098 -6.599345121842148 
-77.2745654825284 -85.22611133502176 
52.7005687317162 83.63296405905245 
87.1910028059429 -57.14232570057507 
45.988865656200545 -38.02909343274303 
-10.760426225204071 28.059201321704307 
-37.56762771178677 90.27273586092181 
43.58662885376151 75.22793941529224 
-27.864516663047766 41.263074318476384 
0.1246051035612652 13.485360066859101 
-58.68996600879708 -13.286293454846003 
54.14525190749728 -4.76821024939413 
-13.406372882742374 49.57110696553096 
-79.30150828720595 4.891257198695342 
-31.150108325058355 18.53622122152379 
-63.7497425234695 18.656510280924294 
72.83391161889966 -35.3071679923282 
-29.864890681755924 -80.72650283968257 
31.598607245604 15.294034625947077 
75.49098347375957 98.0929559198812 
-78.82174188760791 -93.23025718259032 
48.07034287858946 -53.89731135461906 
12.851303628215433 77.02030401062535 
92.9701163674113 -15.28521732865346 
-12.913621291230768 -69.27978481026587 
44.10958304559455 -22.674144669603336 
-83.57451646504597 -77.06815737201826 
62.28728486731171 70.98216253103581 
74.64195616347831 67.09722710878765 
55.65726513790605 72.29345732410167 
11.352061199048507 -20.12588506815615 
21.710036149696236 -78.66683993034205 
