17.554045800976013 40.326652128459045 
-16.86717097599538 -76.37330727857814 
-22.24179847897325 17.782208283441875 
43.04745664598741 27.15170780616552 
19.460289916736272 -11.053004744205836 
84.58366849586156 61.759295777219705 
-86.9648891665274 5.794922164043385 
50.04990439044198 96.0207793325456 
-59.3074995414089 24.85855854345664 
41.34073160602841 98.47807088402561 
-68.26859156218113 21.767656334427812 
-49.00488581122715 -56.16772567681802 
-57.925798931889226 -95.24320352849914 
-12.851369035131356 -32.71844344117358 
54.5801107455535 69.03436890317954 
-0.5619689819634175 71.14508030496322 
73.31395773718131 87.856133052829 
-93.94336330913937 22.24646414511882 
-50.16693454459442 53.54533007922245 
-62.858762256898125 -67.37087224122307 
-68.79098029719701 12.927187060529576 
-37.64966630233655 12.840212558460237 
-14.031362830168518 78.6426216405315 
-49.1541691701987 36.41487377407984 
45.131536016289544 24.026379025557816 
-95.01035544420382 -90.64872742508678 
-66.69603394337678 49.8056232746238 
-92.59562464580623 -69.96327972389153 
-16.098811865465066 97.36324289574463 
-97.10747492113367 62.61638329862373 
-22.54392832236593 23.853344241912595 
44.62498080090853 -72.63326313008405 
45.90283178348571 64.0872860068317 
-12.075059663192107 -38.69061605315516 
1.752832470960314 94.19248339731084 
-76.99126169090945 15.801216294465263 
33.6078340028258 62.5448767376796 
72.03232682961277 57.10089745106907 
63.714269745025064 66.26772972999223 
-29.618100956466847 -21.20999155584984 
16.137054952508194 -49.62317507259855 
68.8577462085916 6.014955274173772 
-58.17182538562764 -43.7395582647522 
65.5131605384993 -58.5717868371084 
-40.04147003119283 -88.4024586477864 
7.238053626677839 -16.727895279987308 
29.92037375782121 56.188595062112 
-86.92952765620319 -3.2817405662329406 
2.372177181068352 -45.37450375207437 
-78.60457310362317 31.871799676439366 
33.79277029691602 -79.44597468005307 
22.120345468032966 41.71243378565865 
-20.301358232430374 -98.0239470311447 
91.4096538511524 -25.131077552476782 
43.69773732276289 -62.64041155163491 
-10.677785429226986 32.46498002071735 
-30.481606812285733 -1.9369000452152108 
68.8532979547681 28.965599021711313 
91.69662258497334 -4.394838853758969 
-50.432907551019746 79.61899419207452 
-26.91337842859798 -34.828760585281486 
76.13130768247888 -94.57762030526067 
-82.434606903806 -17.136780553288204 
72.25071358545563 -98.66371821903745 
-71.92642426834936 48.46273793583816 
53.97674377185973 25.71317019994143 
2.3389590248200705 80.67962070339388 
-3.3249803851245616 84.74109265682867 
-73.78203422350589 68.09701732858201 
88.52703550141774 44.68770695570967 
50.01471815286192 -16.259146206180006 
72.81953014752668 -94.17035038433926 
17.05529163475505 -48.84234840317618 
-76.82634191538646 -64.52837289731616 
41.59240678430206 30.62777979661405 
-37.65567813667856 64.9535467750938 
60.2213460242225 -48.250995495391294 
49.596593698910624 45.56987060137837 
-68.82697311423584 -78.09718482459141 
-0.14721750038000891 -19.196014034509304 
2.0563605643912695 -66.5410056440652 
-73.8820942394328 49.671204048704084 
-79.45100684024666 -45.53964551817744 
-30.545546107915797 -68.15252258297137 
86.56243735135652 32.23920976526696 
87.09409953338596 14.423831152489484 
-45.75171701818297 42.65480398861885 
97.14338186377753 -58.1076521021953 
-58.64673979733461 25.328391014049927 
58.34980083288477 -95.01587802363814 
32.603108634668615 -64.20629285683997 
62.02020906683947 1.2768153814396612 
78.37638936160099 -47.5750098932856 
61.67253271805174 -55.70649112943262 
16.77465534804452 1.1832649395521457 
-14.278598837573924 -90.3055197097845 
62.18000502575768 -16.231595405006644 
-40.454562656208125 -30.991135959919518 
-82.98057889015946 -70.70203599043172 
38.59236844468563 14.525857794891152 
-32.08852440555299 -39.786843014175744 
-54.61991357777541 49.51027330941463 
78.98797028078187 -15.227525825761717 
-1.8177500372389375 -7.124175886145181 
22.29240212306462 7.4252906472196685 
-56.399511158850245 -82.12717832640678 
27.66545784379872 72.96476581885508 
-73.36731873941548 -22.37951667924598 
50.505729045982264 46.41430233061419 
23.34676488516409 74.19521346993807 
-52.30073378220472 97.03472976912627 
-17.723062641898466 -45.029309612914005 
99.81337056218922 82.88017164596263 
-65.62149203984382 55.70001161171416 
7.144457616777515 -71.57958959022255 
40.48959520068209 26.25784918664364 
-4.7839859956692266 8.880249527775973 
79.73351988769696 -84.02326309247958 
17.96190948410097 55.123721152065684 
-98.02099039282295 36.125152930604344 
96.40681412809374 -53.94658973922126 
23.990752076571525 20.342011948265196 
-12.131595802139515 89.92071864639337 
-62.03628593962538 -15.481261189394786 
70.97793082751951 -79.2439743658125 
84.69166072428084 -91.90828436000209 
84.3090000560855 -79.46145561904024 
-4.232242215073228 -5.87736224271957 
47.31261875779765 -95.62781249146506 
-73.4808403086606 -4.49059718779543 
-21.74193582267945 34.077110627243314 
12.272234349662341 -13.660483442360018 
87.66609024008508 44.76899342431199 
-47.14862211105022 -90.16689485222278 
-33.786390419204565 24.086995482260846 
15.972712470438097 37.24078035891466 
85.07944366719886 -48.132051507697746 
21.94198619048447 -28.705108770854466 
-22.844742918961842 87.12813214537124 
-69.69848493188482 15.111903016039037 
-78.43074410843032 -9.901526331757182 
-75.04201358417728 76.62164496539279 
-42.666970504046176 89.6022269117752 
-78.01755695020564 -30.65802069916994 
39.79357425523318 -82.35909856205919 
-34.91492401061822 23.61588623305289 
-30.606915837294054 0.7066573515894561 
-30.637429612790882 76.73402038270311 
67.21783182797529 -94.78894914932616 
-0.48334607199413426 -42.87248571655808 
-44.52337839761007 -3.1684482893299872 
10.576970606408125 42.755239866926644 
60.33839811223018 -60.47883730514552 
18.746192232388623 -76.76000394598772 
46.44038698927196 98.81007985836223 
98.68404410950362 -85.28165394539629 
70.09402853913994 -81.33849744037826 
-51.33650117706661 -89.24641897236063 
-88.9934044402741 50.67103045886503 
70.85794840708485 34.69582342353482 
-13.2726352450034 -53.32645810002246 
56.511370332295286 47.45977727649279 
-26.525869609868494 -74.40132263920103 
3.5520189359194774 52.38582241938121 
5.272919135478887 34.37876531024682 
-31.521668993388246 -66.93714237469777 
-6.970678893669088 4.119336625380484 
30.566050944307193 58.760199478870675 
-2.1005885321463893 41.613579176863624 
85.68089212084988 -6.566075764051277 
15.413306751191698 17.651151333947098 
46.725982515500874 30.156022274629237 
66.98245311664158 39.15961447176056 
63.983573604112905 -46.3931581533227 
-48.787158482316514 -5.3214545872532995 
-32.831153041405045 -30.213558241903343 
-67.81174440793481 -13.283230317531832 
-18.876122068629655 75.38981339106681 
60.7768059999147 63.27922457820938 
64.3456330169279 -37.30105161387445 
-31.587160662866154 83.8161493810118 
-8.710197220312281 59.39402126007147 
-4.620601492344804 -41.05549960473487 
87.5422494585622 84.09092346189743 
91.81399694294547 -46.46247754054209 
51.79062194013767 -3.8171792113333254 
-96.07117984661635 9.927207046593907 
-95.60189793050024 58.96613869444823 
19.187721580917454 -71.70043538435813 
43.53081146853606 54.61679068601802 
-25.91306843736531 90.5714783884763 
29.14718468802093 46.045625929920476 
81.86809732233988 94.65223455438306 
98.51134715352725 -99.4287380852674 
-90.26521883916097 26.899179283424004 
-54.76017322279545 83.57856520277502 
-94.58327451317513 95.75326535860984 
12.01111004074697 -18.094988827396776 
85.63196828310046 41.863016491414925 
-83.82941596558075 -43.11725934546955 
-31.843082063450055 40.05531975731722 
-69.08061206870626 -4.37169990813085 
9.06518161428302 -47.1726430317625 
-83.83606304477593 -12.31076500344237 
88.90054877702781 -97.36045531662265 
75.64936328848188 6.689480709030079 
15.474721228407759 48.580576183387905 
-55.31957084323598 16.323577369493364 
46.97754822972132 -45.98503127446867 
0.26968496159386746 -49.86689310231674 
-64.0825855423226 -32.973356626966705 
-83.93245053812903 -65.5775450179512 
3.707063868010451 8.77755732241998 
98.07534878804648 -21.70598841091615 
56.407547129418276 -9.967600656016188 
35.41517023884916 -36.34569738530262 
31.347984302827058 -81.6691482646646 
9.514262836183619 49.00411994464602 
34.88952880907323 -22.376007490825714 
38.216828662474654 24.813781168304217 
-52.948084573105206 44.85274789725773 
-6.229933263245698 9.736413528568804 
-78.24882549608346 88.8165764638149 
-70.08631480545613 -55.15005244745501 
-92.3953035022635 -87.03839653477972 
-24.56106292526188 15.701859110975462 
85.17823118959146 62.975032242952295 
-44.76619383180467 65.57214673770423 
21.41323362893901 -46.66955114469202 
37.55920229065089 -78.53998573772816 
28.656973214848875 -68.28021079064123 
77.42796476913313 -38.30038298023937 
60.79430216037176 61.004489322235884 
-19.788402417682917 -77.10735770672838 
55.44979106571131 42.840346854492765 
-80.96533108666091 -69.38802247120546 
52.11232390339117 38.6365236297396 
43.390537447900016 -60.79060743347027 
-24.522343578743786 -12.352964180875347 
44.78192754738811 1.1488299283722654 
-19.1743984417335 -93.63107729110203 
98.19695620237843 -76.5694013197387 
-77.92397237972486 83.05130275660437 
-87.13571844559243 -63.04849683877214 
47.75087546553084 -91.79477673465837 
50.42122792348883 38.15588558794397 
79.76136348944038 63.52432286505666 
79.23412071493524 -85.29009526426859 
-52.3395357362113 -46.61992948288067 
-68.59166209405242 21.946178835105854 
-31.02094656929728 -77.97926799568988 
-8.212968534945404 -9.28933696916478 
77.55578319659054 94.6474347153111 
74.07839455592307 -26.717970058075053 
56.483080513310114 29.78678653593849 
55.36060237216586 -26.42955109373399 
-31.36558237130835 -91.18135885432923 
-92.08834411221873 -11.36840467830018 
-56.73338216858894 -32.4871946730358 
-88.40936873393508 44.66375169314921 
-62.40463196423565 -26.649325692980824 
-62.58548190885127 -39.91840324227927 
-19.635284596511383 -80.1857189429732 
-85.35574258815848 92.91635067428288 
-68.81461324640092 76.7027683495619 
25.192934874249744 89.7431354756707 
80.16462310039617 -19.94902110389745 
56.83573826874735 -37.39791857527042 
-40.85651654735785 62.439207822320896 
-94.57222570652131 65.32304820518883 
-66.65101805261575 -63.04302706082077 
-94.28647395700871 -98.73829882856685 
64.42556959720099 52.155074754360385 
-8.781136990434462 92.08919183942672 
-9.24733370594204 -42.36806227560954 
-6.339561533522954 -59.72577930806495 
-17.74545747185641 -82.70607947906623 
-12.773043420270085 49.04880467218672 
-75.90287323434558 89.94126842001472 
-71.40155387394749 22.129395676918605 
-74.50472449298249 -49.91244118886833 
58.49362317835414 -14.22156360932702 
-57.652912485932184 2.6335001661947643 
-48.286548035843914 -72.71726754870312 
-22.066412847357597 61.58892279751598 
-77.24156130772069 88.7935785191303 
64.97793884378825 40.9582876233832 
-79.25098750590651 -13.422741217125349 
-10.795442443463315 -60.15749312751362 
91.05008427090169 -0.6082212760379235 
-26.397105869474274 34.77288101961216 
11.942476845788619 -93.17630693201389 
-9.323690640891442 -78.91003057427035 
-47.15060095814749 -57.774268883309055 
43.27154818317726 -49.4491652374988 
32.927379578309825 -38.011432738652395 
87.18518404219878 -38.68505434923264 
70.86880120932139 -84.58392579098062 
-99.3827512629505 -87.13142513313406 
11.701372147839635 0.9247218767236802 
