-35.61886359644244 -92.86364437928327 
-42.83257368166786 12.102024418219287 
23.735283075139364 -9.979077434059946 
1.1430543875180206 78.66953200744214 
90.92283718218778 69.60383155534475 
32.50064949587912 -5.175003337055145 
1.8992383654680651 40.806132173369804 
-34.00865527134695 -34.4539213221324 
68.38067115972319 -33.15219749209919 
38.07031465671005 86.20748237412863 
-76.45783339958766 1.6664984821380244 
-27.489535567850808 -61.42926151610597 
48.569809612155325 31.763289480408474 
-74.86046594685718 39.832343263407836 
83.41040251255532 -69.86527930985224 
58.11734136859732 -97.93329310404629 
-12.671351982938717 -71.10712872750133 
42.40466436525182 1.4618793321243828 
-63.16420505487865 -90.48029219341183 
84.23863018399842 0.771714479602025 
21.005251408471963 -77.4230640308853 
-14.902720053284497 -15.683189095331642 
33.550702829494526 -45.338428656232544 
-20.241650498078073 38.58146114146277 
86.2808018607299 -78.51853966601463 
49.76959972640742 98.78782193259829 
18.099680232937914 30.981176814398168 
-38.78301985290427 20.149895972384456 
81.17596965993329 53.20239481313766 
-17.79598822603019 42.987861055379426 
-60.23671825679631 -26.606904213115996 
83.40921145383916 79.7851610407707 
93.74642511508827 29.74223649783525 
61.84721850193219 87.78854724708225 
2.135942502992336 -83.12363855462795 
10.580118575242665 97.35626420803115 
-20.871822141089098 -15.153665904083738 
-50.95174986245634 80.79894639854697 
32.673205041726135 -10.661372099227691 
-7.07013507013194 46.235067807459956 
-25.68458589758926 24.24080457039591 
-40.646107315128766 12.91154622010582 
-8.631786785110478 84.60602374723186 
-6.240486588604185 -27.845850190469037 
-57.09331714674051 47.19865692879287 
-94.78477746221736 32.325252547265535 
67.79982643300042 11.204036002804258 
89.44092149924796 40.27941430968846 
-16.14207079963208 -28.25052205657572 
54.473186337611025 -23.14684539975309 
-91.72776299316627 -39.112339585752956 
95.08778101982273 26.692044274208484 
12.048395237519244 74.21735318339665 
-81.41021005945497 -97.92201800160316 
-54.914792563088156 37.97468542414137 
6.60001626337899 -68.26640272631137 
-2.893728285852859 99.54224464444187 
-78.27226937263751 84.32157421716238 
-90.03823006703422 33.410031814989736 
93.01877523445964 72.20246490889778 
88.80695021780198 74.76728996052202 
46.17956799984012 -64.94984237489862 
-0.32740744861692406 19.845562499161204 
76.38575707687397 -74.8521534386079 
-45.319131394018505 32.42432846084972 
12.20921823066061 -98.3689948156582 
72.17779612967783 -73.81226316519118 
-76.27563655481897 -89.16013422561898 
24.632506644036738 68.1550063686932 
60.66234062772503 49.974527919367745 
-45.242016131088825 -0.6364332445797629 
-14.982620062105283 34.49196636642401 
76.13818882563555 86.72217062598884 
84.7118633477663 65.52460205644022 
-47.197346958618795 84.44769831862106 
40.733398238424144 -16.84183784440833 
88.95731486783905 11.000041311633439 
62.7286367396151 58.54264567186439 
79.91169815128302 69.66851332586324 
-83.19395012207082 -46.8949329719877 
32.65502778765506 78.27693706691284 
66.11516220759407 31.827677021855663 
80.43990331796755 51.97940521632606 
9.725590301930922 71.41341026962294 
-11.786561731664463 -46.79432492283877 
28.660963412184685 20.97456947492995 
55.07699516684258 27.691143332447993 
-21.317815788047284 -90.70379834654841 
81.13922851460887 -19.112927186030774 
31.241243949831386 34.96604617993171 
68.34046509736916 48.4796042144508 
65.1137178886392 77.44090403378164 
-65.1190850929406 -21.12621394505372 
-33.823887504011424 83.82906032300107 
61.44436639653998 -29.03531087074134 
82.11172814826418 17.692759746061142 
-6.033864532213244 -15.647207456051788 
66.62347443856788 44.64315553181919 
-19.34900321631845 49.48635661521348 
-57.60626551821375 -36.73757169139331 
-58.679136064095076 -39.65571118508444 
14.828512817610289 -94.13237445884786 
-51.81698639707892 80.7392618891192 
53.8301014988358 -1.2277231760337912 
22.49309310289729 -5.811797568640074 
68.39645974899292 35.31107951117343 
-24.51519302352861 12.091659406380899 
-94.81440286938141 -50.40775297217106 
13.111062244781621 24.184482132377866 
38.93352788420458 -52.89171715140986 
89.73644555757437 91.13294075798711 
77.44603865188336 53.29939927234176 
-1.04387519552742 89.64407116415447 
18.632856500041612 -83.57907219198238 
49.709185867527765 -21.92378342842906 
-22.9616078282547 -43.61696376931388 
-38.096109243215736 13.025777331104592 
69.2739211273873 -33.33356413116057 
61.853024761760054 -77.69823133154685 
-0.17638225296711596 88.44244316568026 
-37.52646168402987 55.58077146999034 
38.14573967993033 16.89643689157745 
-88.12950179738776 36.54809853822124 
95.91098369216476 -7.570221738957514 
-64.34996330919383 -20.528050398972184 
63.84879254109518 7.053017046834384 
14.145453398387929 90.98345636064985 
78.29921607151488 -38.57299940705321 
-8.821786135406 -1.6964477204813448 
-30.309465394925027 77.32933591512335 
47.81687930437917 -8.115087270068884 
6.439024671782477 -32.05769381127317 
-88.31933199193111 70.5121391837348 
-77.23413703105649 -19.966727037981798 
95.01959342222867 -98.54689863484928 
-11.21990130552912 6.542462322142995 
-49.587550491088535 -20.728818326230652 
28.492811827267985 64.19971253017641 
84.40533412381177 50.93120531740169 
-15.181522445750346 -53.4338611983672 
-66.23317414837666 -47.68567278697433 
63.326742050465924 54.106588849560524 
61.941290357110006 93.05842818912916 
10.587613923114688 42.90132994845567 
93.2001766992303 -37.730130221474425 
-76.01662425258841 -34.72763823154304 
-13.620066727943183 88.44278041691547 
22.89290045475765 -20.259933492226565 
-26.65919252685009 -27.250484193997053 
90.8193948628157 89.0762634264012 
-64.50021908235098 80.9081116947745 
-0.8110643602836234 30.924571038957453 
-3.850365756622651 -39.23215227974406 
86.82586105166277 -65.65113553959344 
-50.27753198082014 -4.832984902266205 
-45.85686045408646 99.21100230135914 
0.13380103386877806 -97.72067001301372 
59.777951639885686 17.127051664010338 
-48.96309697968555 -48.621265441779606 
-6.9793316565845345 -27.353608149053315 
-34.4005501630532 -64.75350349411394 
-2.1197190645759747 -69.94508091773919 
-28.3837199169634 85.61880759178243 
17.319816594671437 -21.927131052465015 
52.235080218050996 -57.91304527533603 
54.43411751063928 -99.96886424826468 
-4.248208766727828 -15.709485047676111 
13.061771323190484 13.669078138727087 
98.9616623750062 31.539109363662988 
-12.843988341323737 97.99292609022476 
-8.453653748858557 -58.84278373726091 
5.014175180504381 6.665572645401269 
30.922166057518666 -13.932189217709407 
-65.53462767430253 -51.11396896502256 
24.959739972124282 6.467614478303489 
20.538385808037148 -10.239462967463012 
-31.298028159750643 89.70023934364411 
2.8336147951195585 -95.82299603604332 
0.47133368363574846 -26.43591489007018 
31.78204860788034 85.18807403785726 
99.0613035492351 -71.58093252642242 
-45.751766884976504 6.673646987256461 
7.5278842663636425 -75.49470976006225 
-82.05811252543407 44.024248752889775 
-75.70142354014851 4.558585590259895 
-17.059427291860032 -15.830375535565082 
18.004591697814163 67.75421349444076 
-9.94013404864289 -9.869761802151373 
82.3459437832131 -20.99395734578134 
18.47793145056309 -41.21731765759047 
74.70063265671462 60.84048982577673 
-30.898846395443428 -9.95465125701152 
-96.10066981935546 78.02902369303058 
-98.36443605729839 55.95015783533145 
83.75684338910807 49.404138894310336 
-80.60344226409875 -49.378829561990024 
31.949856590177575 -14.816125357184646 
-1.8163685515705055 32.649682449460585 
0.47353724745042314 -95.68611113912505 
-27.808916095697242 -51.74596283080999 
-75.0042403230351 -56.682204739016086 
-55.12930857685872 61.08401879403752 
-59.41340250498393 -1.999887572172014 
29.513958000113377 -58.162141930119525 
-32.23152140338388 -67.49801367812229 
-13.214802145771102 -79.70976254533448 
-89.59817965015624 30.112823271728644 
60.6539680583619 46.751939440278846 
22.113465179020068 -96.3067066637434 
-88.5252620822582 -38.36696322078463 
5.7313101880961455 -11.554791058392937 
-16.62452491673602 -57.649165898060886 
-34.26653624015255 29.648788934124468 
-99.98865260144811 -64.19597666371834 
-37.07604005526102 69.14039866961903 
62.48121852550702 31.369907380916004 
-80.58133770035417 -20.132546534398983 
21.539080948590723 -38.64466857003623 
-91.81781359977954 -20.998285654640412 
-49.022101516232965 9.09856345004944 
-72.22354242855538 -32.27753256650787 
20.837258282763727 -86.73244442863619 
-24.634042047900735 63.473299092566435 
-13.219749830510068 1.1840118196134455 
-19.68066540523988 -88.83868208697916 
-2.526281784787642 -69.1988347807574 
26.94314513981908 -55.62431624043078 
-71.74415118437518 81.13470303434318 
76.72118199275346 75.32257802944875 
60.379398994952595 -83.94009700655684 
-63.40671624801553 -25.115113262468512 
-78.9422618818422 -84.3985497712725 
-6.428742203252028 55.99398377184028 
-27.9481420844387 0.07676355887822695 
32.759241735784656 -95.00794424409251 
-97.99815651869466 -74.02547486655129 
-67.73670694134654 -70.50970121194673 
7.154042185817474 -50.29355008114358 
-17.306473998526144 -65.28135298797329 
-62.2384386115016 12.686221824367678 
83.75979201046297 53.5811985203097 
70.22664596844791 -0.6356507028148002 
24.410083535421577 63.403444772421295 
56.296096503571846 76.36320194171887 
68.40966095274521 65.61305821199574 
-17.373246800708884 -96.24328766282954 
-11.83845102634531 -65.61222636105887 
95.93982134846166 34.703509704655545 
-3.5681906222160507 -36.41113617247187 
-85.93613955773665 88.93067425746906 
48.82767063571001 16.913913667699276 
68.02402217531869 -83.3630848272739 
-38.970835600560164 16.51822145948705 
57.62847391444927 84.22900957695606 
44.549033912657166 74.78143723554908 
-50.96560746978464 -17.298749992427403 
72.16956994405274 -58.12822038362015 
-34.297971403010834 -99.48243955080005 
8.5975083427426 -82.37527210713804 
-46.66511424712414 -8.595762033555673 
-19.670572601950028 54.083043105129974 
14.213561771029617 32.98603201271007 
51.78229653589304 -52.20795181863094 
-37.54222753760694 -81.9114202726378 
-0.6225111420004197 86.95646333846074 
90.24029609013562 21.885877103492817 
51.52361074563552 -75.70045917986998 
91.88827018388605 -57.38290237116806 
43.06231937997268 -44.88173845878249 
21.733646830083046 -80.01819186218712 
-94.9113806961404 42.7901465482997 
-61.633554849375535 20.689451008113863 
-4.354189973809881 91.48726126055487 
79.83367314590325 54.82970488030753 
10.235456831678974 1.8952903620390202 
57.30641925791798 68.7614074085188 
-76.62851429372944 16.235114175312873 
69.54548657607057 -33.10832215908634 
-5.727778016766322 78.23022699974533 
-56.4283418408035 -89.80979811256043 
3.5921674193772475 -83.84412519333546 
-17.05866344603433 14.115437052251352 
-87.21039211228627 -90.72058937753103 
23.180231428076127 93.37973823898903 
-47.601504133305106 4.551257487255398 
42.11429592412594 7.906340688373419 
51.36777228021646 11.737826229995576 
-44.65680019691285 -96.43520178874753 
58.92913446031889 -4.472390312102988 
-3.39496500468006 -20.425496276734407 
-14.795383141476009 -54.118311105508084 
77.5697019071132 -26.17410801948583 
-71.04166519973029 88.10872167573484 
-88.0233664618607 65.93145078314319 
-24.95306313765417 -88.6615285461296 
-77.38975269735309 -99.31783287201932 
31.00115679043583 22.510175638966984 
-44.23847446661582 -41.79131615778178 
-67.31901174120216 17.003232608611782 
-9.797905696486467 28.387029607145564 
