60.216392136581135 15.368973847997111 81.3946588256992 -93.42457926404543 61.52830775909925 -95.89280522937587 87.64879207500073 72.26513158265732 51.48129297723048 -39.938496977400774 86.11824979509697 95.03974498250616 77.82837162357458 22.220155261613627 17.90505261643122 
99.25801470536925 8.759249677440664 10.278488258448277 -63.00345657056634 -64.3332289915308 44.13283882431858 -73.74462453341653 -73.36311417346283 -43.16693475418345 -66.61159005530735 -38.66464688373339 62.55665564206848 14.498821873803223 -94.46715598165123 -97.24779472540956 
36.9223652931386 77.21296924224757 51.675136050244475 74.58366258267296 -31.390762592579108 -10.87368022687312 -14.08832792139772 -90.78595212831675 -82.7063635136945 15.970552187686422 -24.61654843120293 32.873938510953536 32.445772928807514 94.23522155045654 74.76284928343014 
74.1747632586966 -68.02356149758504 83.08140877355933 -84.81171628854972 22.074990797386775 72.40808031302345 -89.48351487956646 -6.386409248368523 43.71965818075148 29.22043111876914 -40.32480137961911 32.01030126654456 -60.09486936468367 6.1225788212087195 18.51979167038698 
-43.77661561762574 -8.984157174697629 -49.219028584647326 53.77560613749819 -93.48861567812483 -72.50504430856819 4.2363452747859185 51.94520416364139 39.639636591559025 -49.1185849727928 37.471220734751796 34.540792674122116 -33.4091133291418 80.0353087646825 67.99878695668178 
53.91051909186697 -91.1946409372254 47.845130649340774 -46.68267639963983 -86.01373849596621 -91.08967465593605 -25.43677660643253 -1.2205598316852928 2.1211817581519057 48.25914835589472 3.1499557146604786 91.99054824234005 -82.90497351015709 32.17182877869854 -40.199709230013525 
-99.7840043649377 55.484815894700745 16.351726667442207 -83.55135271719428 85.80644499106961 -28.995473420334633 21.977818001989974 82.65742371824157 -91.39909221780891 -79.79175066478068 -89.53125431981962 24.712426475694244 84.40410485149965 -11.45027711701836 -39.43589019801341 
-48.14129827949047 -94.99670729639107 40.46610008226935 3.3931573154615933 55.810611740703905 -90.93863154963302 -54.61924073794857 -14.25613666572147 41.50792062583267 -4.549324779808714 37.75740598427117 22.805737186911173 13.393267748169691 24.01104558356144 -7.290619003178605 
20.89570222528667 79.06387890500463 -86.75188226177079 -81.28852957478503 44.25923804226079 -78.37196984873309 -38.06293823921736 83.65877396454994 -39.97912180977576 -85.51660448128864 1.0731189325659045 99.43313461099498 70.2871336965882 66.74090848710915 -60.75473988846423 
51.82508511213703 89.51629493078192 48.23144794763007 74.34365846594056 -11.80160508114092 -5.145139931011514 57.14978319858642 20.822378437839447 70.23814506254377 -42.711904655566 9.005237207774215 -43.986671655666854 92.70903765716622 -63.67511410703281 61.50477982536444 
0.04212341940589681 40.79309258776357 8.973859590943619 25.94712196828459 12.767005715767652 96.85434426554883 50.1934562577938 -11.30034766821231 51.16997566051597 30.00037822912026 80.93741066209739 -53.758079968427516 13.36885813734861 -28.364406474642422 73.262491127598 
27.36544295116059 -72.26007601285826 -7.602646906059746 13.450573319797726 -96.65333875550918 33.07799618331126 -70.51325401485173 -81.13395922487939 -77.3621275667866 -47.116335406440754 -15.092190339099261 -61.88509632217778 14.200758693917948 -55.790322918745794 -29.386859823849008 
-26.00225694100324 47.97476631044799 90.40935106443558 -42.73725395010335 -69.5313462424485 69.80627791874335 56.07142978190117 -89.64696556147882 -69.9159806048886 94.85376756353014 57.90676148255264 79.66383249476814 -36.11386019509786 -10.640271210524816 90.45732596527694 
-81.64631067244936 -9.324997052219672 -71.18807459950752 -12.439855532688384 24.546775799690153 80.44378581665316 69.28564712240708 -75.07531991853239 -84.73088772079926 59.8025282517074 56.70334968465559 15.733128552264546 74.18775301328802 73.70364874590132 59.16753877064909 
-24.73163885754748 5.858602570937549 13.770997770138564 65.13077000332868 82.88311260355238 58.10327974617158 -90.80939860524234 -57.84358792451785 -16.30621687307716 -33.442735611284974 78.74539717042185 5.780622806378034 -89.47916804684577 89.57074940399815 -82.36145622453657 
-85.96629189743493 -56.493627055698006 -57.43211895326279 13.618142912273541 16.132500391008108 -17.52318339803773 74.12112168173792 40.762049050623915 68.31332863485011 -1.6756670821886672 -62.79505570496189 84.46033556633779 -52.051341576375634 92.31188237478031 98.82925557365596 
26.361975263540515 18.28157437433819 77.6980520393858 -58.90124849307821 54.13835836473356 -68.90487651887025 -61.961146717094316 40.98714290245232 -40.28819343050976 -5.807164577367715 -67.6651269462383 20.66690234554602 17.339929965789864 -80.92822332294816 -45.46511275002996 
-1.767635046016295 -69.85202779404196 16.773367739081465 69.82085160093152 -57.16298889659417 53.55183648286953 -12.032884703370826 35.24380734713657 -59.433231874159716 13.003652616946141 45.639079855782256 -24.871830646656008 -24.47447227860205 44.1890156571084 -38.40160867958025 
-51.501826973830674 -96.65203428165108 -50.07174437507918 31.797962134955668 -99.54845371999869 -71.02484608632496 36.333298177312514 51.82845042773499 41.121311639575964 91.00165368121992 4.9327831932425 -6.386339745727668 -17.924467913492776 90.30161545832394 60.48273817371023 
88.5792028750067 34.11878012661725 -42.83608389121068 -84.19086107528948 82.13928894632133 26.023257927223995 -8.075430542056836 -32.37345022666216 -83.84998018527043 -84.60626360138468 9.34679906881209 86.44813614972932 -35.15612998011528 -59.133796779558054 70.26270539628521 
-37.41532342385783 48.13004177489219 -70.54528092935846 63.693132660989136 -24.28414609286314 -69.75438577369808 76.00967141705627 -4.160302949601416 67.34766498443915 -51.930360733072774 23.46132439578443 83.60914385397419 -20.86633425991782 -67.88024397370413 -64.75165231429295 
48.618866151945895 -10.392112945027947 80.83502850973125 40.41585347681209 -7.435980855477055 32.346804302737894 -63.83569921515084 37.22068706954701 13.490215373330955 -53.496189445041665 -43.40607161699079 72.9217354975545 62.35596326583283 -17.288175710832604 -64.76115313998395 
54.79089196795559 -2.196946264768698 -60.28842968628327 -38.63166430178848 58.49232670400937 74.51212984644536 47.07779212799241 -71.24298717026906 -68.35185060651085 48.25131989164643 67.2441572797216 27.36982645932808 -35.96972965943404 -87.94099373082354 12.177094136404847 
33.980366415696835 -78.90155549664428 84.81585217595722 -97.43896758825323 98.78225079194968 -1.039122211445303 -81.52686223047787 71.88595013924913 39.26869659177649 -4.377373813636382 67.95944511278833 78.27334286399758 -89.83370550475225 -61.21205898118891 33.523725920128015 
-67.27559907613275 -69.08324621175596 34.04077467456892 26.045310811061228 -25.235447952088407 -32.35711753257655 75.64603102369009 96.8317101380467 -99.56822075619422 -98.79893226998786 26.53790788200962 -46.76442023759178 29.484009155122266 40.9387618095748 71.22401665865061 
-48.341885376900606 -60.38650609125538 41.598108200279285 -15.431875701615326 19.79097026337888 36.2101921188104 -43.39995429112265 61.766186824402524 89.35454645648221 -12.32154772604757 89.28240161547939 21.193905226611534 48.96289482169777 82.33160345060136 -45.75768895554448 
29.35091927687384 13.415085865437604 -7.7438172248021715 81.68816961615013 -88.34848306425378 50.82732308798873 -91.37985257532375 77.82623689831527 -43.775248643785545 41.06722464494436 -41.066676964461024 44.970293661648384 79.77421712271712 -42.18567247508065 -95.54895480854701 
93.1396337327613 50.066321685694305 77.5949703801792 29.1347291801047 6.313622239608449 10.784403155417095 -18.074139443426105 -91.15877170101996 -98.34942093601373 -69.19035448765787 -35.48518028416605 40.45576391409051 59.13147933341526 -83.33616822666855 4.786507942169834 
-86.58508818536691 -48.188126579561306 61.8911733921847 -43.786720965361624 19.921981765860835 5.790455246843209 84.92593487094467 -81.00571055950572 -35.826633769309495 -74.51066550877057 -37.37186306416758 90.10608614756097 76.28456583313482 -52.52183029292361 76.90998069972656 
-97.85340117297261 44.160379953242284 -15.949534108706715 73.35829985611613 9.033387115337433 -29.217111494758143 -32.18292180307394 64.93948100624019 52.02486819429987 5.4428598868808535 -23.375580088624375 37.07596473417124 -54.10718843756499 57.706152455243455 21.1367380111259 
0.28113635917191004 20.167338070625476 -38.473444199785156 56.8033152102243 -20.888267843803902 78.9273363900081 22.454880106461744 15.231713880087 -82.27902208448023 -36.56778333601463 -87.82315483138242 -91.06035318685046 -97.02058823268472 93.02515271541498 -17.31853947038158 
80.54857242081607 88.95468613656473 49.213694424046736 -49.64779335747556 46.17505876026033 -82.55887023120462 59.722855750882275 37.92101591222698 -21.329046130816238 41.03130764627568 75.35856124758931 69.0989940301653 91.38384062661405 20.895077429386816 76.72848223397651 
88.38023238001853 90.37175712230078 2.0333182177074747 -28.10771266299099 97.59896858525886 -72.57106091621012 81.65561138313197 30.164016835025592 -0.5058288906249402 -15.307041578145927 -24.044632048934616 92.65558369092895 -84.96022295628185 5.141754207733953 -96.83312133756571 
-80.95115103495385 -96.569052239778 25.366918193678487 -31.25731535126816 90.86124832798532 -44.76698592748352 -48.41500793271554 77.11441084928725 -94.52552706777135 -9.127203899517184 -77.70339102132962 -86.2283440361509 27.050930795728647 -74.94796508559162 11.089639628994348 
9.78867070196128 95.77573718993989 -46.92869935310004 50.471721269809194 -15.497616752124316 -50.578901708795556 -58.74800817496848 30.861304023336686 -13.220792843616607 25.718761514980272 -59.22030513723373 8.345604125555383 -28.44259407766407 -6.818716237771511 71.02060518637748 
57.49152415623553 8.724486129691485 43.68923210691048 -30.36085344307176 80.93936986457604 -38.45982934060039 61.26341581881036 31.055128095923777 3.8093680054193584 93.24977170357144 38.7261410604016 47.08776205121629 -47.46440002661059 -49.709920378669366 92.67075249475175 
78.53611101030265 87.4046006056619 -11.57156738227323 -88.3656957453506 91.62709630591701 8.688291735733912 -10.639194171841424 56.78824174452231 4.257708894333831 -73.37369745664736 -76.38615391317423 -81.59463035253955 -1.6506766079017439 -44.927486830542996 96.63281548730814 
88.4646004886639 72.27462889303138 -33.78761583105869 -11.776173280743762 -97.78388512313039 32.85798684707518 3.3814652694882597 40.98171960943802 23.63754874799264 -33.6445190766828 -92.56117373035624 -9.024623108677375 7.198604561636216 55.87014676358439 -29.92540999782294 
-15.320326977668316 7.420646433792726 99.18818344701376 -72.68564579130863 0.7072868031935116 21.920915433003813 -29.495950182027727 19.520941051254752 -7.073028887182616 73.91017057896113 -57.568610030374856 -42.24747117937877 81.05002715074352 -0.11668546263112489 -40.921573897984786 
20.12692861720157 77.6021817891006 -65.46217698490067 0.9996660944464821 17.656947066852396 -52.77621471435401 -45.836486107097315 -78.28930244428068 -70.48178928237277 69.67484326849066 2.8288931496704066 54.38429895790276 52.36115131830843 -73.30865194136041 9.233363384183775 
90.68768309173873 13.3697812123945 71.82909412046922 -67.3429862773068 21.695822618302856 30.896066221887082 76.03490521506419 96.74795573498099 -22.27149801994996 -0.6850132531994575 -13.36269497098479 -50.6096786469677 -14.395078721795457 -25.21163323452417 -96.36278908613598 
96.3013447815072 67.61840764995543 22.18146571022126 -37.754353774276716 2.9239045964629042 -31.496550857026676 27.826465912094562 92.14885015876507 33.04660856388486 -60.00172596248517 -37.92685902716808 -65.89054728123529 98.65598343831036 38.66561744643161 -91.23620775589514 
-98.48328525164256 -87.97571193375846 55.74270100472637 -24.475755517816026 79.5012595197239 2.148262774585959 -82.57524235136569 29.080534272905993 -47.85957850030513 10.523667994984947 66.16250667912198 -61.05760855786026 -3.647697206780464 20.359191883888684 -29.875609203879222 
-16.91447140605962 93.28901217743504 26.9058374406509 80.53543077056494 73.5863321796138 73.87157076854902 -8.62122223950837 -90.55277383994216 47.40593098094405 70.0574531687088 68.26630063265569 -74.66074801681322 -63.19187376666755 -39.75987004764665 33.60240100777844 
36.42818886271931 -45.448968869624686 -57.34642646442716 -0.5005168861220284 -14.138814979180395 28.615517262628032 -97.6691403119629 -4.696747864980438 10.739221626775915 48.88777432695451 -94.70707916683547 57.1348723241218 -84.7742059614422 92.89751065777429 -13.67447694283537 
5.065070346731488 47.45958856055094 88.47949196729266 -82.70607856649283 81.82415419118348 -95.16381227592971 -56.73059079101132 60.498822608276356 71.38402828612229 -63.3878156790457 25.50922375123932 4.779216180830943 -76.18191745081097 69.0753094292649 -26.158816849263914 
79.84280905654572 97.78579097882854 52.049601608995005 83.1744172163603 21.79566044452605 -9.418197433863668 -71.20910712896867 40.52605918377253 -67.48494857193192 -97.8163040552767 39.17224281704219 19.410348019147577 -91.28242743297719 91.02453295813993 -90.0355235329572 
-14.11185800139927 -79.15691789255419 -12.128703334526875 -34.73371768288122 44.621322260362746 -10.459101782489995 28.243913571058016 -42.64381781538356 -0.09179874232488316 -90.2088434099625 -65.26595003583229 96.41563424596359 41.15580083740099 -8.985355844252624 26.605679946488166 
-13.877254001327515 37.01027007914709 69.96445408805394 4.523235766812547 -42.733234064814106 -26.80302252011748 -2.6306371969002242 -93.78308512780578 -94.9149109453222 -48.850299494874626 69.56389460543915 -17.72577215266054 36.84882043399037 99.69037824029783 -1.6282070833748747 
-41.629307171147104 25.856819793316532 -6.620036685605385 -66.95566906059503 -54.60788196790121 47.75451973718404 -13.064981415550506 22.840000513210427 76.48948771147434 -36.36282290801516 -52.364998260966765 -99.40883974834512 45.302489825297386 -2.2421488177079 -46.93496755237181 
13.653056154852521 85.84258097450464 12.808954782854201 17.769314781490493 78.5830780736581 74.04048206792558 -91.79396652619837 82.19206818205126 -9.514663262856772 23.54134186021814 -80.04318774256672 32.24695874210903 56.057554487411466 11.689454789968792 82.82347635353872 
-47.801666019105646 25.543061029385598 79.04429174142672 1.5144713878541438 72.07495696779313 -89.26260160190506 19.93069432372583 7.98205889284975 48.98136842515123 26.422206728164312 39.21740116955712 -85.01063034168284 33.3503707505989 -11.642371469872728 -63.232855789283214 
8.181330448374652 -85.05622651289848 44.7188318612437 -25.68549499605966 -37.648561225807775 -85.823692945684 -65.71423345547078 33.22998548518399 69.09421389281513 -45.39430074978868 25.337169609649052 12.836250524137355 28.19393546882506 52.06865048546723 50.668694360210765 
78.82791253786388 -99.67351822549004 68.86390959632902 -92.24141371603021 56.350406487381974 59.70739818160769 48.93696472556209 -80.0483681973043 54.33148304504235 -26.041596942902046 -37.19601287788778 20.5874007338075 58.730776840672604 79.6619625781035 -42.54428619230013 
41.12766672812711 98.48209574011503 -31.305998207083974 96.80133689403701 85.64527445594493 -8.850887227579335 71.6728669273846 62.58284259237661 -55.338037085518096 -5.671138564435509 58.80867975433762 76.60048027722576 72.36977841553417 39.67060383450561 75.12461740205998 
19.33443084850606 63.906358759465206 -98.9442351925216 1.8417343615558082 -83.57282904113283 -32.930267234082365 -46.69128009726189 -55.17613582135847 -98.52343232804944 -40.36696606449248 47.59030454627248 -76.11760066464828 66.72879618229894 86.48082378878107 -17.806382743629868 
39.54771457366684 -81.74773613157502 -19.161359379635286 -36.26780959946281 33.051813563245105 -31.01679305246921 97.32254041975253 64.56196802911009 0.8631751976943178 5.712163233509244 -68.39676332469587 -40.21411939474602 -83.4946294053755 -16.61546927880309 56.36002556182734 
-33.58086048110707 -15.148745830453024 -9.440506491294059 51.68803951403265 76.2143281408647 90.31932674658728 9.50095162734381 -19.0967943386472 -24.361759723467074 -22.406647763313984 39.364317114214344 6.68683799779825 -10.967659694855442 -2.9757776137656577 -83.419742861444 
16.81277787700155 -80.85847099578238 -53.59153428785599 -59.38863734816113 85.57059042169115 -54.477521265300766 27.466697964152104 40.99678099562166 -2.874536822107615 -12.745564068159723 30.337231356206132 -42.560602597304964 78.20475162558381 22.556738183890943 29.159270036983628 
-35.848033500927784 14.696123719011965 33.10884720319012 40.13718370933813 -2.1755608995273548 40.29652276740342 89.8808221702962 76.57274592598952 -0.9227630328771994 -94.29870449823558 51.53434334814554 35.08886982535154 99.09350475417756 -94.1956130552246 -30.680030991946765 
-44.726396431389446 8.602140691108602 21.765607334634524 59.461247189850866 -51.61892115420266 58.41983316393731 -48.16508022048305 -99.14757197914908 -18.16212958071948 40.61221390841311 -74.95687037185867 11.482216260686442 35.69191854636131 -64.37938936673642 -61.93738158492761 
-32.91996264743213 77.43287027759484 56.1041512023813 -77.78806556881733 -3.5525699113879767 9.762151639900821 93.08624657308306 24.815473584642106 59.38862190639824 -32.41368195184877 28.415054893671424 -26.977872789485218 6.211099155359733 -66.36137939483007 54.32067456934965 
94.93123537288147 -54.44501877073693 -1.0747888295316699 -30.244645745503135 -17.190659403267006 -31.88313863574035 -58.54115893716927 40.042043463688884 -61.54247338128114 76.00303570815436 40.452883131275144 -52.68464299109075 32.82779833137528 13.0941799833423 -70.54127044268428 
-8.85478851633465 -3.939743832477234 47.5633017870411 -41.65022478867799 65.3253141035745 -13.196108370251778 -53.154054347171 7.254106970882063 -86.1670299140843 -69.22994597510464 66.65599577859564 -83.532906071766 -86.26713545345734 83.53114110919583 -64.5829761232888 
60.975674224111515 39.58691011733521 30.25724511000442 -17.380241082519603 43.651570269289124 -23.47061150069672 51.10911826529855 5.068733657632677 9.153815770575989 -71.7401874084363 -60.87530526414386 -44.34083809025224 47.005768220625384 2.103261708459627 -4.524846295331969 
47.21458770548844 65.80588203824567 63.48621415126911 24.818560188344534 -57.054148178813776 -9.494012017267167 -44.493900182902955 -70.08915522244706 -20.570744360058995 -84.02880835418547 -82.37473729635407 30.180163254767592 78.1826939190901 -39.244614186669644 -95.64366810250264 
3.669867384416463 75.3525847248059 12.23245933868131 14.284618565016501 3.9525353759912463 82.60747681178597 94.69360778939028 -98.8967107040764 -41.18843490248847 25.363897882854758 90.70696276828863 60.50437008787085 39.81883475956832 -0.548704582385966 46.34266914269719 
-21.13046645166105 7.6036651931958374 -81.58661418187513 -22.40277587645562 50.41812016142373 -64.42748933876612 39.84592090195423 89.87943367892674 -14.670669249961165 -89.44143254776115 -60.16667667963582 -23.84484094819767 -67.90025087690489 93.57655311696496 -46.51781096609602 
77.41343171222064 45.35265668753809 -99.52979898943222 22.914975269930807 -61.595601469153905 -88.21484904172816 60.070144638502995 59.79314316792929 53.334421871734264 -82.81960175384046 19.93206668657976 -74.60779307419222 -84.26081613393865 88.00785020942962 -48.892749680615125 
27.397066394355946 70.45095632729473 -44.16368889719566 71.72178131532263 -62.5547364232653 -7.448893473735268 62.31448314884264 18.840899122732438 83.77500808334003 -20.64916948709306 85.77166966212079 -20.11246993813387 -65.78270721033527 -75.50546453303939 -10.13812297063295 
-50.91511068564556 72.42367926507873 26.237795737688785 72.3608893521911 88.01626309825627 11.995076056381635 21.430303584433318 89.65571935075778 55.46135528350243 -43.52953902209222 16.56149358636476 6.439938151070223 -86.24230625876623 -43.84754882523367 35.51323865179836 
9.349872738142068 85.62913450103298 3.178426494203322 26.272656244612165 -40.947863556904096 99.5015640016465 61.34708054051225 -60.665925601505165 -44.289045776314495 -47.61544378649021 -58.61590864307149 17.99621906829283 -1.917352366464641 69.2242820241442 56.800418132319095 
-73.99176673479732 -74.84321599661708 -22.541238053509886 2.2755379232661426 9.335738474237502 -79.62938224367645 65.00682580022692 86.8876107510886 -14.79121560876699 -90.41708929631427 66.81147681196998 57.43789455166987 -63.943827752545566 -78.30267958963199 -9.891845089072277 
28.30805856173265 -2.2866287052247287 -74.55109366006238 -13.213761393387415 74.52425677072759 88.21904293415358 29.05472943443482 88.40686672348801 -38.56281065451756 -32.89977211077971 39.18343587592523 -22.662532479185813 4.830092038926509 -1.2952409147638093 -33.2010513286515 
66.07737523986191 8.849289600995164 -84.1779661167398 -92.95394961125234 75.32765676377625 58.45857440760744 -75.99063249754622 -44.95297588268268 77.3797912194969 31.59885219509644 15.125465654640095 70.59148877082774 -69.7878898838792 -82.45874822878156 -66.03830599300758 
65.31595828337419 -37.105883262746396 -10.390416317870347 97.30132813259584 45.364669683767204 91.01415848211903 18.83742470507235 -2.0481485257763694 51.332374719090694 3.4654359177522736 53.121514451112404 -32.75516191626437 52.521332907906526 63.441853143386396 88.77427183076477 
-53.85969416220715 -20.07239822643308 7.899502929889721 -26.21336547096054 -59.49515995532673 23.927721485478898 -61.35083093519897 63.198967202456345 16.611344878415423 92.65204440229041 50.399699839161684 -57.891855877973384 60.10853978595972 -9.455207423687796 57.562045660335826 
-66.89846513278647 -98.59267410562084 -91.33332266859159 61.50127033068597 -76.52549000233705 -87.74707389786968 61.78360900202938 78.53971249793463 45.29611744888527 -34.9001261798536 -72.34632748909848 26.667609821055535 87.8810584947829 14.554916484421554 -50.90390936480858 
-45.29779698516252 -93.71628283999041 -77.99223806719979 23.518649371896643 -8.402579574208929 81.66121955723699 -46.704117228784426 29.15418778180458 -9.502612298385401 -70.45037504411225 71.92040460740125 -40.71448221548375 7.17400176334948 -53.631403561669735 60.49365418675703 
-12.473439282711055 -29.317413289849313 -2.0357006824220463 -10.529124256624328 -17.216600587546054 -13.177018404869472 -73.25537028298588 92.63480690092342 89.04913336936659 10.4700077171277 -20.448284584368253 -24.166877656647785 -47.50661887215246 90.51310669946727 90.7063478875474 
-49.24553770364892 13.059158852516518 -32.8398513500251 17.0370720326668 33.48587190655081 47.8510035242131 -93.8330955550251 -81.57605723719516 -42.98867937226094 96.24009037765325 -8.425288512210429 -82.5682540731631 65.27924206349724 -56.7661820432076 72.59876259195545 
-92.14082849382741 -29.791101425622998 44.271461890638705 -27.92124034695233 38.04290377280694 44.98048818848309 -82.45223857411582 74.18030345715493 -29.950034652048657 -91.32521625361436 8.698362696349648 70.95864098875009 -20.84528721042335 88.33948794366299 49.402066316498576 
-20.685192135125476 -16.195934104714496 97.24876818201119 -67.07481870926387 -30.09268103551028 8.852211595497849 -71.53610147418992 10.175237214773361 59.98732928215668 28.34377637830835 43.092447763019294 39.33277110387871 21.401955010529818 -53.28420409935004 -91.49360147763339 
20.026975627399807 25.984524728746152 58.85660283679579 49.042493831743 2.4858015745236344 48.74234948803243 39.156612095415284 34.95352283406362 -68.53710912561243 -96.40961016633057 70.85188127996258 -1.480720874493116 14.78252853446395 25.489112586481212 -76.9008751743943 
-37.56700691287958 10.890194399946807 87.56458322836798 6.231694325708602 35.928263415963585 25.97856950068858 18.725303589120884 44.735035586495286 -55.27917437897196 27.10794228753322 -20.652998099683458 83.45238062892452 -80.91458585725235 -27.15416716074128 51.703704475417396 
-65.45346090006058 13.841717211765484 -60.44623227292065 57.19416859803002 57.576888407447825 55.813472249617774 -59.248321037376385 26.257020002923156 -11.883421873776882 -59.91811279835879 49.38332263136462 -9.75105356996238 35.33859207795459 -57.561106135664694 46.19784634670373 
10.364810604463614 -97.53705662177003 -27.816622425298505 68.21275254159079 -2.2351247296088275 51.699164099116274 -19.45161243825622 61.06928540913927 -78.37322320408322 -19.294434337243118 -75.28847534989747 71.46555672525108 -74.56617892684349 91.93177880811172 28.45064867528498 
-49.09501494153841 -69.61096045409394 -24.823878248524764 24.385103485640585 -78.35334902084048 3.9139416067836237 -18.560947135713434 -42.0353398863234 -79.43954800872982 17.85217837889313 95.0186389423657 44.409935264117394 11.802079672728468 32.704205994887616 1.6084811116456166 
-88.42473991629856 49.007262095847125 21.9049494521782 11.841413766601633 51.6135922050004 -27.846639170777877 73.09944292447008 -6.707973863720767 -20.68505390608773 45.489669150586224 51.07470147233292 -87.37347532135529 -7.1391778693957235 69.69969855039193 45.5447448909494 
-13.391862175431044 -8.632420690502514 83.13790469253053 70.61695350791342 40.32185606465731 -44.99532159814284 -8.53804380218837 63.172587761998216 -14.432218476785948 -37.06838518609563 43.474560142337594 15.371218103669221 -24.169220265014474 60.79470857672263 -56.944870233661746 
-94.94349922564767 -53.03179907525657 96.10166274917049 92.4933030899401 84.37133161004263 -62.46344326933857 59.008609255379554 23.414827990665003 -42.38684849950602 -64.30589409458172 91.04751889233222 -63.56096033335996 -41.735396166134706 80.49915928787203 23.726210272243733 
74.4184710166962 26.417668472609293 -54.465058301222236 -50.9346762130092 51.67508420342807 26.42873056994837 -88.09370141105612 94.480851338234 -54.67936782622802 -8.702834517279868 -85.33777673726506 93.61587773623569 76.13131354210009 38.38769085280828 3.7292376143941652 
0.350168294565691 47.14790943856386 29.70452039775938 75.30609262752097 12.132844667550515 47.02919672278961 43.41845050052453 76.41177058402872 -83.77487188859804 -79.56565785656224 60.20125222392193 -29.77238065106232 -74.00627018146682 -44.79427243348803 -63.049307145962466 
15.057113004136752 -18.649830710226965 -3.9784299903647025 24.492848574633697 11.264395009242392 7.735734007338493 -96.54721647774056 -10.239624503623872 -84.79733851890153 -13.925333641160591 -55.29204291431018 50.58267608641327 32.658306610956316 -66.5843327453617 -38.29385194704178 
-60.76284871310078 39.80856211453914 -68.07575106983808 -19.733356692032885 -44.04390171781532 11.958469377472795 -30.017558714846487 99.5219745739484 25.987532513064366 28.69087185571894 -93.72035127380298 -98.07973195255767 61.1713097697245 -20.05605058738091 -37.20480502110528 
-33.028931108647825 37.57988672612521 72.0066107801974 73.26902121420386 11.372345080928639 93.18037656783298 87.116307485059 -60.448635632363775 32.635587679505534 67.82069552839786 -49.49631553202381 -17.215920908548725 37.19061242715762 77.53941462893422 -93.28395484302243 
63.742536284559606 11.117679605227025 -17.299929597445598 43.472671599399916 6.3258193765097275 -73.67616699258164 -97.53076196370647 -90.59610247690307 -37.864108747363254 -71.64558747438197 96.60392420159704 -88.69450671043555 -21.896164185176588 -59.445817284616176 0.061214072849352874 
-95.47028840786984 97.36142017624971 -64.08979784890928 -90.14853619161501 -85.92406727705422 26.61873544050802 -27.91073035928511 -93.52772584216733 -91.8474782942456 -55.83762198486881 -61.475306673709774 -11.087817960385564 -43.637872664682135 78.87532149906477 92.30731999581968 
-30.647315474953118 -19.924733117003953 -15.71384301978891 32.03874289335616 77.83299520443805 -30.338885760887194 92.45005364159528 -37.657922703439574 55.03114817949455 -51.15235036935415 -2.4500456169875378 -92.63034028069758 -32.24658959110438 -60.27391059168321 44.235627243960096 
-76.92676232001577 83.51113829707236 -99.10137839310647 87.59700669105675 -37.03130098134544 20.878696674101406 -35.1824273313043 -50.99001909192731 93.44776340117394 -40.49788129089149 -34.9858399046326 60.34016360115544 -48.975215010466776 -8.243167030918968 -74.76120170255804 
83.15301900730572 -69.15389463093358 -52.885411409220204 3.435087710060884 19.22678850992834 -2.813665201373098 -99.09377768470287 -81.80952869752029 2.7801090319635335 24.237402471025973 -13.072921877257727 -8.59588269368723 50.44554429784907 61.052643619716974 -45.436051955248516 
39.74686047520629 52.63956357672802 -60.85546761104623 29.988358462624234 34.93146623116846 -81.14966877072152 15.011068429950853 57.29036484479889 -63.447323372706244 15.227703202848147 -51.2218170083639 -40.74148875325212 76.67906079274815 -62.82146072968824 -15.039957301658234 
26.49527332599905 9.797716273144317 -46.02690908496041 32.64578087982352 68.72206797504262 -16.40363842761174 93.9591591310178 22.490713781865907 -15.365377694412857 26.243588543775047 80.4826423489881 7.1596202871742065 -23.155559610832555 2.4447812484756213 -50.96029118992544 
-35.2108995037334 -10.64402805068623 64.30579994790779 -40.69963241728354 51.54994841730053 -98.97144772364834 33.842079118587264 55.008616145949446 77.04742362085858 -89.04807744309089 -28.38667813599693 11.40768465936506 -1.9058546986772171 -14.00282082594768 11.671538413014446 
50.86928660341559 -86.87512459117015 -44.352094248861064 -25.207552652510074 20.675541914542436 -39.20298578819346 63.35833573711486 -72.17031549510091 -98.82731203411512 -97.34924214317525 -89.49051177983742 -96.35195308344606 70.67581867894103 -22.007577589973252 65.63969151206294 
11.121929556695306 34.517674613541686 95.96674884770226 44.31721038694471 25.065260343960972 -66.33393218679609 -44.47360854514293 13.431702326332058 -15.710783670198765 16.76615111932827 47.77672271337144 26.656209471697295 26.239297590627913 7.315498760793531 -61.21478433373531 
-28.56142568358419 8.644635182326638 -16.51290405829809 -85.7211239565652 80.3704048090137 57.308111426537494 19.04123899490908 88.10559030022154 -12.324701032056879 8.324898400960421 20.843858697441647 28.76301782203487 -42.44061573801978 41.04110920121937 22.467720215030567 
-38.83128339507999 85.97857149310869 -10.766246229421043 -61.615528716381206 -3.7874477401920785 -19.44042024943178 -96.6190956436319 -19.977035827568272 32.465994029618656 -8.321780565438132 -87.3835015162032 -97.11661689567941 -63.56952731746524 -88.31073233445225 -49.539279816416396 
-93.49299242302993 0.35899392781371375 60.760425501691486 41.80088906067965 85.1864084316573 -17.729066504987728 90.86478560118013 80.96428980161099 47.279089455209345 -65.95813515000155 95.93382223959378 -80.61320367371536 -2.8461297976086257 -62.27941829528294 -72.42382626770443 
23.605189092020368 -44.536710266760274 -10.387972189152975 64.28465583787369 -90.01517477124771 -15.632326325475859 -96.25425247701247 -63.44853052658917 12.864016360455622 -41.815208039382036 -98.13251504938283 -2.6947837803756016 23.80765224731485 -87.02162950886347 -65.0008941157503 
11.233246969921069 -41.34947796057213 -83.90052054040066 -9.000993413462382 -72.12006897051693 81.39425090535136 46.253962548336546 -34.457852420708576 -46.67243099234328 -74.87116242711028 29.054487678198797 8.007054349778329 42.1718933246228 95.63251535250589 -1.4018183566782767 
-97.5447686980801 34.80235704515141 49.367739220596775 78.11546416861958 -84.70959516430922 48.77848569872154 61.00103117534039 6.5173193876995725 2.521406658243606 0.2899133858457361 -72.54998162267194 75.51736130748307 69.1175359709928 -82.5127291944222 -23.669308313071014 
-68.70789158202237 96.2108807977643 69.29666279407795 -93.48775486268872 -19.020570473327254 93.56082726612641 43.364911384924085 51.60478213857024 55.351226847764764 -71.66386502389611 8.240371606586876 -46.34192337146936 -23.39069515899564 89.45291231304267 15.585450666658332 
-58.9393530851619 -40.8389270224276 66.39047845173181 -96.384448736615 6.9687796291996875 88.80343662406591 -50.42523351206371 -93.75747106542963 50.81645384479779 51.66464157710257 75.00671788257605 -77.7114789485033 25.809074360621125 41.68271383705627 16.302665308203657 
-27.064559830178524 -77.02298682418653 -11.853822205376446 -52.726990469059466 99.9918197473732 -1.0144909421849917 -72.01038399234776 85.75049661727235 52.935606613234654 21.1947137265702 74.36967117215863 47.73257313041779 85.26669212853659 -71.61688918109516 -51.025657102544855 
97.13780618914805 -22.41787662691881 -19.23996308399248 51.31208610537149 88.32354728608146 -93.84443077421194 41.480377897729255 49.9461051741697 63.79712200568389 4.830640961972605 83.65967149728979 -65.99412112340595 -30.59234487565594 84.99243717000692 62.05341234013727 
-67.55461033282324 -36.59779369373586 -12.219275820327226 53.352075995791836 31.484293057974014 20.139837880801892 80.39853099191683 -41.33752363770766 8.71242373150514 -71.54306583223106 75.10424378102908 90.65602928617088 -46.85472527480308 -59.09761692639761 33.28326027650138 
16.181084567085975 -5.868371918854905 -38.49594856024756 47.28288130670313 -94.05361988888328 73.4710862709901 -86.44918748019106 13.283589885532336 -36.0206661407038 86.7042420777511 -12.83516808148623 76.81626403151964 32.65967619695354 50.546157373207876 -48.5052850032143 
93.3602380592011 90.78040907736269 -17.456517686636232 -18.076104186967584 -15.42744570917776 86.95062245422724 45.992283346063715 -39.801868650037896 -92.47029522444517 -63.1276927671055 20.245549161368515 -30.038123006426673 64.13573323808055 77.26372322087164 -19.82591124287832 
8.326757515936293 -6.574227463104336 32.54300314234746 -15.589463427440478 -10.600408585264603 23.772379252376524 90.85233810827526 -80.0620013440285 4.876461511139738 -98.64978713238585 -63.186105828756745 20.961117831682728 71.48712989774685 -97.69052773550851 1.3800697217836557 
97.25099053265964 -88.56978480717822 -19.854195181360197 17.435374118482613 -59.05180092928837 -76.68453674860582 65.64531110749854 35.83068695791496 62.7135630672077 13.255623297085918 -90.1616038498628 -91.81455952942675 -66.45343844150331 -73.43506157827142 -89.39864788601537 
23.077726783551114 -86.45992667088498 57.386404274649465 -59.18812063478847 -33.009420143180535 7.864575773958933 11.693802441854203 -58.816748364840635 -76.21120578334244 51.307462995498895 43.4108616778156 98.18367295119086 -76.21299687745615 81.07664807292647 64.83026052335453 
73.91837757592396 40.68881594101495 -87.29812856728954 -94.89657537681448 59.89812512022283 11.21619046946627 68.69245769803541 98.7478147947725 -28.962626472041492 54.62290942178774 -34.83983450521325 27.920105356798047 50.18308668020589 39.093442560145206 -33.04884686890523 
-60.22616175383191 79.37618126416456 67.58325746688848 90.29509096850882 54.83579042505019 28.58081287349046 -29.993202902343626 -49.097950385511524 -47.1036387290856 -79.16120454016469 -48.50809235108417 -2.119508901344517 38.270826455984206 77.96248068853305 75.19184298328994 
-37.8325648633808 -86.77595488986717 -49.15028989969095 61.386844169138755 86.5945228174132 3.8160532346430216 -87.99925254373085 44.429585595899425 56.93057784454467 72.731612907899 -5.545414497058914 59.618391229980034 24.02234000076568 95.85247805045475 -54.564565455014424 
9.925983761455058 -65.26137993843028 -33.22189246883616 76.50001837750835 46.54209239850417 38.05019792846369 -69.070605133101 55.4439355615344 55.412810290378786 -18.930032270707017 79.77234652706213 18.802252524761684 -73.80974785493328 -53.97093897715352 47.58185575306939 
29.015195761284133 -28.96448563857379 61.86300812216615 -4.51131559025994 -65.48655438512867 58.44125210993337 -19.446562621705056 -10.393377762148077 41.59256948519058 -3.7574003942485206 38.71025591380925 -44.09154901508367 43.84085309493457 -54.90544592644871 -44.64447572209185 
-5.03530451401511 -21.85958273120319 0.4040638894611277 37.18726742822224 64.50271623776737 23.24969770592267 -98.28308466108724 -33.120274497169504 94.69380631905585 19.219237297360962 53.298590679303345 -65.92168101422158 -11.379390138509436 92.89448663490785 -21.812280342631027 
33.22964804519978 1.2527221714397427 -40.77697073789628 67.58360170354712 50.385012623567064 71.04061004366588 -2.093121120265721 -70.99889708202214 -47.94755459461682 13.989323407632284 38.33068901922607 -21.928779434423575 -87.61343221926204 57.12971689295347 20.8988708203603 
-55.3275249974204 -9.378150563127448 95.77312292561703 89.01017375489204 33.05772353632932 -74.36385032447363 69.92797344264002 3.0498780876042133 -73.36420399419725 10.423634382062545 96.37475214739496 -52.71642460928456 -42.19079990133656 55.673251045437326 -99.14679547239191 
-20.00139930300324 16.04213943972104 -18.882304556151723 25.617188925342532 75.16251780548498 -37.98370730019285 50.92183584657781 -68.31184954348426 -82.3010242089643 -7.510444268344202 68.7497670886641 13.904628682743535 -42.922112408724274 18.14881351944095 4.579707847700789 
-11.362570903253413 98.13717302780915 -68.64947643809909 -29.541682392988108 -90.49139263513162 -85.15761587431962 -17.238081682310423 13.108658943178696 99.27241080259174 -30.64370107488506 38.1892723566672 -48.766713732492505 -98.05105704243982 -20.52783857533413 -59.92190186971247 
-56.465844850807386 86.87103361785285 61.229356393169525 -42.15693236397069 31.288378379096912 -28.28439748692159 74.30197423767154 57.645110179242636 37.15268748244222 21.11882808122425 39.22471886352977 -56.47830542223953 97.80788716458764 -22.235762248523955 -69.43964881864252 
30.78762706507203 43.22439062610334 57.85480281202351 86.1354744976284 -51.99489944335145 -54.387229516683846 94.70731822959237 22.77715620100477 -3.812397434174386 40.53498511679683 -60.98958185325465 -40.10462979955462 15.89808707382025 22.831008683671826 81.5947409309768 
-62.972660875761946 -98.74010712861545 95.23772879749995 -41.28757371228004 -74.74343331774926 -19.895921512863993 4.507216044359581 93.17920656520783 76.31314334285622 98.49624984521225 19.195230850981687 -11.13954316446592 95.60273910610886 -66.1259832422092 80.6477625733273 
-70.67653330469554 13.11355121552289 -88.34408211274463 -2.975458383013361 62.22809256330768 -62.70803289907996 86.14191592376764 12.102550032486121 -71.62519975283635 -92.26047195845454 12.877136030489126 -93.39289528379877 96.24123945498516 -77.1694678589617 -67.21824706415474 
-43.70329498117294 -54.87783993829203 -76.00577391714289 68.41223648488543 -6.802058611944872 -64.22389842662932 -92.4995767723009 37.907791265938926 6.200751311203462 38.424708514061706 22.716908498954623 -68.92336709895737 92.5622532712027 51.70766941868371 83.43413650792056 
3.580991733739907 95.27311271043831 8.18890933587717 -36.64983341534045 -44.28318913233136 -53.968967776106844 -64.8864345406986 2.5670021932175473 -79.32400509962419 66.19483947843915 -64.20411914020076 1.535380941372182 -18.940669126085012 -69.4106903969977 3.4963619790454743 
74.17727597008931 0.9728239080212404 -16.597512210591162 87.28373500058925 8.369528710107033 11.21347061226632 20.50533879995949 14.911658120928877 -57.488060646831784 -21.027177307552236 95.17495372721768 60.0803359417211 -79.23318618752957 38.52105718749391 99.51962022428575 
99.41360339918623 6.744489337714697 -22.79871899552161 51.65037081060348 -11.409634802185195 9.330192716282056 32.82838243117297 -61.25561804240274 17.89500456630155 59.68703201940056 30.71485448291537 -99.61206271796279 66.4423421367583 18.056236008352087 -94.36562675608207 
-67.4184616898956 5.155972102175937 68.71070179649331 -40.21023022870707 -56.85157075099947 -99.1823011459771 26.74377923793476 -30.785560440821385 -45.55051122764526 51.99583835375793 -1.272284584299939 -87.12315982567709 -75.34754546814159 -33.584538673738635 -29.732406053677067 
-53.3381211452848 81.54209953655524 54.70512952120424 -3.305473614962537 -56.270169062994135 -5.891884553161944 61.48024857895717 42.31820434129068 -24.585131230471816 -12.488592450191092 32.19573834145149 -67.49511826939569 -2.3491327758167415 -31.41983037222238 70.30223477181349 
-42.88184523271692 -13.63601541507225 88.92720211819474 9.91037965632762 -18.750530776489043 11.487417338720178 -49.13932674652892 16.494081157819807 96.86021804769328 27.983776026007973 -24.812036598257947 89.21575851758081 -11.323325428397453 55.17585126387644 9.823315255392444 
3.3464059323303985 -82.11226303492091 -5.458415195324989 19.99978934976025 -25.855660850541895 54.44443865736116 -60.90418832795444 25.3095343254859 32.8513140964256 -92.47216395379343 49.68754075062009 -37.02727054302692 3.6927296756301047 -61.44251430683643 -83.60674698571798 
-8.349261993206468 -67.97250416578207 -53.929791215517355 81.62813204783774 94.68833754504834 69.95166066315244 -35.53645558178782 -19.819065723202016 4.292124794400081 -20.432723872765962 60.84084178698623 -86.38141337734184 87.89435572352158 -80.44512705659179 -15.687042419889181 
-9.65366390291041 39.167923938251306 -83.35309337230035 -40.270140230501504 -57.038156118912184 42.16668365284545 -11.602009013409514 93.95959461375202 10.322448818066249 0.6540401448684321 -75.99262633056327 -61.98340579140611 80.94192216773081 14.390392582516839 -3.184986018114671 
-40.96546852735374 83.33875158868517 -19.239795413176083 -60.79827522509063 68.31850506038936 75.57826192332132 21.643403920881667 -19.946434974707316 49.43168135538764 -74.92014961846817 -64.44249945874323 -96.56516373811097 74.05955098468294 91.61459518427696 81.26218185412631 
-37.0477529449166 39.047485295161295 12.229335787572396 -15.230344733858985 -91.85037469546077 -90.1493621258473 -81.54616689390815 -46.67198213597301 -5.009893691094703 47.65730873890192 -42.87871672003058 -52.80026982923631 30.906784985504174 -40.59063604448922 44.48902085964056 
-61.23958678997119 -18.672768173147333 27.072178531851065 38.72389649525735 -29.403765507441832 -94.56263441852781 -9.89809633432877 -22.39999125144547 59.65153632942014 61.182691527851404 -91.38393219237423 5.642358817261211 91.16339771915165 -63.091417608465065 59.38123072375595 
84.88810972824672 96.50848686375127 67.30943554828542 -15.589842897042743 12.207316472996112 -78.17151928491873 -7.049976518533811 -63.50024505042011 5.876694476257271 71.5654546657143 93.37433162026247 50.83729526855592 -25.16868077221052 -40.44886313029568 -44.7727571145214 
-60.484237625721995 72.12896250593496 93.51463710825399 -86.08223417000242 2.0160825788441628 93.16082779942818 89.47059326392235 -10.759542772801865 15.893924229255703 -4.209477523855142 -50.713772610153704 8.400332242184135 -56.47191116268602 -98.74224028563212 -85.9086476043869 
44.54027961981194 78.4524970669296 14.521954861976226 88.54647655133604 28.68463158213126 62.78110415592198 70.29116502939715 30.700756603310253 -45.58923102096375 -48.410286060656496 -73.81466894091548 98.73568742433378 -2.0357356062989 -8.619767028204933 -62.25895803153485 
-59.245178950817426 62.04498651370784 8.6545203785831 -47.291315346870675 43.266232240245785 -40.96561226898259 29.44203655423314 -27.869947564135302 -84.9197959931494 -79.95745010997052 -79.25375249159177 -40.834969001907815 -81.70165247785852 -56.79293143806272 8.753560901330076 
-49.27148030706905 -19.57000252602363 72.51090646825836 -41.331305619451754 54.92267380214946 -22.247037657727333 57.298441019620896 42.75190810034306 3.4809073897386895 5.778589391907644 -4.890927376230337 41.09121778132058 -23.65232530764736 -74.07699952558649 -36.639422171730594 
16.650379256431734 2.3164621317793888 1.142892448514516 67.67077178467818 24.355335417499106 32.68678058923092 -95.55532342145084 48.314089466923974 -49.20146841389232 -0.27198410925063854 -84.03761326460288 -30.63298292387644 38.55230284282939 6.41237043916523 -84.30458590833535 
33.320751491913484 64.51650536919499 37.92160638104937 77.06482042507562 -6.875323983362236 -96.25340438425008 71.76661082975534 -5.4972444365034505 -88.17492295347103 -99.78962377851362 -97.62808124755608 -96.90091470518479 -78.46951486022485 33.750088265405424 -98.97716664225464 
73.3667545935096 -25.811198486914748 -28.819424329480256 -21.855070951404713 -25.583888482204145 -54.79100456590091 -59.64024281427025 92.64098498037404 14.632471047526423 -86.14603522361375 -95.24706798058911 -72.14413792586123 -73.86200933903204 74.0951719979225 69.85779135168741 
-36.34455505518108 30.09411139718182 94.9749663568341 -40.54274362145334 -71.09352927734099 38.46749220276732 63.62199195752896 -3.9256164055346403 -44.60084417793 -55.03509442265686 7.812749352707101 4.777511662387553 40.9288977608245 89.99172169431094 -54.092432487859 
-76.50806688175771 94.50797407768465 56.490986508385106 31.229000967408894 -22.346592692403775 99.48651260171525 87.10717398948086 9.35172646706333 64.56910981653522 -1.5561652999279687 -96.00404560140245 41.93157917301767 31.40985964328246 -41.37890594186591 -73.14627454552796 
-76.3347403917958 87.57541881909788 3.935939195762984 22.701220543747297 -11.917526782290366 63.34333923078867 75.49011147274132 52.6161068503454 19.275036591288867 -66.20251878829677 -9.047095567573791 88.40118453500332 0.14464539570472823 2.525689020234381 -2.8878026721097 
74.33896758550799 -42.95358759658689 -93.63493967628239 -16.635480621149526 -8.950636204753067 14.860823176123802 94.61058692259053 51.702726316145885 -11.883076775227778 -52.8503489531986 -86.14767731356392 66.54128201555145 -35.764541901750306 -12.540638120131192 34.263857057941806 
-90.16078322004002 51.43822636400637 -23.30572190287495 66.99488372248072 27.602411830122264 69.00874466216172 30.144126557458208 66.07579272574927 79.66107557364919 12.690178034947934 -94.02255414833365 -80.24845625375923 -41.999656936230444 78.1734981059935 -43.06530986221135 
-23.079657679169713 -6.56615361024005 -24.8295056170698 71.10728483793193 47.21479531325704 -19.034592261115208 -92.31330781738313 -1.4045721296922267 -8.796735263490874 55.314027971509205 -74.96077508734436 61.32070483225351 8.659091422981064 -41.78336648259675 -72.63615084879176 
11.964651779831087 -24.690681982012606 -84.78221447356175 86.35111155789002 2.706112420408985 41.49534057477402 94.55299105738362 66.49532751166649 34.96480393512681 -23.338266090216536 50.40692162665417 -19.71699034100658 83.10673623092705 -64.8963746253809 -41.20623620887589 
46.51378470765201 82.42704521704687 -22.382577071153946 67.25798342403374 65.69528747552425 9.124141277910098 -39.383103201765145 28.556923522178636 -29.33186115776614 -64.2141717411145 80.20500501979035 -72.26775352507826 -9.178354099003556 -36.12543923008089 40.128049029990876 
44.51801881053788 81.26582625961882 24.050109234952473 -26.117226398250807 73.00320400849071 -63.60948928421526 64.56096061086367 66.24788779564025 -33.86684840835383 -25.390515098821226 -36.074358537658966 -4.214813468275452 -34.40703475597991 96.62502507787559 1.4524762643633977 
-22.62409862180745 -66.15927622534534 -61.54731247529006 -54.07608422085506 30.54943798947278 -36.946195716505926 -98.04098316365146 56.69669354980195 91.71287522053083 -46.62816726380257 -98.40715060803318 -78.57731868912722 -3.105014703516204 5.09031031729161 -35.82836195277579 
-6.958738380958508 48.498323562227625 66.5021501665291 -82.57073503815909 -75.49969307904965 -55.07853898214425 43.152990492986675 -84.51748873528761 -30.225234670582395 55.793875870454826 85.02960937475464 18.580779304888466 -27.269008673022824 -13.114517087681762 28.702094038110886 
-40.978799159823055 43.537381938335585 25.582022808763412 65.08356824129015 58.9805934947986 94.15072816362249 -49.826750277323974 -47.048419442284526 -18.976941790057907 86.20722105218414 73.4789541117764 84.39678862248155 68.55660466475018 74.43097523836448 -40.991320485961616 
15.573981489766368 -85.40983742526727 87.1782052407184 -34.60356042682304 65.07780096667975 -24.20298185207143 -35.74115980745141 -2.529789211170794 -16.329724593564094 -35.11998259055275 -28.718571702155486 30.335825439626575 73.99103885119195 -66.00111574352482 86.80198523436903 
75.1869157503574 37.76736532118491 34.218893678881955 15.445286949284949 61.45460767027055 -79.14636933211338 -70.44665954796545 84.76259634785646 6.140646673094437 -98.87510167985964 -55.382895013904474 47.08672586339188 48.14916789848547 -62.51187858856604 83.53428288523082 
79.52561427150556 -11.549438635363614 -6.364415368396777 -51.711422554270214 94.55683597633632 65.1439173566423 -31.27290122757917 -60.899540257929274 -74.63637910097304 22.678994009846548 -14.671926321781143 -56.07024724743388 86.02172616643136 -95.09800427411119 99.5234461951811 
-2.4174818049653197 97.07172995669072 -18.48245725913739 -50.29790857845118 -68.30193926176324 -3.8506921064439155 -14.28749071664437 18.423254309255825 92.46634302209185 96.52077400451753 -66.27425545557908 -92.36699845555758 -62.56988261498684 -37.23466750124924 24.90540199465636 
64.02040184170602 -1.3678970100310863 3.141879960622049 69.43410989640287 -42.47710180772566 -21.599520684857083 -44.76422704591745 41.85193534526027 -90.77639792445117 21.588704100464426 -12.909571911501843 73.87364533903994 -62.91656415262536 -11.718227877662414 16.5456169807004 
45.418586211986394 88.23125135443576 64.81479372724402 -41.036981369134274 72.3998045046423 3.2623305664234152 8.644123073353143 51.767815375949226 10.856902357148911 -50.68382157550897 -99.22682751588422 -54.535820200570015 69.93504806243476 18.512915762078848 13.46588163550011 
-74.73829603118159 -37.61114336589417 -76.80002228160099 -21.965680704184493 -68.74072962909928 -8.094177815416842 -22.25609435469218 45.744733462182495 -51.64179188582531 -9.276065055610076 -41.95974643158837 -77.39067936307191 -64.8636035416674 -0.38483628610647713 -77.80654042565169 
57.056071216290206 -30.06523624948268 -35.75484055954739 -32.52404883006544 -35.48275242039156 -51.83628099790627 0.8070128640147942 -97.2798045571827 82.22522883297003 81.58391483274443 -18.45403922805768 48.10186692148528 -25.709195237491713 46.660310622139974 84.68045960519598 
-13.226483078150068 97.70830833132186 -88.14144049511563 -18.512462484293053 40.09701242730395 -11.514924753405452 38.742414284823354 -38.27488448373588 -27.380236631873473 -35.776297410149226 -49.24028868473289 -72.90425943679125 12.959059389320288 73.93911810107664 -75.51810593504298 
-44.029729791477855 -79.2411930694877 -55.14257105765164 -29.420713896130962 32.69241981211911 5.380170269951321 -9.412655134226753 -5.764885446744742 91.26619453575861 34.54254026269868 -37.02193229622419 36.50088001216602 86.8005113687347 37.75644734504874 -23.521349706048667 
86.25150385579707 -17.083650082936686 53.38524612186359 -73.31329663664249 -89.92163015410752 22.746182886097216 -54.312815623560276 54.00048970922876 -38.78189701732724 56.33468232816995 -89.62157167431144 77.45341382137678 -78.05766384395577 18.041803292144508 76.85807457332098 
-56.60959359686808 -18.091265115854412 -67.0623808322438 98.7176263691455 -2.500760738406001 54.10679600814555 -93.32064116860803 72.6859831385197 -84.68059122049223 -36.77401011257402 -18.057888287928677 96.62336736446636 53.63795194836683 29.344254236071066 -34.24952937193953 
66.24208849146049 59.70006013268346 -76.77136202065284 14.24624798370347 -15.229289351956538 -42.6661317092476 20.518692418842633 -78.46790064271987 -27.885506774908222 84.95990934613417 56.53820941655508 -15.211461815145455 -84.39833354168597 6.880556609228165 31.821426308837943 
98.32733865734633 -78.83424564512065 -76.36583118799727 -29.83747100766827 97.29593101692473 -51.183661614641096 -57.20961684113228 -50.707634153147275 22.645798681093268 -1.7039813509434936 -14.515285972477201 83.31753986432068 -69.23997501935284 -12.94362257013944 -71.43753743497882 
-37.119677952651344 71.33837815404209 -34.047967143811235 33.69103998255619 85.33382812442332 -22.388606011773533 43.92167995673776 -40.00818228275218 41.099488222469006 50.74915452815861 -62.38992231291169 1.4135547012941458 -45.399178643855855 -45.53122342026326 84.82257837613082 
-74.14303151443733 -4.540264890674919 -60.48942605529199 73.53861391682685 -80.62379129901535 -31.08161696516656 -81.53591587821423 74.47886141046968 31.596633461908112 -26.730286739067722 44.176130634287375 -91.71745023578619 95.67299038027059 -73.2833368008327 41.788757530113514 
59.85565117786882 74.63341441702869 41.19044132200301 88.0962684261097 85.84189800506866 22.147608867662314 22.14160337995456 -27.95584242535716 90.14175821742901 19.47686769145129 41.813312835083025 1.5063176766785062 62.781661993137334 31.018852787641862 88.46674487128638 
13.160841889913527 -81.97512271157774 -88.729205029217 81.27843038153756 89.89744896474357 -18.8174070358848 10.79030988707406 -62.675896011692814 -71.63313201963109 28.47720821694074 91.75382125796716 -90.59979294875895 -21.39902411798802 -44.75867318221456 28.77208869585189 
-1.343830950863122 -56.755309265115315 -16.107679150775795 74.4217576432568 50.46094765680451 75.48146048928717 -88.90300600386016 41.97872368196883 86.08836771272527 28.951082432932424 -98.71485918610448 74.68187358143416 0.7393118756245656 -44.61603683654523 65.01829142161185 
-7.187350480581429 68.58595968536312 96.17212409950972 95.53059285224151 1.4747584911703768 -57.95321235523845 -30.211323104314204 84.73695080249374 66.94497981454867 77.26224453808157 -41.01028754420415 -71.55520199522785 -64.57333209418634 -53.503728780787554 85.41658013238413 
85.15596717372645 -21.512533282053894 -89.27865248796496 1.8613040010446014 -50.40534771455996 38.35936163260726 -32.73129605062171 -81.76447565464696 49.838301722958306 93.55121183667094 58.253515741662994 -5.250007223747332 -42.17177265570591 -55.59686346461279 -72.81084338574433 
-8.74848266960187 -11.955034748142708 4.259345317146341 4.242547458782724 20.010998592543274 55.325242143831844 -55.018282965520335 46.05206647464169 -12.035777962214226 -26.010489678452586 -7.046659379508014 -28.662787102051794 -44.83603299926999 3.8117606607129346 -65.23361002705201 
-66.8971463301219 39.826549113729044 -3.220620509078344 41.408430825634724 -38.36962799167522 59.3071547333756 43.64561420886014 75.96315769507359 -43.85762286348527 10.06762729443713 -58.81113563339206 -90.89835546203109 -43.135462966864104 -19.557933213494678 -48.63835732521456 
-57.332319476195856 -78.97874848212669 -33.50211889393775 -60.85370241113806 -46.808066124441574 79.7970750355357 -57.63240888000598 48.04577876595593 -0.7095235118352576 13.584801466463475 11.485536413682993 -48.322394030946384 46.649525810612005 -33.49094973666966 55.84024051273565 
-76.99994466492974 -11.203310560299656 -55.080749250247194 58.929652005584245 0.493247987101995 -39.91831061552753 -77.61880134996858 67.3410472239024 20.970759063469814 -69.97501216279895 -61.15719982315333 73.1981820750373 -49.96198511781047 -92.21962163906193 -81.1200523604529 
-3.0064527599467823 67.13702629106291 -45.7513869452483 28.296622734740794 4.452570328021338 45.39287730332407 81.89048337010166 17.976116001617854 59.374361093724104 12.909571897621603 -61.00728462396419 15.340446946186702 83.61116890872128 -32.23567179448639 92.79652488614386 
-76.6952695951784 62.61743904557355 22.8187356198426 13.835770433839343 -96.67648791689159 59.19391643551293 -26.5868927657599 -88.80571524604628 90.81797127647445 -69.04970332067823 -4.481599899648742 7.576049461684619 99.52801413295381 80.01620845373321 -22.74353550877082 
-40.20895890959044 68.00875801026072 -92.4753064621122 73.94386484735506 93.94282165854867 -69.01729996848826 0.847800777111047 17.3358369520016 -56.439139359807356 -10.678738269118469 -34.458396833526606 -49.07025126051137 61.826045745317316 99.43800153643124 -36.53396327038054 
0.5911000748287449 14.377678439637776 27.055700437118247 -71.63973036242075 -43.88712227577389 25.177631725694383 -16.34673869188387 -97.23056929871225 31.591994071507457 10.725923054986126 -37.48253428563206 23.051429051847492 27.798162564812472 -87.72124918699558 8.258905181824488 
-6.188011353568882 -19.7123367231044 -99.62172199600839 -81.60608061746316 46.098956947211036 -50.557105979588755 -84.14617186945308 81.14189573583838 11.295981135958556 -55.989785603400954 -0.8824939785672541 -37.64736713482779 -74.751841661355 0.9543390321871073 13.123544626733647 
-35.64014405942713 2.1727135461612477 -69.59665693562783 -79.99820278720821 53.207342498938374 17.519716334653566 -27.846820812090073 -58.444642877852985 -98.79244607924767 -59.30462679632984 -43.57126653026795 -42.40461980185295 47.92398002370436 38.757375325197245 -69.25114078424907 
83.79197041176795 20.31668543830733 -4.170852163775038 -1.557863117907658 74.0776988932966 -3.6968699383737658 -99.61355337834325 -66.18228319437058 -95.09791792333546 20.620713617008477 -96.85611578948479 21.40370342826455 45.739978358449406 14.48310861475224 16.12522868919058 
97.67328347985708 -64.73960563422298 88.08884776691471 -76.485469638675 96.6592479423345 58.23855821284789 82.04166169164648 -31.679505826623327 -33.44676937950075 11.145059875457846 36.903621153025085 44.41318868211647 -7.691026643670568 63.92289543993286 80.9011585444147 
-50.449860250226195 41.7002889095516 12.26852086729562 38.17703646721671 -23.550851034350686 28.11652493730179 -48.30531130606035 75.7886665245224 -96.0515683185436 -8.992129443276525 0.656673495667917 35.32215335587904 21.517487882059186 2.0863898559740477 -49.86462360957251 
36.68436156077669 58.35105378584743 -73.88130436577129 77.45673628018409 10.81506360753417 53.01319878365811 -23.350564868662204 5.076602982588568 50.74659858921174 12.308084623966707 20.46736784666487 -17.68879508094956 19.821428100725086 -85.7628628686097 54.12996589624069 
-82.50419419812263 82.05672211510037 -61.18745174677554 -72.35881119834531 23.79276820286927 3.814487691190834 -78.16259362654105 50.52862690021678 17.07863097228494 -32.68144308880994 -7.353163106705082 -38.40165525128243 85.60628033897072 82.29219706691296 39.19177697338682 
-26.29815389829875 25.151629849679182 -63.630951742143395 -53.402442693554164 -59.23679449070325 70.63963847282807 -17.65082157347635 95.99768998781701 41.40334803254245 2.0437234870095438 62.388187125100245 94.51599195415065 61.23968673602718 87.78711974832098 96.82377835189175 
-47.56081871529874 -47.78002562481234 -3.7103013404155263 94.88431280407559 21.458719058856573 85.36451309720252 60.94728636306891 59.84963495318081 -6.7001018471917035 -69.80004155730572 53.965450781246176 74.74539741569421 -76.45883128753827 -96.84786406276658 -30.153642343209413 
-76.81473038055444 -9.51147031163255 -19.26109573709165 95.91177483005293 -72.6236195564594 -17.352239232312 -34.173054132671794 75.5259010936555 -80.76943701866904 -19.734519567425735 -1.247041109437248 0.1592796450813978 11.655572452511691 -23.69719682887495 10.345453441031552 
99.5629573448401 -79.04963036992712 4.405656321913227 -63.416251654923904 52.857103909836496 41.53348304896102 -29.82444697388425 -41.87868509424932 45.29520207765475 -10.448323840473492 -15.944520320982036 25.41799507130898 -89.61450520613721 -5.533466693179065 -77.82380714943605 
-12.399360504549037 32.92940953942241 -14.016765364313883 27.017348559972262 -22.011529358678743 97.80178332215158 47.32863334300367 33.902863025797444 15.039867337184319 34.123124797771226 2.929447437441297 49.77495161887657 -54.694782124904684 20.733757645089838 2.2059027312502053 
-50.878622018230146 -77.32585086251196 56.58345607549134 -51.37879487213068 -91.07200926323674 27.022763420288953 -45.473015119809986 29.967090157055765 -57.10116286432534 -96.56121190436843 93.00236159684786 1.1283021566041782 -47.666652025525025 -29.834776777886887 32.91263660265028 
-40.227462757413846 -2.128792394679536 -71.70119675252735 -43.596850287621194 -32.389237988147215 -77.98454110191577 87.13307120118995 69.53437374986592 -80.41308957949032 -49.07272734926713 41.292612879959364 -42.08428438691618 6.723161394804151 -15.091162000967032 -36.20121636539153 
98.21931428859563 21.140760979561406 87.71218610363408 25.872223895789787 -6.204568888206978 92.53782787659313 -43.06838333194829 94.30800625025196 11.177947925905585 -91.95659447802504 5.518774059179577 -70.8404529207011 -11.667822717859039 -38.668447409812856 -2.5313028249662466 
58.63026979729412 3.6867039729716424 -18.685705520369723 89.71590746805543 11.78248169038119 -89.21373749474415 -48.43874030401789 -23.329036346294174 24.656523700133164 81.93316196596982 -76.03837502471686 3.5116664492187653 -89.33201278546122 -35.72852408768186 23.00931122534986 
42.57748069238289 37.75193362769974 -62.30997406193715 39.61028486512009 -83.00078742936994 -87.12545630116888 -43.033737823106065 97.50992129841481 74.51129514709811 78.53631213057227 -77.2468018400327 9.110989773294946 -33.57053159231552 -76.90640997619171 64.58834712369875 
67.7797825458737 -56.659392121508255 35.3832369095027 -87.83628925494362 -93.79817325177638 57.20986696933198 -75.96697983920635 89.70142079826795 -55.975326819049734 19.820914826512293 -69.61782421471807 86.73672832919016 -74.58536109846459 8.322499892859753 48.768551321719144 
43.3853690383354 -72.81903193681183 -88.19036690182789 -17.437902602729423 -81.10589092280895 17.876561232654268 67.58816035688659 53.00408934762601 59.1378608429018 -20.902615431307098 20.64167001742419 34.527052122696546 -80.26618251961781 -50.176829278148595 -47.86652612877138 
-64.65968372509823 9.713578174059649 -72.53400707908584 -31.160435234974187 -47.80898921407017 45.004643154855415 73.69091802673603 55.64415413165682 40.823942724907994 89.6518969278635 23.305635847069325 -40.20900658264388 97.7919656651095 23.84186390795189 -58.12172947017209 
-65.15170298355228 82.46421778908132 -38.6481856085076 21.226526962942984 -81.22074470199358 -28.436816305024237 4.266650776552282 -73.12962354549708 -6.300802446320077 -27.77122438208619 87.6626443918606 60.607608975340526 38.84384762182049 -15.202193124059377 -85.06351812355379 
-98.43982533072453 32.103841966681415 57.87673711305612 -98.25437452763485 -20.438462063172082 -54.892793887489866 59.55095220751275 -59.35803627509193 66.43146916638344 -62.161782891271386 -50.32010135745482 -54.51673840410558 -25.41912100484626 -89.00920923880673 -30.82816647316787 
-34.291654855168076 -36.73106013054592 32.657968329768096 -77.03558894742454 -77.37923636677795 -95.10682471834866 -89.4355737038507 -32.8972728174663 -24.677791131028755 -67.1207080396695 -61.86248721944316 21.09183725560966 -31.538633501691677 40.374200428926 75.21953893447505 
-9.982009664928214 -48.37731187174186 -21.502298313908327 -12.34945048593903 -58.55247565955521 78.81445223283546 92.00481139855461 -65.26131100278474 28.944148659106673 -33.02980674332467 -1.9272177493394622 14.838401520132848 15.724506724290777 6.589253866258545 68.12878322379885 
85.43520248465589 54.740375896201414 -21.607566467337236 89.36399370297318 -89.87670472089633 -56.467765308699214 76.05101843238828 22.374675887656707 -44.52470424196064 -20.572436983261483 -29.802574212346883 41.19582864102776 -29.729033231432524 38.3582629789598 -10.97329973343561 
49.96529913381181 -52.56953049788719 -42.1658260711765 90.92297521982965 -13.84743877887307 -41.92886239165225 -98.81466977861275 -51.03681493614669 -34.219120386759954 56.955669540917285 59.74960882044519 -61.37948477970816 0.17093475508799827 56.95033225121438 14.668439782749232 
1.6067274137350154 58.03679367168698 -65.3874210465431 79.42708323998306 37.00126929470082 -3.558453398491764 -4.727449564843894 -54.497508197525704 13.38228480405455 84.99855612856655 2.9604249428351324 33.98139382462199 9.249606329762457 -10.844902301692855 10.68861526256579 
-21.818658002662403 78.22680340777111 84.792918630406 -40.07933839394051 -84.4017949602488 -99.88002661548154 -22.279034048750844 -67.39497555197904 68.98955262651225 99.28666325085337 79.24831256420927 61.96896052236568 -85.03119762117242 94.95898856853802 -67.47413247875531 
53.21502911694131 47.03118850238482 -5.527425161660489 92.3338629461038 62.42303622030255 -82.81557728894431 -28.98371921431813 74.7793217156661 -22.761682592783018 3.5954622446610927 -0.675965292476306 -93.65045424758777 93.28363802306012 89.89783758852832 36.316136561273936 
61.06897706656713 87.43610727683554 54.91655690653036 -20.69695872226434 -92.4267772388663 2.9193045409324156 -80.51081533334592 -19.90244244452795 15.36442001981824 72.32550330545394 -87.1552222469351 -30.112771660845652 57.01328216068663 52.26145216102552 -22.560612414231883 
90.34244670615698 51.956092335752146 -85.70064984406349 32.32115005888639 90.25420047174063 78.33374458117922 37.64636542835467 42.305260984461995 15.867147958128712 -98.6654780826423 -81.79103457723305 72.24643044206817 81.86966934342303 26.78380622155494 -54.45251731755547 
1.5590812357541068 24.432972026522776 64.17824389357972 -33.8319431742687 95.4288096573041 -88.16261506697228 -77.5855096029419 42.628599835568025 -12.496073362272185 55.38356731140891 -28.473656885120164 10.266416342448565 19.605202661853482 69.62834389344869 -53.44078132199546 
-74.88660005347978 -65.25489488768463 56.85074525791288 -58.63597404954795 99.29288609322793 8.329137630232978 48.19405524572903 90.32166227806397 -24.762653790841327 -28.06774095116245 -53.27035375929607 4.7998643892149175 60.356499556898626 -34.16142215495597 -72.82335361857889 
-63.160764731393606 -14.85739759471079 62.14282018369536 64.01127282094882 -44.85571327266633 23.25990768251704 5.184276347878594 -17.376065891761016 52.40860017164738 38.906952329378015 -20.168207637477792 88.37664642827096 16.080754299003857 7.396373719794312 89.16217492352808 
64.75889337666223 -65.919335440464 20.292996275399176 -89.07042121837338 15.94263128316878 83.06802417463044 -18.696156983759977 6.365359355555995 -26.135345736553205 85.3093867752028 69.1758516555025 -17.265435312181083 42.09005218967741 42.94752955850478 81.33555398990583 
-10.435118802253115 -15.968940645189008 59.06756691650003 9.752564321222707 4.659089759979736 -53.51204744582172 53.52594202701485 -66.44564424479927 48.11808724705281 -61.88382859755925 98.00385060730471 -59.27843762257747 66.09787790328107 76.04372384623665 40.475012976595366 
59.95591290200724 -63.680045407221385 -86.7258272950139 76.99961482354905 78.92448609396016 -8.298397502092044 32.14920889563675 -69.88516504310653 -74.2746615990691 -85.08081455513197 67.46404592350609 48.598099098782086 35.20672393510077 -4.337853363212176 70.29415438591485 
73.70097143423783 -35.98475143839255 66.42475412870576 17.11666873466045 -54.66046026974587 99.521061136823 -63.29344636773153 -48.32423547839628 -81.72240067670502 13.994926397206626 -73.81811496329658 -47.01326727802946 -95.93745339464759 59.706882349279454 46.38883078396978 
43.20326678286855 38.28383815554477 40.29298965338569 89.78204184608745 15.99011645948896 -98.03481654112838 82.02201377487935 24.25473466003878 44.60807511674918 -78.16547192478009 -36.60722249411894 -99.03966649262755 -3.175544389835693 -5.912361834935467 33.06283107192215 
-61.94202023786697 -45.79603361189799 83.5166997825524 -29.693795811741253 -12.656812705532587 -63.646961014696224 -9.202427893616075 -44.784577888333054 -42.77104959964573 -59.021454433132845 -87.99869587815977 -52.56501728994183 66.37332611679031 -71.73562763003653 -29.71775733754052 
32.91337355160215 25.42175851006165 -77.5993408456136 -15.536521693708664 1.4313455563538753 -34.853961610934505 63.909705410201695 47.93167678486978 -98.00868518641906 8.935429821381959 -44.3109106912646 3.7511512345743654 91.12577641649537 40.48792120343552 1.4019941838161003 
94.77220386404449 -75.06184617137161 63.42502511000342 24.417152956701045 83.81395193742492 86.56569537979345 42.30638650395957 -81.52631299898962 -77.22628802487613 -22.88474473100584 -40.85607297202747 -96.90797444541168 94.93544732903302 -68.75477020941946 32.70578912497089 
20.6040587440216 -49.911257146671 4.029448200459385 -19.268447553994193 -81.77596552935933 3.90545666462549 -69.63111732651103 58.192285015705636 67.35980031648941 -9.847397283133375 66.83811680793187 61.59395946151719 72.50564214851167 -41.349878969515366 -11.80531440321137 
90.3712934047499 74.2471541168884 -41.70005617635783 -18.599295308067937 -0.467768629339659 -78.78365566589727 15.823651144513335 -12.358557929724356 42.20962905051712 79.30212150033543 27.64817301437273 50.60436210750714 97.29212186186828 44.97563546957309 -23.221710167405746 
-4.524044093289888 -1.468834496510894 83.33738362469109 -98.66895557798875 -97.5409862416257 68.96423196611818 -13.11266370506388 -7.174399821488507 65.79582521347083 -45.22072944148705 -70.23772564690091 23.300466021583844 -50.01026724166149 22.060871569804135 77.82012731941097 
96.75940765527383 22.877170016071318 58.4568412229502 52.39275275964039 -5.0672731700280025 -21.806703637981315 15.259339006756136 -92.16947309263088 9.693357558459283 95.61341692324902 -93.99737245483301 50.6105510160842 88.34457148013831 35.78791054602189 78.11517958939027 
21.13834995335695 28.5145171827574 75.81086586186603 80.6464572915628 18.98255765925869 -69.36621709922693 -52.31141298753974 70.41315598827984 -66.8651377801398 -90.80137591939115 39.51504369427329 -33.98921657021121 56.83670864868208 -99.23192498583924 -97.00388689451358 
-25.224270525982234 -87.09206664130954 83.9700394733803 -51.49782764751989 65.06342760836773 -4.188123331397094 64.66399045440326 16.268508947110647 -28.258351119525287 50.0154168725351 -62.41818838076245 -19.745560848338272 61.51640160374927 -49.972464355719424 -15.577323475928125 
-84.24310870889656 29.910425581581563 -87.75930232064701 -92.45923323529892 31.763066051492473 73.34867609987586 -96.17579209503997 -13.60862259494921 20.87391731379951 -66.3153942970435 -57.09092694286764 -76.81610522166984 76.72848542201959 -43.989766631188346 -0.43292668489718267 
-83.10965668959051 2.599063214694027 -95.46770321146414 -48.98600965315963 -77.69643203062597 1.400355998011804 17.55990759107773 -66.27083124561837 52.150288456769715 77.5384538316926 8.474863412263417 2.408167919939615 16.695285648196418 -36.292463717938794 -82.11830397748538 
70.02307695021983 -69.05496771802737 -27.2365334572783 84.48678030390954 -74.11257507073093 -27.14950408063042 26.435883058641934 -63.849881286763875 31.700081215151556 -54.391264533499005 -55.752487299610934 -56.96894947183073 -5.857327562672523 -74.86358895834644 18.861934310878482 
-12.49774265852453 -63.90542726516652 89.52342768895193 40.2212253365457 46.879820907365655 -24.765450704005843 59.86736562354841 -15.43904243075393 -83.09270612990844 -42.61374816783658 -25.71373345779368 74.66951447956964 -57.91948789122632 30.920414472742152 53.906604046399366 
-95.31010307238878 21.72516916635847 -63.06992761459749 52.09391525466495 46.20954784065637 -41.24458061426451 98.31347269669303 -90.58982084625448 -93.87768651267037 12.403023239120571 75.95113182351946 93.53430376432888 -74.72345218683381 47.940612507247636 73.60819533805486 
52.449815278473096 19.2640272347449 -37.56516281607307 22.74146651551432 -84.32832687333219 47.887894939980555 -31.585634177373052 -68.47193497177402 -45.803832946598575 -39.157730178504366 -77.15210347896782 16.880885832359297 31.15709870807879 -74.3756407914031 -9.399632466129006 
41.41740912737771 84.78095760638638 -80.7321119545366 19.16797818599167 -47.20045919504769 20.755436185792917 59.79772048648445 -55.80344483417667 50.38064717191321 -1.6305958015079227 46.73015264365225 -38.829468003056824 -25.697498713098483 73.23774493333983 -83.88386559180445 
14.083993064385368 10.334668388860393 75.93759423944084 -5.169164100504162 43.51577100306989 -50.98813050469908 -82.09803435603189 -70.88198313488905 -59.7665911070189 34.073895337552614 -92.86764575062448 -0.42449569977111423 -47.18320754997478 81.01979372864793 23.292680801923098 
-1.6828124091859138 -94.5976575207049 67.56228703182839 75.15807853036341 -80.46146110840428 33.05724977811465 64.80073026368939 51.513476755884 -50.02382314123568 -48.50863422132079 -41.336351322170884 -12.492502767779229 -29.690713552517593 55.358985956038026 20.842858323660195 
36.188258790670346 64.46231278023424 -34.81290922309756 -84.41487701248134 -65.43726725536897 89.50736998082311 -22.754261123610874 -71.1992822580091 59.34316675281778 4.544188732158034 63.28274846820611 4.7372185321286935 -32.68465752377101 99.87401764363176 27.500382147730804 
-12.554953965669057 -20.766856549355055 -83.24712451534073 31.644330398167313 79.42284250656414 -25.8946027364112 -13.354847011109044 -19.749731701032005 -51.27356491384831 72.1124700060814 66.46893170945813 47.0401409460097 -89.6647731558569 58.878048103892496 22.952109045037346 
-51.24054130884799 -90.20117307478537 91.24855491344076 -45.84807477250976 19.71155949126593 -31.63521758241589 -75.24108557226728 -62.26021190354254 -39.5147842527783 -10.627761625321398 -53.215805602630596 -41.800225367785806 85.08067864437228 49.18821535080272 -0.9874718904696209 
88.51139153755625 -76.1635380587424 77.1984489449332 77.23196408844646 -10.876732953010745 0.06949742488326649 -35.02083663092341 -77.42556795808454 73.34209814759706 77.60298856791246 -7.5702388239049725 -96.68995724184796 -55.705913446041166 65.0018613030575 -61.76422551864265 
28.700240343754103 -29.521560516767337 67.5112161557119 72.09813024996342 85.15218974038473 70.68452988224863 -86.75555931062047 -3.5503032364052416 -78.53439354737517 93.83328431676276 -37.325189143856164 -41.11297242217682 -70.92579666917337 75.56216665392466 -26.037104048849685 
12.106727403899711 -74.38409877818061 -33.87705551241591 85.2997758409825 52.39086394766505 3.415248150003336 -20.524772336495033 47.21234897601536 50.306842628399096 -5.205181118769616 -86.42419660598854 -42.4164637011319 -83.78866554432057 47.359581120070374 70.26858980077157 
-81.2426493627965 -7.92611228451841 47.50036281119151 -48.583543426614554 17.597435395647906 -23.64802628693461 90.99301673266723 77.43063556402191 -17.49185974896328 -54.1076619648243 4.253939569295937 -75.71496563848666 -61.49383412377327 43.77696840048753 36.53745054415268 
-39.15498919709908 -68.13808923356362 -42.69918903588377 45.60034762020055 -35.7311169623532 48.586837946316194 7.211195491620998 -71.42220784054656 21.171794637138987 7.726347395773757 -99.753577531453 42.415670361067384 -51.85077590918166 -89.17813892412505 65.54468743479126 
-76.23374545589206 73.74831186634339 64.21391259025285 -57.50855359701858 -0.1778805174438105 -94.16539674099515 -19.020057045290557 -25.2191942115646 -51.30647647485935 -97.2704255787691 73.38062062247107 -45.110488712874684 -82.26747997951043 10.038550463235936 -42.20763959326701 
33.96443217547079 74.63604037537974 -61.5386220685906 -86.39317252490311 15.637998167358475 -55.337198326080525 14.361143033377274 -11.454692551504635 75.72141694186857 -20.811580081301287 -38.80319236357537 -29.15577506913729 45.23922073810715 -28.23142502315514 -17.6353790346177 
-81.07151891195923 26.79066901139609 91.34281864179988 -23.15143254181919 -89.39310290485545 -16.533412443435296 -63.83809386300201 -67.67645367830228 -63.09445678481333 62.44658805335922 -68.81177423089248 -87.7006749309088 -79.68835113998969 -40.93742934197066 45.085219800915866 
-76.05892098373705 -88.57634122681992 -56.65080672507339 -7.35075730281207 -21.26567176451786 -32.40973916291222 -74.14901217756284 74.136968975169 56.17424627888937 27.01541668833039 -64.39468735472383 54.93177772570229 -16.803387378551292 91.36439620113416 -5.851708079972397 
-49.358207024439984 98.25320798440879 19.186846235429428 -36.81425251495529 -72.39882185164414 -73.87089101190622 22.026663976796513 -77.32085381992553 -73.46307298332044 3.6869924286783657 -59.34223327355528 -12.83399737049487 -21.251351490314832 18.334962573479373 23.142670104853153 
-82.8719822061176 -48.186871852042 24.469066636772993 -42.67033785618424 0.747907843130065 -1.876199215618385 -70.96640344341162 95.24925431857162 -31.717565559241635 -0.6737348511612851 28.39136623373483 -77.59347887988666 -66.58139405655139 79.20893791179847 37.788086784583726 
17.7796088324357 79.99855511163798 62.90602223506255 53.03237176799064 -98.25497519814857 -20.914487650632935 -70.15480781812302 65.71397734196694 -38.19018597904138 -12.799413976477368 -62.186099537425065 -2.0384328673406173 78.39369614774756 -96.88975132237691 24.746618806514988 
-66.90589951219337 33.25044176202621 78.45739461797729 -26.481357816737088 -15.416017988777142 -42.97811816523283 -94.15375430822155 92.1362975744795 72.09926728092307 -89.51969114937998 -57.38446324666451 -88.44822751338602 -37.04372570845622 7.945061361070785 3.9282398622717807 
34.8734143323949 62.07233688726194 -3.217484201268036 64.98113632295082 35.00587191770842 -16.09547042578589 -17.89592146200205 46.026628352440866 -58.648095304552925 96.08113987622758 -20.48993575282026 5.0844805762017415 20.19309696884453 -16.41327670855415 28.216784555152998 
-2.136368411651347 -73.32566204204987 20.63944176834667 48.196725233056526 24.179024977345634 -29.6755291823891 24.878311388174893 -36.93152132459121 -47.982426792740185 50.840111485990576 -53.89131614954932 -31.605747969545604 -83.34931146797287 92.01491199230819 93.98832453482257 
-53.78108631053679 -25.599776140772974 1.9086119430424162 71.65153673414653 80.27477799945933 91.57065283721789 77.61525694617686 -12.09557716403937 -9.239188800091753 -64.2973924900424 84.91065325672841 42.56943684476687 44.01800860005034 50.509384347952135 44.86346666227499 
-8.497560495235604 50.9584811916765 68.38440264622363 -52.66008590033386 12.745973859792286 7.123923352469561 -49.54291236700386 84.09247226983288 -90.24412264640382 -2.8856704309545336 23.629472133355463 15.668365026798227 -80.42464797470765 -20.107022467316327 -24.026298699110967 
15.165350452727736 33.459675557927056 12.964077477239115 26.928065974403154 20.435146471703035 42.74435573272763 31.837443303224234 56.321498201245845 -69.7603269569038 -85.04063820368478 -37.19996188065724 -95.80580204060838 -38.9543687838904 78.79024920005367 -28.786244449016138 
-35.86351789683833 -20.323143795215117 46.79621071737114 19.476333691228803 -47.22905638380441 43.59281898435859 21.61380401991353 89.12051574788606 -81.864520290299 -22.994390580100443 35.7953065263294 -44.58190721135917 -65.5609364871325 42.843861570636506 63.82239361152983 
-62.693327584388726 -53.3195581713765 30.342510157458378 -60.53664478086718 91.12125632078286 -43.91045469484218 -6.726057876726728 13.262496966939509 -65.11999112389825 -43.36097752015784 21.122761387736674 -10.825213385780913 -8.140288009778601 -69.41719214871716 27.66661226081584 
-91.84044887245292 31.366706540248458 -10.748806655015741 -69.07803693800183 -84.78297213786365 -47.466930557083906 -10.511519425184801 -78.93993725666444 -4.280396517918646 -77.54802806358529 -60.69233633822711 -98.27184071541744 7.9725391643913355 -21.89135231613571 -35.34941052071909 
-61.120199366354065 72.65056418957647 88.55388954719444 -24.41822071394077 -87.4814729272761 37.465989023789206 -42.24666671860897 -67.94273274392927 -40.18711618546939 36.6889147158426 90.43100037827352 -93.9122042978289 -39.06723556239995 9.51876572962773 35.27467662416535 
-12.976198610067627 -30.13514393269591 11.898687154702458 34.54286514502925 32.675879729525406 78.53244208387144 -24.36092985385399 82.88419087596864 -24.291402671522405 48.29974148508771 35.4363881318867 -35.25690703912355 28.994440681409515 68.44148168076657 58.497507923958636 
59.52358228653162 -50.7136874545715 -30.86055811188399 -23.11706048036504 22.205609516888103 66.45179731345647 31.944559070789893 -2.713246171354683 92.634039480831 -15.310587120539225 29.05240727986518 2.2786945450603326 5.777735956756743 -10.371981454494644 10.46427985134082 
60.86526446569286 86.46216845414 73.41274220580468 76.06036378570283 -9.082527170492668 4.437086568955976 56.66404629314161 58.657504508400564 -86.17425738839088 -74.45492503782947 76.07350382867295 19.581568808575312 -94.17542782171735 80.39074194142592 -29.92092757855471 
-70.70187847708729 34.422169928293954 -43.79051858599223 93.00667802790022 33.56056066546722 -12.638095861796742 -9.338331836104572 -90.11763289239461 97.39659590882121 69.13878146709305 -70.91935501120703 89.69961440859882 -57.273672979486804 93.4122389796103 -9.15656725749497 
-27.636433166059334 50.36200411341949 31.099006063302795 42.65991727927269 -40.62892460240511 -18.746448558054524 55.03871986338652 64.30285999382559 -4.306193212943256 11.14876708652723 -49.37249410836473 26.957809039032668 92.17483806627689 2.45562148643576 -2.4301606916377523 
-6.033172186773399 27.519179256196807 -56.86217934012765 -1.1686869933121216 -3.6435724881321363 39.214625060639975 43.92068156222277 31.35804702204041 81.75654935335666 52.43707752664838 -12.18580263601396 -78.52184727370424 -95.07408646456865 -71.75560915561675 32.28783806834721 
44.872539260587956 -23.16316811790651 32.65239859709729 -94.44689959989809 -18.12224606046975 91.8283566510647 62.33453794741516 -84.87561103440582 -65.04458528386839 54.94142333795216 29.950022528502842 -45.99635369923016 -52.936102382806816 21.92150043089653 -63.876451827286495 
4.210468558219404 -69.44138712264612 80.12860698946355 -32.857372686587524 -70.2966870514641 -14.063097821534967 84.85393372359164 -66.89874334085917 14.97703457131685 15.368408214007331 -43.41931292135725 -90.6179258773656 11.878317322711581 8.777247711363898 -46.68938557017845 
-14.411472593353423 -4.28083593522399 -31.4225861981309 61.73190159531072 -86.23908051970004 40.69454210261762 -37.523454142051584 -92.21595333707843 94.27109799641377 -81.40642731248882 88.2162361101997 -64.88637160407987 4.974744161578343 -50.074385462597235 -15.343560538680023 
-74.55193553797011 -44.84931273159178 -29.043843504161643 49.04576274517643 -73.68287045449493 59.65806976959482 -8.811007831076196 6.167759667143287 7.7580059369092 1.6033630308955225 -59.44494111884082 -90.73086202898928 36.140472564879076 31.425633414438153 -31.89532142563975 
58.81837995422282 -70.97373647316046 -27.73180909048787 -33.499338578292 -27.069204371862554 75.8948136556609 -8.650397129135172 -97.50450383742835 66.23555172619405 18.762665219805925 -63.08766561677872 96.71682489628142 0.8698243279354472 87.71148596155848 -41.38218236515152 
81.99034819044883 -6.571843199129532 -64.53886079109756 8.797326675084378 0.36026368044905155 96.87117749476221 20.55382575199461 -84.05740312901682 -48.15687104127646 23.5752746308614 98.42393413947522 -34.10503734912649 -27.68942003977986 -84.56790158628364 -23.53833599401473 
50.68193392274918 -0.07876540132785692 49.61570583515402 -48.143542158594464 36.3836923189958 39.13739858121673 -1.0561899540693958 65.43117072154209 65.95796685844951 -50.87009524181059 -85.16230821307235 6.2999802268597875 99.55760242560726 56.67749602771127 47.46461504330114 
49.62278322888878 17.41503580062296 77.65799851768028 -57.15336739288994 90.69526774274999 -7.498934498695647 97.63750684095282 53.945418936735024 46.70265754208384 -75.44798180061264 74.83956595807999 -34.921514737896445 -91.6724581319642 25.247717448940165 32.405330162934064 
247.55536251264544 256.90687319252896 281.95858290423485 227.0422846447887 290.92949985751966 208.37515593321643 264.0667663873496 230.94484058215454 254.9894650763764 268.9223616593029 259.8981775620031 267.2503245125216 285.3216963829874 260.2240593488792 253.9936585364558 
263.82083391424135 202.25425065777367 288.67917336559265 229.2612065040945 212.25847445678426 249.68364157931404 238.55358986207443 299.4102022737143 280.517478268224 200.41430301131723 211.06509728263484 237.7697466733308 210.3385760844194 292.9942427275767 228.01958099190904 
245.20641166906677 227.25839405770182 213.8697353784943 295.4662044023919 217.93189372500103 226.71545367368384 295.8886433082052 247.44249237192375 262.6523481457756 227.97465618231377 294.9030118975626 289.04192694159707 296.67934014349817 270.53225771364805 226.01509059421238 
-224.89641948412452 -299.3684492895831 -271.94253125420585 -250.90853385935068 -246.0140826274432 -284.9812222031227 -250.25180434488166 -208.76774387549682 -240.2388184390773 -270.0965382980148 -206.56789478800084 -244.78951137688315 -218.8491401632923 -278.6438838309235 -207.10354770689142 
-204.0166280788784 -221.6254278788736 -262.5678184243027 -201.65353898811003 -258.1199785999655 -241.88302987787304 -228.78438055874906 -274.9819164214177 -217.1925178923649 -216.76085800249666 -293.74765725821743 -205.99552662803603 -231.16217391090157 -209.5432917884929 -237.69000470617897 
-295.9647566782698 -221.53660753186475 -217.26954090460578 -242.80796380682898 -256.6428183164372 -279.7731397363571 -239.09809358536597 -229.43710177928358 -220.82518815815345 -298.58161359788403 -226.9035125527169 -242.80256931658067 -247.85902077565083 -269.9401245545889 -234.68159408860356 
