-65.92551053293394 53.96537162414094 11.854447249057685 16.58741489434989 39.8062436633476 84.18767792241039 -45.32274693625051 -30.893553542259312 7.721088306868424 46.58485026409758 45.480311031027696 44.723872746531185 67.58312555727574 88.94742562539406 -75.59651354897491 
77.82037155013955 84.06303269806992 24.100950648037482 71.01794281086075 -43.43461746530763 77.55974020326559 -6.247239494418494 85.8218451905147 -78.0059683866256 -80.2417046332119 -38.157761029631 95.9346133371076 -32.974636805838145 10.594104501627143 -64.344886738651 
88.39698131916097 -79.26910940317043 35.312913941074584 -94.66219229601494 93.66421395372888 -67.51094673543261 2.7616388879928166 30.07583644445944 72.76906678525361 87.18234107679677 78.454968222916 21.850202216155253 86.32683359675687 -18.64395030612866 -40.4608011138057 
-85.64759032385572 -71.67135097258839 28.09286906097347 96.15394950379513 -83.98411886185266 -96.35371559063404 94.8863739959331 79.5782980574341 -72.86697508902631 31.651599054229706 -21.357507510714342 35.71194873713867 73.1505804643522 -70.11487283350677 -53.57262139649082 
30.658055619616533 -54.409154229963974 -99.8428918587724 -57.27417733137261 -13.53108364136449 -74.13278215372648 -19.38679383118395 -64.46490391337025 -82.25000253284963 58.521683864205414 -27.678332565234328 -41.780073140735375 26.329789347495762 -24.374876549779017 4.128329588975376 
1.7362329532656986 -12.1669360467872 44.0028497572041 59.04871139257932 11.638338671566558 -78.88811069380796 -80.6344974346986 -32.327148004955305 -75.0332980527478 15.445718813596201 -11.93717901435538 -43.38588199166837 -69.95775028736011 -50.721657459043335 5.077561378123988 
-78.15192271515355 14.732933054538336 8.263231672730313 -8.897724781985957 -35.774973150121994 -71.53590935787663 -71.23624012942705 52.79605580647112 60.95633648982485 43.15385362894375 -11.949691662925616 -87.94573370339992 1.8132582343218644 -34.271535503169474 -85.42435526344462 
33.7648912444655 82.38766857142204 22.819950524557584 -21.75333410476732 -49.8022201173953 62.109468445039425 -85.35287047014724 1.2782456307656815 -82.33088894498677 44.6647024020879 -18.48958045974574 -35.20942309692285 1.0168531542901462 40.099231541928276 -48.82284626385989 
64.14751608275216 48.22876785551523 -35.2962915245741 50.28297017445561 66.71911694873356 56.20472708726956 47.924731378956665 91.79769167940083 -9.329606873813503 -53.25360041743252 -78.12419165603137 67.78871209311467 -45.349909491953014 91.17127438735918 -75.29087396592664 
18.37244709543326 -41.99651551661019 69.6621973878357 -27.025914494839924 -12.434719703358255 16.193087333551446 -43.68928345589207 98.01718167483807 -47.96716566481398 -95.45997802944078 0.943116306977771 60.960398673597524 -42.0269284946643 27.80774525980165 66.1703399322835 
38.40232572127158 26.21766169141206 47.78299287926268 34.053568516598716 -8.715716026705394 77.16977760797084 -92.0314638104955 91.7570088993192 62.94047010503877 72.20984823497864 -57.95926044146018 2.3905147384573127 -50.79717547520226 57.24867107531273 99.90896727601884 
-83.08255267237806 75.57594819099484 -56.85907037541078 -59.9625163770154 89.1254152294755 -6.210794543308708 -64.54648830092515 -61.16077859301403 63.749178926598915 -57.53931824275287 -48.81068412039768 84.52042584226695 -11.010497996375463 5.344326980453843 -85.60749296762565 
-78.11383169802373 -55.36962958999885 38.045173508784245 22.15496927645897 -5.303756151428729 16.374809047218108 43.14223200415469 -21.367804813339646 80.1380831282842 -4.4672192893334 77.41568144179845 -38.94178770355117 -45.77370751035863 -4.94132190879526 56.26300698408551 
77.73040857251641 -50.26539421347793 -48.43871166963554 19.26023039752269 -35.475334930474986 42.32206066832808 -40.307846977688385 -89.07163857771738 -81.1824805475093 64.13528247666454 -16.777626429050542 -77.56025963053948 30.469041249864517 82.02904759047084 -5.383241431531388 
-67.94497248414982 -21.894866785780167 -51.164161239431884 94.79246345311313 98.73126902887634 17.080871208639365 1.8377915328010204 -63.50423070632758 39.23839988433008 5.194683770217395 -43.361332297877 -45.47010220903467 -1.6101089831720827 76.10021677909259 -72.90419179839525 
4.766065254864742 -74.59743485355105 -32.31371974079494 88.64115441156198 75.13395741256866 -87.21293305728344 80.09625096679909 -5.471202727010933 74.51826099322813 96.82394686528119 58.00643185119864 -47.726968120496416 -57.23216784899754 -7.20733987586479 79.72384016476633 
84.46851574403169 -8.203932293623438 31.58430523318836 8.104456090024925 -24.34794343762816 7.549758685357105 -74.42464532598387 -6.785574389846133 72.6975894141724 69.00278695666216 -92.8312291265422 47.52409913173062 24.570984431845872 -55.56749623045194 57.700751644213966 
69.19959102893901 5.250951800714731 99.88712706217461 27.433039089776187 -31.36671065984021 -17.75940823034361 -75.80157509136603 -78.03106245203672 -99.4256835324115 -37.03610669349959 57.19521987350748 78.04390715546526 -83.33519473040482 -78.99544680706913 23.369203753024294 
41.930765325823785 47.227847156005026 -46.79528078426727 -85.33406265008657 -28.591011553602257 -74.28566397982979 52.337072161136604 -8.802658740679249 4.144282344029321 89.75565967517889 -26.838644117857385 -15.131896714431292 11.39930084204994 65.101630078408 -50.72936416247573 
99.83160614799888 46.10878402889057 80.25910165549371 77.72920161831891 -59.749694376415576 -79.372130473838 43.27756897242668 45.58413187773726 -84.22527551189496 52.97262599132989 -52.304492535457705 -59.13146884331824 -66.97243003200128 52.41733389223458 76.4276323559636 
83.75206019133711 69.78477605400028 49.39220353801403 -93.93288297259213 27.26803486025979 25.26903978559514 -76.91106188803019 18.020789385148646 -33.19225537162822 82.11655336777957 32.146028725458564 -98.89586607197114 22.05337537211136 -28.845105705771473 6.156408917683649 
75.83433405171647 -90.18031226334287 41.2293859676752 -12.998441077454885 -2.2785245724288785 21.563067249469213 78.02855620217406 -37.168100339375854 -86.52716107603962 -49.70261901206723 -38.84692462351427 63.13329463658138 -37.604978713343876 -36.45445240329073 -79.83033055130733 
-76.3053665908416 34.74889022140903 95.06050561567204 -19.782847839586765 36.54215106865058 -31.752984528768906 -72.86889631633488 -12.281355367080906 53.84466590575346 7.730711833172066 -12.207946214331429 -90.65781468905703 -23.883506113721964 31.42639779918298 -34.57768298563384 
-35.2466517057282 76.849530385169 -32.91548927435551 42.42695439301622 7.835944644073962 34.19582628008223 3.7223353358661484 52.716498440750144 -71.96886165894732 42.190330945797086 50.32086747594346 -76.78056402559135 86.30163241209226 77.9768088140938 -33.51652769999927 
49.26502846123461 -69.26322167247778 -79.82508338314629 87.68054706758664 -42.96779450495593 -31.081102531143557 37.16529550872119 -4.753115159985015 0.6169931900179506 45.897039912333014 93.4812022690422 55.67289886923572 -27.438396312410603 -62.48048608614567 64.16418652764861 
54.93262208875612 -31.611650592312188 76.03897161494356 -57.232570005669594 11.435720716840578 -31.535100861872806 -30.386641037128584 -26.801967282475076 -54.69962872773782 -18.607524890750554 -95.81432348303225 26.37326707896574 -74.82164529456753 55.98587488644654 72.24153703404366 
77.92893652215804 -48.89025721072993 33.81043505939559 -39.63097775646531 -29.65524731815769 -68.6491288726299 38.99249573707198 -58.749783644845664 -50.66840699191098 -44.62741944900319 -53.201698948871325 19.987815099225358 78.32093277091224 74.28098502087829 81.41616900857804 
-63.58942968299204 -72.5976547854504 71.38750229868498 -19.49216870901249 -3.524872139921939 -91.0323530018567 20.247044325845167 -0.5941145913041908 33.129249576940396 -11.53188361659167 76.71474315528619 -56.73415504174566 22.796446798445942 -73.19467066173253 13.406821499831793 
-95.89720158020884 5.356651199788274 16.06327257916756 37.305512847466986 35.29217190358301 51.36842329608359 75.14556816611312 67.42503700472108 -7.640718686062556 -80.12608057793113 31.036782342240798 -82.87101424380305 65.13661699680239 86.92971093769026 42.510580303100966 
0.6742005404774432 -84.83687695315352 74.71414907798714 -67.29468839537407 -38.132269123931664 -23.52621549393166 -55.61319875187707 3.035390676896043 51.99747115492704 62.90135329821575 34.949307200480575 90.80502556266433 82.2418060515788 62.575537251640924 -7.144084987664897 
49.578556289109514 -44.07283548013285 -22.932315787526818 13.490095794248532 30.22587137034347 -87.38355192727889 20.30131160544255 26.395014029322184 95.50150809401748 41.94863097261745 8.622364062066197 -15.418061523281068 -41.10203944908768 35.74797185577509 -87.97221784445553 
-33.51175764890944 -57.269053159519935 81.239406023568 57.60870068096554 -28.99959907858731 -85.58749024872333 42.44934843547895 -84.43715840812538 53.90016907006054 28.837779458915236 -8.43577687210444 -94.8467714434764 -30.498126481283833 44.047533645461954 53.25744229232242 
30.789841067204662 -20.52988030846612 -70.95692053258655 78.77137929520518 62.940743075031406 -29.311646718710378 -89.42950448886265 96.97147737766224 -42.9860777140516 41.19310997850073 -1.015926923938565 3.3626560903415594 -38.72110755158935 -96.52270598449297 -58.12299985127029 
-68.90297496218707 -75.76560666285181 36.75788899011644 40.67202686849305 -15.158785382250699 -11.80381907371708 -4.217168830095488 -55.491518153925725 -96.79698190626473 71.37021892386431 68.37564848895985 -57.63900295297879 -24.628752653601808 89.24950301991223 -66.75243324598345 
99.99122477440409 -2.883878556119484 -21.313448408862484 -96.05924239573669 -92.81582672478581 -16.767467297596568 -66.52745160094452 -10.126770683064152 10.030099775630632 1.039711055549148 43.15895059165325 -89.24632702924367 -55.89014968790791 24.276269579017722 -31.748707126947934 
83.82100333523144 -43.01618748862781 -55.44097919376772 -44.85334268264856 -85.40541112127451 -76.1442264543124 8.411802363243751 9.71322884060963 -15.294492128803398 -92.82115769067482 -58.64632561075971 98.92025856513442 -76.30273872209317 -65.13808580774545 41.600347732980254 
-91.192255799265 -3.5715292590446666 38.67774852474486 -90.78853122604156 2.524620603418441 -70.27893760752815 28.98936992582685 72.29382067867394 29.69453655826439 74.88552675085757 25.33872913033464 -0.451931472139961 -91.12908945247958 -49.91338867954618 -40.709349329764464 
41.33329263253026 70.27836543891547 75.7180150713285 -18.42135583433557 -98.80245218296541 9.95011047351035 -95.56675384352356 -34.749984609652444 40.12692571169646 83.63037173394508 -24.609695445260343 67.07997632543348 97.34681871923596 -18.003116210351664 75.33630310549725 
-3.226229525059992 12.618005200362958 -42.89569694419912 95.78128762176902 28.311251121920833 8.215677177517563 -6.9181872502025215 -96.46579852430047 48.80885586818138 -89.31353069706572 46.63016129084164 -1.8706961317339363 -46.90068610045224 -48.59656805680166 94.89561178544164 
71.49328827021714 -65.5319409233261 37.31379196918064 45.466446512800474 -85.51615458906379 -23.689812524073034 47.13545057505806 -80.38999214970599 93.00468318397085 -88.35194430786252 30.13672151348291 33.48578414093569 84.55323816473793 -4.03320776901235 -35.89145754771428 
-1.033085218108937 9.90987039480342 38.81751254690954 -24.072805661164736 25.612417714349107 -44.32396765292796 25.080162618723833 -66.52728479977964 13.520976509819377 -73.1027465306868 36.44718738393712 -94.08402212819216 77.48216543804679 -57.692238297134836 -71.71757071961372 
-95.42549443430781 59.26625830767085 -69.23806367374729 -0.7543478163822641 65.93595152467512 -37.527808838217624 37.20061655930442 -74.60084995670486 -78.89535300221834 44.69131742351786 65.79617554183744 53.150191083897994 85.33120307474249 -72.4636443345253 -13.406458191233156 
26.37663785105866 -62.269561892820334 85.86510770082867 -19.68215540513056 -82.6930386433117 71.2817930909379 61.94110686502913 -16.99934423880927 -45.29451939297999 16.304306455252032 62.86023328768076 71.72183509085906 -76.93923152431805 56.48828612183817 -38.695120816826666 
85.75130479011489 -7.12350560494383 -60.599702438732095 47.99130366408107 27.307707739990732 -33.52472687259365 -7.247440270337108 -40.512568715292964 90.39169963268924 -27.96265543290231 -89.18802655551818 -27.47859409138688 -39.981415161971846 -51.92028465375107 86.536526564593 
-41.45014229584299 -44.808881897590226 -6.597405533142691 36.52526069424377 -97.30828240186158 -92.82836556946495 -28.95824944157404 -87.4721791344374 -76.37217423465658 89.8333066202126 8.623792181860978 92.95166910468464 70.19931362797954 7.070344548401124 -20.403237363199665 
31.701132539370008 -23.524769447919766 21.90886993070616 88.50239830720338 -78.59343901374007 -70.18613347824194 -41.62451187108651 35.76210080651617 -12.970789432546923 44.76421728059839 -35.24304937185616 -62.701841207472555 -48.33201280860002 -50.59030857399911 17.68134296502734 
-4.33780798749271 48.16857587946808 49.424463070916886 -85.08899846900823 60.48566091499728 34.00226651823749 -70.38627748477109 -40.97967763894115 38.44371777148547 -59.40658996933366 97.24564467001579 -1.482738438786214 -8.540468435024323 -95.31559968574759 84.91910997804678 
-4.8649174250569445 -68.5988946395993 99.09939288445423 -81.1918143271249 19.42265977825481 42.78504378505451 5.497168376613317 86.59884961659156 -1.545275779719816 50.10447113145332 53.527231518550906 -44.977458177525385 -18.911691845538186 95.25035329133345 69.3059089696649 
-63.27752067796095 28.182786000318515 -52.4104690007249 -79.14738211339333 72.98870098914568 -4.893314153022658 39.55108768126948 33.65000297436782 -25.569594880934687 61.95913873803761 48.45743985556916 -94.63252658875105 31.704461750243297 -84.20631036043565 91.00708599892698 
54.94438250510996 86.62952292381917 -35.06235355093423 16.545688745725883 84.59959344138753 -12.728542543100005 -47.38711445048986 -89.83298667586436 -69.39239727258489 17.05992928271918 8.95357361003866 -0.15882941752572322 -71.21401503137601 -50.65065552995258 96.20402553751433 
16.284379685888723 -59.63089345097037 -48.2218437529754 5.183651632141334 54.77216487117019 86.76262908266389 4.576688699321508 -52.51627968111754 86.35673821655922 -64.91740880768926 19.071435596713584 -71.06222071373476 -37.76208668449459 -40.84300205911404 -86.78917080670223 
30.750709742328894 92.8475778228568 -48.77423866835946 -79.95332886113194 26.783043150871563 -74.71756222719978 55.474952247130574 99.2805087139811 88.69497058935843 59.53574128619127 17.085079321090447 53.19163390325369 -76.32885521906607 -20.087077919234545 -40.140931399050615 
66.35740294168292 95.12387853879224 23.516819999204813 -78.67185956703177 75.3067259996306 37.20089349116438 18.374142463218334 16.080185667481686 38.20718446137337 39.71013148375059 65.75262666180802 87.7146733114401 -23.522153926333743 85.72376174924176 -88.3395583543861 
-19.336478167330043 41.936219615173314 -61.74626283335287 8.647389876107908 54.935992839684786 -21.202983594591714 33.796738393197984 19.935688690077228 47.230783221877346 -81.2039229989943 -37.05683917939311 55.15821048243686 -34.25013460343396 13.6079218079566 -59.845022762144076 
-66.11177125303468 -56.117548582567814 -26.315872213566394 -88.94084200756531 88.15243312165714 -39.07801196022207 65.78840078012229 44.62181751943669 -77.33502181324808 -9.183968596879893 89.46136165621789 -32.17370286457796 30.95594566299033 -71.90652950353817 -3.4442269293394077 
-73.19732290288133 58.84377541353092 51.527942874464884 -76.89854831173938 -59.45267014887106 -84.2956216140241 -13.638924592676133 15.4918494007037 90.26177815021063 -41.69384265064116 43.63934895585123 -20.157428234839145 -16.331096510430783 18.796923958136986 12.819199047148231 
10.871722934839198 -59.046499863480406 13.462381769401773 63.22866824037828 41.924797677388 12.717074017200261 55.738840041867746 1.450137162094478 -65.5368460105638 41.1768722598068 38.84114895278347 18.628852476243438 -39.681957846173255 -44.60834934793332 74.33667493339846 
54.813155367558835 -98.98531333919345 -54.15530500776558 5.786415768201152 96.4889370746888 5.934726998532838 -68.76605486572183 -63.16961673371837 -46.58186591366182 -76.62483210025573 31.870920630475126 -66.74956288046872 -94.02216823125448 -53.968611018155286 34.5408242306701 
-23.991902001553186 -4.320378810151453 11.372607906459024 -62.92236462159531 -26.844484361663405 11.241448543097079 -86.10542576655129 -24.417059768714736 -68.32375922976945 -39.02601076366452 65.15665649163174 -3.218138543200027 56.920042579012375 59.90020360715275 -30.874906863576385 
98.05482624345976 43.25109266564445 -7.094275239507809 36.51665931138379 -91.95794730558246 63.082738636417304 -55.07008867943275 -98.55123268413544 -78.94788432004742 -97.07420146284727 -67.62213938435735 13.350517363231518 77.99407506672372 33.17926235821395 -67.21420692135194 
35.62455799247593 -58.00583409177798 99.03436897705035 -84.75259420849713 50.0141413754601 -61.031041812746125 88.62408121966584 -59.4781015905038 -73.74034384677024 -11.100611947964481 -65.36581178594463 2.675977633514634 -1.6483407491334248 6.170551745433883 45.16064326063966 
-92.25584893503395 -44.09732619810845 -97.9072562949759 54.91280152889499 -35.0495242513922 9.818764872641921 95.72961227321537 -21.969235746719804 -98.57962470990248 -72.8719763905387 -63.57973674479651 -70.34930995892532 -60.181973881684044 -36.374821852147555 -83.33184732279202 
-9.009168080794211 -57.86404992992329 -68.39177750333207 -43.529099693467764 -18.497846670939296 -20.004010491380228 58.38600250794414 6.074117150622143 -92.85084176316786 90.66709152404295 51.880650329680606 28.193907033859432 59.30264247173028 4.513025916575501 -43.14861839964876 
31.57302179249575 -32.18009166157165 -57.07734817269798 -61.24436322438758 -82.05621411526343 29.82239696767772 -29.25519125521386 -15.069514667542805 -54.316232713719124 -42.17790934211531 -71.37656464161417 62.371008722404525 59.73918118711666 -31.284257293138836 22.979731400915597 
-99.28382786218282 -20.621595783945068 -82.46067783077511 77.45281391316925 34.89573458675693 -61.922597926489395 -76.31443427850593 -7.671477471577589 7.93338722466315 -63.7776192174538 8.470312929610373 50.39570130372414 -23.294832153777406 5.118897943554003 47.50916882406838 
-89.54615993395831 -19.307507231203914 -50.97879382970616 12.639681802501784 -69.98497589302922 -39.702011725123086 68.92365402973982 -57.95180055730225 -68.5971288033328 -58.170897903171095 58.21699523017173 -70.29950333397316 -58.99281281584594 -13.999626480225942 80.86834223630979 
36.936919662309464 69.32179911767702 -8.955576615288493 -91.43491910547928 96.32918387372618 43.63763588792753 -97.67019420117016 -94.7676542186037 -78.9170799152993 -12.636260683320614 -64.15671254762974 -64.04255644009802 -47.19278447628233 65.57995785110816 -98.17985254933723 
19.906064238946016 -62.33135824410145 23.24322629561506 -15.913530324840181 20.051933651276087 -46.471818136747636 -53.95295165074629 -64.66264617964772 8.027270555586611 -70.55057463505625 -42.861156306451505 -25.834928832476706 -52.559609123201525 -69.27969411637727 -92.2583395886681 
16.86639092108406 62.38677455322076 -50.75219659465653 71.49972614979174 24.419209514515813 -8.445820705662115 5.933957655653572 34.81690217531218 -58.86855477345965 -37.18426417506677 43.404487580972244 -42.780379248026044 72.43639767308892 74.038990302581 83.68364168027688 
40.7846452492073 74.22463660435795 -46.367077666699565 -9.26639463137127 45.23526626730816 75.46779876782145 -10.708597443056007 87.50571171076876 33.7336675499007 -73.97808193343592 -20.751400553085332 58.58677652810954 -96.00173793155923 72.39275994414291 -24.501129550123025 
-89.344606949791 -22.68024006877411 25.20615308008172 18.057812464649615 81.85142105400615 -65.76654513484881 -33.408904294464065 46.34735294818449 96.82250078706815 -66.75077158721028 4.980982442772358 8.19950790326503 78.51433774085314 -10.61190160028977 -52.68838273285359 
-89.40534847983332 -32.019603952648 -24.35867040282038 -30.2257423037464 43.37302569170805 -50.66284108101149 -74.76582462593203 -69.6775223024482 2.6412171188416664 -18.620104781415876 45.61985097577437 -39.12695352052784 -86.21595802614472 -92.57138356752412 -70.67305942721444 
40.583211451759524 -62.19181396383766 -47.66036562703337 83.47415608482675 30.698833713359875 66.45036542574343 52.678841832172424 -23.834663751339534 88.66616087700132 -87.07394396748138 48.82925735099363 -73.0757565636936 -53.21866781578664 -62.4270039143868 55.85278579702961 
-72.50399531174241 -36.13223650356288 58.210340863919555 -79.94237121506487 -8.205948480832959 -75.24406764569751 57.08080827735225 8.300959414327295 -97.9661162664688 -76.68875286583182 -53.23079809551461 56.72286075018593 -88.08626170512403 80.92598226676978 -66.73629261015549 
-21.35925174134445 12.597882697967819 -50.24203096051156 1.50841624084768 70.85800749682599 5.122192300242759 -69.25054629698859 -66.92317489853086 55.777450685896554 25.45261017088818 67.55447664518655 -84.46828690290656 -64.30923897230112 18.37204217766177 -31.093197016769807 
37.01884686728707 -79.80393829974813 -65.93492066828632 54.925027945300656 -23.508085063067668 67.07690691206051 21.815205971685586 56.7811886614399 -88.58131705821171 -48.109048193177784 99.30631901760395 -89.79259797772572 9.938347472648971 27.83192219900971 14.667928570292688 
-11.556502566452224 -44.645147475161906 -77.39576327590697 78.36922855904476 -82.77364248037631 -7.069305159873096 -82.99148926976558 41.41335122559522 -33.97123940292228 46.92506761990376 6.604057711710993 41.111487339939686 74.69253770023383 78.38153736240699 66.78763772252307 
-18.222644272835353 80.10704124824593 69.4560728667955 56.1203413633946 -37.21877560045468 55.34307780721829 -50.57067621479696 14.544052562184433 2.065911859781778 14.335575542850592 -40.56291209377161 -2.155614774801222 -71.1823334248912 -63.81344724934037 -94.88847700657432 
-45.09001614029753 -22.93687333549805 43.03923957269791 13.628203581333722 47.34412710929894 -5.72939147561344 58.62404883930648 -26.388323858832635 77.73611172971434 -52.656068045534 -41.96496050124845 -74.99373771584081 -67.99837662202866 32.32183891624808 -3.845886944818133 
-99.46201005822797 12.287933075722108 -68.03592249230715 64.55381380965764 97.95091578083975 96.4990712723486 -10.321980205742292 -37.19270390578102 -20.226322353136638 -12.906430154526305 -57.820830823184366 84.39432220534096 -6.882705086661673 -39.275902846747044 -79.87850914387451 
51.97232454196637 -6.426769124114045 23.752806284712506 58.8991683080701 36.330100247638654 85.10883498121021 24.08094932134857 -12.82583908496828 24.40264939309158 17.285852947798247 90.98465961170902 -82.5443276782673 6.119138538536475 41.363438326485436 1.1766963881576231 
89.74855228176006 85.87039516647806 23.732970620623234 -36.94479389466283 40.10130271405973 -0.19063199197617564 -89.17298638928412 -83.80945649999208 -5.30185523395626 26.251136121959746 -99.65127232116795 87.15613795351763 -2.6746976444538717 -75.25288944722128 74.70233632098419 
-52.0850481690571 47.187001648391174 88.1805211782773 -62.70962475323656 52.137701007934794 -38.28307546691438 92.99034381520286 8.21317606864369 -12.067068817220687 32.02278279176036 82.68876069015548 21.45685391884882 -80.74607183863513 86.9444999019396 88.5471034710751 
-28.533649216810858 -17.439364411163737 -56.51573130270964 97.14241766561221 9.010971430955323 67.41063753666171 -91.13231537036906 -83.45838990667869 70.89520540461791 38.441974131767324 89.93869147611355 18.218856127516702 51.28186440714805 -71.63453371711203 -48.22794136698172 
52.66470170652994 35.508238432782946 -58.4204272895823 84.41749259061439 59.17864761856245 -67.87729555153186 -91.76922328532785 54.86930951199011 5.26280375485095 -17.369660322091434 76.11906520195075 -68.86473372472106 57.59981810625749 -56.08230179659657 96.55780351135402 
-95.32246764881351 48.27485111191453 -43.73302682479825 20.556452208773464 -14.68792032049997 23.279179206391092 28.446150886856145 82.35149812006821 98.95952110073509 38.09990172181119 -32.515863285626764 -72.31683262319663 -30.80332455063555 -32.402280162241695 67.16450272892246 
9.340789812810101 96.90922007503676 86.68954462896892 60.348627086372176 63.30969138759056 -83.99620459320201 -58.9386766594079 58.450296078474 -33.129814113992936 -17.330714779602218 -28.334637440644002 89.09893494954528 -10.765259767517563 94.79007203463951 -38.71608426135378 
-4.009222000544582 34.191268409196994 -28.02980390709824 10.930531635389556 -84.47228066240243 36.70623815023191 -35.58684619094777 -98.70454871462759 -84.28396190559826 62.7007608882015 61.500533125900716 41.32732196519012 -92.56358362045324 15.53819796020619 -53.32267225363763 
-50.350115593770404 -70.55679367097753 -81.59925668081996 -7.462311360331526 -2.379883017649533 -83.56869776272507 -39.54033593433876 -39.70413030882449 -11.659451435889196 -62.531950772028644 9.926477269886519 -13.407994108061374 86.41329509898378 35.170974249753186 87.35586777959588 
83.4753333762219 66.48496451347043 -65.35699625288365 40.04336108630403 74.11269734933111 -29.751817353469548 53.49390255419121 -32.37834728879247 19.6254183536021 -87.24784690554787 66.6882770361014 -59.71494474693326 31.94795546796138 49.25300046917485 79.11835519418091 
98.54419405963824 -39.566862440555695 -93.73138785534145 90.02696415227078 47.23426874662587 1.0563204766564667 29.442327322104262 -41.82463073828815 -8.251771458243141 -35.70072762449388 -67.28570112945022 8.681277856256472 14.40677601051729 80.63029018426982 56.30738265975367 
17.772189304427968 75.86040416212654 10.684296952487585 56.94477309113623 -85.73208229246222 27.96680730552457 -73.478332328773 -59.955233775776165 82.28373872092615 21.12233746332315 48.22087145805992 -28.65860230638522 85.40938744585941 -50.90323451104819 -46.25516733667989 
-10.11061381406408 47.32019728456311 -61.87169568224644 -62.60069782848943 42.29621825717547 42.08716867630659 74.82350147039159 30.561560204666705 -24.568589495387585 -27.670294487847457 -63.68897653756436 23.268444432870197 35.57578598716981 27.79516774903064 81.98889049779149 
-6.0194985672548995 33.319685588238315 38.87684052178619 -84.94627329954764 -47.38747378019133 -8.79593205219382 51.75478379594668 58.694613134698784 -73.33987971048242 43.25758118042654 -67.8184037401852 -91.90798529075401 -37.9367841119046 24.317498377550322 -69.31924755351062 
-34.567195430836634 35.75290160760562 40.65761214177135 50.49587208599121 -22.54140688547139 0.453664866789282 -87.38518189040931 -79.64700391307879 14.83371178760575 -19.363292921861785 -48.50297131913421 38.591344828875236 81.04777900489765 -18.176458599533518 -16.125240619163918 
55.0117773159358 81.72600475242336 16.322340952322406 -95.97846384105249 20.432334315030715 74.23606696528918 -89.64822444565445 -31.97657981892705 44.558128278265116 43.71341169709547 -48.19405984199585 85.05422334779703 55.37694088522758 -93.74865997930219 -50.073891883754904 
80.09111223125853 77.67249515443214 -24.931992985043564 37.62719379285241 89.23823462646311 -66.74784432487075 9.842226901452108 -12.827938487881056 43.05885196059526 -60.7468241028337 -43.49340510047188 90.9807901427485 -95.65689284441771 40.680279009894804 -99.83773954975615 
-70.32419693436533 44.93201641052903 13.021344481491795 -25.213237774835335 -55.3773420763326 -62.235526715506964 -70.82271345564178 82.1883134425442 -44.214193827954304 -20.290073418857418 -10.718211797832808 -28.724879145756304 -81.24954009165506 -46.94579812719366 55.535830233299976 
12.655626050470886 -83.09062433407723 73.45593216038077 90.8656926825476 -99.97793151781913 97.46093439830923 61.13296933148226 -81.52810607673425 58.743845215488335 51.672825488970176 -63.26263743334199 -5.157969478473419 -27.758057457145924 74.45322844515215 63.08345104683988 
4.742031801588325 -67.81621810010552 -85.82784794761926 68.51079766161152 -49.07415315451522 23.05990013597419 -17.7475187677163 11.752493700184317 37.80411673992705 46.732369817021066 -60.48558062822656 88.80098910670597 -85.9017456686236 33.54186870009616 7.972599522905767 
73.94347318397067 -81.38330727594808 -42.47505271137737 -53.013221734096774 8.78444901842559 59.38882212750883 83.29588927282444 79.46165540980726 81.22716722406406 -32.962376387366604 18.40321924723102 -87.97518933856459 58.1904249204608 10.904349371005225 -39.43028164218916 
65.08392523590871 -86.56062245365135 2.663257436610806 -37.46114074336935 84.17239790640005 90.21938999120641 19.734238809726335 -44.50740499236305 32.9494291736865 51.619109867575844 -84.64816103997994 24.217049623784106 -70.5722678889565 -40.297331238868026 40.35660194858167 
10.165512933513668 80.64286175612679 -78.51490709849381 9.168148601971993 -72.51579248379103 20.327311096019514 17.393714926046684 32.45459252282643 -55.14726399817811 79.78853744807662 -27.925206819120234 -47.14430553290916 -83.06841754308256 -57.080753030909335 70.07789112356957 
-89.89639635029805 -69.62001807139842 33.46018991300119 -33.14549202223651 -0.8773987690230598 19.318053557908982 -1.0983462834583122 19.50290876863592 24.685634212614957 8.397307609371126 -90.34526628724156 36.49804529967952 10.88668754523674 -23.647661210364816 4.133839037953123 
-65.67845521436284 -7.991649496655384 24.423454661523976 70.45395840480674 69.56728027778269 41.058882313486805 27.193067839549087 87.21351214540633 1.5635189969819692 -69.29152934090055 -17.636749315507913 89.00920730462136 -79.58693419725098 95.68622446804054 54.55645030900783 
-82.00894178520224 -47.4652554584154 32.33400137454919 -71.90407962003104 -19.558913064158844 27.033303006698063 25.391458586687904 65.30793784486423 50.59844551155902 9.101687584047639 65.69968019490389 49.736184981579726 6.576786389723736 -85.75342091691294 90.11465583841496 
-0.30258700081213874 24.109438170037564 -42.500668958945376 63.13805002888691 0.7537022893073839 87.07282995291789 -50.53630707913555 -68.03233056014975 64.4450501072846 43.732343018764 -79.36698002896028 25.191199809291675 -35.38289473168537 21.284498445200683 80.90678280673097 
41.3655710345418 9.182363744087255 26.457006799368628 24.88408649749789 26.061424547805203 -47.29660703942849 68.86342462011325 -63.22444607068143 62.84099185261678 -78.58318632210523 -28.510721620024327 -7.302485284241428 -15.615320752115139 -67.40989427964861 -74.43371525391018 
13.761977612981212 -73.68485225704661 81.19427078391851 -21.345289724711122 -99.61260310110782 67.98508062732452 52.982299947402254 97.11783640940021 -47.29223765683659 -34.43541457593359 47.3694379590776 -62.635646245789545 -8.740449968659973 -32.96490754638353 19.36973640286456 
22.631394666987404 76.40486984459912 73.83984211307151 -30.031593973077932 85.54595931734534 60.58785266475425 -48.28190174541993 -17.965795113860054 32.0221853368534 -2.9025116768838046 -46.535572874122956 8.025086618513129 -0.98039187543597 -57.91346901832621 7.735260952519397 
54.47992323250247 88.65512010236088 20.174447642776443 -93.77073946701759 31.329299936081668 38.02979067824015 -48.85595211177509 29.6943138423336 57.320216103625285 -86.18146053027682 -38.44108096674405 -12.389318692698907 -66.39043159859719 -23.570609917001306 -73.27246622488279 
-91.7064987584445 20.098462218042968 -73.86919057734451 98.48375095178514 -99.61260935032507 -63.00502066911042 52.70065806632567 -69.4426466867288 38.3030041828209 97.9598193629109 -57.12254632078007 -6.044289881550299 81.21699771505675 77.9319112465254 -33.7866884746026 
-99.5826963765673 -0.9093234155893839 -98.0258423504836 97.28699271518565 82.5093952397743 -82.65442638054154 0.9451813870531538 45.50264241573825 -58.222357325038956 2.1600885095880926 -57.16209214559533 25.72331855767642 72.69717985307074 -83.05408014032629 42.99915134432544 
-37.76695065521323 67.47334019672823 -21.446444924324766 65.71126988059731 -96.5331784831378 23.889547288256537 66.15084732885686 -99.65001810342562 52.573685054352126 65.87711096761907 -62.92277793046257 -31.04417737512739 75.30123367602556 88.17564333671615 25.588666743144856 
90.5475870944899 -86.52087942938145 47.95142529563006 52.698117939962486 -27.622171649694806 -46.773807711779284 -88.57106431086513 -21.600926347358424 96.37672092187094 77.30140676612854 85.98999420109072 12.478980155901297 53.936613209739136 -48.03716026091456 -85.2235126653624 
22.08244130135651 -69.89568484220553 -90.48576933192787 78.53991844159782 47.2947243988566 55.35707875968413 48.36513874763901 14.557377978470655 85.8496461995448 -85.75332307918475 95.70059927219799 19.78770130651965 9.271237072588917 -86.16619668739405 16.3070647036961 
1.250516676437229 87.96327153402143 62.93994662089435 39.247868526684954 99.30094957989934 -98.95580549210344 16.13110044946866 76.46106514890775 49.39211828240525 83.45279291005758 -73.42383440143118 69.04568908152982 -38.75959509855955 72.55819075348174 89.07553422542514 
-24.60995945201425 -97.05875136776822 95.92122201707431 11.963450686222131 82.06632533447348 -91.89844310099198 42.2641043640821 -25.4871360486504 -60.26617682391784 -65.22681282398042 -61.82276945405341 11.442868016965406 -67.35528623847715 16.29956488845241 9.538512416627313 
60.079766564279794 83.85031666042568 -17.489086732213906 76.99900745843755 77.21530714886268 93.24369941288066 0.11843915679008887 89.29234374692606 94.76488996996184 -12.038346776621552 -14.98412184893516 45.07217705446939 -25.990568732696588 -13.914746809248797 43.56324717282024 
-35.46115986530114 52.95223227307804 -52.40961598946527 -36.182186801535025 -98.89816474301765 76.48129731331312 62.49277277337799 88.91555353914299 -80.28410598350521 92.614841412945 46.316084247105664 -40.723423505443265 -46.16120124146994 43.52792035154448 -89.80602148517806 
75.78579487652524 14.282692801682288 52.518672588761575 -55.36825819708528 -16.607527890449347 26.481696597179322 -73.29442215913096 -50.49029770657807 66.45085444112729 98.2839391582379 60.06760053225514 31.49143447988496 72.93962294775423 -24.411738406665933 -90.46699559036165 
-69.54062926275932 -99.38982927033047 -94.87249938354051 64.4504782130997 7.824929238209506 -38.315256672331934 -38.936262407001145 97.81829583400173 -21.674279282395673 -89.28079113460457 97.70447994031898 99.72143352238072 -91.92590879167888 1.6027845937385905 70.06058679689659 
20.054702215887943 -6.81478509411842 -90.60973819718774 -80.48204754005303 73.4790588232841 -11.878482111262741 -4.025769986892641 -76.63356137213037 46.345061283373866 -83.53538774955737 88.99876973787846 32.23142006517452 29.008373310105526 -66.27387834502196 -81.85335791916464 
74.89570853099048 -6.423204929745367 -39.47055358932789 4.61053149621516 44.8583018537997 81.67598350865836 -58.716927963800416 66.52612259684 59.462276725724166 -30.88253447671758 -83.86850273830477 44.37660385624207 -69.44527980955691 59.662309034529216 71.4343307172586 
-95.86929168138695 64.77961904170851 -86.94337810162354 94.66949018492494 78.3194938595363 27.593343333642252 94.4817958192539 -38.680658955226036 -84.79337326581489 69.61621157707566 -84.08342448845295 -49.286394245167386 -49.676416459095975 -63.53128869579405 -25.898379287513194 
-42.27179412694857 -52.90014314990734 -6.609536393928764 55.380585829104575 -20.7556777819087 -16.971933919051367 86.47255501420221 -46.14771523941572 29.362577852596644 20.935546675701232 -17.37672329115931 51.7718190948155 -4.464579892217671 -62.8619841036337 -39.31746284167772 
-34.12921960992246 -71.69752326556443 80.35401626391291 25.362918063247662 54.238595269912736 84.47389857900723 -50.71842237916802 82.05999534982311 -99.93078904893875 16.802239019423396 -13.578948056481238 -83.33773781936426 45.24076939079086 -71.9217083882668 -17.50174865643433 
4.0726830310370445 -23.375355484898847 88.66410929806051 -77.97833457804447 91.1705100064128 46.31676960633612 -7.481363942585233 -46.14091554166588 28.401276612794845 76.75033163582498 -67.40070707971795 46.83630150831718 -53.68431690829836 -30.506389489690108 16.74428435652817 
-0.5373574955561509 44.041921283544724 33.4522969970717 0.3842014727837295 46.77885154296433 -61.218534992822306 -95.28223650198842 96.53632477132959 5.550706056631441 78.36221094936397 -73.7083651538881 72.01424214622355 69.09516580827304 3.3422380066225656 36.580699974950534 
70.6211725841496 9.061746551190808 83.95035594413164 -99.37818509701285 -15.360846460151834 5.534962765971358 -63.65663000744133 -61.082801958546625 -34.63133321926637 -6.713950275114584 18.93718496398374 28.3279081782197 32.4515682391353 -27.38284814715304 -16.83083994830885 
63.21532026328319 -9.89181729456061 -97.02251169122522 -97.81680527291383 39.96095495310007 -35.2028380666014 94.19460806596163 74.97502035329998 -16.809364755045266 -16.603381870568683 33.06432253227399 -89.19418563555561 34.5349905572306 40.86135616681747 -14.86306647073991 
-43.8504128711527 86.53359245903872 -54.25566392945205 -73.56223911094177 97.15141992114883 43.80751663455649 98.05356891811846 72.63155597375584 -19.757808204871765 90.52042759704881 -84.5398946659245 -35.869201264225 -4.678127338234745 -71.81293860414814 77.638373079974 
49.07597666055375 50.560279445092505 -73.06695755240169 -4.834114629930838 -29.940959867243038 -95.47367908034363 -40.46259394629337 35.50252569369127 55.063295593181095 65.13789418881794 -43.22215372217999 -61.727716449327396 -32.26950212416497 -16.807174564243013 98.11277603993449 
39.1720273191024 68.15706932568301 5.814064499730165 96.13455989556806 -5.86119447400273 -95.80135613108669 -53.92496085392678 -51.526919098383914 -0.09044472056318398 7.357600387832392 -96.17376229391357 -91.3289072500433 8.05314063053686 -68.96694431305713 84.43480947250742 
56.282153522920765 -38.668122566083426 -30.84524413520559 -91.10086729699584 -60.951775060576786 -39.04312106873291 -28.192292307368376 -31.681678411608246 -61.629860767297615 28.766224877598233 38.337450061571644 -5.124365440689701 -29.081104539697506 -22.383757678867823 -81.16241429903121 
56.24995465976909 9.76055856136604 -44.18271183687095 -73.3784502147821 -5.847673279336135 -60.943998004172315 57.6794223343978 77.90258020011117 40.24124299164703 -48.9289192117482 51.34852966472906 -11.247926545112222 16.81463083988797 -86.46355739088487 12.46154119446797 
-71.74817831705266 42.88955459217584 11.1306729003811 98.92041522858852 -21.758125184730687 -12.626700218759822 -35.927224158891605 96.8062224048235 37.234888315731325 -96.51540334315189 68.67395907417082 -54.62635972437353 -43.54869714206 -67.47006923687525 59.93833600343817 
-98.23002956825239 88.18845625820046 21.846938330594185 -43.93969582515036 -51.578048236797855 73.43134685945984 -19.54765313566776 -99.9326300170996 -73.55554616903967 49.70458216007705 31.553108102071292 61.1260277275382 -16.598372652078396 -58.15907543920591 27.4740203675955 
-26.579098763329398 -86.609997394089 34.88485076722168 4.698184219912278 -44.27420332003731 46.27704055246497 -32.50927014438507 74.62028453880276 4.131540932413884 5.925999662206394 13.714426589689339 -51.01724773669576 34.099566897599885 -42.81290685694572 45.777773944621515 
24.928046888664397 -18.974188797398355 90.70196599453845 13.651407672764606 -67.3386616631734 -43.34442000078087 -51.12620332740494 -65.29511081191541 68.77357235435889 -13.388416807927456 79.93563668923599 -73.84619816655515 26.164857319556916 91.35983634524797 -90.45939524587992 
-71.80734888572762 34.17939058778089 95.25766941472773 -20.893360936990433 33.726495782523585 71.53559167449959 97.72367076634785 -5.073616174288603 99.943509723267 7.624886719931183 -22.07305523567433 -8.110415563952571 -75.85848840006102 85.53881805169499 -43.40353564198378 
29.876780765173663 -90.55065670045101 80.89430024395483 -61.21537015678249 55.195473450321344 93.62217705410666 -43.341079448796634 -25.760275461499276 -91.5072405268176 73.77761283106773 -56.98214641345749 85.46947689797562 41.14721992278555 -65.62246337369974 95.76787271976136 
-25.59182956060222 8.044639663064075 -80.82787146962771 67.27205481615579 77.40594575884842 -62.52301426100304 -39.1183993602102 -59.48444064816838 -26.562819565067628 -50.27166126318099 88.37877693193249 48.54633010924377 61.84433251423553 39.992005584573576 -54.93219077196467 
96.6717633515961 97.47749084635078 94.4793483927063 -47.82146644506356 -74.96710636216457 -60.641526729198404 -53.0073419279542 -88.64555303181947 -45.501993035833465 99.12906609162349 69.82577811068455 1.9574194621353627 50.87771887396448 -51.64278242667344 34.06112254522105 
-72.37632594904994 -56.27166936255335 -48.43510575034933 -47.73211068806518 -94.80115492257634 -50.14397657984377 -99.1297946816931 -23.85151468014739 -18.022890647767838 -67.10109226333776 -87.2337081345539 5.810338805274114 54.865584610176825 -14.107265452547836 -6.195647982803209 
77.16274038036934 47.16351921640694 14.206988165266466 80.422697677381 -11.624877003020572 -63.19919684327595 27.53058956165144 52.22826718158572 49.24392601120613 -17.933963365675226 -98.59238131010484 -87.73514854336469 32.58888325532169 -34.964751753610315 -97.57418285031257 
21.191992922989883 91.81618151218757 49.11964746446478 -65.25326341391482 4.299425339118528 -21.115835769146216 -98.76941763020326 66.53089569170214 -8.027622321593682 -83.00269991180834 82.1998151476559 -25.59174785796901 32.05718335172023 72.70539943783442 -75.42557929123628 
-22.37445453964466 -71.7509383129248 89.8887530336159 -91.77031158732179 65.57440671699257 -73.58051370316852 -67.15705881453809 1.1662056441196427 27.905850980049536 17.686263852395356 35.28954515535773 -71.64205748887886 85.47285269642484 -22.54760411088388 50.220738047818514 
-22.09552405052486 -95.08315792836545 89.02881128367119 25.657499787815198 -10.318198238720939 72.87871616689802 -11.702539592226472 59.816076685744434 -36.035477947393105 -30.640882904654916 -70.89000643992176 65.59133886496127 -75.14813660695117 -45.11449731519291 63.958184899013986 
-6.993829940137658 24.000391912560175 -42.851153205126515 -95.33299897427614 2.764921872843445 -54.98100653452609 60.125416140965086 87.80698514700782 -52.24071521421263 9.842910841130006 -57.41476971695106 47.54709577728781 -50.364906847271506 -42.80446913318923 -89.81407581732657 
-54.99052172015657 42.23037188057208 -44.47378873260375 -94.17878606671961 -13.130603631312226 -79.62520997764675 -12.666758378374325 -78.67784301342371 -55.00187579760556 -59.4293308844116 62.267114555093656 7.240453008776981 -48.905250992205396 -68.358394799535 65.16154098227605 
-70.20059063154203 52.52272468242646 86.64933672183565 87.45814697888255 85.53683290943485 -31.584182249607935 56.75747070791226 92.19045366208806 1.2985290914184304 -55.51553021839402 39.113666108030145 -47.28983242937028 8.038959216177474 10.883405541546338 -1.0451521288421475 
-53.82719174615316 -51.01451360262252 79.13287661581901 85.9205342260804 -62.42146050288695 -82.64660826721956 44.55361740660658 0.36465966801432614 46.69098412394382 -38.03804127183419 80.10591716979303 20.317653863262947 -28.2980849223258 -75.74758151881625 91.76824837580875 
-15.703175594161522 -5.914048250029396 82.9274536545407 -3.7614726082120455 28.54493364997697 51.423884602325955 85.73194598400897 2.6395674173092374 91.11726598685337 -55.960901029489094 -92.67635290744234 30.6099462515173 -13.438448667285655 16.992704839148757 28.663194049455683 
-67.34379613026418 -12.449163352602 -36.9593019366135 60.60156206275872 70.88303865337568 48.15322259137736 82.43071099333704 -35.8288609544511 22.569657921482317 -29.264155049602763 -3.067509370719378 1.0887689639368858 27.333947387264473 -10.17586538108013 23.94006931899044 
78.02656893147065 22.356388601450533 -9.575411252016181 -0.771824409695185 -71.21303965980037 41.97158404998103 54.8863035899883 57.56582705992835 -1.533908746006233 43.546873521941905 32.68307013701971 14.700455243138094 3.4899450699266765 21.91186053334721 30.335371287779793 
68.33922108546597 -66.79636776298517 12.89781944657085 13.920984418414164 -58.38998212221098 -61.89343571906829 27.150697402425422 -63.24216131203046 -40.49874150663193 2.8734800724134146 8.10281963560844 -66.45355538389705 -79.70066202872978 76.23787227373771 16.289056499682403 
-3.592528320308901 90.5910755786202 9.470188818340148 -81.8232480427283 44.760731175938446 -86.8240412073362 81.34960442672534 -55.57708872775762 -47.46449630359404 -60.74055697509782 -92.09159121262655 -11.778757145432635 87.89445600284526 -21.201078251852422 67.34702351203597 
-61.98337436986496 -17.52806863985286 -53.89659341678432 -73.01918431653766 59.98547172390428 80.08708364770135 6.441748724659391 89.61271684556002 81.81841093827882 32.06772984638755 1.2589452486575112 72.01262272294895 -98.13157501822398 13.108221843684788 -64.35703221401977 
99.1646354967628 14.115948270504958 85.34333330652112 -83.7477133153042 42.48530860981313 25.255944285874847 3.9265218429309385 -98.51837609192052 36.27515909427467 77.96081126099438 -11.011289777987471 -77.32993499238958 -45.395023677452095 17.249952627695976 -77.72365970062452 
48.15029001424824 -41.97170375066421 -92.24061427203551 45.73548528373627 88.85894438980856 11.765156198674177 11.709467784666032 -57.04187977310007 -14.219545867152135 42.33819579883561 86.71644312888844 22.28977627835303 49.57054243049882 37.68804016552389 11.028593665438962 
43.55699257084876 55.90873311098173 -40.56511978466606 -27.805194117433302 31.320640754395242 2.289751540130297 91.67789925188714 98.85463871170182 -67.31138293972086 26.10813551399282 -14.353070913820744 -64.33393523217148 -9.022185065477558 94.08823972128954 1.858539792457293 
14.544809118631235 90.38040462443064 28.749417803517474 -67.61291149392736 22.880372879822318 -45.063407231514404 -8.812007750029707 -1.2373801235485473 29.403344630177543 -21.784272569685754 87.94000863728073 1.5713048826029308 33.64249174218352 38.02644649267367 -74.61220060993759 
21.12556080861367 43.7344965234098 44.45802493723548 0.7376758606173297 -57.09108260752844 -42.25007323261749 58.8677221626437 1.8103664800414663 -60.12659909678395 87.05874020025948 -44.755627457442614 76.80677329429446 23.692400352073236 -33.472042814159735 -28.339977228516773 
16.724787326140827 -0.3968789470475258 2.0635310645720892 -72.85522885611539 13.880506765753523 -91.14662808454841 95.62855923115478 86.10292661726245 20.018981153091204 20.54084530321279 82.62246099865001 -71.82661919163608 -29.677259646001033 -6.132722407459411 -70.30689972081831 
-84.07965987138948 64.32476515048873 -33.549016265763015 94.5951159366779 -53.75289648497328 60.33029394403326 59.56006100135832 -96.77241142646353 -12.123257082038847 -63.373884082432895 -69.69842647094275 -67.5623835203148 23.75345599262147 69.68209514814893 51.93477001685315 
-80.33412359966744 26.09105962885829 -93.19595023425407 -1.9228664082520481 83.34246385008873 84.62068345182482 25.73907220672875 -68.4231855204263 83.9961980640839 -61.13292455063155 14.716691684857878 -90.33909238643821 -48.804161745389216 99.95885114234517 -95.49545048807254 
45.70636272085753 30.319457631614398 -53.132056395691876 21.70810238662733 6.72590799753894 -41.86365246418073 -4.419917096650508 0.3879816943468626 20.546669667158724 -52.472403482764406 -41.227551075373256 -23.68379157145077 -61.79555827937344 -83.39425891890752 -75.81559738208317 
-91.32903406358983 79.44866748086184 -69.35716739388276 22.8391416623476 -56.22820615452029 -51.00027176375104 43.04945762342783 21.758484706802776 51.011031222368246 95.3398545719329 66.19064620680615 5.39579933942052 -34.01425320955727 -32.27165857082561 -58.77804792321704 
-34.36220735595677 -23.900349708899654 -61.70065064583876 73.69771435396254 13.41811921824035 93.86479480419263 -84.37380216213724 -63.75721689385658 -77.8582464751562 80.6291399213143 62.1997045719163 -91.06880185505175 -81.22683663802846 94.4625072026129 -73.36644279509166 
61.67349388732745 69.65055799605673 -53.71948397779826 53.793029020840095 20.811838646180874 -59.013829666479324 -39.80969866670374 16.603273729747883 46.53979582350138 -8.614039556689505 84.82158996820974 70.05566327956703 -12.676073782475257 56.02329407387691 50.53310376386466 
-98.80218613993152 76.51388027663404 50.60517532774128 -36.84952756585127 -41.45975498301435 -84.74154128310423 -89.08231785325069 40.78154056167651 0.436273067138913 -76.30239243026298 -16.19668587282372 37.288282103288566 39.3513440973654 -71.8702541673922 73.5463494274548 
81.88327798283188 30.47379062824041 58.26489898596742 84.06476310708425 -45.95425286929296 96.98895385459795 -46.83271893946359 67.99382065522829 10.071463436796108 -46.81572288892437 88.88580996438338 -24.906654871495277 23.288617806742025 53.6698177466474 6.953557148449647 
-78.4822316694181 -46.947911233243175 67.27468956305606 -41.80749338545866 -88.3776129150543 -33.594352967617795 18.113829184241624 95.23022707556302 -33.61389485147903 -27.70679238709279 -68.64398284032234 92.11517073715655 -40.3126385749411 -76.23074180432388 -21.083136974277465 
69.77406594750244 -32.86694044317473 23.150237225919426 -39.993024350433146 -27.928265532833763 -48.10565984032793 -0.8734549674158387 -67.5184566164813 59.88043385473176 -7.8878872189049645 -81.55403764183367 -50.65364633241576 -8.53779619213438 11.239072356825332 -60.77715241564008 
-69.88252006125693 10.990770025437158 -77.04416803644129 -9.381730653994396 2.497050337364044 -39.11357495475569 -85.30791593210421 -69.61451613442549 44.89913703750054 -71.02343036000161 -87.74596928794578 -48.9712312701053 -41.666929284902345 36.052467645273225 44.40303952016464 
-30.66377820310771 68.02915934819981 -40.0118419916037 -89.06756966840288 45.056349172062994 -63.23780746085524 10.65423898584919 -80.9980284077628 31.252039351395894 -86.82983780361306 -57.37867324326275 34.90939526987344 -63.10134375151159 97.55402967293665 84.29451602108969 
-28.53250721987699 -35.68821318451201 63.14813571017811 -59.71812223630586 -6.476186902754776 -93.19174875869729 93.5160212573144 -0.25757051673657827 -37.70598869149558 -21.654398632557943 38.01800001674172 -93.08401718564542 -47.635320591442756 22.894882358031182 -43.605733568058724 
-64.13531884240558 -9.266524818460667 -96.20773317511755 -7.07375925931008 -16.798018869920654 -52.025217055827966 -56.66757503440174 31.976845872152268 20.210173812114334 -40.83286247906024 -57.393361281711506 74.25555003833671 58.6574760157433 -90.02279283928272 11.355528137528054 
97.74202231555924 -36.42621582845742 -26.843091282578186 11.151212333424482 -7.084097717372202 63.22989873996491 -42.37699450294552 97.41164215250916 -40.8169329139068 -34.64993432590458 19.728184196812975 85.25900728559662 -3.0964793781335516 79.78418143190973 57.65526207636336 
-23.17780611711271 -29.99606640419418 -5.862638710375904 44.248328398950775 37.04195439658295 9.995309306732182 50.40112169795668 -80.52750519338278 -87.89435483584802 -99.12741365586224 -24.56521372914267 86.52576290483995 -82.5363384072443 -18.733077902892717 -77.07872692842113 
-23.76239559356415 -33.6948055004428 40.65342693057835 79.0917223486135 -10.757283104053798 74.08416629673894 0.29922459172510685 -0.5214465563145438 -92.40948188214008 -55.30859414003575 31.327346135486323 -5.4998262830509645 -59.74207177218622 16.441876632561318 62.22529505706589 
-63.05649836334894 33.338722022873014 -14.338583197172511 -97.78001662627149 -14.037524785339045 28.987691314063085 32.45281860314884 -73.7512677841714 -32.4692504246424 87.44471975197442 43.57722755387948 44.43752168313924 61.988792903741285 -9.203204351951015 42.121421006695016 
50.72427151570983 -54.04801206842669 74.60069320872938 30.78891402281161 -46.85692676774585 52.802683866322326 79.41801543791595 13.442576408473045 5.950135143937857 -60.801301201903144 -21.280747558548114 -65.00814709955665 9.440014570251748 -76.2207732013225 57.03937866266597 
-27.85899991006619 -39.06744894913958 -14.536773522847497 -79.18859923428224 -80.9247880464332 -47.712974153278374 -91.58465407657133 15.740165553666799 99.56015968136526 88.68688416610689 -38.75717681158874 76.03970162929437 26.726376873984734 34.92604148313339 -8.384030786872287 
23.066001525667573 11.630616982004298 -42.47165179623749 46.62147472213536 -76.66581744528433 29.85788390081592 -69.78290970971432 50.03204068984658 -59.05584264519717 -16.306876520640685 53.53040291785044 37.66066881221576 27.382411263979805 -74.69825914762339 60.3910945154237 
6.991360721413997 -44.241009880055856 49.06942627589754 -42.062556993792086 -39.50037140520553 -6.658284557348267 -84.46679256689211 37.85083764700437 14.235946798802644 30.508261011981062 96.08728714540936 30.43726330948587 -40.476057460947956 -71.30486510429247 -49.0169704850014 
41.13836854121661 -13.223860657179173 35.01206126482748 -51.79258699230549 89.57468810021899 -26.51789465413556 -12.264214874443851 22.0725372877628 70.55931449847864 -7.536730581110703 31.18166456734292 80.96580586085616 -81.06350503849589 18.48406951882305 30.815691748114517 
-66.17942592655805 -71.96313985545639 -7.832828567662787 21.00820357398034 81.58963706675476 -8.717743406751268 -96.9737490914016 6.946115900036418 -28.194439590223183 71.57639026572934 3.223169263707277 81.36478960116088 -33.51680192133506 -89.71265676287354 27.45855869039802 
91.67277542604896 81.39429605830011 3.564705409330827 -47.77663392989808 -53.259395008767484 -81.33931629332052 -74.21480041241858 -92.97673602726093 80.41241908232121 -66.15654996988275 -47.72473539868807 -92.77095033715874 19.02484521222692 -22.117174258741088 33.38689848465353 
-87.7552249897492 3.0221665782205633 22.620219859381095 23.742983696871804 -63.35889246407647 96.58625761401905 -12.582412271111806 -55.044701858343295 -2.911101776231149 -27.739207563503584 39.57419225877314 66.84925769124305 -65.20860698338775 -25.29603626772689 -35.78295472015485 
43.404431334455325 5.94131740032762 -57.63818171715969 64.17165311943333 -26.803086765409716 29.351656763307886 37.21133578381921 30.661473301175732 -57.19079398697957 93.6139915547981 59.98016514162529 41.1048025505537 98.081300654101 -13.850744179312272 -71.49772240462362 
-66.81791746457084 72.52740339606098 2.998524860142382 -53.67338746847838 26.228637729390584 24.46461268821649 7.503649322491583 19.586462784760954 -59.34293758884186 74.54635577315497 -48.75860595023636 -84.76756482038257 29.756406424948977 96.85216298040399 98.13818856800475 
11.011730091323344 48.950255912310496 -9.25942011574557 52.61543625199758 51.735207375795085 69.96353503431092 -20.58721080197354 28.92522061996604 -21.147684977429222 -98.04546367490533 -32.81984856297491 32.454000931151484 85.38388965701449 73.74663933077642 -0.28830227941031694 
74.24531469118102 94.99620194383641 -64.96035625458963 -83.15734659364668 4.761113789761069 53.30537187111855 -14.582990221876614 38.276138580647256 98.09598424572658 -6.4049378847691685 5.321071832596445 -92.93396675491945 35.50009435047946 14.612674055930057 -5.377211223158284 
-78.96505192528151 -36.028276133365054 55.98640079487521 -78.84279405388688 57.37001741607162 57.57908405806148 93.41963477516308 -63.20506980915048 66.9557957381482 35.34441467605342 -45.27724482291098 -66.0946019900519 -22.343842489035865 29.1426261001111 55.77757512449267 
7.956276927885497 5.579599941840854 89.12617330230347 45.37627118027842 95.79905649886953 34.82478998036797 -20.701789521806703 -64.58138517763163 83.79121971743058 65.15340313169716 -12.760714030017411 56.55691252054035 41.96379485504619 42.1507202697062 -24.671414319206633 
62.79733109616666 57.5765464675641 -95.860640018762 77.26463899065917 -72.95661713182761 64.02712304737867 97.29649722469676 -95.76787745357332 -1.5415702708934163 -48.69105793554256 53.889749515699805 -7.032157299626647 -69.53528711073362 -94.29165884116284 1.4484201230264233 
79.20783592924806 -30.112476141425518 -46.777052114920025 -23.41886815867386 95.60604724542657 -6.7278056366278065 71.23782872529486 -17.96221004052812 -27.304376027884473 -33.58899569834716 69.26949661610752 -22.524560941725014 -47.11392750530341 91.47118864495599 43.146984962870135 
9.729274579423446 68.12169771815536 -15.101273211937766 86.8897419564164 -60.04448421954034 -68.91812202048024 -43.29231763679255 -11.799690728283792 -38.96995960963328 -39.899962220148154 -55.31387618251906 35.67698520077286 88.14839652126992 96.95160959711075 -80.24683327955802 
60.06698784810695 -21.43438980863354 -97.22426532993057 -41.18336493368935 -22.1901749255415 67.44427653416903 -11.906435940453306 -27.7703275465728 36.85724332491645 55.39186594784442 28.41014026775443 53.598176543335114 37.42282623065043 -97.02387166698867 -8.757173639363074 
0.9770673175733151 -16.213257395274766 -64.12242929525651 -56.99018733647172 -36.83297866378135 39.74291051733999 -3.950449300085765 -64.6422946354499 -4.978939797091627 -84.57806520246132 -44.1885757944799 18.02100998642122 -73.0663450436841 65.88873894702309 57.78507216892811 
-3.654502602023584 -68.94996860095574 7.5650277670814745 68.44399810029199 -30.372296573910475 49.92207813814767 -13.818901265725174 -30.34830152847536 68.87608790914388 94.926272552332 71.82848499633428 -22.671871420838286 7.161790587452103 81.699168884524 55.82425353913351 
-16.502120309592968 37.916259713497425 -98.62287159339675 -55.8184139298284 96.76731081709053 14.968115391910345 31.333783421557428 -14.729172012790087 -35.39136192083889 -78.75508905616883 14.262022551171881 10.450777949479772 -90.57517705713542 -66.97600878428791 -99.20666460102903 
80.20910839242012 -83.80797993337612 -94.30461420894187 -12.718297652797972 57.9184956795813 80.01638179972736 -86.47457728922028 4.947068682177473 58.97593149288704 -52.99128258277135 -79.10018254582884 42.21960716184975 -52.43418810247835 86.16085576895483 5.583596446778699 
34.40498192654988 61.23370970112825 78.91134812674005 -96.52034682371323 92.55445086121841 -59.59211795984045 27.98252919811128 -4.946310631203275 -24.449516482080313 16.062107401269813 77.4326915043491 -95.61429346010166 -48.695002778026875 -27.135969045609926 -8.367109414788203 
89.33200753053953 63.26434385810879 -93.40197422678224 -37.72346441961689 75.90498602403548 -52.77350483523131 74.64626147418687 -22.157638396440134 -67.14408867278686 45.803440026357464 36.81232610623212 -63.500425105348526 -82.66634474330252 -65.18621322530518 -67.8433873110267 
14.701479713008794 -69.33402416514116 49.54148852955831 37.957884477468895 -27.37680700503053 -4.972299181976396 9.701142220693825 2.370178653090079 96.4708438323695 71.41943394916152 24.697947928061126 -13.517712040204316 -20.86183582137717 -56.416700776711195 35.740817930914716 
57.344230230484186 56.85521839822684 35.35202311227471 -33.31610703482373 -96.05206520085552 35.689964181249024 -16.153575450725356 -3.311124928124414 -87.67575884968899 93.41625159365395 64.8048976007764 90.36873863573959 62.41857146998987 -0.6418999846316211 0.30712653931372813 
-11.939242563237656 16.484386543050974 10.328214032132337 -87.10092804095531 69.56168576810674 70.23779383425088 -7.17708123644509 -55.715825311004984 34.145711269219305 -86.68338291350469 98.66426261906165 -56.50554441788698 82.73859881662494 -97.22321063651367 79.36849945624985 
87.04298409488132 -86.79846934250676 59.3640611976447 -46.06225926092036 -55.088137705783666 17.5229784790925 -30.921221027271557 96.78340941082408 95.23615693403434 7.9377946162372695 67.51906607802874 -18.30181876154799 -94.52140794505456 -77.27772688133851 65.44010461469927 
-86.66670021094322 85.92133567805331 -73.41522647378251 -50.21795844348602 -66.39783439308191 -94.88454180321003 -84.60213263772582 -19.563286011549422 60.730824260261926 -71.47141052662715 78.36283589463574 -19.921451642066287 -69.93443730602883 -40.86869409236555 -92.74791370506128 
95.42654259903611 -28.68373086751548 0.3906080646468837 96.89521817209871 74.48325449069685 54.295614191748086 -53.95693887068054 1.725149710767056 -92.07702371266993 -57.52766827937552 -87.76318726108701 -7.500633519849728 -3.2997641649924674 24.051393921139265 -95.1491503381654 
21.114197933133568 82.83356129267116 -74.75684142252402 41.000077714641975 68.04586642251002 -76.24069573646125 -7.779961689829236 96.74955748952226 77.19117714880997 24.974695814426823 17.934709491286128 95.9294330090095 41.46892969301098 -26.626852569686577 -96.03852602764282 
-6.865191697655874 79.15559768021069 52.35447630073068 14.771606767651562 94.12401548163828 35.11442569782068 -2.7393153903154683 4.42021429157036 -81.70308033736191 -84.95960720873875 65.17353181784975 -69.04910813111465 -79.33905322540504 7.563152876671026 30.95049871269279 
54.182616823445755 29.871422987104722 47.46499128735911 -41.31739201860547 -96.41870965122851 18.715605292525538 -30.83846215157095 -96.77505266848951 -57.768642318815424 -66.31242549620247 61.0726604172408 -21.264689767030262 4.561356865400839 -6.396146047309784 -84.25772795387603 
4.685636537168918 26.31294077203276 87.55335499879783 88.39368251638973 -8.569495527036537 3.6730125202624606 16.48111645307044 -89.10254877527007 -3.7806651568506027 71.99003730086767 66.87610562484454 -52.4802138358214 -87.35351025651659 -37.23685664161393 5.462334498382603 
-26.803946734726154 -16.00400681653052 92.83457984743256 46.72413381856617 -94.0877911830062 -74.13941198858795 -28.784554042037698 7.79907802910482 1.6357139816622919 71.29874071577888 30.456285353874648 97.28056032644173 -18.708392894863167 83.87406445784288 -36.15496930088311 
-72.6350900863622 39.3701477705045 -63.23637132136566 -11.723256114633244 -36.34701559268589 49.20574618421648 17.16408949552779 50.168440114761836 -45.3641262184278 67.35697271074827 24.163142257361045 -89.99284497048514 -41.89301079699088 88.47167685458587 76.45263644347528 
51.59532903956875 -92.20951886813387 40.39586496073031 -15.644447853383099 34.84623337173866 26.408814613417775 65.38902553218304 -17.49524577435207 8.959724967776864 -77.55629605345177 -58.0659990926041 22.222680336857877 -92.48858690150539 -53.88889011643374 40.535536022129094 
-69.39671269757568 -48.80197712111676 -79.35152623427346 -15.07521193503834 54.52113016062094 36.46208790979003 -62.77369115357121 -20.634031587806163 -96.17846131611456 -41.00999938798502 68.33891244447648 67.60064994841423 77.44544555942622 7.136229355042872 -51.0981854491591 
99.09701422350378 34.037587535410836 52.40249177279756 88.73168864812996 66.59188649394673 3.6953622023784476 -34.57716967524024 -41.21283864280825 59.56211766477472 -92.03254366947166 91.03592938325806 -17.308318213158344 1.2521856029416227 -62.368169337420554 -4.135343329114647 
6.454016989177973 30.237801761515612 56.14960096403061 -30.045561215914105 95.48228517499771 98.04853479267913 -11.961913319565014 -42.537513532295826 58.27229288039288 -96.66913984235357 58.54419369799072 42.42182611987715 -41.859522994550844 -58.10191534014613 46.57468364304057 
-6.213548778908901 66.12016374430706 68.20022723291518 -24.854579509439432 -31.803435891787203 -82.50862324939561 60.02113587825727 80.13004185578279 -4.847727730772931 -53.74117052888481 -74.00248172210453 21.911601745455783 70.86902268672591 -50.53831255505328 -9.556750308320744 
89.0040780555533 -25.807034823454316 -59.74092233125765 11.898333019802479 37.757415393336686 -22.523117742280903 55.09236167308882 -88.48502812545149 -75.57842134472683 -86.50597488579383 -34.955908557146344 65.01723511994712 -67.14241073686176 -97.53084990081338 -52.96975442183231 
-70.6686519792252 52.91304793251004 90.85622224879484 -81.36790885915224 77.52728856415123 32.6962941878638 -23.692235363946338 -56.63695054445264 -67.92249480886288 66.4654375381541 -99.00006886255674 52.33792363763956 -3.132673527232214 90.76735128297378 -74.7663339753273 
61.801610723811706 63.852911381526525 -46.948579733635064 86.67502207919813 4.377800415240628 28.969053206603434 -0.0026598243500757235 -3.3162556550068416 88.43824707954647 -90.02811593872863 -69.9859214967795 36.73083977378414 1.6972601022222449 -57.3368107603607 -19.909550741558448 
-55.962405487408006 -20.585210426622098 -44.393870891777844 -44.15408570083095 51.78771481408552 -77.66302564065637 -32.53516722658911 -45.54660981032319 -37.95377867127969 -58.79601257922602 -70.10734749536573 -12.042281026675795 -1.4644251887501696 -58.69167808814546 77.92558035808733 
40.56581808132157 -0.9530915436658347 -50.988234606397434 -84.15638852728087 17.36262992830318 -28.596794929055264 -34.96011056991601 54.97701983017848 -46.130574264188965 66.36217535885027 70.81277679757866 -8.904560036076447 85.71074356222442 2.32422648390731 61.38104932272486 
-29.459213512476296 75.65486766140563 85.9157254814778 74.90082430233721 94.74845405356876 -14.281716344406249 -20.46186459568331 46.01427866793324 -28.00689495158244 -4.854488182143385 -57.54845082446731 -85.51001526141555 -82.63717960262301 51.76956636920781 47.421804397440184 
-67.66622530619632 -81.6643758454758 75.57296969423115 80.42856502488095 52.76069660415422 45.76487554676655 58.63669597682994 60.9909439643522 26.578953344028292 -50.47290646712068 70.96299740867224 68.10353186911206 -18.819088129413814 -43.01420356688168 56.08137044558572 
13.731116320454191 34.10611005966558 -27.060274827802672 45.87582327554128 22.86913532866639 -76.10948802122857 42.169878307345186 -66.41939779668027 3.8034324256085057 -80.37658189366019 -87.44299447004784 -32.331789611605345 -1.8755618886814034 -93.65044794331287 -60.049618902768984 
-97.35781674057253 -91.15590762902437 18.914306771729002 43.69308138887092 -76.54195148589548 31.70571120385904 -26.92208634580446 -33.13185982453655 -42.989131490003054 -86.10280284308138 55.388352455009226 -43.44820649369288 15.231904282897176 82.47608466329413 -71.27848005842579 
-12.055212312109703 -43.18296057013793 83.49721157998644 -28.64867071352559 6.3400495188132595 -67.3225398747897 62.493671957830514 70.02046875619283 -90.94501957436378 -62.787970005825166 51.590313147507175 -29.01554135197138 31.719963037088007 7.238583062627086 -67.47195388103881 
68.55296332690887 8.575576773920403 47.65481653114975 -51.58113853342423 -50.57885420946413 9.42142052815585 86.46853760437622 37.20811470612267 -80.44941762427075 21.388583455774054 61.85405814659731 30.477083625428065 70.30011069220171 -27.294273805610175 -55.42716164011079 
-68.08959996364858 71.52220871063122 -79.50098714374383 -35.505807125456215 -4.924790613479587 -1.839107029954107 -79.82018648561095 51.686272457600296 82.83716295888914 -1.17975107075317 38.845741807984155 -33.314901332665485 -95.03865170763545 5.499008790442915 -94.083649568492 
-16.9041327100863 50.374690075957744 86.75928466016163 20.184643057652195 47.27395390612023 39.962476844693754 56.44766533110132 3.7524868005660608 49.610424155255885 85.5340026362934 27.870041927467938 20.076354203385208 -43.11198002643355 -24.762368900382015 -66.244976227923 
38.3359538430644 -44.793994950442425 -79.24183549656499 -62.87127975932587 -78.75701918671083 60.63344612951417 -69.15966846598351 -78.09005169708297 -18.431592629397556 94.5698449436357 72.59014708940501 93.62703897910507 25.324268132596984 -16.489512792540538 -35.72083688974257 
5.128379763604315 -80.13146751193045 -88.13569097374263 33.902428986155314 -50.03855064834583 -74.64819664302192 81.753531284916 -59.1861339777854 31.8311611477732 -49.04371987047833 84.42185357264441 -17.086669509230774 -40.407004900110046 -57.71682026589813 -77.21789867339182 
18.12974530457447 76.72549799004895 -74.08512277244611 6.717910171721542 -24.3418881612766 -21.68326734931678 85.95848618038963 -35.40665481793242 -75.95217980105089 -68.84427602612945 96.78438624731695 -67.2761952586705 1.1399514166940037 18.593776004713945 -61.53560244642977 
-61.957274465369295 -77.3669708120446 54.917915159903345 18.64564751522279 -90.19493934294493 -54.96140884423588 44.71044149586598 38.25592545128174 61.01824016676312 -69.22935648978662 -15.466815806270006 67.31307959308572 -89.32857928897711 32.11279187365966 25.62759167987572 
66.08557711581759 -3.8433638116867996 -32.281636500087146 16.62652517753375 -43.86959874939444 -2.706094441607547 56.40724187697782 27.915866394990246 86.0906261901107 13.20935137595876 -95.4126409114394 -7.162206124409607 -24.717301323118576 -58.30891058517322 46.52524157655233 
-4.170162220530457 -90.5804391665881 53.04777048612158 95.23270430291265 26.86309280337514 47.610657751546455 16.61943038874223 52.010377219427454 51.44825518444864 -23.598272602636754 -78.36349253792383 67.67818160638254 79.62706300417202 17.49710959871254 44.77685508205923 
14.74639735980594 -55.08214656041201 66.93275432782775 -76.26665437356708 19.59776337027401 -23.09385171637514 -48.17171153215827 -69.93124340912043 57.920479391410396 11.398685363493428 91.17886823501112 -90.22507072751435 -58.420162646153216 -15.755673660901607 74.72094995176158 
-64.5098377354238 -56.42273024757951 1.9782871390855377 -12.024406801445295 84.28539861093503 -78.91379176827122 -53.33236752115311 -90.54436402308153 -93.9760457270995 23.044213542670605 -2.0479120303366756 44.28767269481969 -66.64844521858538 -80.48816837125901 -25.39466907012921 
60.3581421399208 -34.76500396593518 90.89954441936948 19.34445667381577 -1.6196905112391846 -97.66547665757864 72.18377364026895 39.09838774996996 -14.98944223230518 -59.84339888615189 -66.04597491431572 -56.71526943275245 -89.18711216274973 -27.528448006091182 -54.32703496637008 
45.59773976414462 -41.13732381329458 -83.18270798573222 -79.26525698141177 15.216692920520543 4.070537533604494 -57.12676060869115 -92.77618105455825 57.90587782034305 88.12193321392044 74.56484021197701 -97.43076382960088 -21.274570987724644 94.79219113364775 -16.475160039994236 
42.29548817760943 -76.5490235834247 -10.603123012012759 62.85317962897187 -2.4890176057178905 14.79082329844934 -14.133463511449335 -11.439666470785497 23.714786147302163 -5.07253283274747 -82.12028075773223 -80.68853959903885 57.049937858496804 21.25498891598889 -40.5058118413536 
74.53038546692571 1.0707569805563395 23.12144230982183 88.17018210757831 -12.901426105603136 6.306440596982171 9.707337251301439 2.1451878619841267 -76.28366457959103 -94.50296116197667 -91.98431211030295 -41.334835603375296 56.81924326844458 63.351854702843326 -58.84874616940239 
30.427814509072135 92.80473412676889 -16.06836697503789 4.899632095611466 22.17609899217541 81.58695560925494 67.49556261644608 -74.40958395853833 -67.57574389175593 83.93028307610572 47.431692846276064 -99.83567338894463 -94.95222195593627 93.42522064183424 68.24211061222383 
20.708498253507685 0.567168436371162 45.99807839402706 -65.77357276056063 9.28789677464681 -87.80079272959375 -93.6362870995867 -5.648812795893193 53.788250579256754 -32.685631527415055 37.767154314311284 -42.32556831859626 94.37664934652867 28.897384260432943 8.006611962527984 
-1.549979856933831 -24.50406625256467 67.70496654562541 -63.69635568122452 23.82210104345681 -55.14523284028936 31.45026049699115 17.745044468321993 -13.408775763296177 -70.39003646946946 49.16779176642672 61.37729089532044 -60.1951666914615 99.58108123580183 -24.405218440383976 
60.59284790455453 -53.4824211673343 -99.72604404472358 -8.292057326835803 27.408744463327878 -8.344247302169421 26.12142429956053 61.81340754328639 -3.702504273132348 -98.02474236998475 56.63514294384149 64.47102734309763 90.43785101190099 77.59291012838659 30.86927101236506 
10.796855443741535 -15.758738503842665 -92.88762390877817 55.29883315018583 52.28984892642575 45.407387792450294 51.793566564755906 46.500269539785734 32.680134224783274 -10.288758590800768 -26.079878013844166 25.139721888443447 22.57502854556246 61.638234059851015 -36.189595770429285 
69.4579448519271 -20.217362537856886 47.25042945139833 94.7635508419423 79.73708094524511 -59.19693809242441 -6.785201441872445 -72.96838694164438 -51.262230617523244 -76.94458126639972 -56.60976795747648 72.1773975034209 52.51706730421546 -10.076144402579601 84.64551626632263 
-46.80144052365818 32.29965007959052 -37.15007882696566 83.17991381281081 -35.18232886985291 -4.211326608734595 -0.7679979266956565 -30.715400766969964 47.282865769194615 -82.9934589676381 96.48227268204127 -32.28315058118905 70.64057027835395 -8.733348428624382 16.42967269212687 
92.49096537559552 84.72916604352056 -18.32884403515085 61.787395311285934 -32.73735975520589 -43.36528056203426 -70.51138323745285 -82.87975754682947 -77.93413842088886 97.52413195694706 -6.843279222103575 12.492035029757304 -68.32265837168731 -90.51756705106612 32.66427162102218 
-36.33578611443959 25.226999516347277 93.92963136719192 -4.855864588294878 12.751117348746234 -47.974973037260746 -55.63732907583845 52.56583942430305 -97.35045239161306 -36.80057534882779 97.21985226649232 38.250325568209064 -91.48666350732424 -14.88627372944471 48.41080744172868 
86.48174071891728 -94.27333299200123 -76.30360635571631 -74.27419901266967 5.249963360907174 27.607161964069007 55.1111813425762 -31.556193835678712 -96.69897955749565 52.48171160270718 26.785946277084477 -54.683491994206676 -99.73827727105682 -2.3876164472707444 -43.15389126019784 
2.0519471941570373 -52.923252321649 73.18274589219371 31.7411478192883 75.45874917743089 -54.52067647561971 -76.56885833347681 -47.03077184386875 25.96242673789817 75.48663874458325 -64.28124489706704 -56.849140619138105 -47.56603051797603 58.32977471699314 96.63886147460849 
60.80352713081791 64.7775597350226 -57.63036592219757 -84.35862324069802 -91.7625021771542 -32.32885935342338 -52.57699254778656 -60.836657504864846 -59.58511960188726 60.80667384815118 23.09113988273579 -97.31330486710668 -29.575788828838483 87.41462805219868 -2.9331284853244597 
12.70376184204629 -58.757095524045155 -73.82484202198009 -25.845404936050272 -29.331916162062072 78.5000315863798 21.541755824470073 22.421859593776034 -70.92775802890307 -17.490464854965765 86.90800069295713 -41.30555302174423 48.702945442963085 -7.461531780559909 56.975046897268754 
36.64087103924837 74.91170091890689 -16.04411345046745 7.136740205197995 17.332441029811022 6.7099364935992725 -49.28448729143145 12.214625399672173 38.484515449733294 44.51849591073159 81.17616658768887 -3.654049067724685 -4.502887222028718 -95.47242357307681 3.5688347420885833 
37.08759408813245 26.162501106837354 -7.841276182713258 -97.91928979537357 92.57707173203715 63.951125313804795 -87.24990045504734 -76.73954700232935 -35.362448903720804 92.81580583780408 84.33576248360396 10.05568003775275 -93.80279787007606 -11.452878352089286 24.045094066389836 
45.81591863933744 -85.6069174081025 34.86518540677736 84.9575416901549 -12.837816526023488 55.3047868784397 -58.85063152498695 -38.30447607416989 -96.02920008806078 -29.52838782316772 49.235803890527336 62.90035754129548 -7.2838525359551625 62.55047439364316 -32.64242653666119 
16.1433842693409 -74.49124213274843 29.91888678221153 -17.497769031872807 -72.59222370606093 9.290736069084502 12.825957507112392 53.190043860667885 -43.6685226962547 85.09490965146122 11.131555142110699 6.727760296640952 13.513376174351109 9.295227308981538 -66.78445289015761 
91.38185878024046 13.121838331221738 87.32008913064803 19.696258050957567 -11.294269343507395 -77.42455019604225 -73.1942570218881 -44.796303961470386 19.973027055273135 -14.145743538620465 99.12557344387409 17.908239615434596 65.25535148011318 -18.260742014097858 98.89891535321729 
1.3226122982321868 88.92753910666661 51.531424610702004 -2.2283596550031604 68.02132377596871 78.00802400005983 -33.78292640455933 62.0094836300764 -75.11269307043722 -89.78980308947672 -68.22055286512932 -67.56292394071698 67.71652420081892 44.75918426621624 54.95137778076773 
34.623423404025345 0.7705609913107594 35.534905910489385 68.95693389368549 -36.661869646638536 -62.18604653969999 -14.52015544954655 40.41158817649807 -17.269062975661626 -77.37457185184252 96.84676024342414 -42.82643115102178 54.227958854009955 -82.89340295048163 -58.99130832317485 
35.88355948518543 64.36866574275706 11.586003744954269 -9.147899614396195 55.55105653470832 38.016677359189885 -71.56470694518586 18.66557562720459 58.456809738697274 29.493461408414277 14.949881457969184 92.05128296205828 45.49755190929437 76.81737310643823 26.909208961156224 
7.035448477553146 -87.07682002516255 1.6460193089003212 31.722486093282043 26.314828500273492 -55.248569968165114 9.313151705601186 -3.6420676897405855 -79.76796849596883 -16.53506249413627 14.755274495255449 55.71177960427627 14.53788560256217 71.99188057227553 11.872981818547927 
-11.508254837189938 -34.65062717025033 -84.28644646118042 52.20383296525401 11.627696211244597 -19.514095902788924 -11.65013445774943 16.864010261859463 4.018066327717065 -24.88570668348214 -72.50450461794505 -5.656794552724804 12.253139739148963 48.85225383083659 21.48647109205521 
46.52597347071429 59.6297756828379 -82.59377225520814 77.95935946550318 -66.93276502184105 -74.68772434173655 60.84632219169791 76.82121247802954 90.30066591749076 -51.92696773348639 -5.862383691671582 -55.42343051873768 -85.41486737022181 82.54107064237846 -86.81185130486872 
-36.82727690520555 -27.76813827116375 -17.421088292710095 -64.24947168801424 -97.72528779779661 2.115426196916431 95.32666052725594 -75.80686776387675 39.78570014111682 -57.32589582682132 -21.623799611388606 73.58301251972296 12.289641629111856 54.23936653845999 -61.13485105416201 
15.625366146244218 78.1949894417944 71.86994798433304 -75.95252381248298 82.05940401022548 22.172425862669726 42.23163081043322 45.13733182461351 -93.31720653480548 75.23341662628829 17.969734863969776 78.27352848710251 24.210359105679032 -82.17911360911707 32.16805104950802 
73.45445617076015 63.29288979724254 -65.68354466745197 -50.991833399817146 62.443121870462136 18.15145023384821 88.85435002532887 -69.49052429484829 -57.40245815027352 54.203553299729066 98.53024784717434 2.027953482905403 52.75987583329231 -37.983318494890895 -23.619814832522778 
-98.49278174131729 -80.6987981325765 30.296038498593447 -95.78408012043083 36.439045503131524 -17.169594399582365 -73.48672553874425 -32.68207299774846 59.13012565230537 -36.58981281631297 -66.40036560983748 -13.38903358033015 62.955711081193215 -5.791828618616535 5.304967089839437 
-18.16133532733855 34.443788108570686 -57.091200701200066 -45.40477804126741 44.313294002898004 -33.61247469879798 -29.32285687257081 2.7771821624612585 0.47890521399240527 -13.239508540767346 -9.970310575808838 -43.0683012065419 -36.46587961061929 -32.636659146886984 48.79301847015495 
84.63989284293345 -23.09779915012973 -75.83220620214269 30.28236830442694 56.02833184840867 69.78977118883333 16.032445307689173 -9.719748205379503 2.6653893855343824 71.5054444092188 71.29464790828285 22.1173981154694 -89.74713507926602 -56.065666401837746 49.63417881500209 
73.86685438135243 58.57098298931186 -56.310272648616056 74.95704938505614 18.393465662808865 -37.043494086011684 -24.516600844384115 -15.269447444481614 27.930861558148408 -78.23714866358888 66.39618138948245 10.071053126055958 92.88197197176197 22.697920526779598 -93.76829378844467 
-7.874899164148388 -98.7810027769496 -40.74408635551974 12.22389015430268 -12.763379920162194 -58.29751090259529 -34.06321809460668 -65.40978881268651 88.13364442076869 80.20731678218846 51.53191375946557 93.45601454709578 -19.829372691835246 91.1748804939244 -70.14834841284309 
-28.86876678954357 60.68436600254836 -96.5607239967352 -57.048139312799286 11.418873180437217 -98.4226270076202 -7.377740680946715 86.7705573365283 -47.40574913882807 37.35922422235291 -78.55070082832907 49.91204255135412 -81.66843639310441 70.33279513265128 67.46485805594403 
-64.49764037820051 51.36834142139682 25.799078907843793 -98.42599069830015 57.14442549146938 -59.90928337640504 -88.99561281062455 -98.4117070883006 -64.87153370742035 46.4225025999545 43.570257326845706 88.68801931901231 53.8082944028385 57.1960764140743 -43.669054399625274 
-47.74778314116743 -89.29427416641778 26.782184665780704 39.81621683284533 25.358950080462535 -21.257469318250614 -97.33587613401995 97.8929428085888 63.5157316734867 -16.87911533758519 -99.7294449777236 33.017471096506625 59.30784006381404 72.92581173740251 -21.74227901780783 
76.66597219762471 65.71424071002423 4.7875056585085645 48.40450992393389 10.01035297093253 24.55557643793682 63.85266919486162 54.83498394785005 -96.54642243976667 91.6699645342355 63.00894355959929 -10.329774944128303 -21.661189142107958 -36.30265911538926 91.02679193624323 
84.7533846628412 20.90849186641148 -59.32539313076484 6.853613091837943 1.26731105834412 78.87407161693844 84.90079258218026 63.56655039112272 -83.9824954764533 -17.928291491380108 -10.46166481076402 -60.677692359692 -36.33243316470325 -17.986309243810396 66.94183512248097 
-14.514508126274507 -89.7787977711651 29.523639088670592 -93.32881412487912 94.11514936532211 -32.09703739500753 -60.10231015224925 24.298345831473583 -47.017843635906196 78.0891356602383 56.96591317294198 51.968779244175096 -26.86707139418378 20.903007707438732 -44.76429733967851 
61.18800997328236 -8.586627780855636 99.76904737048974 70.64652443168399 -21.306240606928668 -54.98339707169306 11.103399941496562 -59.00255804798249 -29.81809478795965 81.13822356502064 8.707634437750883 72.79483033796222 -64.4767090337321 41.28431497493568 -85.09466143048392 
-11.83712821954559 10.01723989870733 94.41678810688288 6.003127219831512 -85.63378524324305 41.54118535594691 67.24284384511495 47.752371474142166 97.42276724351083 50.24325644055219 -47.66955095370149 -88.46336280390088 8.166437821563875 -20.846688963820625 77.82351530296415 
47.87043940146174 -34.2158013964887 3.662838431429165 -89.34668398742235 -81.70979952532159 37.660232954197 -64.89727355866819 -95.45030092259626 42.51081795367705 -25.866349816100296 69.04893251370697 49.04484068904429 94.15901580058002 9.968550780769078 -91.23811096582611 
-68.56334431635472 -77.98183364100852 -17.954275389357207 -17.123889601518073 70.43354954780847 18.68433930543145 61.56634301634378 37.275956182455474 36.59491335217936 -86.74279566405838 3.956611494523969 59.56878874820765 -38.03283125810295 42.778986061854255 67.58565129723974 
-51.70452111152941 14.425170582669239 4.468655446302634 -98.14902219972564 -4.81722549660843 64.27097189621017 -13.983002504007786 81.94528885780596 44.40326003207707 -57.304861126260256 74.39089760461135 -19.86540862658039 82.15420224003623 -99.2931336008193 -98.96401004078214 
-78.59925685462804 -90.45498678863318 -63.55712320855742 -93.5500205748921 -10.152748433240035 -85.27356755828181 -98.56601989836089 -26.824349593862735 47.667002485666046 -47.79182914748779 84.49894284787482 47.81851765850266 -85.94375884056846 -47.36361619527134 -39.17423046473327 
89.63094048808847 2.6953943685647204 -98.65778487732429 97.80252305284694 -2.805228461512968 -17.752719451969654 -59.63864915608805 -89.01392721462187 -2.386016135715579 79.36962896438285 9.828344592410886 -81.50484461411477 27.83288811958569 14.1060187320915 33.20543486856354 
245.3317826080533 249.99801344268081 204.54835459110205 234.2459604146757 234.0066772179332 291.46709144839235 204.807138605074 271.018518070024 264.38202802690563 219.12095068401823 260.0503766029525 221.00031612524435 293.37111935893904 206.00082969353025 261.2289351126286 
237.47798057538796 202.5549038787458 279.27071162441166 234.2009032286301 250.3744530698323 255.02976358645523 217.11238675500866 202.5964140315097 211.71853614869434 299.2053125628115 206.32791701879864 274.0959734866167 296.1169215730092 227.0725823055876 286.3255347873533 
258.8119691208659 273.52550334660214 201.85082857255045 265.8581276927798 226.32581511386553 204.5052066858556 276.65008842515954 276.9882454350084 277.399920498732 204.26890916531093 219.4223847699383 287.32197478626654 277.8999081609077 287.250424791442 228.25545171043146 
-255.0017087288588 -228.1504798688637 -281.08442488204236 -239.74077671100898 -278.3970040035543 -253.25410369475992 -286.45762850654705 -275.38023919250816 -241.85060700107476 -200.23865358534746 -221.5769339777804 -215.98671241837806 -213.73079163385555 -288.23906026341365 -225.06208839016597 
-280.5914242294667 -200.5443189610297 -240.98573135644983 -260.7910400609705 -213.06046548030966 -234.24874877245637 -234.11747048188272 -291.86500094389913 -255.3543838998596 -276.1254447348672 -283.5773132285067 -268.2453904490626 -287.318224557862 -230.32718115125445 -226.5711025728071 
-277.3459844012173 -289.3623782146127 -232.3250445066376 -242.03990683868295 -213.36300064344078 -225.16821687979316 -268.57243521841957 -292.8028205983072 -249.35081930671132 -201.4642284517305 -273.7673095405955 -213.48220615576125 -257.7831386356068 -204.07352757688943 -272.8321138428581 
