81.25358091976085 -27.915024727662455 33.13576773207757 -79.66884841974718 -17.709321481395122 86.46544521632131 -30.29117466000521 -46.42881147248612 -18.478997491112366 -78.63810829130023 -70.30652550112244 75.81203305196655 48.28137020286155 -34.19278496579523 -74.9317411954681 
-10.670249315282021 71.77116444072317 -65.9819421257455 -92.54395542890923 -92.85686380660381 -62.523947451926574 -67.39294293430456 64.04815160691047 97.8077556837464 29.107025388672838 96.24072022103229 -1.5642707799242999 75.92782447012232 -60.95344099927904 -62.17760928577532 
2.9586547076663834 22.512967496664757 43.036109042208295 48.80818113359439 -62.77930504402842 -22.2941518219353 58.92909278759063 16.933693368100094 74.77366842515775 -46.53118627608119 -85.13038585710065 -62.02390814453296 56.261059615256016 -57.74867460692612 39.805364220898326 
-12.784006072012971 -30.971791461878894 -4.207582507910473 20.961906737783337 -87.32891340046879 -62.12543063045261 -29.72396914939594 70.41337885643318 -97.73921450440437 -24.83182151808876 -49.26084129923674 -80.23231284077653 -20.160590565473456 50.847795272660164 38.973559597201984 
-96.49096639240229 -95.99420859402066 64.72228875993741 -15.637366521921095 98.30491381654747 17.08191379456099 59.17350867378727 -35.88928191992645 85.15714922842409 -46.914335788179315 63.00059566615329 -51.43155950456813 -42.49944034699051 17.568318150538943 5.973460966769068 
97.30764394730892 31.715246740284982 -3.4250894297474446 95.90539029668616 80.05153760987113 97.16616478566533 -86.23425801441773 -82.47057921509173 28.426044472032686 -54.81823343871095 46.39351401533992 -7.7605382564648835 -25.30236276940896 26.084219893241098 -99.30326768496754 
40.62888146168845 -75.65714245769546 84.20889517923246 17.348491640011872 75.00633808174888 -27.661713517754592 8.56095611974959 31.6517741111941 -82.1556897016631 -90.42564667551214 -30.7837020671264 77.38506755343829 -40.92619290091135 -18.043241645740366 -26.25147199856022 
33.44126883080611 80.78446667242898 -83.98059130161042 -63.34101752978072 -94.0267989913596 -26.397180406082725 -2.122023305243715 -21.927253636582705 93.81648013457479 -11.269117520917462 -79.15633857696467 33.00712432176965 -51.573678116794675 -31.35281356328217 -96.93375275851449 
22.28845825612906 9.968353152042937 -50.706716741149414 -67.64312662220877 -24.27119077433322 19.038399576596447 99.43360450811491 -95.26256259946106 -11.201823922787952 -85.96765888122455 38.746124927344454 56.105624581819114 83.54179122166357 56.12466438555495 -27.510531435025598 
47.14229070927621 49.94743952917776 56.17271267557055 -57.76744379836269 -4.462654454306801 80.05043847608161 71.01075845918746 10.00755245378329 -83.81194063377899 -0.763246507336234 -84.89888601237143 -60.02286098662135 67.23286303705558 66.47689991022844 79.68870778568774 
-21.873581998283314 -81.41183741709479 -7.271387966490963 50.84245663337029 -79.82885334779422 -24.304668526648186 -11.862181278041135 -97.20141912517535 -56.30809392334621 -84.12183826504554 -50.65382430616221 93.32933981811132 -13.14458184185068 -30.258245697366746 13.157777388655447 
-8.794887763672847 10.236091911462893 75.09598071028142 -43.33045809152423 -72.7106878954315 -67.47197392079414 -96.00998663101538 -60.92734604271497 -41.96605444049164 55.510630925826575 58.910973639744526 -63.30040157803207 14.244922196972539 -27.693422335580806 -42.709918588254055 
62.514244225068325 -41.494133589395624 9.8579321364532 -62.57198474301864 72.92496087096396 -78.90013121326014 61.74304221329848 -94.67405454489095 -49.49897600757724 46.76197412911455 -40.93034605289705 43.85522077653039 -47.78915480801966 -72.53372901088117 13.050970074403125 
37.187633479062555 -36.24067997805231 13.580590285995612 -53.65818528768946 -96.81389305112805 84.04144998217231 45.033929608291174 69.26014998840992 -32.35818543012772 7.687554784678511 -8.728832955048233 19.100842417973254 70.21515921736076 -46.80649295311377 64.32817031621155 
49.700142303442675 12.838154637549309 -88.50332372916625 1.428089552335905 -42.794144907213735 95.55377798943923 -66.76212271063807 26.110285193082916 -57.91021516034207 37.65662483610794 90.75176595539142 -54.22323508107121 1.9673260080053154 94.08921631641459 -36.13670939035922 
-54.51978832457354 -45.95065987769049 -47.06563212022068 82.83197822107155 76.85393046839647 20.47664764123826 80.92156126497073 -49.79000039647783 33.09251363669949 31.1056258955835 46.293319532286404 -14.703348541131732 -35.03702447846457 16.48229724804429 98.64828380402199 
88.24585026407516 62.515665598287825 -26.54990548455072 13.104090565799467 39.254471920093266 -1.032824428031276 -38.38876341598429 78.53202090304453 15.721248612794454 -98.45195063513887 -5.974193992608605 12.775328972304465 54.64013814015496 75.3599606823555 -95.53941394864663 
-44.22216807740607 -65.46968137256638 87.15249095979757 -17.697100665542266 -46.801852677403865 78.02394342601775 23.622439391513012 30.119411335322297 -60.31573320023185 -40.887732218570804 -93.17905884736237 -15.577406123674223 -70.80488091897385 -21.10125385225541 -43.609818881813055 
60.44463761978861 -79.99354636648299 91.35590246914595 67.36806456981321 4.330646047592722 -25.511261749685076 -34.00081392589844 -28.07299431650941 62.73431824185445 58.659255765585954 60.422828931101236 -43.31619619131144 -63.22642761016925 -88.65994092245901 -42.97191079635534 
-10.430515522526647 -84.16068294174471 29.154194926037547 -4.66664866357624 18.547295420170414 -5.001026504145685 24.764431649750634 50.685401500883756 -61.276511252079935 61.18658581793292 -41.75001277837409 14.809755711872057 -95.54293504411604 73.05891718825333 18.868990308773647 
39.162608089145266 -53.48813514172075 34.02726975331373 -21.91036927057992 -62.550509846459065 -85.91864984153761 54.84325027319238 -40.01947974000293 72.89023889210148 -27.632275150250507 -21.11239839610444 41.4213858564367 32.804673460758465 85.74050941256715 -39.79246923423607 
58.580918204363485 39.304839571385145 7.303653816094197 10.09945330352653 19.85736000927041 -48.69230591653664 73.60186744813944 25.017783521705226 -77.74502248281479 1.9639748895121016 -80.79935319252752 -73.01146600607905 32.88299448689895 -56.87654540795337 8.25263948654947 
-60.88138682295907 -62.857118477354156 -9.758215947449827 88.87244323873347 15.326725372569499 63.43221405122566 1.9349440989138174 -12.79748774223168 -50.35617427862362 43.79338034224469 99.57718555131777 -18.898984343158247 -80.16857654076084 72.5844602583883 83.98397368840654 
-51.01559950311365 62.34098595178517 -38.38994087256084 -70.92428861401564 -54.04161759192967 -60.951919205005936 -49.93200498505217 17.718871399786423 29.915769880699457 26.127690225822306 -7.553203641347622 92.23706385167944 54.34167161728999 37.36546962927437 -79.03847490884586 
-3.9704547299641746 -38.89647618708045 -80.87018971605768 56.004340550545066 -33.918466851565896 -91.67568787789746 -56.63616322795628 22.740856982354643 89.8026072300197 -71.96716383876094 -95.97643662059924 21.77196135344073 69.94230252889696 84.92218432810961 -91.98229773775381 
84.06485217971763 -58.41148937294118 -43.573637212911834 -46.014270177233385 13.429825408539983 -82.1254413443002 -95.26649622004709 -85.87187786808545 -63.25297114612329 59.72009674148845 -16.66894159410323 0.7631805562522658 -94.94136841593807 -29.125568088867993 16.021458163705418 
-99.93288309991426 -93.81643961949575 -40.39948750637406 96.91752729449689 29.241563793618724 -3.487137413188293 42.619139111953416 6.266699527172477 -77.99206639891518 10.339405563823917 -43.74512116498352 94.8037264210054 1.249392645479503 17.084591765716866 19.522637647585924 
20.092672185998367 -87.8443058205419 48.231640017237254 -1.0255205680735031 -58.712946722708836 72.45054656212747 73.83382302519007 -4.502875367992587 44.90598533157777 -33.936540052751155 58.286185709891015 43.085193484476434 21.140319712313243 50.93012844343653 91.16093277938097 
93.87174386328084 -82.84649036718159 -13.183134933706171 23.037493505271712 72.27287174648134 56.717801780146374 96.87772852546755 -14.72286078326401 -40.779210310607404 -25.0943225586159 -58.34517612578232 51.61491989236339 26.053298223099404 63.73967572915285 92.05426840283485 
68.42833786027916 6.537980772740241 -99.09533533737999 29.362432099617365 -24.039900058529653 -90.73752688468089 -78.40485448779219 7.3627410838518585 9.982357538691062 83.72523978723945 -11.96877932236005 -91.33504766126208 -46.26436516226376 -43.91685211497381 -37.595543586340874 
67.87442891898539 34.343356538556236 -44.46109451156952 25.094140530936187 -82.17689516412008 -11.216296624140455 -3.377104350256886 -12.916896431205174 6.395883374753453 36.52271307467433 -13.435992915909551 59.774218929445226 38.08021206746889 28.307904946088144 -6.146145713785415 
-41.43356161860081 10.353101769327083 26.220233667774778 -1.7005899452697406 -8.281357271634306 -65.18404752024476 -25.61675344004763 77.91164031989581 14.945741312336565 28.590419239045957 -48.193238691909144 -10.17479644279706 9.716237050626702 58.388172482306885 -3.408123553468158 
-17.151542286905098 17.322649541827758 60.2321002973722 -69.64465807594388 37.560376883777025 34.95645464030696 -76.13708711768135 2.3221386764158183 -97.435407734981 -13.293679364255269 93.84184902438278 66.1007401507201 -20.922287942844434 -77.63944585319327 42.419588646544554 
-40.30347232209477 -34.78749682442297 42.2646664519807 -40.180027359268934 82.33504303536648 74.26238520090217 57.835112420760765 -32.13653074694905 -13.852517869337433 1.8331572146385469 90.7562548674687 81.26199102686056 -58.52268277924857 57.760448865236896 -77.47626243784842 
18.881849067361813 -12.669272672141346 -78.56133897324177 -87.55129439211817 -88.42671461317045 -61.833636513027116 -7.25100919353811 -67.55782523242485 -74.23215481517713 26.5616495932901 -62.49320934305689 -8.380934406010752 -24.988750357459708 -78.26192379089136 -39.09095483438141 
0.213659153155632 11.682671733590965 -24.48098385567252 -92.27761542944329 52.81939257352346 -87.43996986920968 65.64852866968022 -53.17246892913738 67.75746980667495 -97.8857938861487 -67.46003125572415 72.31739256262097 12.418069091924934 -82.02890709032297 -93.54917399881546 
28.259169927487648 -59.51990521165842 -49.79020444064348 -30.44911111578996 95.06380769107031 62.77923774018109 -13.234700726437538 33.52471084791625 -92.96575193769434 -76.37387614258486 -67.71310927262819 -77.08665441924438 64.03360559027288 90.01836808373619 32.40565612950991 
97.59924585706898 -90.07774586346895 82.40970949585389 92.40932288777489 -31.490545606002357 -49.43774088856336 -81.97393377357614 -23.85760786243442 -72.5823913006567 -51.11592735575214 87.45338503167352 90.13829184938754 75.43822393725097 -59.05242468759398 17.720627935462403 
62.629610596102 -25.890415156291752 31.733597956564125 -42.843593551531065 -0.9195520451468013 -56.95871352841066 31.37358710315513 91.84895886295911 45.86333249847354 -68.90250833307772 -23.655589261383042 63.95905945712735 -85.32014392440695 34.89507285068743 -31.536019787037944 
-58.23140160454743 46.02177072645418 99.772560742347 18.13502329996362 27.91049566380177 -5.500748023975291 83.24294460634391 -74.928310784594 50.95691498519241 32.0540139328744 -44.553452394605486 73.99392514552895 34.39350165102272 -54.84800317185379 25.429834448969515 
-57.28653966764183 46.13370193727633 -49.17992972660898 -16.4434588575713 -54.477440091245775 -37.36230204255202 -26.75079309999427 26.50089701286322 42.81654573930345 -18.925777119631306 56.79245086824406 48.748852211835384 -90.74226556358383 -21.338271070755326 -93.51137497805611 
-47.46658117965752 -79.36247897308752 -10.73760941951943 -98.6449616585216 92.13986180850506 15.445029342629653 36.52233278571853 56.891355959649104 -42.86410836461832 92.82469676002475 50.09876406825893 11.672215902363561 -46.93590531396221 -84.10703885411121 -65.68059718020868 
64.54017626834226 42.77074802538189 72.0316199683613 0.8025955470555033 -25.167207532437146 -78.13407927850493 -59.5761198811688 -61.23924145384285 -69.51580571592568 7.323159918395135 40.426071356150345 97.44805325626592 -54.434419630407625 -37.334136145299254 64.38746178026594 
-13.948833451180036 -4.862682295199463 22.32779948542158 17.513078817014474 -17.133667957355442 -95.83262622944879 -89.46973966415983 -4.980298243257607 16.96600754516527 59.86908154924498 69.32484941497162 61.40133714609212 -85.89049057520305 -96.34501073558674 -35.94215665135469 
-84.12358601559882 71.31789673663431 -22.19452458063138 -72.92561501916883 -12.320784302665857 25.97004825672373 -43.83105395826805 32.45469580845847 -23.623126451458432 -35.496034102108126 67.87350166772143 65.90104313290803 38.000267722923695 -68.23058743077382 50.78481350018674 
97.9199667324126 38.275769714807495 87.66364632727905 41.34499080690267 66.76825891306407 -95.07334234605649 -14.05053864697949 21.48721498764013 -51.164015346842895 12.527182789185588 -1.2254609482280614 -70.54504585712913 17.52885186800917 37.45070504753065 -63.66234341279873 
75.3854842809694 -27.344446550239226 42.3183987928648 6.222537313367212 -80.82805174524646 -74.08226194796639 52.064652480593 -99.20044326278217 2.4024166640870277 3.0757009595287172 -86.03921520367723 96.54780248866672 63.39402138134909 74.89866374223192 63.528079086614326 
-26.786467966392507 13.57869138005961 -11.522568415867141 97.98915207977706 30.138478593214757 34.787816629007835 -95.01215806542082 -83.97528644121365 -45.894164985977405 75.64120288113998 -44.57576968801467 17.323752431537926 53.100723763519284 49.63716706319056 -98.5597784478754 
-69.43535352767216 -45.5607511473719 -70.64713074992773 -50.75262921382946 91.33520537414194 99.88522175281233 -39.00980294895011 -29.37814061719493 -27.18726710346877 25.785762756658627 -71.69230290900039 -57.57958328651884 76.97528522611614 70.31365656095338 25.8005714945035 
47.62277848913553 -51.739573399340344 12.537199039528076 -95.41758222349559 -16.487197168609228 -59.06299472549927 39.883064748020246 74.55522089351197 -24.155529965391096 -72.99204637484632 42.10356282209037 -48.29801542472529 65.48230447418649 -25.002815480818356 -21.593666884913105 
88.68350113410116 -57.165861811074905 26.49873078429161 80.06712203138949 32.899798685319496 44.496767382868086 -75.84123785944372 -45.31896376449613 56.47363546729312 39.11332681916713 71.5247191339588 -51.0071770679335 35.518407788366204 -15.124116659737169 -97.95478381969764 
94.39848432765933 31.388954135443896 64.79977599358736 -20.741966522604116 21.703150644330478 88.83786955181455 7.348794300395852 78.61940811648282 -38.816706529810354 4.188080275654514 72.61532677930776 57.212716566979 -75.43660827998819 -4.356087817469501 -65.54338027648626 
86.06018620162027 -97.56024248513882 75.87352360993097 -25.087967574406306 23.379763818244427 -57.43107454289 -43.8549146745802 16.503689624052242 -56.070691419684124 -34.98059902621375 39.851582946077286 -48.91792245359867 1.652352759295141 13.260475471966899 -25.110101892802845 
15.582607305713239 -58.06282238154621 -27.173982246581787 84.33285647494233 -71.71588623442989 78.36998073821627 -20.089337230860266 -99.45079043175188 -3.879883717162542 87.95955975761962 -86.30134444408759 6.205383735945617 -97.59347547380189 37.679543023817274 -61.683903184607125 
54.75539063493761 -23.721959459506905 58.865061393097875 50.57834587005348 93.88483712015886 78.29660460482614 53.563546803187904 -9.8306623167759 -31.93129455742205 94.56235736769159 65.13379149881399 33.746820645900414 -33.69142008352968 35.681888382813554 74.96776955906472 
29.182783996743353 -5.685195034163087 -52.648581712150545 94.50968438716535 -13.478742015655271 24.301714271705038 -62.95436824478362 94.68675443816451 -92.3258860602832 -76.8574233378637 -62.696640694030116 -99.57189116137634 62.991605484200676 47.12622346459062 -64.20945881185807 
-23.963857823215136 33.78064582725008 -26.30796223937824 50.52973639801684 -15.11686128115808 70.25930907446153 -0.3391403683030063 -36.005343979411485 -67.65238874680679 -43.393914313019664 16.681672962932865 80.32023458670753 -6.250817041767249 -90.96298078773752 -44.24950830114782 
-4.755405138639901 -69.21174736052137 6.098099955576842 -43.1764347754313 -66.88409929482866 35.530615390949805 -89.43995670704277 -57.631550636950955 11.114307544417116 25.753066417551196 -51.4838155525035 -64.46873800245423 -94.09453867638385 -45.82558916142987 38.999735550742514 
2.0710443435906285 -35.3282025815554 82.44186739075892 -60.41304510727028 -35.64238577274264 3.529777299822385 -59.204491586266286 -4.773997851494457 88.4185572700419 -3.5274256408606988 63.20392130831928 26.41258542735976 38.02695266451795 94.57814496531236 48.01158382219248 
98.86533100265683 -49.282697438439094 -61.15767450473799 -13.245834566414231 -80.60624184093012 -48.94469314402494 73.82561055190587 40.13442629408357 56.50116018434176 -96.81085014628901 -64.54444079098276 -33.889989250685474 -3.3547503083257055 -8.422771459402199 99.97669106191967 
-20.31966022584497 35.63251295860144 -57.89927722305792 3.016463972735181 31.250202065714774 22.950269315140147 -0.640717254044219 31.621874011545486 30.005923396166736 -3.1148371648565245 -30.866856942686894 -73.07368286573475 94.86920533249949 5.485989576415349 3.6504225259238865 
87.98801292877855 -80.67719220168337 51.65554906574863 19.920075734513915 -8.782455329737289 52.68631974402359 96.68602786006815 15.663010215684722 11.339209472580066 -6.5906385855526395 -15.769100519981166 28.08181405213523 65.26450649190062 -52.27586050107258 38.80436917228542 
82.40893425319595 -39.041217756324855 -52.48249837866001 58.5002701981451 -4.375629243157306 94.11885972423173 -38.576734357885 -0.36598863204551435 37.26775038033938 7.852953200529072 74.18231846185773 -9.78326913199443 72.69034164068546 -82.20528357296772 -46.72845808887314 
-76.30368695798668 95.94264776881192 -58.7094605373164 -67.50546963780297 95.46057933627671 55.49034151018441 88.53029636773607 70.46422839020909 47.863690747826894 -21.08014019447026 -70.53293264916752 22.867068376625994 34.69060269624197 -23.113702039579792 -15.15070216258394 
-64.58837505568846 -53.85779363077277 -30.824624767873402 32.50378210092026 82.23337072247091 13.758739901572042 92.83708893272492 47.860391176694264 -80.82482936677671 88.54365662218802 -16.202557815011545 44.51199089741391 59.18130055540044 38.6622494235732 30.342803881587884 
95.7967364005876 74.68936365747751 -98.83703348577966 -27.27275361833202 21.104619444926414 -46.720443180138346 74.13545223458618 -48.40408450832436 24.977148179076863 -26.826551384711422 -92.95986836975732 -32.34509095314664 87.75264072366213 68.49115793372917 -32.038040322779906 
-98.3633709179904 65.76374212788966 -52.73056133924432 62.87405219004992 -48.0677095936312 34.282192807742376 -15.470542171188086 -41.858583687622605 -96.34957072965771 3.6635801268511443 -83.19505511907414 -18.702125463195514 45.59380205864463 70.40003415110783 34.65065555062668 
60.887336576267955 51.45647568523452 88.86691251388729 40.44008597228489 -50.95867608215596 11.83597541868204 -87.95871083236699 -32.56286705131457 37.35074075924177 5.529603505449998 93.30547846219963 -22.71201311529066 -81.49012669322903 96.70848132173973 -66.54787146698186 
28.5926663119281 -56.3475899759174 98.25248542413331 -94.88968125603294 21.395881235757216 8.96964457024751 23.648349268682736 4.550243633717415 -28.45685688138792 -43.446436372616006 -89.97769714670733 44.875192498365124 -68.35486453931668 94.48167303161495 -11.46711274172398 
65.65806183967916 15.808022805035975 58.14457475951866 -37.09783768871886 43.76578349108391 1.7519391475330508 -32.46084102799618 52.561467747682 2.2134424113452837 95.56553180590734 62.24868394198688 -51.518554749518856 -69.93187334502818 41.04308079659157 77.17588515963584 
0.8979799617879962 -0.9183144983226299 16.661909013957484 -64.51543401546549 60.50768321894901 88.44748226427569 83.84368461452922 62.85217831466713 16.989166311262323 -92.87462833348994 78.36078590507336 51.82951067774161 12.351371200529144 -23.10002009896219 66.7107890279868 
-60.420610296197474 -38.074258868501886 -67.39415355724637 31.01927845573195 71.7545400536022 26.111848379340813 -34.98980012028498 91.87973645108875 82.71451853638732 -71.68692725378514 51.643985353854134 97.2029025788793 -82.25505460315752 7.052407168997917 59.4292750586811 
6.245113187353169 -14.701145407305376 51.677694665311634 67.25641704621 -57.286445157671565 41.17457471496684 -86.08983306345333 -37.01550543775984 48.937099172705615 31.582714262611006 90.99151473904249 21.063003787086387 11.750662210884983 55.84119401884277 17.79559889024216 
-52.55702147985162 -50.590384332157655 2.3006372940108832 -95.37451231415577 -93.00680228830196 82.1275853944176 -22.416392321066738 49.834429540915096 -59.44459576918892 -39.03213310394338 -39.85991536994995 -6.848125744406147 -3.0213415180069774 98.58257550282292 21.175304090265683 
58.31442080898188 4.410353055993326 -51.7885094423641 86.75965415845806 -13.761984885799322 -40.740857501591776 6.3265117018794825 -9.93921235315338 -6.699075287620218 -21.11825735522683 36.173517071480006 -83.04082341497354 -12.837410475165939 0.26943544806650266 14.684445424564856 
-35.46931477821906 -6.776073775222187 64.50868137223762 -99.72331154367926 47.11391593760479 -24.987429466956385 -90.7957563262054 28.314048902558852 94.94448420408565 22.194358666233157 81.53391681613124 83.42971252049841 74.70679684561233 -97.92969065850494 -86.29779699268367 
98.73968408645453 74.51710053153948 -53.35573751211358 -9.41263995317452 -9.539121365091034 57.33357496675529 -45.27317288419681 -74.42670825654103 -30.07356908348207 -35.53913624023809 55.7103608714354 -26.033357569150837 35.791258203151955 -92.26503100414998 -48.58831734958808 
-75.19029614918401 9.629306234136664 4.909998480683299 -71.56813228302137 -7.969154350248232 -27.429271780102766 -75.56198223217913 -36.797957675511725 12.554120713646881 63.22660975787102 -66.35447623647104 -15.32852021156937 75.24927144076457 47.86426154374391 85.91306890005026 
76.51534678956176 73.15771986591795 -73.52830343771943 27.68204659027866 -50.29051625520668 17.304387420279667 -40.00576280327179 -18.85372835872134 -30.989371290538315 -62.29907289967651 54.8133814499821 53.799359823476095 -55.03001950987652 48.07437313737239 54.87472492384882 
-1.618036132531131 -89.11768184483621 19.847378311388525 63.03003827386627 -43.40199249982142 44.35797433478763 -61.578743399150724 -65.50553268893023 91.49970950319383 96.79701217025263 58.561701683839885 -13.753157141409716 97.82020569376536 10.165440681818765 40.93493147751079 
70.70094815493181 47.84517236466965 -24.742512450247432 83.70151642029398 96.90540035328479 58.78287925620907 -45.272104719332695 -41.600825574870925 96.7769269420804 -95.82690969780433 96.79041638033704 51.81589475670526 -38.03445998575321 -76.39048826283145 -42.82030698168453 
-54.08240144466971 43.11836534044801 33.55020522912065 -61.87605866764394 53.492770288498036 88.80572080122855 -62.1653388577563 -31.529741911632996 51.3477670205599 -51.880457257117115 75.52794340931786 16.922867405471067 -20.92864107692955 -58.635276330082185 -67.71889526751445 
-28.87741690797911 26.053079795976103 -55.178180147374924 -66.10478571851635 -32.88949563082181 -69.19583018758242 15.477186916162651 -86.55057995934959 -48.06603188492418 57.25948596648223 -80.11920694197465 -77.0054895104384 5.1293419793376955 99.5676948585014 92.8125623919249 
3.7993637613746785 46.256853939052405 -68.07195489706163 -17.001976404446722 -81.75111000832638 -86.30522157952282 13.766219808127687 49.12118663193576 48.68163206887189 69.90522973250393 50.0203514634471 36.33721185566458 -22.127342147424557 -7.111091843120505 -14.787654083396575 
-54.71291538519709 5.574412166147226 -70.21020608246636 73.5056597488772 43.581127348678905 13.535553737714338 10.277229541547555 63.44178680066025 -96.17846940025898 -52.92717439395891 71.50226408538984 -20.08381703935551 -68.49749042224835 27.033071653342077 -33.30742681404293 
-79.37677448011362 69.81013022529345 -88.70068380201096 48.106125652706055 32.547395614305316 37.95301114045188 -88.76983834864632 87.21892116530134 33.776779705875725 36.147802796656464 -60.935524413430244 15.580955334150431 32.24399933319799 25.400096376828273 43.23884943552048 
47.20869887925252 -1.616899982585096 0.5158030072662143 -10.484385414992218 23.195580458207203 76.38645381054471 -87.12576299920293 -93.90126658681875 15.456921344916125 -47.54547626112571 99.6461150080932 -46.84501492282893 71.42355630096367 -40.96902580553032 -36.122832812403274 
70.13327189164642 -61.729351094701215 84.70640922012979 13.303483728076188 41.27980247369757 -1.1390356103544406 -75.2796813944983 87.37066654642561 -58.71409858579981 -70.73913420021209 -34.529909025682485 -58.01805775202937 25.83030443860291 -59.79785739766248 83.8977317605549 
13.254445920239448 92.90487632554277 55.782459358058986 6.4096327289006325 -53.449824924941616 -2.5555331529110106 22.928208545573384 -1.185565841585003 -95.09769648565658 -44.357908518623226 36.84085460095142 61.22844530422503 82.62391169281597 49.410229037507236 -24.914821127761442 
-13.623704847076581 35.898299494371514 -61.68493113062925 30.6667597489689 82.02253249896182 86.04554323222862 43.93008358439573 56.51723507417552 71.69227503086032 -28.061799244565265 -81.66852801641244 78.15642830720046 61.70107244579819 8.974670856456825 -87.93342347151041 
-95.70333987238264 -74.29280473871174 -85.90404562376688 4.3275691873860325 9.073415248510315 -64.96277028298299 -57.272352503009216 -0.541486153506824 8.166926618774411 -6.515076103092738 55.25185834386809 39.79503101579655 -71.30671470301344 17.899881638345818 9.992283360251932 
-63.48753225572625 -16.208296329317847 -18.385986666514526 -81.61621769779404 -26.179315029091413 67.27323395085557 79.42679681340161 -82.01006416466312 58.20662784045828 79.79911707944652 0.3001946900025132 -81.86031766600254 72.30318658554648 36.79240150512669 -10.791116595273294 
50.4863234108723 77.84567659773353 58.004439526902075 -22.840347640408837 12.95324891684595 80.71766641564363 50.672203311500226 85.64617116778885 68.58409991713484 88.45298274429422 -32.65185921948286 -62.7581428357175 35.51917066768533 -37.38419809335327 57.751375827282715 
-27.471830030907157 13.89699941107574 47.99674702645552 96.72286177953802 -30.95718968696491 -33.59362054791748 -73.4279046772134 -68.70468063501193 -93.01008240172426 -88.23297490556212 -30.04778336231864 86.10130124171638 95.36183013575891 11.783768741175322 -88.16692174656929 
-55.65914760297266 -36.97582076295636 -20.452968293426395 -65.05786244311486 -51.325872680487805 -86.9094121924945 69.61821937819016 71.70727342310641 25.23581483736821 -21.73909388788435 36.06549487868233 45.598233211639155 21.414041896444587 -82.22108787384641 -66.95081526966533 
-70.4220582104783 84.12758935628693 -39.82691707086177 83.76406904350338 81.2743534504146 -67.5582304593861 10.923807979530253 -17.376653671036493 79.799195352341 -7.9824436617035275 -8.252340533544384 5.623584858194647 10.631666486855678 -77.07673192856794 35.35091510028323 
-67.96124988066941 94.6812603331966 83.66392101058014 -1.5306925563774314 66.87673252394657 32.29870549497531 -84.7383055770464 75.51678103006086 44.0732969192012 -66.46859176480125 -3.227148848599299 -98.74366250807272 -50.372114230120715 86.31849732252007 90.34643183228565 
-33.587401197715906 82.883652755262 -76.04079028875648 -68.93584161112578 17.23404771333108 76.75228667737798 -45.84773402976487 14.023334523957502 43.728486577116 93.29817480738433 30.440878517362933 -96.81081705278854 -83.5121850958071 30.63899495330668 33.84689488936269 
-8.270008760444995 -51.16188832562663 48.46131012293259 53.735991485301554 -64.50675543500424 -84.10370147868933 -88.14538024954743 90.3477931881614 26.108874725090985 9.071306352843806 23.16100537880321 60.90611909839231 -21.725192580404922 -38.86985140088599 39.454616328821686 
41.65562415395229 2.86864596243592 -51.74834426753077 91.94455994734153 94.2490386578389 -92.3258399998607 71.28695964398923 -15.24771804123985 77.0387752911765 -94.86973876285838 83.51415870816473 -4.985187433671754 97.49434055756035 -47.64672160849195 -90.0259350277184 
87.89838999483499 -4.913498153705362 30.386944363379087 11.80120317366979 -85.96281812840125 -17.63412364483385 66.25644502346762 78.06387206577222 56.38531524778213 50.76570424508077 -73.73897656204451 -34.07767432475437 70.96398328310806 29.67581290723939 -44.4686277349166 
67.2378989307694 -44.16508963659125 -75.83184464970134 14.597527360606861 -1.409531212339047 -93.19149867678537 20.94723498818132 66.75603661645303 -72.80549243620607 -92.56615811114102 57.94940805459021 70.98606145987759 -6.072277543641917 70.39242819830807 91.41882019641926 
16.626305660819355 -1.717917335694068 25.994477859923123 97.2666168842863 -39.303857399466935 -61.64535919686167 -27.907452238018095 94.35098661972296 -33.471230845171604 -18.897799468612476 90.49577753792138 30.4667369791417 -30.548858685926945 33.02236315243684 59.62702881743439 
66.11109757571694 -92.86498034736523 -68.17159405428569 -42.63878922415645 69.26550277858172 35.63155393287215 87.68277496793527 70.930287757944 47.502722501293874 -11.096536742985279 -25.05173262515585 -71.01183245424336 -42.39376409571658 88.43744092020063 -47.10914901585475 
-25.54917907858649 -23.914308741147664 41.457807626645234 -76.30671047587501 -89.3554050214958 20.077249692828488 82.30395030721448 21.12935847249784 62.3572525770297 -59.19289988239067 -82.27692928910733 30.15345660255562 38.81780529416011 -29.70834356967555 37.42087974699956 
-50.913154559964745 47.995700799186324 -91.64390031327514 -7.743477709333817 20.953558233483548 54.285431211645886 90.19063056689473 -47.59611034106499 15.148923526963088 -73.82615663688534 30.09376851790597 7.53229793691321 20.991313143412697 -6.755118228296126 -96.86411679315945 
44.656551586379265 -78.08389585029533 92.95554752150076 -15.472606680155224 -84.78192442671309 -83.54775149590172 -24.23862925181959 79.32510350021496 5.255514282645123 32.303817624376364 -56.751048260653825 -50.50143758923542 97.4296474372535 -8.895303200205376 48.58223694924703 
68.08783488581275 65.45399268013114 -33.05615594393157 3.636935746652142 -28.752575030221934 -39.042400775365024 -24.363262508814728 54.45078320613669 86.03978476929558 -95.55166544139712 28.59863771895951 -2.825161727720271 3.1886234137395775 93.6581273126975 -72.5616456384358 
-15.820935550253637 68.34758565836168 63.42286288054913 6.337499468978464 -32.218150477674115 -55.47939699236808 -94.81336191834315 -6.143113717082272 33.28321706749898 -47.29151679786416 -70.92707169692653 -42.80207566547598 -22.829201571255652 39.67636436978813 8.195738661557243 
36.19124272581732 -32.96140536729327 99.64171463098714 -33.12957451594012 18.8420940488528 14.001851290476466 53.225353502024234 -28.36946453456261 25.742929022139393 -40.64351295626347 37.02325428281992 42.12989502393333 29.650502761939407 -0.30355265088766714 76.62567087951632 
-44.81429391237912 28.290338175918208 -89.34520057137003 -96.29404678406077 -53.848417785116624 -91.69163380347544 59.072388054808584 -10.531494344105269 18.171540218880992 25.774640810965238 -95.68021016777348 2.3661365095423434 -25.369016574053433 -55.817827403164785 -76.49232813681648 
4.886143492870204 -36.51513306287697 69.31913701937938 43.2771188550345 -44.166273173583036 -46.149189019681344 97.22772919506926 37.7519487459293 -81.83389197627164 97.30015845853279 93.12623932024002 -47.03679213559682 6.624431411541764 -82.51453580476742 -6.5408139322402405 
80.08303109152794 -5.966732058044883 12.287166039148673 -46.68669797854233 -40.40390117105699 49.08498988896912 -48.36332601639426 14.995049299375324 84.9132764601689 45.41408476724453 -48.30088101731751 10.844092389612769 52.92944690226716 -18.17449366375432 -39.14177131710521 
-41.226252804532095 90.5854479563771 92.67510384118714 -28.88198383253497 -97.64360135534307 -97.70684138832732 -39.24166386898915 -68.02199798462624 59.47386808180423 26.029464728354796 -70.31221954924641 24.195450865254784 62.897360662931106 -76.13738276449101 -89.99919463922234 
47.33019707161867 -66.47201609865965 -9.734088556343124 37.667795302988026 61.64735099181428 -76.90624949171519 -59.79342956312068 44.10866712607623 -27.295723195079773 -29.25384002353624 -41.87906516035294 -76.45345363445935 21.616524508135342 -73.85463424066536 52.2730017445833 
-63.13944602930628 -31.72298824507753 -75.91760046723819 67.98826671189221 -47.80195900676198 65.40449741753554 79.53858248132951 25.945798533158992 -25.534785138613586 57.51798892452416 52.28239011625402 56.30613182023188 54.227737926047126 -45.68419448574112 99.97326374096073 
5.705163252130603 -89.56861148898099 -86.87113727817817 -88.41176649892253 -61.448146478484574 -74.42560749653151 57.58193159972805 -99.88333765656276 -65.81084951989234 -90.56590704152163 43.660482527105984 34.79078158328906 -46.172645801694756 2.8110942219313273 90.57348768891356 
47.6993553243679 -42.73776236177274 95.10858721927869 76.12066442733342 57.469389866467935 -58.20894654459341 -8.770016822667628 -36.93251830747959 -94.79118473850319 -73.85652681396637 49.25938671055448 -83.32785787449754 -57.37749761115989 -38.962827508437044 -9.614497788339065 
-88.58692722531015 33.00647438819871 -22.495867956908967 -11.954475538731543 -62.377865911249806 14.098877645588416 -18.514389417486015 47.94772523471681 -37.25523972123417 -66.09699057563219 -8.120226890392786 -17.74970199562742 56.53391858188991 -40.00049703056248 -82.37371312060829 
20.748109160338245 31.277489598449932 43.52945842399109 -21.026646208949586 -71.15245642949259 80.15296752028797 37.83796748061789 -13.344085412736746 -6.480976437758173 -10.844083208890922 34.90593737371802 -10.907625428863739 69.64002002978404 9.324347474539962 -13.384713714779963 
67.07840998932164 23.27823131751019 -80.52010184048217 -35.30016894752377 -83.27163010853118 31.80346229342564 -2.995322852784014 43.252631868726354 1.2863327976866117 -89.70557839027612 -95.5041010578738 52.384737882761385 90.33937814000063 -43.304960433370375 -67.08611336776953 
-13.600220827117141 69.34614309282733 -88.32031228651292 -98.45602331344668 -21.284170492486297 -64.53695702079953 15.617651895986455 51.62005224080124 -70.71169794777398 36.63191021004218 -82.30638495287826 -25.470083750556597 67.42038078767658 72.93299895481954 19.495180815895097 
-12.678123693802107 60.31274521009783 34.66299684059058 38.261231651648586 -47.898939808788164 -82.90539277409445 -92.40170248936023 -61.16434461685891 -11.612738925322063 1.1158381541436881 -32.37364211181138 -32.479892087514784 -68.21391312203748 -45.30979001677795 49.65946417535301 
-14.469575670673308 -55.264687549081955 61.549510235843115 21.088441905960977 -0.7222118896478094 2.690624306834451 -69.75774287591653 -23.176031129298906 -13.196234836072023 -84.53653875766003 5.5347588128067144 -38.79097144965395 -30.04696390309178 16.104352190660293 62.40108822701106 
-29.126466864842243 77.64648385592011 29.980634271657067 8.963654132478922 -45.90958892647991 8.934210018119899 -6.281267158600599 55.73961223932727 68.99648995223973 98.6865103395252 -19.109728432687717 96.87721070693553 41.29775504131098 99.68557590603245 27.78876187601263 
-42.635183646648265 -2.958255906124535 17.605159178413814 -91.09364518008238 3.166281743723104 -50.111203318591514 -18.333900257432717 49.17390311870827 -59.111510525472276 -95.18848153135198 -97.98683146944018 37.13839467555894 -4.55426320962556 -26.312433967606296 77.03340594605396 
84.98258252798783 -26.86942752842465 35.299431043750985 -44.28931976326087 -58.994362868534324 77.10171420141626 61.991614647551245 43.46571381547321 -56.824387029604196 -35.783492507836215 80.61349770403308 -16.92835558496722 48.22105976882071 34.790292691924265 -10.600648506610938 
54.29422230515672 50.95512825856241 -23.08800739624219 87.156894147039 47.90692285285715 75.82373489410179 55.886962191250944 -64.43436502164005 -80.50270388524595 -68.4603680687973 -66.45492085350071 95.27772960596971 93.26722924399041 -84.63263057870083 -14.89502592856131 
95.89153523055091 70.83320012128323 -93.17347043159691 22.052067876132668 32.46896150813063 7.5633033781444965 -51.85577042179261 -71.86693472145637 65.6149133381864 -2.555189664835794 -42.817287740517344 42.067081537230905 -2.035619704102288 -16.680900661320393 32.41178456620597 
71.66695916584294 -28.827238375114533 -74.2559596007595 -50.95217919639463 -95.42121211050576 65.08166935770373 -46.872244556876666 -37.89299428899604 37.6620817244723 -55.23695052920099 -13.279420009544054 -32.36081390526016 89.77287780363548 -56.43834359505837 -51.151533871238584 
3.7425796145272585 98.01962549548844 -51.650625999550655 -18.623737436819553 -25.117943904431186 -86.33624019411772 29.91189559711603 65.43520932361304 -88.93816643255674 98.00106625339546 -70.65326096429969 0.4868370392546524 -36.04955561646796 -46.60608705640064 -74.62098734235542 
81.15608667764275 -95.87535830865357 42.01589438507273 78.6213895858524 -79.96654744015261 -37.70471147191641 -30.73178229277967 52.21832811374878 71.54101223989522 19.731746736502316 -40.308532205292 49.26889534070801 -53.23091325206466 -26.477988284945766 71.10261140398217 
-38.12516818917098 -52.48419971590235 66.13030376346003 -95.34832347434165 14.42869917539636 21.81839929807292 29.267433044156405 -8.225804329782349 -65.42840724256456 55.97607047886294 -11.659726543142938 -92.94549120789728 -84.61570810991135 96.90331387070924 -65.118678888698 
32.34320533883104 23.841627499827126 -86.64115689149642 -97.71886527367037 11.827773095780984 -36.920144217479134 98.77541220979279 12.436078142025494 67.56974461889888 -33.73962557330128 -9.81185816325177 29.134615202845794 -2.635044526113404 -0.7151154292232036 87.52544385022188 
48.90948274409425 -30.310966312828327 -72.80578059632575 -86.91771292843575 -46.27524348786935 5.489014325877079 25.91630816237209 12.24862904515578 12.07724430843642 12.587403502054968 -23.409378749662295 -25.417717523662063 6.448498638077467 -20.787472261138646 8.665260666979393 
-17.890410580273482 -75.79925718892275 4.973524305867656 -29.187707900344776 -76.40954861462477 5.469194140934405 -64.5988108171959 24.88808175642056 51.28062438547266 -89.74215131591392 -65.87133021946867 -94.7883639134943 -89.73385645708072 12.922826730567209 3.5413944856826305 
-8.08150328078196 14.790494365236341 -70.84044261450939 34.75642626492203 5.940727911805226 -43.746859315372745 50.313891512423595 45.397953017109245 56.625718859772434 -14.30246627226839 -7.14233940674292 -48.90561436380443 -63.53631540437408 -55.680584805214494 -99.28249829964628 
59.86475723333987 36.6420337760336 21.045186243535625 20.811247918990176 -69.1306750323046 31.553920180486045 66.84673079875381 99.35688045522451 40.006720519464125 16.249442334742767 13.840364497497589 -6.137688572597881 -15.474348923233123 29.152442797380758 -73.08043234292956 
-68.97971191643433 17.948178027160694 -55.54359882992757 -8.278841632319825 97.18758951120981 12.84339350402945 2.2232791021951357 -32.4793882063442 -61.33421269907717 28.15106066296005 84.33697079034815 -50.56222487115649 56.7570461433026 2.301096317019841 -92.96238952092185 
-47.21480936235869 -95.508376285032 -52.62551563982936 23.5568742386707 -12.697116583813383 89.35635037189121 -15.478058882719964 94.78741064875317 94.1960974435124 47.120820719315645 88.26105591799868 -71.43896174658212 3.510741070389713 82.73870544286675 98.36518238304242 
-96.22168377977647 32.2166504081147 63.47166287457057 52.1752168899269 -93.93426601188466 85.41582272147613 -53.81106446936854 -98.8613846494395 -25.112409860142463 68.92907822020464 -10.345923361228174 -64.0504763599006 73.11619695734754 60.78535163254247 49.84698875350023 
2.127673967194312 -81.71864242698277 -24.1534524663912 14.549070584063458 -54.20605026175696 46.11240116806357 80.82535581886404 -19.27538896900289 18.974397744445582 -84.61204250092274 -94.94368574040708 3.106816591234576 14.260300427599716 -90.38689369170186 75.71385108386514 
-61.58263945556533 -12.35998633491937 -1.6206743759111077 26.111531546806404 -20.62741354963839 -12.42923087598183 97.07410940019946 12.374393620257422 4.241714348893424 -30.363985737706628 -19.998632844832258 78.35882371523644 -82.54363769029322 35.4151578666073 -1.1183177974360348 
-34.640870954600686 80.67202456350898 46.38445041400422 -45.22611586597678 -47.61030316603983 53.47551223333943 -6.143143547505758 48.51693703782999 30.371122946116003 -46.13904175933388 83.56048935391206 93.4434754713755 -23.313613111043324 -23.901519775026657 6.237079987860142 
-55.683972879179834 8.686000499511977 63.238927844189675 -20.808311180460805 -50.50107226803586 -5.270814844957059 7.393522753984286 -39.1038119088414 -99.58677417999122 3.724879272494036 -30.567573829341825 7.453434042976255 50.97614118782178 49.75744089325559 -73.07653112976638 
-14.947377428417923 -97.22796893079295 -48.67226154080413 -66.42464668140444 -33.744823605758214 -73.18842086574526 -71.40088391683388 -4.379707811372029 72.32546951504574 7.638200347326631 34.827852800168614 -82.2192390525745 -89.1394233686005 -97.89171003010186 97.4590408780785 
-83.49916356293032 -1.4375247734295726 91.68195448427088 4.140331145372997 -40.58276615253802 92.18379093494102 14.719247837224643 10.487645294744752 -13.505574253856551 -26.00990877922031 71.94225647443855 -16.016606773163318 95.72326253378301 91.61142479237475 62.97014898781973 
-3.0760752135208946 -57.33822664218287 -67.54346701820326 80.5473711238777 -86.0917112219052 -73.0511832875203 99.66869652305277 -39.11833239301259 26.498486018646176 94.18909027260352 81.1660526986299 47.802163198741624 86.83933575426403 -87.56916621194092 41.941635271715114 
4.709797132682553 -23.38293261698834 46.04621375346426 75.41159288498466 77.74708059957794 -28.191982179900393 -35.445127973763064 15.266044007307556 -8.107750447908742 57.23306308339738 92.2814596198267 -24.62151772984879 -99.90766849447874 -4.422439283383639 -98.97781879540209 
4.046933471821816 -52.80146590882522 -55.218885200456434 -38.74453617075149 -71.23320125119344 -80.92681745812231 -6.219529549193936 17.632553867971467 40.12037504751754 47.70035444023742 -92.01022456768924 -22.300207283795288 23.805998204110423 -9.391978706726718 -47.887274191335 
-50.878639131420854 -89.13843191980662 87.84026749258592 -90.23090377455334 73.65442960476935 38.130862486585215 -88.04165770126325 -65.33683892812275 -21.326219167252262 -83.18797485308119 -38.142646710267016 -97.78657644685309 -78.604527846829 75.04752172588562 -52.984191615364495 
-29.905544350893294 94.63710631580864 90.64416168369274 -28.508561162662076 77.78294949810297 -1.3451514622320246 44.89533366446062 -29.226005704912012 -91.72692763374847 -55.85209260037451 3.5395572118085 -42.195707226465196 -89.09321087973223 -45.5037905517111 97.1066949642289 
-27.79146737176592 -49.202723376384895 -6.817895441825385 21.024067271013024 63.685884459606285 17.465158607551047 22.978327092897885 49.71199912845066 37.11485301514875 25.682656138163367 95.8053167235891 -32.95823167974234 -78.07777690007242 0.27191280995455713 -6.5799151689406585 
-48.925208339471205 71.6821334755985 8.071513460543727 -62.80268601023715 -11.934460653482915 -66.90725082144012 15.227735387429547 30.309839820554515 96.34610120192292 39.14094774901474 -43.76121767871275 37.63868756797072 91.22867294232634 97.13583357146123 -39.63280602576926 
49.445829540841544 -89.5878556851365 55.40104733149846 -18.705308429215478 40.29343071242826 -52.007757051919555 46.21704800863722 81.81163290792065 38.701359806263866 84.60903133501557 58.70979758928192 61.97026358111469 -82.54922254951104 -16.425639378076212 32.76204929166704 
71.76710405747514 44.05474943197012 26.299830638882597 21.59230440271442 64.64756777729971 18.10619254045767 20.287148246707602 30.187530627857626 21.782998453623108 62.73800662241635 -32.82711413198609 -49.75078456176873 -44.723021078314915 -57.7516556831138 -49.130555556600086 
10.60979979017192 24.238322868480424 14.728931821235818 -63.40963392873373 -98.8608604026221 33.04645058486324 -97.3866925955844 -95.64553419101753 75.92019961500043 9.309223168291126 -72.08356786646024 16.384743167407876 87.85994678789996 -12.950807929563027 -75.44507196801288 
-2.3547443079203703 -30.12265001385414 2.5578965273217733 35.72351190983255 -50.27162160611973 -89.39187849188403 -38.236671248011845 -30.71019829054724 37.3365674658489 -90.36042702039823 86.98853413859916 -43.525614809417036 -85.37863102929148 72.67696219386158 -49.94638152741477 
7.405193869621172 -70.21613230574599 35.24892822798634 84.71055396707698 33.03095021270033 -97.69037454309854 95.96461630538482 4.138483457793882 54.01140237279168 -71.96160307954781 -80.35050856505381 37.3657711715737 21.25820867700112 -76.56277313073755 -89.03873786885805 
-38.211042468875746 83.05029701134603 76.43422625822342 62.4351007065022 29.86514703100366 -69.30105379954003 58.388725356801814 -53.84843089564109 -65.15368674464806 -79.58568938411095 -29.551456927415813 5.628929632380888 -1.3333160299031874 81.6596971737925 -15.467977633607433 
-90.28522524808191 25.34323825498757 -12.151151954531187 1.5567850288898342 -39.29688036258818 -99.19152387593914 36.58207024197887 -75.08046302055686 57.71494532017354 -43.56349613411765 -85.08288283314344 -22.616626884551124 -17.964181519737238 91.78286228395794 87.38206155611567 
61.28836140133782 -36.42628835802255 90.16188594560228 -20.59676925926979 -67.0310639694752 -23.13180620018764 -42.569531797493276 -23.729917566205103 -26.072431208008524 -91.98888024233575 16.255421731437835 73.42073432078254 -28.953205189590278 -41.76871058716423 -37.46431544222668 
59.89279141551535 49.249885119378916 -2.0887697002172274 88.83391673787568 -88.62901086588788 70.31037510016301 -43.662796657907776 -32.29738813469231 -44.145152551553046 -80.23235379819143 58.84283916802303 39.43348383171559 -69.37875798319499 2.8633084968009683 84.11525697798135 
-70.22567808832147 61.57042983449497 39.50726060477581 25.971836173711196 -28.252018301372743 62.37677334884552 -91.8024370991429 -2.4153543249389315 -49.43620915017883 13.7830182077616 57.61166765698965 85.41768917689413 -75.77440055374818 24.926916984176486 12.85732084642845 
-79.84570815222946 -54.64398420206156 85.21035155743863 -91.8763878774518 72.23124111434208 -21.827554736883982 -59.866705297925016 -70.65514927507029 84.85224274445187 5.876671825400564 -95.41630004835704 76.35876735351351 -37.86373667690399 35.570182349089265 -40.606021589545804 
28.646708474093288 13.02192641744 74.6556324591952 6.464521595964641 -88.60334018829039 -68.65102851710316 -38.44086952269099 -27.059324463928917 -4.2742123179029505 74.9309191477007 -21.657540832245886 67.68051712461045 98.7605254955655 82.42294705997335 78.45258140444801 
66.6029730433101 28.987066662131355 10.2739784246113 62.8051375860357 3.964029883435444 34.13301556641633 93.8837065885223 73.03986805363107 -99.8790468650567 1.426568721158361 -37.27477760901144 87.2430730309037 67.58495122072739 -81.2852929921687 -62.34437606511203 
-12.693547010473182 -78.81769362781179 46.51897351843991 47.54107485459585 -76.55308457428663 -63.12515878455092 87.45639757675971 -33.29517853860713 92.48533363935212 29.681954988558346 -32.788738900551294 -18.124131640145265 1.7672644938964197 38.5060509601073 99.72004197820311 
86.87424348559739 6.723014726236755 91.4400170315302 74.58193420676614 -9.29935671907613 76.52935972878043 12.536432582481268 43.98844542379081 -6.963439117298847 80.29940549682797 -31.5439082845908 87.7946533279825 -65.63175992803647 -49.4149206004032 15.477233742889055 
8.032103329096103 -97.6038118694299 -63.6025544262786 -54.16304471972857 -22.66825653570632 33.67839374864286 -20.556581168820017 80.70726263956564 -52.94588907872688 95.01621210229987 19.12338786631061 75.08666999629219 -59.72141757977756 23.62571917434002 -5.707695949377296 
-86.42877024163215 -48.265284944423506 56.0334469974957 -76.45553077962914 -28.382959561870862 -36.69186076808486 -76.773539882784 -1.5393369173372093 -98.78321843694336 68.47681465574092 -33.39614145430217 -24.26106381090338 15.116943157964727 70.6105567139856 -94.3106897102639 
4.736562690183035 -88.48044032610953 -39.41157342574921 32.975109523619125 68.52560369526671 50.28122402054714 25.33871938919971 -4.995101066518856 86.37296739711289 53.540469413373756 -89.32285628137846 -59.83323947284313 18.651835359303107 -9.325174563775818 -25.79196465503712 
-9.318062960085712 -14.611801230429847 -53.090286493044125 78.77613167956201 -68.65946442785669 19.79207757197375 62.68575549523544 -59.57622019320268 59.16864050109862 84.36657445862602 -42.774499941578625 -49.73520364711148 -13.417214872538182 70.15081948199406 -88.27658866939979 
-47.665104745988614 7.040583409861355 21.35669085033915 90.21790948697975 -81.02650968311582 49.393455931079814 -77.32357808030949 -76.84945782790815 -80.7790170627219 63.63662882691574 -97.92258779189295 29.106005477928022 -98.55189749864384 -51.179845676905835 -64.22174514725592 
35.45514917661464 -60.122556465741674 -27.48476043832926 -25.628328333304722 -77.24490943561449 -92.67247611576445 -47.922139498085926 39.33915870179629 -50.191031018531085 -71.95156283869562 97.80895257509226 -24.418430814927177 85.19933812781906 97.67912350022692 -99.50974514927837 
42.6532852592849 48.723903388904375 -95.03441539481896 57.11522766845121 19.22007823992496 -38.11124676000715 49.24456157231492 98.14709062479318 -39.53358118189729 -68.96508891656214 65.66341136233768 9.751250366413672 88.54704926079106 -93.69863551560951 33.183334545783026 
-46.29306630043979 92.1914365380253 -50.42979174582407 42.29717611426034 -48.212236771347136 -28.4430762000667 62.02453649944914 -4.899010285564856 1.7802381874063826 -33.06123622235103 -92.4324168740492 -32.26505808154482 -14.55170737644687 38.78660868855573 -94.73338689366801 
-60.74940809719986 59.94389123260319 90.32725118085537 -35.340709954739765 73.10801457101923 -16.86583286156295 1.1659228733237796 24.49530614262281 -48.65072367847287 -23.615334730304127 -5.116892637842454 69.30526198652299 9.358630839667796 88.3769767294184 96.02165906847495 
-19.76530129091816 -66.76097531959363 54.03460153667896 -58.006370221613764 -94.38341219253496 -1.2000491296678746 -42.93729147351093 -15.261082460699399 -74.696563550055 -59.17614441789836 -91.5597221536648 36.414104230312205 45.80138109758133 -60.45177999616431 -90.02871890473926 
-42.89429372374427 46.05588826349245 -98.94634010742406 64.04571475612912 34.50327560736545 -74.30300312854803 -70.33109462457028 1.3412391123612792 71.24701151015108 -72.71002179170213 -9.287771505195309 47.859100493775 74.49910075143194 -72.68754419708617 68.34893616572703 
73.2762499571372 -4.307666213173135 -92.44710977980235 61.372094844185966 -0.5938921182481636 -34.00291031182519 96.73793778127936 6.582045567375388 -93.95720069786582 26.993944530121823 -29.98870770287057 30.249803686760004 2.6891889784528047 64.41966009021348 39.849917689767864 
-17.89375991723034 30.058569169311227 -97.69899797262332 -3.165119659160112 -92.52381547950172 9.073577086979896 13.095472147973908 -26.22879087309795 -64.71418863099545 -92.36331724186667 49.11347785500962 -16.581002211932997 31.632516799009323 -27.542941459219875 -70.52811765668721 
75.55569410035619 95.73923473967164 -36.36339825607906 -18.704514521799894 57.90673005994924 -92.77937372462988 39.2225823931125 -38.548888030213725 8.195471038319099 -37.200746781090174 36.74124062227767 78.79225033518051 75.09234959443779 5.862831498430182 5.23289941530598 
24.042607475690843 71.97610050024326 24.4978779699599 15.8256669484159 -8.873984236024967 -80.89950522721008 42.570156927047975 -58.396975036738574 17.0579764090361 75.11237844323131 60.816766543852964 -5.555189534701668 68.57732709781857 53.08781049892636 28.886929590129228 
-53.58783885129239 -89.96633680362686 -44.6631987435683 -62.63857099026868 -35.68617031087105 -40.98723281474068 36.61154026993938 80.36215329419076 -65.59238303798443 77.12507168577443 10.878816473948888 -31.82966651210144 -25.21167033119687 66.18918592744737 87.43593112399986 
17.27216364763997 90.70589481678306 -5.17416852309907 90.4648889268598 -14.84960338016856 -73.59793957716894 -11.305939805305513 -2.3676648220204584 69.1862845508729 -24.93662878427851 -39.16944048129069 21.702617141687796 56.27306855124016 -27.65864900716275 -7.730836680438344 
-38.633581837169054 90.96058218370584 -22.7947655979885 -9.822788433191846 42.08119657377628 -74.19563088539024 87.47596350443601 11.219458979044148 4.45604641092217 -9.854984849491217 -98.55107118010305 50.46110957550579 50.945625960247526 42.77214188154815 48.68277171670036 
11.091199707638012 -76.09322262517927 -7.157892341716803 -74.40413399847247 5.525930206764727 91.18038116853518 19.21535892983988 65.2157417278716 -14.80451051257809 -19.120207184520538 -41.8928267164727 77.37151933048659 57.09371756229359 -90.7335974079774 77.66984292050793 
77.63640699934695 -46.05985194240188 -40.305086298238656 12.034026349409487 87.34619350766113 8.367099917048606 7.390193239412341 -65.73789546212343 -39.006797231761745 81.68956538286429 -68.54324295693392 -15.537357594969862 -30.793287287998467 89.31357789940358 -86.50112466395741 
8.66913425188443 69.09558401215244 -13.38894987450847 -35.47788966836049 -7.32502628584291 30.058373495245974 97.37046786757847 38.20088667843146 -23.493647666195145 21.569126973510564 -52.54478316909763 -18.548329616541253 -48.74349605078654 -15.389705071463482 -61.451322732643106 
17.833645844559484 60.57307688283083 4.935129457075533 61.73607475886044 0.5156577353028666 78.35865064868509 -5.071218280244707 -29.04710870097047 29.367576601733333 -83.46442209418245 94.90410787744005 42.443820949050405 36.65498170064501 -26.496046316671595 -54.529373997679606 
-83.38705454595697 5.909409474943857 55.872702605641734 -85.53707472302948 45.32986373973441 -36.118671860695194 15.797827866272044 40.728510529273365 -78.83817004562496 -17.192864790313322 -66.29418919330845 72.63184062675288 4.674099025958498 75.13321408952655 87.72499505920212 
17.65857911176751 72.90991693067312 -7.8213430109977224 -13.20641805603968 -12.32796741420421 49.57443010317158 -66.47861039555849 -68.30856602400625 45.911147781284086 -84.96689641495534 30.614684077646785 -51.584888411622565 -95.91329814381926 26.155675513813776 -6.556356616618288 
-88.52646471516701 -37.65433523055704 11.320159736390508 5.5651258647930035 -58.099397423684906 -67.13312515329667 -88.3632318945693 88.24320810810434 -40.77193730564686 23.00047963853808 -67.5596073498262 8.194321320971625 17.16524710894562 -87.52289712574498 -56.94522903507864 
-17.287387463972493 -77.87769069822441 45.940848174144776 93.96913161836912 66.59215390040697 -81.7838311775539 -0.7715957730249698 83.51119149741186 19.643571766312945 81.14396134084768 60.737799845093434 74.23230493301381 67.5276654932058 -62.913042112499106 4.919069704572337 
22.323405003243394 18.474291421743416 78.05559554682864 -49.90182245864388 -68.99901639220055 40.25663830333235 -29.563951339887694 41.360002903848795 64.31656401440696 69.4769678751561 84.18458482478951 -94.7641070970274 -17.271318499739635 0.9829279398045969 -35.797874584397675 
-33.005006541487745 -13.654213773174618 68.76620832022482 8.337473816048899 -68.7706733574272 -95.2702482371804 14.449556493341518 26.039123131354216 57.869646693921794 -18.573934081899424 22.91308930291278 88.92916458663865 -38.81129786217497 90.89545893356498 -8.292786723314435 
-32.91287413727899 6.119823418501298 22.95447319688361 -99.45867680892675 27.338036017887774 -57.44952534421357 59.00294736070089 7.96376888230408 -37.77573429499124 -89.9374392182695 2.774726104350293 -67.23878496089776 47.10093764555015 87.9167125426689 80.92217462930256 
49.602689642815164 31.903440664500522 40.22828442813778 -78.71405898867218 -20.001491313848078 29.384425940002643 -8.618397384657953 -22.814764651661164 75.31021869945505 49.6667274407678 -92.33947057260427 -84.60452602648472 6.6552207194726805 -1.3611014136626807 -92.01750835671277 
63.93171011518385 13.61356003957414 16.280717339390804 -91.9774497400097 -20.35316564252983 71.77180092283075 37.11412596422116 13.5646136644975 98.91929762376333 94.28920896293772 -90.65492214453434 -11.211384661621821 48.98448906254086 45.680424402658815 57.5269535775264 
-54.937241995248364 -5.5504733179034815 88.58668082181123 -8.595998340894042 -13.18579263928487 -85.9107514686143 95.5658472056032 24.66023781589999 68.36975307350207 -58.818497223540646 93.46327998404377 -21.786708378956533 75.07195761452545 97.16748191795892 -3.977694365162492 
-82.64178853349576 -40.33884579396341 -78.58398194961418 95.96801229219335 58.600388994082664 89.13631887153457 27.361099992979106 -12.339434170778006 -37.37520936130003 -96.13940470506637 -77.75473277749126 96.1578557914292 55.754847643693154 -93.52101526892731 60.91388939443203 
76.44632935920842 -72.94042019081121 -36.18853047167547 -63.107996966139666 91.32935284483429 -36.66740955647683 10.697001252869015 21.57795827874027 -39.27464861867007 43.626417549313885 28.453564807126185 85.45290510535025 -27.650293989195475 66.50338876170409 93.50440534843884 
-2.7979250748433344 -90.65533263421307 91.85530568467988 -46.358593877355126 -5.230085284726798 -88.65177379702844 -56.251795030452854 -71.65845291382453 23.8812127842523 70.3389963661786 -62.42537419564027 82.64102823589704 4.357586728425716 -44.30412786498648 68.569706281366 
89.90158223197938 -98.39641072641156 -96.86480134048436 -81.80795083127117 -58.81941346313273 92.39201508903102 60.8859527781982 74.20343205900474 -4.522231081199266 -73.14223351494142 -84.41550833430331 18.019447027124997 63.086029024780345 -50.93264327391722 -16.48352821913403 
-75.89652362421052 -80.73167937438008 -67.87023326816663 78.87455502516221 -95.20146222867001 80.45727047759593 -59.84564797629586 41.157887272518934 -33.540924063448 -30.331040036245227 72.04222815661032 98.91735329391969 47.3313235253884 6.707291442157384 77.3742356609132 
-77.04412636304133 27.50817148779967 -78.25980148996159 -37.68720671209365 92.08767549743226 51.2755022707548 57.902823537065814 89.87763698699044 -10.44244372818686 -24.509910129855925 -26.4668837372908 15.13979201449817 81.36627088599477 -68.61818969229154 -44.577458766156376 
55.20526004145765 -19.76317622939527 -8.423146436196788 -45.826854236901205 -65.13172080071388 -21.329521033473384 55.302268901502174 -18.89378830344313 -73.08499948440053 1.909670916981284 -21.10011047886256 10.585938324321063 81.49702544568768 -88.13686967980428 35.99379165556613 
44.07758294636855 -52.24242688996683 53.20514693866613 -17.27715484027665 -76.61826402608347 14.625672579285151 -45.2835663743661 52.315085100774354 -50.70570792304465 -41.10439769403538 -29.999522750082804 -4.746468242645335 -66.86833826846828 80.33618885240696 79.92514069203608 
61.02064199605206 61.57447039673929 43.973971728316855 65.9486760360868 1.4951077526031469 -11.53219613556216 -5.46985096827764 59.0811429045028 67.41162125022922 -75.8431430506918 -69.82116718885291 80.23401684684228 -78.07919937495483 95.40463740555421 52.173686123809745 
-14.640262071977375 -3.484788423503545 58.83638387276798 -39.782291630045165 -9.41447802598519 46.210318980610054 -16.02388933755175 85.90694252666003 -34.11690367142279 -40.22759800032991 -43.59704801691866 50.09785928780914 85.69441141188429 -89.9475004278292 20.68617679423423 
62.84674389966125 -42.931392312669246 -62.78899026480993 55.553435477985175 5.59487463117479 -54.40228152022974 -97.30510573422646 27.624531854352213 39.354148707770776 98.46482929388458 88.39865855390445 51.895947663786814 -73.89506022578001 -7.227153241327969 42.19164535462488 
7.479661303045134 96.66220659802096 40.70260567649464 43.74290238407474 -74.70065905152667 -1.7376800052807795 -31.84445694168734 -54.45107920647321 -57.54258271094781 48.912547467058886 63.47163505456476 48.917932627685815 94.52568921421764 -46.594599489864244 -13.887444390398684 
84.29355060015547 -52.08707116629605 -36.10077779548344 -19.987427809869246 -8.273205382149598 -69.50521942075447 -88.7620136087858 -71.03098401461472 -38.02930366822146 87.68069900194922 77.43973511213568 -46.792742153311465 -51.95818050972652 72.00538138462753 36.54321778278134 
7.699961539219572 67.39970363667715 40.14942112420462 -48.04026392827267 65.11452505717799 59.942363607867065 -21.687523072148252 -26.194820400908853 4.843341378229482 24.641538475359013 13.674051857177034 -29.458892891036157 52.878868107724855 -12.97439540401561 55.285100688534214 
-39.35989574085576 86.47151530327136 -60.763885372040335 81.74424031641374 84.98799326609006 -45.22638350499646 95.13386047121386 -19.258160952389176 -31.76169280212045 -3.511680252594857 63.03288732564084 -78.69988074870486 40.75857116327987 75.05148382371476 4.3609226234539165 
3.416150685615719 1.1144904931355057 -63.11867880811506 6.227775247789552 51.60372850759768 -86.52726539138848 -9.660768066251805 38.8291281413388 -20.026682724954384 84.74766447774911 -9.730014202735319 -59.588934184368924 55.97379262384942 37.823368173048294 3.5247059782480363 
88.50127272273562 75.03863496417071 -19.19489227880497 81.53895397918902 -10.620952644604301 58.82303682375564 17.33309077956025 -86.5999205421939 61.10620692518302 -70.80518707520167 33.40997229351467 -35.518478082716015 -24.008459960908766 -64.42735466338473 -61.12285793653054 
-2.7753958958065965 81.07305300430895 -40.227114081707185 48.99553806111362 -30.227316000304214 -63.72431580094285 -30.712759430578956 81.74064068815781 53.62211305196797 -38.91002876668361 -84.37542554171462 -58.73441947675664 15.4900355624831 -80.09604108076724 80.04434066753129 
67.212381182891 -31.41913671337184 94.2950201808462 -92.0472098245331 -19.504069139911806 73.70265831821962 63.18933904350433 -61.24574720749296 3.637897019407731 -85.64703339076979 65.24890984394995 -8.446928000760565 88.04202243460821 -52.45116366304947 -90.65554670774931 
-52.577258892879165 16.514654536873508 -3.2091825647956966 56.13115738329216 -42.710742529789634 65.16967009993962 -74.21880138746597 -86.25334324445446 74.18893890693732 -98.84332250322056 62.41495423743544 -61.85424593146283 -8.600992368123045 -59.21399612436602 -33.21513643010876 
-61.11700192941309 -67.71515456565902 38.209121594159484 -14.595284674296096 -84.50455170798243 -45.24680569668449 67.7183822910315 90.56867090240462 -24.507343091321275 47.36820178429096 82.9838964138761 99.10655121206509 -90.49052984562451 51.67281671676159 28.842170823845464 
-35.848077726298385 98.84412120918074 85.263518258738 -35.94115197071497 93.80811946985921 45.72464608544297 32.66251468643091 33.17654450568074 26.730552378756897 -15.758512431519136 49.534015525135544 -65.07237138402628 53.121927661929845 -97.95000006156724 93.0715400113076 
88.13976146213818 -33.62331085364116 -81.85989803189034 -63.187955387183024 -34.63958015364625 -12.923948719846194 11.17698250506092 -62.82075629768089 -3.4761251204698596 23.796024841191937 -13.486162427779618 51.66925877917913 -94.09418184539055 -93.98148590098367 -95.88677759777555 
12.214837275667406 20.995596911930576 -2.377303421039784 -61.85806787779602 -36.31146071829006 55.91296504640056 -59.0659157001028 28.963930841917914 74.36925890128188 -98.78692475265119 -91.80668547218485 55.65318608625296 -49.14428161882329 72.58417463735287 79.40668754344739 
-81.23135665180278 -40.855088627155524 85.70994780343472 -44.084081147336704 36.57268392143877 17.873565902150858 95.63327155239213 -30.087558440837128 -50.95207360484704 -19.591831453257356 -18.891297065814626 89.08461647355753 36.2996589829996 -64.59680890320625 22.407440902159408 
57.53533890034808 37.417189332628084 11.905119076717313 -72.27977528286102 -16.306286245020374 84.99552725241381 -59.36276422721305 -54.75270269779169 -32.723437219422095 74.51066749011787 99.10860831239467 -88.9735620319403 32.665918284147295 -19.750462797237518 -72.65843139488497 
-74.205739688574 -96.14326858923063 -23.44751553500977 47.71798686425117 94.85325164314051 3.1801917312876498 78.91483021525744 58.46207400354962 19.150453878952263 -22.323546068591952 -15.061117908631985 -17.068351742647422 -3.4651400296249903 -90.32998935540996 94.76591123348561 
62.66277136142952 7.420051105192954 26.383620506812534 -20.384469688861657 29.406809264305934 -59.533738783365166 39.841741136695305 92.94566588038816 -68.97693386877113 53.59070014486423 -79.55417298042494 -82.66971178912502 79.46423310491184 52.840100592803964 -48.4273759885137 
85.27087986840434 17.711767595981783 -26.35702687373498 30.87355931350382 32.63600940097069 64.26197347186348 19.959251604101993 -85.45329178802557 -81.99806310800068 -97.54801858176401 43.96873159499543 72.2000357345924 -94.57736961576228 -22.000561067020087 46.07985538221152 
-36.41189195428345 77.76593235457767 9.285693949935549 -55.31957422251883 15.43417402049441 78.40992822784006 40.648941736431624 6.741643902341181 80.34090681968746 19.653469532223795 -37.29950403358329 90.0971284988608 -82.26052756278278 -48.514930491176585 97.10006859187177 
7.5767500807993855 -34.83738725906616 67.08240562032145 82.14075290041748 43.443940509204765 -3.2053023221728267 -2.418727850657447 93.66966590087833 14.558590606040525 91.8881598118902 80.0362573335392 18.841369973518795 -54.33564142185743 -19.31121878081072 79.74681323160692 
-2.250787976980334 6.212542776590823 -7.112250043313793 -89.44380706185406 -66.79071488577088 86.13882094490555 -23.40293542640086 89.98290723727351 42.52568303344401 -17.01842299669518 -17.298224696927548 18.86433889281487 -11.0884165797505 -62.53587044784257 -3.7465551947312434 
-61.598915909783344 87.9215532635717 -73.94090196693375 -37.02918490985194 63.24634718686028 -80.97297702583117 -51.970263287147574 35.74073527984447 25.23542407363017 -62.673444412762635 -60.3538100156811 -16.267850305086 18.836754271983295 -86.41273540158238 -12.45293243129295 
-83.31593074237759 -94.60647844309027 -44.04279060297394 37.254534812571535 -66.28563085910599 -89.25494429983543 -24.819022251199314 41.20745540290986 15.538330485438053 -7.732579593413817 56.81163170508091 -66.46038389674757 -3.275783881666257 -41.935969724825384 -76.23152552927772 
-68.79046730645288 1.5911395929359742 -92.09256245782788 -99.92702581548399 41.08611189579074 -14.609973874403238 77.97223389730055 -5.429208754130684 6.422507871389186 11.44849327950763 9.693205271672738 70.09052818150982 -60.95902471620469 -13.463489126317711 61.5130621004231 
87.38411758731246 19.262104476849572 43.948744752651265 -61.50536810515366 -36.283205105396796 -97.16730669953581 -69.39409319785032 9.990833011467132 -58.061464394472594 -89.85747306022931 9.30639511226859 37.42858743603023 -26.6333151090642 89.32189005552652 82.54286943571651 
-19.94585822336829 93.1078274225622 -45.2254548042055 81.90404630805051 26.032434033214273 -12.468072932984086 18.100876518963332 21.407153676001684 62.23576086668504 38.922522998824405 17.933169740243656 -32.50874271821269 81.92613679891869 29.40751205416049 69.82885344976253 
-55.97002619241698 80.19661785007906 89.49772413145996 -95.24676844782525 -26.011659564843043 -8.374464564831598 -6.115171357096045 42.633092503353424 15.981292066637806 33.97624573279626 -72.6888963913716 19.920271597580097 27.103127853361613 99.4495242862628 83.74109937024247 
36.147224717747434 -68.58071957152418 -84.87342034867544 -16.13333082420236 93.61476064866662 64.94732715800367 59.71295316635832 71.77262690910115 -65.20314453237732 -22.41869385134261 51.34130387291529 30.195907421286165 -77.02564733293931 -69.4262540767072 -77.67103519978798 
-94.0235605843019 -87.97927453093415 -29.917304996274936 -64.2973048109564 24.176826230905405 74.90482115410583 27.115142075530912 -59.91342604602154 97.391806507138 46.165245972435 54.83800392433503 13.86781566659063 -64.30178800573432 69.30921304899638 -16.949808059908648 
42.970894735307695 -81.16935921053863 -62.489500269401255 2.427712710702906 -36.91940786701666 -88.79982881950134 -7.877685717250898 44.54833601158086 -90.91024938515069 -92.28770299119373 -17.909559789296978 79.83917604212743 -72.09842502426298 9.073445277824305 38.90962053668335 
15.020620857029911 85.36751732199593 -70.1383742885586 -84.20547943266739 -79.4224990247195 6.392800331055653 72.02503545156881 84.8438315556619 58.05731119864862 -9.849245025688958 -67.44540191255155 46.608238259450246 -53.651281029656374 26.56773665515955 28.87595212462034 
-89.66135068904227 -94.18817927749646 -71.68915150175013 -61.57951398506094 43.32625045862028 -65.8538760272209 -55.10810792414438 95.88568734237057 -18.37590396929862 82.71033419718728 85.65577353270876 47.72706143147147 -62.520292151315715 -48.03502744992563 72.88064216522284 
13.981245450507501 -91.16133456073973 -27.062912509982922 65.31337072451748 -15.54564763124003 -85.54098346977241 -92.43863531037574 -65.19923467659561 38.31166489381616 -76.52537667626487 -86.04474711989643 77.45748241251118 80.1229562199648 30.640356881237437 -69.80546365935538 
-43.59166230381746 -72.92928800470075 -18.595288612020994 89.51295678840512 74.20000778606334 30.12455048150781 -60.3039792692146 31.042274601064378 -27.041547849321404 39.70675902958746 39.02148820956742 33.88830564612729 45.26097628895408 19.724329250411728 -34.01556644145403 
66.74095818507061 38.90923069450656 77.19985978733547 17.589349140025433 -64.14919877749762 5.237979049896296 52.86937499273958 66.24130258477524 -51.843447010277835 -40.47110710174895 -80.63768318383634 27.246244620488085 81.85971788002269 7.550450565724503 -84.4002878026728 
-5.858625210234052 61.04857176600362 82.31436102136252 -10.285252710258646 -56.761979202130284 53.34039904391972 -61.071269946815086 -96.24739070673058 47.15716111306921 10.778674656855316 35.933552313706 -63.49691594825093 26.41782502555678 -23.648129778502522 -86.81109143907011 
56.65771842959725 21.034986650982333 63.163819567172425 -36.40819754070659 -30.659120240456545 14.499370696568391 66.23328048262175 -80.08916649649589 22.131889600905936 42.2603540605686 -88.0495978098697 -56.377752542240245 -5.669476094754387 1.294824102693866 -3.95408316717581 
74.4158013776705 34.87230126797269 -36.14133690807344 29.06443649363885 76.80607948535433 89.9465293676408 98.75541526873397 -52.0936833609617 78.42529423377087 32.49368376819572 28.8132782081872 91.22143835644772 93.39801684943006 -20.711118920412815 21.881027060127806 
64.47891409792376 -89.47048649540204 -11.343194326080265 -88.30426194785687 31.452555807840525 -13.995968352885654 55.12451193615823 97.80919174419725 -87.49128742753453 66.26431129621687 -34.11342180337746 78.76027468297136 57.545138673447894 -68.33649737212721 44.406097818319154 
48.38269891278287 -97.42314223570192 47.72920234779497 -11.314288674197215 95.66457916474175 26.69171795174333 91.88778410582222 44.87315450931379 -18.71845554943326 -80.69311854228701 -11.314842417718651 38.02072794833609 74.88364640794012 -73.70609260207391 -15.473078751571975 
-74.31357845959448 48.746602291284944 -88.33957128690359 63.582758411687536 -72.40582416924198 37.945910642641934 3.984131407177017 -38.49905533581553 36.418822008583106 13.56271847834391 84.03391881688725 31.679636647824225 -34.20127735063838 52.13454887740551 63.025868957470465 
81.66902839677559 43.30044998802296 43.791599101422776 -59.965651561352054 49.96347825004631 60.613105967539354 94.27023276289103 81.23537920881029 82.66034118987244 91.12017137616391 13.612296172798864 -94.45254519619579 87.98954651848885 17.65446330178844 19.461767902791323 
37.26352578979572 33.81366767938036 2.5446321865908033 90.43886637743455 -11.770147066766313 82.52266359979788 -66.37903605544726 3.9809522363927385 95.37025024504527 -15.125070136235536 58.83426290997113 -34.30280519421993 -17.105123878795055 51.14505665717232 55.456712045712806 
2.0054396577607605 -75.50912602625237 97.66274822543303 46.36155249593165 88.50086581760607 54.56305611253842 26.86377737826035 46.34195052798725 76.85251931212576 90.84504083505658 6.804995419249195 29.324067317322744 -71.20871777745212 -84.56434198672333 -33.51103698657394 
17.61388973148486 -19.157784471966963 59.42391459470281 84.26430559792891 -74.85418489727505 -5.1569525116449455 -93.9199604677871 41.13257409671101 -5.498416653089038 -24.301678296994297 54.008746505686645 16.557053713566575 -65.00166133650511 -12.428220413980483 40.249470025048765 
-50.8641311148843 -32.195008499770125 44.68511966051477 -71.00331738291361 84.96784712052192 11.478518503400778 -19.33902909736895 65.31204763094516 81.60470443346543 74.88450552842912 87.56003234130611 -94.39259330724977 26.433397160873312 -1.2470379038058468 0.6644872045248178 
-22.500662040037184 70.46398748677959 -2.1977961645227992 -2.7363860342747444 -74.89984121405399 -31.81683006455789 47.834358316786364 -52.773293988529105 4.287086621893991 3.7055697102254044 -30.52882239730485 52.988908518388456 47.161981997833465 65.06474520653117 35.696647341839196 
65.55446792435654 62.224039285069495 60.56136463557033 -28.025275755641303 83.47143373464127 67.5278333559948 79.48733650819156 -64.51600454986888 -88.2079161978957 48.114512467622916 17.702901495322806 -10.027152310204485 -6.210171651985007 -75.35520633541273 -32.4889751304019 
-23.914468229858187 16.03683252448178 -91.60959726038121 71.75599497200074 22.266328839191686 66.88892216555905 -97.23540014569213 -54.091797830475066 -8.569827823113798 -73.96401198365467 -19.72069057546544 35.386642965071985 -74.6763430117484 -38.56495313945698 79.76198439719084 
-93.54998833192028 80.65170899798679 7.792632506695043 -69.98041315007623 14.98738504881399 -40.288019826686835 -89.76082016307637 -79.35751993534106 -82.23852174353999 -39.67594797864822 84.54159170634 -81.30743975062566 4.560065568082905 44.30124079844225 59.635014726125775 
78.19010068754329 68.06343260710221 26.641180545669798 -20.714332577033744 34.377273212441224 61.01289472839352 -53.13870235575271 -87.83264527253239 -23.52390349567537 36.719119140091436 -5.5267216623992965 99.0088691794715 87.18145498684933 -44.61827124459412 -88.07646965283051 
62.178631313635975 39.9311034389772 0.1980967391427555 -10.543807361372842 -40.246953014801875 -69.70335060349313 -29.381296612342098 -54.346416386570404 99.0191272473927 60.66668248190953 -32.054109003123 -41.383359508062824 80.20102425681813 -9.350958952177876 -99.31774502135549 
-39.544732605396504 6.956106836539533 67.58001923251297 -82.48366862261305 79.23237626192835 -82.1478754024678 -14.856658822775387 36.76153126637357 77.55692500422211 -94.03929632110784 99.0187064738098 -82.26057128137265 -51.58879655975004 -63.4694705483049 -87.48008113156996 
46.048363930773974 -54.59467274512937 64.30282294271922 78.666754103474 76.13298621444926 45.78342263643739 1.0683094192813485 30.091199429054427 83.0948501172997 -52.76237971544311 33.54412766077735 81.63046249445952 -59.71229165429557 1.163696396547678 50.71083348868882 
91.32897469078677 -92.88767253881124 -23.36173566879367 -47.9468964575761 42.09973435691316 -12.009871574779623 -48.305002850619985 -17.931076659880006 16.58401579127198 18.678057604167876 93.35996646883319 22.31876085424325 -31.765388587292094 11.690072668179141 -71.02222119409129 
3.9068540133106637 6.033143248825553 54.85397641209198 -71.25589139514538 58.7869654342758 -69.15780709464283 -66.03098687494892 18.549661134763667 -2.210406976277369 -4.452420528297438 58.74154333278889 -85.53365104180182 12.331764831510526 -55.57363890227898 -9.761194871999663 
73.60632718242255 -8.360642141131507 -21.206434406949384 -17.47821843778101 -64.81461452516456 -65.4575375109404 -47.09714348816934 73.05654474774983 -95.87680256291529 21.038853166556223 5.773297909853397 -54.15887058951607 23.352087241019007 -18.411193188781553 88.06330776456807 
-27.97890560605005 27.00476105012899 -79.93168193604123 1.025041403207382 4.765617459155095 66.89035836056627 41.14424886379763 -44.705196660105464 -19.76253489161128 -93.87017555901274 -26.850586162896747 -34.26436283670746 29.244342998539054 23.21545663815172 -26.349241547389624 
22.421933381993185 24.37408790496916 -29.955380582116504 0.9052330698943365 65.30322764413995 -70.9975347138236 98.80532318372715 85.37333637555298 -53.5652383872925 -12.639599343221604 54.194077050782084 72.69110573369062 92.57158254591025 0.31473599097679994 98.17786763077339 
-76.78186906765956 -1.1407566232325905 63.03321119214172 5.706553868470095 32.97243892616754 -31.788989563364197 14.03213809520085 53.45478293490399 49.499107103583356 53.784338224560514 0.9926894913087665 71.1069246630889 -59.144120992957696 91.11833087142273 -96.15728887025179 
-47.399834764776784 -63.53138828492932 9.325107996632639 -9.762790308326544 8.414220517354082 -85.3958033183882 19.36544708488104 -4.943013647958438 -24.93947137036494 27.493051245242953 21.940909605060483 82.25285764160029 20.979564746974887 49.94698172237756 -14.95341494529059 
-47.221607571640554 6.017596584529912 41.514506581571396 89.43368765583233 99.93756793244856 63.624458848541934 -41.66606491452518 60.45897956927803 8.722741932146903 -35.836771455958655 67.70801911533633 23.768563960755657 -81.19097927632812 -2.2652314788748953 27.042493644566463 
45.14481814565269 57.13861526143086 85.78947963061404 94.02889404564795 -51.16016933704648 18.167660124501708 -38.92034582025785 -77.24549761876689 17.886071003312793 -51.48181359694235 58.92634162465802 34.623619327940304 -14.888221223637558 65.63905487327796 90.47231947087994 
-2.0991513738822505 -25.44525015810531 86.7358908900911 -92.46424512396057 -53.56875600343258 -15.863802541802045 63.3750420036597 -43.098330548903505 67.58609578321082 90.91111420803117 25.987712572134527 -54.04194414995263 16.007078945514536 -76.35518334498457 -94.44416710949125 
39.886080448627524 -48.75754006343305 -58.57083190261807 60.76654701072766 54.16841568986442 10.760522737504871 -45.78485789179651 -21.506649252588872 -19.262673950426915 35.28236694031071 56.231379411380516 -30.776050307974117 88.628592093295 39.832797209048636 57.50436262241581 
73.77247069153893 18.685476677349413 46.213704966952434 49.72708271066378 70.41639646804344 -80.3958051247763 78.4506657993631 99.59434777042958 81.77325505419148 60.83437286748389 78.96898017136854 -23.208352165105467 40.191933010583 -95.40217234322841 42.45518177230855 
-99.98305698044938 7.010544188523909 -50.01164292189877 96.00966433535126 62.58887852169525 -54.0201690132754 35.47714688264739 79.18194448792178 16.537314181711423 1.5643486284291157 -19.411453090040325 -30.69610963937619 22.729348229810498 -6.695410220791786 -72.7280868212896 
95.28247680275297 26.364575253354133 -2.078321881924154 3.9922118472728982 82.08383938138789 1.8518640071242487 -99.25766589912453 87.43834947126558 29.477996217925806 40.33273892682553 -77.81062832782146 86.3193726776654 29.624025086839822 -38.69400104729319 -19.82761516301808 
-81.16513276454856 51.958749061731766 -89.82691660648561 63.25608678157431 58.1801379201481 27.449946594076152 60.90532288901633 73.18501538678566 -95.19476311808184 91.88097803655987 81.43824246464243 98.53882780530824 8.491888871273034 89.36024443475284 12.351645866712431 
-23.765642555526583 9.884614274703523 76.55439639462179 6.801827401238953 89.28938834949855 -52.38713858668316 -26.930918028689234 -87.90063782024492 15.938937968919547 56.36368684210049 -81.26595952939991 -85.9730261050728 -27.280264993987345 -98.42859326372644 -84.75622159151412 
-66.30680057605123 -90.07350557702074 -76.92408258213679 55.62199486030812 -43.51044898774563 -56.84755078081094 -41.028759418639126 5.206666004808568 34.78160539219729 -96.70806760516058 -73.01809779414722 -13.962093594202813 -66.04524335631817 27.747793780334405 57.57817320169511 
-35.25898358453293 0.9146643085527586 -73.41310313190144 98.24483698253513 -11.323641093968291 93.36685973097457 -93.63397147330019 -13.374505126289819 -85.56057050071661 75.88247001469611 -0.6574241414761417 22.952656645283724 90.92843386727458 50.56605374968609 -73.43921138629051 
3.4187679121441903 3.2891514937543462 4.149764522986814 28.356733112464525 -96.86656494246499 -95.25702878616018 -69.79123474117274 56.44269965182997 -2.95518481452595 55.7874519634986 -81.90348833857016 52.64305783305804 -34.91256081056926 -3.8786997163896757 -10.769242145104869 
-68.54648407503339 62.92626342469305 -41.75586960122817 79.48339003500593 76.28348325908587 -42.14541276578703 85.2917730769066 38.85757100667425 -78.81275829194179 48.65858211574633 39.71969088871896 -69.51691652445254 -1.312385721866761 62.22181787069593 -79.45907490982114 
69.9626115360465 -15.651949891191535 -22.637805524748103 -25.734394407660474 -64.33331552051855 -15.815076268362887 -39.5413759308755 52.98871466516857 83.83782969421952 97.87415658317974 -32.52396066477881 -48.4165557022727 97.22123524518761 -0.40287073068290624 49.245227463583774 
12.79021727472373 -5.574118739562834 26.70134671480855 -86.28935699546491 53.41879288438287 31.137391645072313 22.214932379604903 93.77305275178253 -8.336080819590691 -11.48331629545119 48.41791444059069 31.02356617222074 0.9672787687060804 -23.53782149490489 28.716531517140766 
-47.5610166436778 14.935402606265555 -10.709396972456403 25.67591562421545 -51.335840937463395 -65.55114939286617 -16.486441203023602 74.81537622215356 -32.18757547922013 9.76632446341452 24.198589217673458 -35.85314115555296 65.3244991223103 63.83149223464201 55.35108888942017 
80.70874183365308 2.5599389638797163 41.28788571758088 86.40838707725064 -70.99427068224806 -80.8292154106357 15.729896493761771 52.63775031693555 -70.64924492712336 6.3590980588656265 78.03982291971838 48.20608952007049 98.28735192844863 -23.80790968504469 -17.129106583262825 
75.79751552755818 96.24064314283032 87.6660942746469 -78.00766651583686 83.74786625676523 -20.282598752450312 -34.67770097769258 7.553878483973705 95.5561842087217 -49.34565711295855 30.08991459146307 -98.23501618641014 -23.547497754556673 94.6573506206669 68.6016917975007 
-88.12001767309246 36.48287943528254 80.56480017589189 52.28726737769523 35.38870812644518 -33.36673348331678 67.79225085303818 15.488933829189207 47.149693027799316 24.055679265822732 -93.09809403118598 16.392820703440208 -76.58739322090952 1.8188641004066426 79.83857605032719 
-73.32374411523317 -63.329238936753065 66.46130606865793 -23.91112864258173 28.460094210722303 55.5413829243837 -67.13258646563122 35.56518290737071 58.44248343303789 23.48949127080509 47.84176714947739 22.372511439623196 8.375116213458682 -3.378893627040739 -95.10780100353197 
-58.89632671408296 -64.09423516812014 94.1197917638145 -28.477430211733008 -90.70662030542438 -31.109731921619456 11.521835536346828 47.778158656610316 44.113456767636734 -65.72524154973559 -25.196418819507073 -88.13059920854265 -2.135382077156649 70.7253774122135 66.21098533572854 
280.7045858574379 232.07940533239946 227.93923150856702 287.71776002867415 226.8411162018646 262.6301865767865 244.00598342367505 221.14127728176896 285.9742749002954 233.9569339779021 277.93156626938554 202.4358646227059 254.67907887546278 279.9129960038102 216.9036892885559 
253.73204275279383 236.08347760000717 265.55778646858244 233.31062129925547 227.37029319504285 222.64397887809832 247.4045406003483 217.82022426440716 291.07711319193584 283.64683617511076 273.90680933504404 274.83500399676996 264.49114888745726 284.5156462323768 293.70413187362817 
260.30088779944526 279.3449795287586 273.43086307760393 258.63077888671785 241.16898917176638 292.28541470123247 267.81056098179874 205.93459251227733 213.31955326804697 230.65869533550912 282.8874522180897 238.78597425692305 252.06836637990725 252.53584777272758 284.0139295511507 
-251.45507619098558 -286.7682653090001 -241.88553573291205 -283.69673277304304 -266.77515088127643 -259.94436296950477 -212.77589611382376 -283.29013702475606 -255.02165835349444 -249.2885573515463 -252.63248709934777 -236.66124540652237 -288.3249422591483 -278.3192934990965 -290.33241216057786 
-229.10889745754753 -226.2452607822488 -253.50046966664672 -243.4839538739148 -204.28146877827325 -280.90756079134087 -295.4845376784495 -257.36661827306597 -209.84681482149972 -253.86049664723265 -274.1521852292859 -220.88230704956948 -268.8036548959444 -209.36128532397976 -268.98859363484627 
-221.26698029050783 -215.01031150691247 -246.20610705354363 -230.41742853365838 -228.7555141881561 -286.15501085542786 -221.994430603336 -289.05779521727175 -265.03422886679016 -288.49988110526084 -246.6203351462663 -284.35619387014765 -217.2889535503182 -283.35382757007125 -252.9109920483043 
