-98.48565390156121 -39.524738048820886 -68.89683065395661 27.330771890907826 67.7072214428542 -84.77239237313172 -64.63487560986673 70.25092901242795 -6.342907110773169 -85.1995252777221 -6.372771678481087 99.01059746065386 19.146043929371118 96.45833323110173 6.327126680696793 
-88.6917692683509 26.283850722271623 68.64345811959572 79.48563234454213 48.47611390894798 87.71451462870198 -40.502758348740066 -51.62739156785714 0.3628618695515229 -56.745799476124795 79.05289074724053 55.77316336860949 -45.988441718619356 47.23457744044927 11.573597201867742 
32.81847006812484 17.100779925381303 -31.193095411275635 54.71174458370382 85.2391357087987 32.01963600801153 -96.18703635573904 -56.759355641093066 28.780923738625887 -74.78047390010741 -17.69217191915004 69.2962341390151 -29.96520917590186 -23.848752752825703 26.085343394731538 
92.34303543899352 94.84156725154563 -40.99718917022823 -68.28717605114264 3.069105978841222 5.344468125358873 70.22940258907079 -22.99874164719317 -63.33991239185972 -87.1653043945757 7.921777308667899 -53.45703102652921 -42.798666942635656 9.087728007669526 -37.436014123094495 
-26.210147276765454 -96.96105341767729 87.88999850582414 94.16297655461034 -12.094771610703091 -73.64186199461665 15.662362384891367 -34.44314728436227 56.296261334139444 48.72136202837916 55.167707754247544 76.01540844280498 -50.29462031501761 80.34778415252384 -5.895873603753273 
2.792667751899529 65.34657662990017 17.870131486104256 59.53803035890647 -73.43968936823956 -84.68058916244559 32.358630715801155 -56.81637090275 7.733739967952019 64.5208247211146 98.67298529928289 78.6253524873213 -43.66985284946232 -45.607828556736266 -63.7769410298819 
8.82682512547946 -78.35893009769165 84.84544985741181 -30.021964379940556 -14.411412846993741 -91.18752727259363 14.017426266120793 -84.5925195185763 75.40876839024878 34.3615381081309 72.78980849676421 44.083603108881164 -21.797717642815357 -57.5895254241025 72.29778967456554 
22.872783994820082 -51.13276291364832 82.14301112065613 17.326982177699207 25.364868893284182 -41.531900933743216 -88.73837229031369 69.5636484874214 88.15222294987427 63.563202333320646 -80.27057158501665 1.3634288936776215 -16.117727933111922 -91.60919498660091 17.471253535669803 
53.571759685561574 -24.038648076354008 -33.533224916694124 84.52898211400105 -13.793170451559547 38.27778975898596 15.219658208425741 -71.13121015805723 -67.92055849283983 6.480192433164092 41.33215137513585 -43.59476093809853 54.05878447925093 -87.89093801157819 10.670592528391865 
-42.98281935722239 21.940006671131385 87.24411109852284 -15.428173983138848 2.1657235909127763 -98.07419997396758 -19.065972666336847 -55.24156364219144 -85.92378782929302 45.31575445811765 65.70986977249726 -49.09888549862309 -53.88616599208345 -56.35946673845098 -43.51339620960984 
-5.405990153247544 96.26974248378309 -51.158472412896174 -15.767203151469417 -51.27172116900418 -43.814374869195575 85.54780500684859 -49.609867049793735 -64.27747362056033 7.046784881470742 16.428818452634303 -22.521041802422644 -43.27059605051644 -12.577345523093868 -94.59790878441605 
-58.33766606966544 27.87671280179697 -24.221721757641234 -0.10901664071126049 -46.785646702268394 82.20024419781075 -19.964841000587157 -46.9623975292647 -44.842019021413606 -80.37574208919722 -43.07566239863589 95.85798144802342 36.77844807263264 -1.5073067622034273 43.59081838104751 
26.20815575842481 -88.06920284770538 -89.81340209757624 -76.18510316948151 -54.47085607356574 -50.189353520147506 10.589258455289368 88.62769978953338 -78.41475612440422 95.51565103786439 53.85103416651248 -83.84569914428076 -6.288971518324615 63.82731919269051 23.05253474043525 
63.92358156560178 80.70619950988691 91.4083564614572 -98.61681308413523 89.64072052414662 -60.49807934133176 36.36901907420915 -90.91333168615563 3.7446493583430396 97.66540389737366 25.857881043110794 84.81203360629675 -95.59413706925382 24.92853512249016 25.901675758303554 
-35.450319098238865 -83.72615293557169 -1.9502993999055889 -33.47370678832333 -78.94876651575731 -67.74844163102476 -46.149561254817904 62.92568296006854 49.44155920724714 59.88826404904157 29.854117422126308 13.861988189279288 1.1959039603288488 42.16402877915516 -17.914753019537287 
75.88043432713297 -90.23568096533094 58.57849326357467 36.97551107005762 -97.65589601099336 64.39471801567652 -21.813993991692243 43.00405664746907 -27.312621595146894 -30.423967349238026 -1.3904034993269363 15.894960733715763 -61.582060850348384 -89.43534185936196 -79.49521784211551 
72.55168213858698 27.71533691708335 11.656344141030914 -19.70194409517265 -2.4537305463223475 -73.4445291809245 -46.03275076637463 -15.957318272725573 -13.790129247343614 54.94292809367204 -74.50628911428605 -81.48890945271113 24.50960215824665 98.10548705801091 -12.285646198018043 
97.92649284299307 -66.39414017823553 -5.3003351483383625 33.574827666839326 24.723538439431152 -17.289357681355625 -15.022456210593774 66.69398308175869 -39.52155064629037 10.05807512512142 19.471692635870625 1.0714558865045944 -74.04615114883235 -27.299835114074767 77.68072836568493 
7.919794459834307 -93.09109494417984 25.789911511388738 -72.02310588736603 66.34565975719153 82.15383731709812 16.044083367422175 -69.83135955685309 -27.534475619433366 -84.05135340647938 -91.98551303348717 80.04719734326923 90.45078503707163 -20.36138664154406 10.928756482642711 
85.72153102312802 33.38864212945461 -75.97576063675888 53.851125844163704 -36.3060483651346 -88.24086181792796 98.95355985880411 88.59119794745865 -88.13786337668854 -87.76386147841306 -73.7458099732595 -18.612215503328315 99.51410391288138 3.1686922907099557 -98.63599144846961 
19.06410613853187 78.87737014490042 -72.81128439623963 17.590139478634967 -48.76945124725454 95.74207899036469 -47.51553716046839 -48.781968578616166 74.88811187080643 -96.09029206125615 -27.417706545634275 -56.25511038911486 -53.234546213717174 64.44046901346144 97.2967552657338 
69.07765961422308 -58.721997357927556 -20.685021572783953 -50.34728694416608 -74.9065224769187 7.610188244009564 46.75834592261617 -64.64469852064676 3.4331313001901123 -45.12430705755064 75.21582266899551 46.175556684689525 -36.813986500375705 58.7969173470176 -91.43112897256647 
-8.262735395104542 -25.47392946555192 -71.52540424036175 81.69399626828303 -83.84168773391858 -49.44697939660796 -90.51978255341578 8.14969464054731 -46.87139120522252 -93.32195028349615 -85.73438160076441 64.31974046563153 -33.99989108427326 -28.987514261573182 23.57929145445729 
85.33445740702646 -78.53393862543858 52.1922329005651 -94.761325866072 47.286092470911456 -76.34657778461215 58.57582124456587 47.353653518140476 -11.757872672590423 -21.41310280594091 -84.3794664022403 -90.37578450742072 -29.837763371586462 23.990348050768517 -43.41886143244622 
-36.3025478485119 -30.025853361704918 -52.30676942586743 -65.27687848835399 -91.55752187318429 -25.32307992502257 -24.51927303098182 -62.23391352982814 79.0058535732633 44.871539147962125 -17.534865404560534 -14.753459144331345 -40.63271480527393 92.14936263745363 64.6508617960339 
12.011698091433502 -37.852785047635315 -54.57006529904005 -17.71257014149421 79.49378594448007 10.15061687200047 55.38658427118483 -69.09138466946929 96.41564987285852 26.808437833 63.76217123565661 96.61983409643005 82.4297350244191 -16.12878095315493 -45.838061339073846 
-96.16623624238412 23.28266695424091 90.3818630854519 38.36113781446855 -33.80024485620039 49.730893483402326 -5.832900523943067 -28.776554164292364 18.21528078813948 8.892512959780305 96.03608978588699 82.97827518452735 -94.89019104879834 60.68318394281064 8.035749378602674 
-89.80012987736626 -85.08408843398085 -29.963156959323214 14.951987368520477 -50.040442440365936 -27.31257863638139 72.03637449159177 -50.02086869809905 75.48348533019205 -14.541186123287915 34.646107809314884 -49.144163675324236 5.707159101396456 -21.920788912640575 -72.80557464653789 
-30.738564787264337 -81.68160371954548 -11.178477355128422 92.8248877779476 -63.54600177206389 -33.74277113124435 82.17635554284249 79.26692512567831 64.34980069436799 -94.4201562000649 86.70330568200299 41.894015218677396 -78.78607119285317 -7.300122095209332 -50.05857550753257 
-25.776822539844787 11.96999903398084 -63.254826407282195 73.00137539819781 86.19049064029923 76.49177861299131 25.502808917620513 -18.95238005958045 57.607441558493406 -80.56209144144077 46.28496389683053 -68.98671423106714 -76.35077383642177 -60.807108898768305 66.29107677977302 
-11.41535707711894 48.08958246714931 -13.002447310144419 99.91574131028713 -56.96327330691422 54.69127066462784 4.262261625295196 -95.89859916879617 -45.25516932328502 -51.89689182309254 -30.638759152727886 96.68677092363885 33.3513259251543 -46.545708756449415 -62.36499444398469 
-60.004609281277176 7.969735780479809 64.49642948751176 63.41450755308915 -74.1288700693953 -56.9454807510092 -14.805818802135633 -43.12265956977277 -84.98830851871048 -89.34920996231475 24.31793004412826 3.0408961164542347 -96.81585837083605 35.84040487504396 1.2143936315989237 
92.54458588549392 87.72530968099409 -20.53249856122514 -67.37633493229288 -68.62026801946372 39.29271934887885 47.33397935266089 -16.909789747372074 -65.02962607778878 87.68395778675918 4.420819211757475 -34.77539562615158 -2.9383660688558706 -3.6320231773323144 82.31148595411202 
30.614466544306254 89.11796892910883 -42.75087386669549 85.38589334203905 -29.022432504274036 -63.38810165881821 20.945459363283888 95.20063075460601 4.741921307911383 63.77813390764763 31.73209900232942 18.79814301825722 -40.96331000352993 41.953461266510345 -49.96777499529834 
-29.79936493116186 96.78498553850332 -36.69319646412017 -93.7323235247055 27.22301618770922 51.6804978272601 -97.57792940144942 -35.92779334223066 -27.534711716815764 -41.29481258459775 -59.76575189422262 -45.91050955036948 -21.283234495966965 -36.9683894489407 63.51290091892258 
82.59862310775395 17.548433301664687 39.97093767030765 58.19574030596405 -89.0308367584703 98.20879466960909 -72.1467355949255 -81.21223822561973 -94.86484189308351 -75.0035063186865 -28.568847047396957 7.4000462976875525 24.248339709710848 96.22174317940517 88.41036184460344 
-83.33525479866661 -70.8821519063228 25.956480242789027 -60.240547798275216 -7.2602046341430935 56.297799416328644 28.571495463127974 45.38616212773974 -21.42646920761335 -15.643931833493085 36.00545517605772 97.59286457832715 13.429538111728107 17.850694696862107 25.651122130084175 
85.32029060235723 -70.94836083458232 -64.37695013658063 -40.74634507807187 -56.60298298504331 -73.96436332017356 74.0866704196136 -9.275929182058334 14.795532103646153 15.066844261055664 -86.52232159268117 93.36863381804179 -1.5705385712357725 10.69321154054694 -38.53673471500441 
88.11402352082897 -12.081960379550026 49.693575902592926 21.00149249656951 -67.94249169015603 51.588902162366736 69.60538559891049 68.30958888054457 18.607254301010684 6.121280662788138 48.9678740297569 -91.50497107084874 13.0805109360943 34.47417708149618 -14.856946366659301 
-55.731854212889445 84.99211033587395 85.77049361884718 -92.97357860175381 6.764842231446536 -49.91200057448641 54.12865414701909 87.83063141088715 7.215497029864821 91.41412671783468 49.97501964068681 -86.67024923291665 76.25345029316586 -18.82411895318039 82.59313624867767 
-50.21996940704159 53.5967460000648 92.99957296481313 37.43792380988765 -15.234090445076532 -14.70188877677137 75.20264962469855 10.942077755211585 31.852240002502043 -67.07567298274404 67.03709950919551 -13.2870287050105 56.93354048756788 -66.76213060130442 26.58592471519954 
-3.9000382679817136 22.20719159952111 -24.258376536215522 -26.915280135930658 -76.58613733940014 35.501166572024744 32.76677768976717 -88.05892384690144 90.8998185720601 -82.45993028812144 -98.02609702845228 57.96772415422916 82.65252945387385 -2.7424277070172423 -82.23127276909602 
-52.29575090956513 -72.32999571070596 -81.25313734721465 67.71220732120281 33.068011486068315 -73.40798021395467 -90.40243237496767 25.373978871093954 -94.5057323082332 19.740035855963043 -74.55411221426726 69.98260340007027 74.1415433775679 -47.63877780669725 98.90225694657366 
76.66367449499282 34.84680724162078 -72.04007333856188 -6.994522452920336 -70.9171051682894 21.098775600539994 60.819776119941906 -82.39929509510738 59.66079179398346 -84.58889386524024 87.132619684184 4.797932326453719 62.23369709900268 -55.57418868993689 -71.71944556635425 
85.57164951505422 49.18531925261419 -95.98215104666042 73.46559835674847 16.360402338620418 -24.099993715740098 -74.71813448989187 -73.4771700068546 -48.36555185987481 -87.01147425291897 61.38699779078377 16.32121205281078 11.026832441757577 96.80879847944155 90.99349128376025 
0.44086520777868543 -79.01276616563169 35.12704138670043 16.768978088067016 -41.0961535006519 -52.69480947001644 0.6807272922550851 26.9769807700404 16.40221348432729 -12.207418911641582 41.236227213123954 75.55788580992916 -61.418921759738645 6.6179763055238965 -98.52087077781697 
75.34018615637251 -87.48579033451958 -8.57499412758061 21.94396995892589 24.512025634841777 -76.24489877497427 9.43780900664619 -30.1847428300144 -87.33392267985944 -8.31230214957857 82.8150712779713 -58.032048288197345 90.47537172238961 -27.76514815250559 86.67985906387725 
-53.16079941372425 67.09121170146551 15.014773392041874 47.660996905651274 -25.230845436018768 -10.061442433522913 46.506281256271336 21.32603089576699 -27.078851443847356 48.791437222040855 -63.676102123526434 53.18775097054046 73.65340017161955 -27.314025893982304 88.50875695958845 
-25.924926397347008 -67.92287488709015 -27.034053107405114 54.761726028250365 -81.0990180789405 -38.77556520004026 -6.118993965640101 -60.81282639082253 -61.46260876407625 -94.82766895392875 -23.029973026927237 12.620992564086663 92.17157741876923 -87.5523022409146 49.47818117772124 
-12.790551757272908 -57.13440511636683 -98.79581433181697 99.81899447746096 -24.117293872081788 59.666811537513695 72.40950721096323 -85.44800271938509 -45.22330327957784 -82.52956994415707 -75.2584915155451 -13.032949658606555 -64.00379711949458 3.3600916599583144 -90.44650787594229 
-25.66189254554149 -43.795049334366 75.5017925133196 -80.10313061957177 56.92002790705084 26.383945950612457 -18.227882701552844 -41.89661059744702 81.82473261876899 -54.94598794683894 61.48619311310591 -12.670768788995929 78.3007313608166 42.331968392862194 -6.408623182511548 
51.003665370404605 69.22075440319685 -69.32766118466311 77.1827892452186 -23.253611634429006 60.06995105400671 -7.481416715003391 -53.6859262244912 46.86476160686354 58.42392865893967 -2.5599111659203118 -14.3399034019873 -42.34857289387517 96.22663341537714 -92.01530447632305 
-15.720266222614868 41.32683724067067 96.74626079424709 75.13461875807604 94.86636446211196 -96.55541030162189 78.8972789014152 -3.6626803963992955 -99.92089255652168 -37.686762468704686 -1.690427791700472 28.274012834528236 68.92526192645013 -66.88715831756224 96.78986500595119 
49.16147126527133 -47.4927702706788 -41.7249454405205 36.69348732809797 86.45897014760848 -77.15070841539898 10.987526235541495 -17.263332409472838 76.544847766032 44.019072427427176 -84.58878551478554 -27.728714017453598 87.99358955321622 84.87466551396861 -89.30821569362821 
91.90075298126308 -30.291210601231967 63.19451912290063 3.5667585562582076 -25.55626552686752 51.449633359310894 80.13001315722676 -48.56521513494738 -52.64811662444089 70.53888615444151 -94.57755325682041 56.61258302977902 87.69016864703892 53.96028840037968 -22.513451877992935 
-23.915596520983584 55.96782138353865 -18.881199385603125 -63.69664324126498 -97.08278755129685 31.372929132321644 -58.54453299459321 21.752207965079435 -21.956917065958592 1.2420324314268925 -43.07445780442129 -39.34056940874247 -8.471638737488107 98.7682922193624 -29.147712488154795 
-79.75401975068715 36.42781853343979 83.71577777886168 35.61914196845794 -34.09316930529687 73.48469681427554 14.027274042560094 -19.068700232597166 78.89094258653881 5.7308005016465415 41.38803747003894 94.30296126010231 64.47264343073473 -37.09626135190875 -15.951265072980874 
73.46053752558092 70.94270338297073 -31.95402190974839 -42.0709091348066 16.465264869745127 84.18820794785279 -96.24894329800343 7.396051822969866 -78.99438810207447 -82.8045186829082 -75.53665338200062 12.179971945772579 -75.9235191961847 50.46950315403734 54.66707670438865 
-15.519268015589446 -42.738655199680096 -19.61230371815381 -88.23833931961478 66.45395903205332 -18.90234317047181 -83.87083633167236 -75.5116795202872 -49.2623006888969 -79.77599739043795 -32.73206489563822 -14.859480331283038 43.35725820495708 58.435120136469465 9.532827517142906 
-71.16321131291987 79.46772624185928 41.06803377733857 -18.915877175931556 -13.693635535302803 -60.3432304812612 -13.762347306872272 -99.81537326135962 -27.528232009946876 -49.730777193255605 31.59823257353355 11.177739073249441 72.93404177577492 99.93485489745714 -71.3654038294381 
-49.09797046581623 85.59429131582783 -42.47627267811749 -48.62938470195033 -61.08123182042693 -40.729277840400925 21.55621680158535 72.6565144125708 -14.756895015032924 27.219985632198586 55.0382996984749 -24.24709707630312 14.29223637757697 -54.05982229141579 18.96831073461705 
-31.87170852836681 86.213425015567 81.17861434983095 37.56379957186269 11.435980041980187 27.11841812875042 45.916987697860776 68.5258176334086 54.69643234463334 13.546007968890052 -70.69640523022929 -88.43534443734735 38.56068655735854 -78.15557586265804 17.3183663597096 
78.6220494288921 0.7921976069162611 38.87979007755567 78.65991446608672 -6.59729778545281 -81.92838641995618 43.802204155917025 19.193078299373113 54.06848279557556 57.96882857458644 -80.65041132175541 -59.799640412719434 -3.491339464073988 93.22339156154447 39.50154962615474 
10.440186834889985 -96.24398407072185 -60.922908241579734 50.31979078303854 57.31428408270352 39.71749498059657 92.58941459559313 78.75008785811025 46.272511745370906 -22.617583488476484 40.47457191888154 -78.65196552628524 -76.98380400130536 -46.56813898326839 6.15092097982442 
-83.3471543831328 92.81347060094507 -15.229778935847477 11.446081195318442 95.59389454834982 -21.585252806125425 56.62241402563518 43.586893249269224 -25.10796355538038 -71.44668860875159 51.23777071327572 60.97922157597756 85.61722758145024 51.08420284290426 -36.58160716071668 
77.33118555901243 61.14684195856992 -32.67589273580822 87.69359913786295 -8.586459713855106 33.86945462060825 74.99501016913698 34.845995613814154 -11.430839002519804 48.226731322793654 -9.594926228485036 -23.527432699625322 -43.94333773568686 -89.54753180523225 -0.21792391599852579 
23.16906218621979 -70.31488384996756 58.70000264512535 -45.434893200190096 -78.68623477152765 87.25589163363648 56.601329773067675 -32.039776473793594 60.217002054679426 3.309158565811373 32.62021456187662 -67.49327078093825 48.34123315504601 -16.079429552419782 18.540304936728063 
84.05926583801792 -19.84192620423515 73.00885026692896 61.19790880044093 10.766928376600916 -17.175893699213418 93.38194063908111 82.12654284938 22.98896623868187 17.377471514513147 -22.936456197811708 -15.843770867554156 -85.11193069849273 -90.85006355487477 -17.1411750476597 
-17.255458307315834 -36.562151944131394 7.360410798663722 48.20783934229442 78.58339652541665 71.55223517154329 -81.9405970778493 56.08424554705422 -85.15618215708945 54.95832979733274 85.84612436727542 -82.39593082656636 25.720956743662953 43.02425980765105 11.302950373592367 
-83.95357626338026 20.9489889819952 98.44622616437499 -72.46852748934734 63.58827728337056 -1.3606298760036992 -35.5062928205236 96.73004587513094 -13.052111555612782 30.739235763388308 5.565482908464546 -68.18645352599412 33.56745904103761 73.60405859658056 3.638991099341297 
-28.759611341903636 -2.2619049772054183 64.77727249024773 -12.757647566408963 65.6380703254357 9.27388056201633 81.91110964361062 6.705473135889022 -11.062917241409863 15.756335627834076 42.86003718191719 72.4639357766153 91.5550787986671 -85.92907865047647 13.539133585056362 
-42.808847312381545 13.215261878041673 54.16500922451357 29.335869929733803 1.077225338744654 -57.01118211442764 -97.4496878446061 7.035816461822762 -4.440247825114767 -84.03939289787803 -66.2343303708308 -99.18610777798082 -29.830302327870754 -88.21178918322224 22.23920461724191 
64.45868432686325 75.00078956589374 98.4139636659921 -47.96145167566599 52.47541739212397 81.53525643731501 3.4842357721815063 31.417098988242316 3.988333185051715 35.43913107317141 -99.16896969086547 -81.63337050769046 -34.788820868634886 36.82396102249976 32.52649449135109 
67.17199268918867 -6.348487501780184 -99.72711075034451 -40.689365664438945 -23.507168130558995 10.86411703838857 27.733571968139373 7.96898018169432 -65.115703817205 24.448667989801294 96.74741889707767 -48.99254424487223 54.29724032413728 53.2760216045873 -96.9355201509118 
39.97688106978731 -7.457588913067468 -11.761530563557528 24.460159086983808 -7.158901762557889 -7.449549587456076 -29.63874178164903 -13.46636143442062 17.409541048281312 48.11633777589077 -83.91629894453723 -0.8057878635490852 75.4027276896663 -24.99111207566588 33.29938331294201 
-5.573904540709535 29.214250021854838 -81.69809364530789 63.48622605198773 56.39582907791322 32.11412642635011 -16.01808032776239 49.861427691557424 -43.483797997252815 -60.736070530574594 45.371595659652314 22.00562238760564 30.495955158059587 85.255262998458 -93.10051803656334 
29.852354450808463 -83.9295113080228 -69.07516244148415 53.19633014006661 62.19588047535899 47.71348332469222 -78.11374701551517 63.152576012327245 -87.38472224479459 -88.46234239638282 52.62316869857963 -48.07114974405253 -3.555312247082071 -28.342145605692764 24.692348876147776 
45.38214652146439 -7.280302753644975 -15.56997146299534 92.70992188265689 -70.66809315842615 83.96340953802144 -29.785016198913453 44.56117455558112 -9.66257177318883 -40.39895608812185 75.1255845299346 78.90440099923194 45.27203047153495 -67.66744892966182 -79.98058293506926 
-80.39240187840537 -81.576503784988 -82.62768200307613 -13.436000966449058 93.31946840158389 27.267900144497133 22.64445866218378 -3.1517022321535535 44.93878417474187 -14.510274239494109 -29.845871182129713 87.00136902999444 -88.52675838761562 -96.19518653558761 47.36061238564423 
-78.67102331992916 49.71484871460467 1.9193764746449773 77.46903974008566 63.81343068479711 44.88047213354895 62.45194574135499 -50.274180238663746 32.34043264433265 39.90846215057931 -1.5267240544864364 13.967921676417944 -89.09591282104752 16.271361153286847 -37.063599799277384 
14.968027140430976 -36.679150072366774 -91.26461666658061 -63.51375777493937 -46.259647822129814 87.76592215782622 -14.730845542249853 21.236200772690978 25.9335974836401 -60.68437063854575 97.8149135797307 -89.57109055200532 84.1037907051674 96.73939006076583 -56.8142985302895 
-34.83333246258536 78.03028370644799 -7.0242134057391326 -5.688377147671105 32.067559330171605 -41.5251973958427 -56.63410308764523 -4.8798271850175325 -28.90149402636115 -47.68201517263408 -34.129261200965615 68.46529873958161 87.93226516180269 94.8340027372152 -3.056142742546683 
29.47329015760144 -5.487932377684146 58.90088405792423 96.04252842617231 33.92745827114868 -88.89895768290563 57.101489815632505 -83.47323464956106 -16.950108744149304 -51.7856048608262 -51.97480875337308 -9.396940228101997 71.25179243625576 -19.558700968704912 83.15405674819834 
81.42041207784146 -55.97013619893265 9.889773614395892 -11.662544733124847 61.86441062553416 97.96162013404131 79.51628781636032 55.4143318950386 -46.926851541676086 -48.64966006766424 -56.99647992429912 -92.44472865717668 -82.00043330666851 5.7261345764867 12.497990134021151 
-30.08761520500849 -0.9150334855918487 99.4727777394084 52.821592438165936 -87.5684890932666 -13.431104011743273 -23.87966948965328 -5.404093627557344 -59.9042674277436 -47.579941594790995 -37.924225096605355 58.09983224654343 82.09936539534749 -86.58274085828418 53.51782543801062 
67.59580396623448 25.29557895364603 0.13079124182395674 54.85246394203861 -15.4653889034782 -60.68596909521047 12.442285165280254 -92.93485499715972 -60.773410284589666 -97.99343091401458 84.96442304506235 -11.418194407261922 -7.171809488859964 81.43477294726142 -1.3917763010404371 
25.765085632616547 14.042445317136142 -34.24609879942689 -71.55446976735227 -93.23692298335513 -70.48830499079537 -55.75559241193784 -38.256125263245664 82.90271709893943 38.27492212662261 -51.63020998449006 94.59669114441593 26.380402535361753 -92.94939002883204 99.95525493184067 
-28.318973597654875 -57.01332690136596 53.97839956012885 -87.87254790871171 -87.03201745202918 65.13927356078491 4.239814654010715 -20.60486207933741 -56.09111755657339 45.505149113567285 -76.95667433743253 91.15925836934571 39.030885170202 48.81701260324783 48.570744881322184 
92.95717070639353 -67.46522838490696 16.616019193818317 89.25838241320909 -27.74825359984716 67.31535281671717 37.99935428559053 7.696359301828508 -93.10356896146313 78.22602563262353 -52.926244435868306 -8.750089218679008 -39.68246605194692 -55.832423590713695 -41.09652202532812 
-59.776814335282126 9.23047552701675 45.63724984248353 -66.84420470788646 25.244692048731125 20.2549298413131 87.23739923836246 20.49781489079774 -69.36078682995337 0.041058739130477306 -56.49599925038415 -95.48956507171305 79.57667148557576 -2.836619834591403 -14.517213505617747 
62.11054023146127 62.68365008178458 -83.64819793745595 6.390680824431001 -78.15845884422885 17.24021560922931 -56.25685258499771 -47.21279699445338 -79.36993393308289 -46.914172814812694 90.36529671912473 77.49588733473863 -87.02331897561974 -84.60368509889395 -39.359770798904115 
-66.6668990443057 -72.92088460767383 -47.88275156278377 46.72808280728847 -22.33533361023659 -11.705803603323076 21.858549879989425 -30.873129193509797 7.638885430788875 -37.13174835992634 84.88747182090088 85.28887481777008 -76.42196653354378 57.90248905595752 -92.16406102342674 
18.368193050978803 39.22237866648234 4.5762804328739435 -30.383733216400472 -71.00511354612782 -80.64959878847318 22.67771329181923 58.40434026844946 82.04673483909198 4.165990022737603 99.04719839220635 -2.576403800617328 -87.12081757570876 93.77162814511172 -49.824960355119075 
-44.78249487035158 71.68714382925805 23.630479823484407 49.4026073210361 63.99154474034293 26.443312107295753 -70.76658389805499 -72.6355865719527 70.03109139571535 13.560772148491736 68.27745152054388 27.47320195580052 33.05846770145746 -18.077833385394698 81.5098231421299 
63.88486300452146 -62.08813564876965 -10.301348225169946 -19.19641289897389 60.238985659351385 -31.62398190808318 -51.34703433625041 60.69325762623728 41.376042805474896 -93.72598647318917 -56.573448545322805 -77.07150466595296 80.61262608260262 1.798272205278792 -44.87805994832668 
-50.43197229901766 -98.27747040967714 1.9230829362373925 -76.1793444805656 98.63647748013796 30.326241649107345 -31.150588260398095 -41.20536083251929 81.71179750107706 0.3880743458050375 30.07150248244136 -87.66696454874503 -25.41613057536655 -2.5427864488944465 66.52292399021985 
-41.04112508978894 22.769842904120054 35.72513969255127 -7.779848255122175 -29.925728765132135 -61.84066652216309 83.24600416669699 29.773072410011423 -69.64970706075422 21.527809273710204 -29.418885987642057 -62.15975150417277 1.941787254749812 29.77752538303352 47.98403156345796 
-56.57679743910402 -16.893517851204294 7.464590464213799 80.98627130462856 -11.754048766170328 44.204515699665166 -92.77727636082913 -70.9886648149739 -86.229849972758 -89.03193674890596 56.407377589494956 -3.2001995633981153 58.29261735588909 32.63828900598838 -58.45291097114724 
-8.486461704056964 37.070557384505435 12.277806508848954 50.47860920947528 -3.040879258837421 -7.71818014170087 -61.45774125988357 -63.39063572337231 -10.121381734518593 -71.35925997845723 -43.092172861742185 50.351776045394416 -14.649329029630607 -99.5823010415791 -12.834774990451209 
53.105804961808815 -19.314875741201547 -39.17890495952208 -8.856334079352095 -59.625099612261835 -98.57280101056496 90.89222830726817 -97.76098597435798 -8.710545590973638 -45.85064196946078 44.62785165254999 -74.03335257084828 -79.44006690723795 75.45996392634171 -60.24096010668663 
-57.96939035683939 34.86133048927246 -39.39992890442572 71.36401300354774 -73.66406832114438 52.87251339491118 -50.68875723218758 16.879791622841793 -98.5056103755618 -43.80118052388098 70.11383337635621 -0.32593750540455346 26.90373634763195 -33.503416140488014 12.17293342372507 
-15.533050055932904 54.89101233547552 -48.54419387427495 42.52518071471121 21.545889869597957 -28.434478604052842 7.199620642483737 21.993059012560565 -29.28709772868494 -80.76624902357597 65.66251240924291 71.30092812800925 15.04287972696794 0.8965361133721927 -28.14619918596162 
-13.744240625791207 -42.17385637291002 19.207144168874464 -86.8057251101938 68.27787489553091 -92.6514542198686 58.592299976396816 -94.6186101328574 53.2405486447434 9.572183622543776 -89.90423291363511 -29.961582504919605 61.7156945372671 -24.245060992285516 -86.48890178327792 
91.71037620170037 -40.31384552122288 -33.79749527697878 22.140082447815317 29.532699544692576 18.022418618230617 -85.93508878000868 48.209699662110864 4.387140758834818 77.3804998604995 40.599639398876576 -24.41893522077268 29.00492704555259 16.214967351466896 33.20659787121227 
-32.168977539109946 97.09422834815456 84.67091576721467 26.472960814224848 -14.59136879634275 -84.9806842901813 98.33142935443456 44.43069252068747 -57.16601968085657 57.76538882648538 32.50813903776955 62.92427636129304 -17.20117560224243 -54.83977611869306 58.83809708291702 
-55.71346640959194 51.00854220255192 64.75230621243298 -81.63998604520003 -22.355844574426897 -28.47866778919115 -6.834605583968852 -43.24462532694575 -50.06437924738174 46.449987573093324 -17.502810205588375 -91.30157439442709 -25.34925561112449 -9.937146524092213 39.41145327540144 
40.061409329720476 -94.30494079347001 7.577973130032461 -32.01471295163425 -96.69213409785338 -49.97103756490502 -55.027208189656854 12.645394150657552 -71.00414132572499 56.1932897114755 98.85064554709763 41.832234411783304 -22.54709829044026 22.510389783527685 74.70931942360522 
-70.84325283766466 -98.6923572305805 74.910016504287 57.87987843683325 -60.3376098887038 28.259382574657423 -15.498919649048418 -68.50270536510384 -97.5921689773874 57.394822969837634 -14.628509538477346 2.1213655366245803 -98.06218036594558 26.34653601444346 7.815939073523452 
1.842813689271395 -87.96107741034238 37.81153080789528 -3.421106427465645 39.122386057437154 88.82667383085035 7.275095198080422 14.516916492715822 91.96001711349106 70.04903309974745 -79.6642947708059 -69.65798922419981 39.69466598347526 2.501722064163431 81.36988812508031 
-6.762492479425148 -10.91213853048771 -65.4731882700724 -76.9259247329003 68.27942794272965 -69.81025024904903 38.22652881151919 25.349508350418986 -52.473704738868676 -0.36302895867206075 66.88131789550798 -80.70253286179702 70.0016057998929 94.8077078886522 -25.4159905784268 
-4.303726100659318 42.383561268200225 79.01225201556639 -44.917647932533455 21.129133874776613 65.70718424299511 24.770262286197365 -30.468382843630934 -74.91288468301195 97.77382242610093 48.85299056792397 -52.77649557674189 95.82806047482771 53.649764963715086 65.13920167495527 
20.93587866649345 -80.93634751624965 55.43424808369764 46.614357360462634 -5.557365381177675 76.83492975523762 -80.47075602096604 -1.6133653405440356 1.1470702243274502 -44.33286566717487 -68.04007403401297 62.61533500022932 28.740438646176983 -25.420220227604446 66.74172472336562 
36.45090681715115 -70.59738742341784 -59.89233295956129 -32.199776981877946 -54.38497324986038 -65.71018512539638 -67.24459952303962 -60.99420215019988 -49.7682524950797 -16.82622020734665 -87.49589802175811 -54.72525586258883 -58.68042826949023 16.247691486285618 77.83709139776374 
46.20629646626267 52.21351088791667 8.279178524019272 -68.02828054698702 -48.68399739746296 -50.16415603141526 -52.5506616604894 85.57241379707008 85.7773985757079 -93.14065577419312 -20.646734403798092 -30.982024666372894 -49.09111909227124 -73.80381517927202 61.4009973121135 
-17.822305258087454 38.128803308933726 49.669164704200284 80.89630014615867 10.913570927122777 47.7411929249709 -97.77345306974074 -4.53282278599481 16.09861338743221 -40.568357148275155 -30.153974195546596 79.59799179462252 -25.63621140403265 99.54178216714672 89.40770961087142 
-25.381459855790254 -51.35562689151967 -91.82704335292185 -69.43536713427652 -90.47318860502153 -5.1941578895602305 11.622556134539892 27.57350020468965 -18.04589641852847 79.40049943239299 -44.242772632836115 73.13320204544274 -28.476613065924752 -51.34788162772112 -81.59235857749255 
-85.04713047685517 -59.23365453877043 -55.266387202627484 -32.411023788134074 41.72694381471155 -24.22966416807759 -41.75953919549491 -35.586086163810336 -62.21624196194904 8.27803640929497 50.65488440883371 -31.51929512357742 -27.77600688250537 -31.40229925753391 83.2185690727182 
-96.01656291094547 -66.43905369531737 10.8395151315096 -70.98482816977958 -57.87791757657337 -33.89857742411948 4.686907751141661 25.756027479834216 12.239276216518789 -36.47626971605007 89.41894529618068 -85.29135999062034 94.38423455580954 73.88124107077562 -86.52072659835565 
-0.34555933195983357 -3.653067173975728 88.59895956344687 45.52382305882833 -23.573681247684036 -94.3632502797762 -91.60831859057336 -46.61737040534675 -29.75187202397811 -16.653486726081866 -17.505073457163235 36.24808616896715 -68.1095263511545 -34.91246027451275 -64.75451729823287 
8.151014808048387 -90.28032634010117 3.564938721063342 -17.524930938177576 -56.50236189843436 65.9150565385236 56.76108110680428 39.44875913941854 41.522759720212576 74.4950933863586 4.461671088562682 49.05653860944966 -39.80628718862076 -2.5124728813094634 -31.316036818320114 
-12.068594939215657 -78.66411195561467 30.9979222530271 -77.77604218194134 -60.744915607892416 -5.400663316647282 -65.84365037357225 93.00286933335286 33.96083445660233 -69.21477526270814 29.27234046128447 13.271948591434992 -23.695440762140763 22.13352603305023 -52.13894436969797 
86.66582799188711 86.2979456143072 86.27343945910906 3.49541239070372 62.932233489477085 -33.282760288424 -84.4137608609 85.03014191015151 -13.123969000887485 -35.14488419859447 54.262296012388845 38.54916030595987 -26.741205589622254 35.378296647627394 34.89703809908252 
-70.76360532663807 73.33019263664855 99.67608486446116 -54.18607255016297 -22.65784581518288 22.867178273266703 16.280426377707727 -65.61375419647476 -59.96560905622748 2.1012055733123987 -98.00278006266853 -71.69256607807031 -13.517208321846937 28.483209513066043 59.44847399306096 
-85.6004153725503 67.75595247025848 -55.25340849542704 86.64925175228518 24.764865485559227 67.3697330140393 59.951826101905596 42.4304745542222 99.09167133679654 -87.49245565019925 40.10725631614187 -97.23321175730837 -95.46351908295831 -81.11766287571092 -26.702544797540483 
-37.96475817207039 54.1114065293078 -19.8999575523233 -30.243165763414837 -17.04680254896877 9.587671766224275 72.21308176294582 -33.71539211449202 -57.434485210236396 -20.107869139736962 -66.24196936375048 -82.79387639344367 4.843196472169751 -99.34082834896107 46.09709581624472 
19.589455706277946 4.506107293724114 16.60196991550673 -40.87750819061109 -48.19675670126118 -37.71439500548506 96.71118808688749 -49.74111122922879 -37.16363652213766 87.91237887158042 -52.464013509063335 55.658650382463264 -98.64911534502147 -73.1718812100465 13.405288003426264 
0.7466452480654056 40.96741686574268 63.170850512804265 31.012812196204038 -27.502352492349758 25.515032665563368 48.38096671328685 -10.980808696836618 99.11764985853026 0.013877238764621325 -14.407014925318308 -84.74935433234441 -32.965994391046706 1.8250399328871225 58.46374688132599 
-10.732841544534423 15.966812902822198 37.75897942659179 17.336536058679286 -44.13682291376067 -35.742339061615965 -83.28693172561086 34.36001976701522 -37.36727534788893 35.719533516092525 -61.608125336058436 24.905757346106967 73.38929994831986 27.607962073623057 9.40544170658228 
-94.61441914822286 -26.056177608510154 -60.208158439612845 66.15107724433972 36.25995830278009 87.46375434234554 47.24355769126262 -62.28292352202573 0.13439550837213687 -30.480115473555827 -45.64112790664285 -39.606328204998945 47.67026588903164 79.92111449337582 92.81751841638749 
8.2291023485148 -77.22133167105139 -78.44400478752733 20.311616849548003 87.33238263679655 -21.890842338084425 -14.346903402748865 -87.56910943248953 38.32844421569547 -13.760055735623084 87.33373314454963 -40.29223351891702 82.75845727943698 -81.70646834843524 20.562923534232482 
-44.74304098228827 39.91587063978571 -74.40486483144699 -95.4962027276506 3.4928236416821363 72.69651116043232 -12.763853844526722 -68.60204451105659 -38.20635233782244 31.07816633167181 -24.18597183625984 8.800204370634333 75.39420576068474 -88.6828572212753 -32.0077923234015 
56.73863204047635 28.771405495114266 -10.250589427517355 -88.34596057895999 -65.1322619070541 -20.453176584498635 0.4511854828371611 -57.98247406747272 43.633611846461605 -44.94733493544882 -84.18537537389315 -47.646355361847405 23.73837868781446 42.42454552896194 32.733173518816585 
21.658057586007246 6.113721096492682 29.358304080183018 -6.256161856792119 64.04684343445516 -70.67515885982374 5.79597662949125 -25.861633471811587 31.416941199141945 -43.80489961757546 -85.1904274493607 44.44091265612579 7.982708595443654 9.035765589860262 2.2329326516991443 
69.415875280558 12.169006895831942 -3.604891426438698 54.44400764061547 8.510768224005545 -7.265943083904176 84.2128507390172 -97.96770995973401 63.60859431785585 28.74314613072295 -94.63705913917634 -68.12341036926428 98.06091896404524 -63.722618832159725 29.608106411263634 
-13.874652826383965 79.67701226150746 77.03007857294125 -60.07657177355108 -58.77702772864657 22.619793047696945 -40.38513295201183 64.93180460388507 21.626469074547728 -0.5737547001987764 -65.36915389218987 3.6775851823947647 70.71297798016315 79.13278445348286 84.26121713374278 
22.254147745473276 44.23554347528099 8.000330461603284 5.139566211190498 -64.1148448411868 92.07167801447181 -26.7623749433985 -13.756518872726303 53.35636888383269 94.760984687122 -73.440073150376 95.63958555462455 -20.61818910789232 81.97077738096525 -77.43133318691729 
-84.26768483006306 54.30670821010176 27.73135118100278 56.11574440820152 13.762887071145371 -15.94990545638602 83.08403260728417 -22.538113024332446 -14.756731673628238 47.941439811073536 -90.82607088853254 -72.15111469072431 -96.56881670263118 -56.08217582127231 -41.4570856781519 
14.801488557507312 49.494552606452146 17.0336424095548 -82.52377753303577 75.12913502798432 -34.08901585680415 7.78726732447727 43.35130803517882 80.95162887899423 -85.15932751843218 94.23617314349113 -47.75279332137012 -41.25101682159331 -50.02942387357665 70.43766152663429 
-60.3513754589049 -10.466868996120596 57.90874092512817 -12.967134870638347 54.917869868138325 -21.6987291435871 -84.21137599982261 -96.24470150939443 74.53764181671747 -23.079900276130985 -64.19520700480629 -19.37223509949564 2.549812099956128 -64.4426284767531 -39.279956735664356 
-62.451679195514245 -58.357110143151324 35.272392881647335 19.615245496561442 -61.53898103481321 28.201565047058438 10.89489003433097 -13.425291343177463 85.60347098445678 8.478568979588474 12.756319700988115 -19.51757215011874 21.03074017001269 -23.634398081218137 -50.61304512792808 
10.90026179303021 77.35150350477181 -66.07868689989917 36.22270936418829 74.86320585230001 -80.60329903199613 17.892372736452828 10.966048068541141 66.79373557377693 83.46729052923996 -93.45769897088326 -83.83672652108245 64.34213683663376 81.57151497589064 71.87032338864915 
78.67291295804577 -34.49250125206757 -18.234551039228336 11.291655548705194 8.54929055988623 96.88266733201976 8.075070998226579 19.253140160071908 30.70696369513928 98.3053668709602 12.272979410247387 87.4555579553354 -80.59727715879819 -1.7844328042969693 -92.25702673724507 
47.37569945425736 -19.017820232867777 62.1862832728481 -14.821517463027249 -4.316110549327519 48.336656459030166 -82.61483659542661 -39.62671988713333 -85.56419713803595 -80.49381617086111 69.40551888840614 7.1377232167687765 90.5357512364572 -7.329958563459371 46.65826688125472 
68.95426879894228 22.275940361017035 25.221194340039105 14.155658639078638 -48.70654102394199 -88.90303934937928 9.584194804321314 -18.29548780807994 -8.023950348634969 27.086716257535073 21.163106751715304 31.163502856679372 8.035102934790288 98.76513653909558 56.9739833801317 
-49.20380101602433 90.72652520647065 43.025006347512374 -35.691494901911256 29.813460112323696 -76.50161651532358 -98.71311913555098 96.3966053879337 -49.76002667387072 -35.454177522858686 58.95347599104957 -84.19355121322076 -8.746480526270005 -5.629301013971926 -13.35812031966664 
42.350012059176635 68.69626555142722 -23.62572684951796 61.00634326595724 49.16804032898591 -96.52315998506144 -32.651118906223616 29.105016494973796 -0.5403144919734899 78.27954838595227 -31.850620462027493 -38.73242430987543 29.081694827779273 -90.19883189145044 -7.9404763579535 
90.47941812273851 20.555576955112983 -91.46489054172015 -77.45594890374512 75.24092804981356 89.49521762975041 25.715999973934984 0.653223042770918 -82.7710498565346 -23.824190965514617 55.91829911334429 -65.28644216868418 -37.934405199358864 -65.1733806017421 66.64301692826612 
2.0586768536577296 -22.825522891575332 -39.41368902294518 30.025188974121022 -30.540425670115653 -44.651742028646815 -4.3103229103970335 36.825748350671034 -77.23755512822459 36.84242967178412 76.67450686142229 -24.768057560764234 17.83830002955473 -61.231909925286885 -35.39398578634727 
40.45220762842652 11.22416093400335 54.63220161700079 7.430642040004869 44.811915036158354 -1.2940173264920816 -69.55982329184145 -25.25181253212068 -18.274758612365275 55.62825245502913 -13.682250938246128 56.09831517243535 -84.23724904900062 80.12130814239393 34.72538069030247 
2.7487707666578274 30.795639231173084 96.27141294173606 42.092769602975096 -90.0907804950317 -25.844763740251466 81.38455418836503 -39.65312549427449 -75.47930670851957 -58.446952496509866 -9.260695473218945 -80.31910980345248 -48.1547865888309 -61.520951706851235 16.001136579946504 
23.791692398766926 -46.32388301510393 -30.879220349220503 86.211217287833 -4.6588576206344925 80.59151466175535 58.112667041806986 72.71754833224855 -98.25032200980843 -16.06048578011719 -70.71575630220481 -56.58162427148636 -81.28636812287655 -15.459819913972211 15.238790445361985 
17.982501896602216 87.18944885611018 -37.310207117464486 99.78878687145644 4.352187571032644 -22.10028955296717 76.95524844388305 -50.818865883363685 17.239572103706593 -68.25430969582001 10.982033474589187 -68.07533400969521 -36.301746711428116 -33.37576927568975 -94.21035121540771 
-20.30197990032474 32.128294880759654 49.87897530053121 -50.74324823977094 93.04671424160372 98.7793832391014 75.87957905618879 11.2639093777872 43.50419883103825 19.357726427325034 -30.22558067248218 -42.610843815000706 -12.31152647252955 9.779850200888873 -86.30358647774486 
51.91997306761618 41.079710878889784 83.06549122507425 -27.977475063113985 -21.18280473478677 65.37924963818179 89.84496712109583 -96.21372807095014 63.0162168735616 71.0319951232801 29.883431695124273 -11.553087694884084 -49.6296337333362 -55.61511768430265 -88.33703454456902 
-67.42963271049938 -28.350659030174413 -85.27956604203368 41.52295505121944 -74.11644116523684 28.17981190917206 -43.02628990517201 -37.79489992020817 -58.21502449820599 -71.64374613308169 80.60673284166867 -80.810909535729 41.884583071518165 16.45760118946302 -50.589783854980475 
49.02215515371148 53.501277907070005 84.63794394051979 69.18751358323661 92.27847115214203 91.64157941032732 80.85513408953551 -97.71332478751258 -58.729838382732225 56.089809748958515 72.74339590396963 26.65345842945112 -31.927114877535146 45.85412790079067 -87.03547692232155 
18.807743507695477 -28.817414673270946 -85.77566642745526 54.95302138495566 61.39218308172178 23.006978089599414 -15.50534158201036 77.94217642845103 55.69172006821171 11.486632972182619 35.14668597186139 -54.003578174778234 19.203126970886714 -83.30615539897828 39.690750939601344 
-47.776718844071844 49.09115742356809 -19.118496516943367 -49.58942970176745 80.31386948235652 0.07414088397746355 87.55604243062703 81.5408387750062 -7.309847565635906 -29.79100569892003 -53.1455231814709 -16.445187103944363 -33.23859508890452 -62.15935415111347 25.338337799824245 
14.60493151630726 77.69427682175706 13.267788462094671 -79.19253241762539 -33.673371576154736 -93.99213678127678 37.82243793059175 62.21220759205383 -6.673509668388093 -16.688707867429002 89.5384091171783 -23.95308066613117 17.05944095830006 -46.161518927660495 -36.249104353944084 
77.3565512997854 51.435448636917215 86.0893689235424 -35.584828899054585 -36.153019730718405 -91.31165876964893 20.08602500522636 -42.22326217227119 -72.47520523915749 -96.85070384591461 20.93984664648542 -14.65015021454272 56.574211551396616 -26.814457135139918 -10.428402434306932 
34.18291026035837 -62.4362157229734 45.37257716765549 -84.29679092502363 -17.8390787013045 -4.774180690180259 39.80565398513025 67.97684978487521 68.40970276662938 19.04089867444587 87.66874442742184 -57.500914529555544 -89.89033707693287 55.71462233075718 -37.589020355837334 
-66.50891883784016 62.10385180583532 -85.68843196523441 -72.30666554232421 -22.2423078078845 -56.608649736664 72.01414482830663 44.788719644003976 -74.85295095163485 27.330234735028384 -35.557306425883155 -41.81134161726101 -36.28788300704151 57.019113270812625 -71.62248038758617 
93.610712994041 -56.49069097409205 -17.74265233532239 80.0461914426595 -73.84397454765622 16.756885548192898 -27.39260398901844 66.6111637651326 -2.205039866505288 -30.990042000223013 -75.82284577174843 41.96723529408709 -81.34641422207416 70.8885902655851 89.79805156198026 
51.10279992996635 -24.39072030000456 11.607432955795232 -49.87220617438153 -86.62908132733122 2.7057484512914414 92.46911633092841 82.64412988694772 71.75623938351211 -84.79819078309725 -65.01530200509572 -23.417162147116514 -1.1671958154116453 99.76383535295938 -45.78244078287508 
21.975931545158062 -15.912640535443117 40.76777678335452 60.53953080997459 9.893822162462328 -32.85633097369234 -89.36211992093652 11.624312698761585 46.71345313373945 98.22551014104198 42.489377644802005 -88.87619754409725 5.788252569369234 -86.77522714030106 87.4164118240503 
77.03128769864446 -82.87238966910519 -68.69753627287425 -26.968072909459835 79.4950014381281 83.17359381798028 56.58723144485299 -26.410405288931244 -6.980032146748911 42.71883566273701 -49.5823076348828 -40.937147863677545 20.395390969958967 97.17974148255408 84.41721269529654 
83.9808224084062 44.82908227871431 2.633994245849152 -31.379741693044977 -6.9582507600739945 -90.43274477889922 99.2649832031056 -67.80190878529851 37.92388605230249 98.52585998924866 -38.34108302715889 73.28045697843692 78.98634707599962 92.003040430872 20.341001576544187 
-38.0248578990181 46.269261161992006 97.0864247560639 -3.378185174877089 -17.38439979527824 51.74313688297275 28.748638584114303 54.53871266308349 -0.5351490839996274 -52.64247909196218 27.95748777158596 -59.25668331323868 -81.94538418124012 70.7315427399704 38.98681151631703 
87.91140501153538 89.80216701846896 -32.55170717743714 -35.321754400871015 3.746766885883531 -31.32122411364469 6.72290600190648 99.18791722536443 90.50563421819683 -61.65849492509483 -62.154504702080885 -11.082212212695836 57.416422236220086 82.84393565474281 11.658804695063267 
87.65626784540794 22.59620189106542 -57.46444280948919 -16.567077986754114 33.69183433308967 51.21453865074983 -56.14967036843497 -54.072592478009575 43.4398680506506 37.100482007455156 99.29232161094183 -52.65095112919054 -16.991801548544586 36.606737806036506 -48.32707565418255 
40.138589229438054 1.6746956833594027 75.63023117599067 95.522409142698 7.579176988924004 -58.37214802161359 -29.50568353983431 -92.07032529611013 5.8455603356751595 -45.487945340776314 -36.6265416434934 14.359101799094915 -6.969669001937717 -39.954371083338124 -16.67041775365925 
59.14151102773536 36.29640724612625 29.180735600603043 -47.0759911607401 79.7850052524054 68.18874399177633 -85.6214173886473 -10.722971481702402 -95.4518115269327 17.573239314860473 33.512242841682905 36.98600794059129 7.801545941151616 -35.771003499223085 -24.550058572893874 
89.4999266753778 -95.01317919067141 56.15570381867482 66.85424832338344 46.94762566130504 9.793081140452003 45.36946059247478 3.1913529515515506 -27.62239713135935 -50.34830372782935 -74.63465952321353 10.89025744506165 -14.73522900582347 -55.71874818381952 -93.31656293860624 
-89.4210674903058 68.02899163160833 24.72007427248238 -30.23689972359189 -92.26873021683335 -4.393545190103538 83.05102114698252 14.279284949364452 -96.85766516766337 -43.45449961197174 -6.595085256870334 12.933114309873915 0.9371681197239354 -9.261781180627992 -2.106686983865245 
-65.73793633508411 68.27600193708696 -74.20631675786635 13.268079592893983 -51.04007589182724 -11.15438583930164 58.62253976451305 -58.386105449280755 -84.46656655090436 58.46052162628709 -12.531591003376619 14.066508580156295 66.07706445407337 85.35240036097218 66.41098233632638 
-71.3909552554893 39.47799221399734 -22.036568301085453 35.081512202624594 65.52415629796195 -3.93742879738312 -18.805112240041552 67.01084124783142 78.36420748730336 -8.42821150652206 53.92192986498935 -72.69981803662486 -6.102510547962893 44.62400304958723 41.242134436398004 
-95.74200282281602 -28.09179741302455 -35.595186210761184 93.64101976230609 -12.885255007255452 -95.8469487665847 -84.69394007855828 95.61597902783402 -13.84356314608452 -96.39664386605864 29.851268367072294 -65.60541510373946 17.590709987220947 -47.879464450717556 4.4097561350480845 
54.36206116243963 37.84475670608626 47.612911880914254 -71.38386253794465 33.491140563626885 -23.501546535917072 89.96352572387877 -40.292209893199306 -60.290119128257324 39.18126357316808 -84.64437550704054 92.30664344760706 -83.59304578859414 31.34282775064287 1.6387903643262831 
46.03871489305408 -34.6587070119305 -49.743904569977325 -16.648978718403697 -34.68464668684939 88.39875335330183 81.90270182306617 -71.920270679232 -40.20099071557972 85.4012853596239 43.46381831792422 35.35774935276146 -2.470314430442585 44.01691533814659 -27.049429141483444 
33.13322464898354 98.45719754709344 -6.210790715944597 -82.764448884833 -50.991280539442215 -29.693306280286308 -27.05878368011632 99.06805148788541 81.96470062574573 -22.35439101111858 81.0392529993394 -50.07163024684647 26.18313415832867 -97.30170051357123 -47.51384881123259 
97.90084570825499 53.37911507838692 45.77354137772102 -51.824714903644306 23.830030787560403 63.809398812735225 4.872644376716863 -66.6433930842432 50.11126344535876 59.3951739697406 3.7258749637605746 76.8600255592745 -46.033647822810494 5.034723115640389 65.7475257323612 
2.9395591900193523 -55.28168277729846 55.79155709779019 -54.16485922288228 89.07888741850616 96.21589029762737 -36.49679870050433 -97.38020217527605 -2.2387111056411584 82.26299251180467 77.01535789501284 -57.424703757786055 39.72432746971873 -99.64973937993298 29.38237188748809 
30.406523222230874 35.45275307902321 -41.1126255774261 -26.408281475111536 56.12803383328455 -3.185350094894602 15.033776874902287 99.92196546263796 -65.81940282971115 14.9603091951966 -34.902598577921665 -74.58788400075159 -31.40426809123717 53.501897455680165 -60.75673751598132 
69.15026460534136 -54.375216118498514 57.156793479952626 -91.39310981143498 -60.530913888846996 -20.57191047083731 -8.027366289752777 -86.13217284522364 -24.229170728565762 17.648190668155507 -40.28701006883158 11.9080497133762 -29.898493028127348 89.36708020270362 20.172993709246498 
-80.71917015435088 0.7424875632490995 81.56081072762268 -90.38303504712195 -55.25898068189545 80.32171204459408 86.61956625846335 -8.337753161837696 21.915951528283387 89.4487740686231 94.61569742388093 -97.22184852519386 -25.521520630503318 -59.85086617654185 43.54068653651652 
56.1231454474418 -14.34079327543931 -10.18727862625704 -70.8648223242875 -76.92331694035106 -48.0490713280338 2.8092834088759844 -50.418787914049034 -24.856704341453863 -86.69528496939745 -95.4054468692622 -72.942691441169 -75.88144950042948 -37.456774053384436 47.109168046901345 
-94.44102679417614 72.66845413044294 -54.01292375264961 -86.3775412260028 27.82734512363791 -52.56104891158129 51.38977938113197 -74.33157646932958 -46.61094188731698 51.869693959916674 -25.893944979661796 -31.24030150177903 3.736323046961857 -33.9439616497001 87.64455584318307 
29.60965359961142 -67.03608386307032 -34.59227731013479 14.383504884201741 -15.085159300089046 -53.63778285678917 7.605412571902704 -10.5094673831762 68.32697501867719 49.82923305070014 -57.13777072506747 -32.14698507163011 9.839529261246966 -67.07297309208778 90.2475378610149 
-22.209793958839754 -84.28574004669281 0.8886130601687796 20.846244302988808 70.21078362599133 -80.34506791916867 73.11986970097541 60.071869784399695 -78.09615083518506 -86.73141054760698 -19.20908973267055 -65.95875326119514 -76.7744777041766 -18.390743520108373 -11.611842134871992 
71.33248670996554 78.39040103037897 -30.432752483638666 87.5910082575866 55.92641910553439 48.19307440827731 -4.637640007359948 -40.789085880026164 2.650253153949734 2.051083288764289 -91.62429962795828 -2.6763305949984755 48.145906991122786 60.161431684898815 24.77751571762103 
-35.281628311162834 35.67774376864787 -61.72996141352345 6.771167632935089 16.605783373971533 -85.07783732005873 -4.726130166282388 78.39058283709235 85.31002873662754 -94.83745522148268 -98.96083075128233 91.81799098330151 -20.701222774115237 -86.05655319531212 93.15842595135857 
15.843003628225588 3.2497337924949647 -99.11639790990827 72.42967771320633 48.76568552712553 -34.507710361188984 -81.70257176084112 39.523824986556775 -75.58071142159648 -7.640115225783717 69.6549150021728 9.950982897514749 -54.69881306411493 -93.585584191993 76.77942896295613 
-52.43144972441889 84.63131802193882 -38.79426770307788 -31.617212041128752 66.86797642370155 -34.72223897521127 -30.64921471305911 -77.34743748248133 23.40959806446743 -67.8091480920169 -40.428285480968704 -57.273996522969895 9.623938242306565 28.378431908235342 53.390397903299856 
69.44232197162137 2.1186514831379952 71.94347363547868 -48.499651070805136 -23.999034298533587 60.60302233998593 48.26701808912878 42.289895456926644 -65.2304590262834 -17.90900145052163 -44.71928614606511 -2.2155923823539183 99.64305889014884 -13.520937674463937 -3.681734267815443 
-91.8993433600457 33.93883850943723 -84.68284586645672 72.5809559623755 12.946979273685358 80.53964015625675 -52.26957654172539 68.46911103233253 -51.12077399565804 -97.94383362937538 -54.24730194132093 -82.29020040588841 -49.685976901513506 -71.51331085670363 8.221379243594967 
-46.335417913081315 59.945688710127854 43.496059340693506 -20.488998116923753 40.308617166419054 11.338592035264199 -89.1030610047301 -77.3612819191368 8.943499378539627 18.836070884861456 25.117553512644804 -42.97900605647263 -20.04792006524518 -38.96353312984675 54.1895134441682 
-53.57547004279897 96.40246462719318 -87.76561013386555 14.017957598460981 45.17097962043812 -33.957674068300705 35.91437386338009 -12.173858226681531 50.3477241732119 -89.5288039669368 65.04225680172411 24.825864951799133 -99.70204525790705 -50.99072488675789 6.639049112574753 
88.37643250313718 -70.2655471238558 -22.033682992201804 -5.04703249682008 52.744209613915814 -29.71382364585449 -2.681759625864075 -30.91585213834169 99.1537840195578 -71.90627396660673 77.7342227506496 40.13818636117165 -97.5864324974564 -54.92963948536082 -76.26648524478131 
58.661734560385526 82.36866691906343 -6.648590318096836 65.44821949447507 -12.206659326236789 8.913813670644316 3.0695584840848795 66.19555874808069 -97.19564221844111 63.26097232558928 -36.68041385074699 -40.39401898716213 42.59548401257439 47.911286148285825 7.736174556304036 
68.7182610921472 -75.65817234858021 -29.348132894519637 69.29027285159012 98.42472018373417 -86.76371006673716 55.18390203362364 65.69191009212625 3.836383930430202 -74.39088110027768 -29.653281972422363 -48.477438444135124 -29.916387410975418 5.4164836386658095 60.94290063482512 
-22.347502172903518 43.681886714597994 -93.90706054419726 -98.49640154310552 -31.097841658288132 -82.68046280831034 -75.75334282702036 -27.1433850216616 37.271925755039575 58.974248906073 14.51225650854468 18.486607050230333 62.63490018061569 84.86065442286898 -22.630822947350566 
-72.12077196254978 12.698218302622479 -26.80829051621049 55.62693768762398 60.867704611892435 -54.70254121032914 -37.33345542136324 65.21163518255528 -99.9335270150305 82.57751544313575 -93.5877172287432 60.62425574011519 28.1040506165927 -45.08271602580511 66.98648544776808 
55.51502898005319 85.81122445391347 92.32857910568143 -26.428112802726346 42.78614302997548 89.29476441270376 38.31395939244791 -94.20613325509999 -42.25309749104768 24.989263390601394 -83.7144926024137 -83.87675637119712 -95.85201766184048 82.02342572351031 24.27703806666601 
86.62093812227255 -57.45468414854227 64.38376982157655 -96.51080276327126 -83.76506487562405 -44.656798206847895 56.42233131972304 57.10535674855967 70.45044186743544 95.9671708458867 41.99764900295651 3.842525075170329 -34.205058984897235 86.78575705779897 13.597929236823347 
63.50501751811757 -27.69073158355077 61.05561156516899 85.6604881329144 -37.17839377962162 -61.943400863246325 -95.03642642797416 -21.143250824082088 -75.31481096649206 -79.33013033786145 -17.22122396782615 -55.19603607728123 -11.67505048120536 97.7389898749226 -88.99430288621511 
-98.79237898237932 95.27136386292233 -38.671240406475164 62.38119575142815 -13.210589997874834 -19.305127594997188 96.53280608606539 -85.19377546604387 94.00242416274565 1.4746827173177195 -67.5776421383671 -18.76572649813062 24.15673381921522 38.11650168082602 36.51672985241322 
-68.7440199178256 31.900460936048802 68.23463106722076 47.98929133862643 69.11770435742639 99.07345181203982 30.03409746469717 -97.91123488731834 60.35982204524001 -75.66070073550225 24.79660381629118 26.257402322963344 5.319735522611822 -4.866774355165134 2.775676285234894 
51.60575410183762 62.88127429225901 -3.6238299063042945 33.8563966967057 48.11171002224356 -61.39912802013481 98.52952357607086 72.30366300043954 -34.430076772539266 -15.008671155405537 61.1282741347359 54.11980746686086 48.33214158009622 -40.69570847222239 61.375506457784184 
-78.46142806529636 40.35891473173825 39.36228607577826 -2.1186048931199224 32.67679925464745 73.63315666559407 -74.74028565454904 -9.250618935865361 -24.54814233766038 -14.022615857294767 -35.01576650127467 -24.533507507232486 2.244704426982352 7.954712255702972 -85.32507171129168 
-29.102700279546397 94.19653507734455 37.589458181900255 -35.45765214246275 -37.530911671473135 -35.96966328708318 55.26196588102712 70.97303009965214 -91.95736254678077 -21.69261809049779 -13.38227279663269 -89.66862982333488 -70.39390534998148 44.98048007550824 74.76799843508851 
-36.97379758591579 -73.33771374657776 -39.46782229928423 -92.04283749069928 -59.89342241725932 16.62776797967011 -58.064476289612266 -52.427297293559505 -28.880644762514947 49.955618274920596 98.83589523186171 -75.08283054253802 -73.57958257072836 -85.99770937244952 -80.11001125999346 
8.659530531246446 -56.003848013568415 97.94106019954594 47.03032178240636 -94.70478104006249 88.59526382585241 -32.33462862019891 30.869322627055624 -51.949347177017756 -12.605385407402153 -34.75735759105318 31.0737295676862 22.13284744422876 37.53980284514506 -91.22745302242139 
-49.39083260652622 -41.9323174783363 8.612398791461189 54.79774095134533 -8.753027579604236 -98.01974361905879 8.065112934925267 79.5468199376821 57.17927486597381 74.10552032585008 99.3783553713221 -8.693655474084096 51.11946905074586 -14.401792554251202 3.684839464096413 
-44.63888813771815 -56.95353063649613 -19.522242788800142 24.37157828928933 -15.823158829960263 -73.53456896149429 -56.885012324964215 -77.45480720962817 98.37118743943617 -56.36104281073313 33.301044682290325 50.93981901116658 5.268269179644335 8.119829915641049 -94.16076447242577 
-99.10327780135191 -98.87017693575419 75.89945439626553 25.018582052492235 15.308939715054649 -82.15601596337451 -58.71833202381747 35.65745629760383 -1.2773409527056003 -46.81505707772678 91.72987121487193 -23.896054904482497 -30.823624769680208 -42.38607967835974 -83.03759695828983 
-64.20459050359338 87.98282151643028 85.61059801324203 -65.21157934641045 19.49561504839184 -43.593668886979756 78.29873783637424 -26.554990265481763 -9.626733947911376 7.270607383291278 15.993842285654566 -41.351412242572614 -33.96219017342072 -42.34624037531769 -74.99365981246558 
97.77115781258948 -61.28107868898416 98.80556024605823 73.753372689456 37.656500540562604 -10.07027655228741 -13.709851638022073 99.00085569042199 -51.88483659159127 -70.26919641193024 -75.22652229980051 -85.48254276110012 60.62157582238433 98.28381003289707 -97.82502995719884 
-32.28036117301187 -91.61818991072246 64.51238526663698 27.454749050510515 -15.000339136694123 47.43259492188665 31.2863540950965 -46.628887387740804 19.91084402194258 -71.65255191566533 58.11678960147111 24.716018828322305 64.46669417709475 -62.392684780153296 -62.16371574584167 
-36.55390386149622 48.28151798434203 84.82978358262702 -67.90894130588478 99.1321080080275 37.975961680435915 -50.8944937723963 27.009697978196698 23.616565539463068 -95.72750162268677 26.76343361722371 23.956767428241818 68.1452315909298 11.354235532270152 23.39133088777801 
-54.61098933633117 -7.857563386724081 31.58922062384312 51.256172786820855 16.332994341391995 82.46135576964801 16.65755350734777 -34.50070829333069 -77.56111298469537 -53.229975902799524 6.096680560060719 -78.39781309617284 -29.299890635404324 -4.77071761978236 -90.12104386004079 
-80.34551667845079 -39.756956254104956 86.7325586418583 57.63262880632189 38.38654185478359 -25.760542333162803 -41.79569656706788 48.412862654788654 33.75571302170789 84.24165096112611 -26.720036271923874 71.1763208910777 23.018920240189374 -26.74940179901732 98.77752621852528 
-74.73876497949266 -72.68990478011683 -97.62328128865234 -25.768440169738696 72.51175087665877 -16.330721995153908 4.899985789145774 93.80037548121356 -94.2012139817104 -70.95518349927832 -58.48048664245788 -35.05673641491016 30.87671488436908 96.13738584126571 94.51308476852589 
-51.27698044228977 -5.194331630443585 -62.09294825668756 -73.37660294223355 -55.73544422789514 28.126172976340968 91.45387213789496 -84.15844125005849 -63.968403077820945 -13.914874314300917 -81.34072178997724 96.73996647746509 92.76671560594204 -61.525382589600454 69.6878859662508 
-4.356150553453091 -38.69489354364819 -75.77854077623186 88.65453542041871 -98.67991447919987 56.83442385346868 -37.1047001434996 -92.7155199089501 79.70667026961732 73.3680491240714 52.00702741671927 71.10371333517537 -93.38968880124303 -45.97221315629258 -96.21214968904054 
-84.656060542935 18.343456979471952 -8.760892097393452 -7.206884009946251 -24.26838650774394 -9.776441761106767 -38.49517699997922 94.1032887363126 -59.41370595443267 38.55132134256553 56.94128797999005 -38.05999169628311 42.749866959835884 16.589050616361888 -40.20721520807453 
29.687988110138576 -61.15757748017616 -89.57793456985644 41.709069635558706 18.47084641231818 82.72671599301674 -98.99936711213036 -19.995131751631718 -2.7555524539066454 -2.8068312232539796 17.013360837054677 11.717696515930712 50.90468262189344 91.31791861554984 -3.8318574286823264 
-15.790559408813493 75.30953672421353 -66.40623458940742 -89.3498150536958 29.238350821916157 -21.24459199251187 -26.055295447091282 86.748232761916 -90.09688777586764 78.01182129329356 -14.262200118191686 -19.732004441538507 -70.59828230775213 84.95140868408956 59.3371525132427 
-0.7503631484359801 -86.36780471554226 -58.56335153352963 69.29043493810454 -80.48861304957285 33.68853010402654 51.18768415256622 -87.15714519585669 98.48757642489844 -8.621540401249007 -59.596402078761756 -41.62995694796818 -51.13376218502168 61.884425632817624 5.503129719188962 
-63.768742350682416 32.23659302350549 -40.40503656188872 27.417102262443777 -68.27796012054235 48.41096576638196 20.687095924846105 -80.13840685896052 17.17253117280528 -37.220225055952774 -39.922235235946026 -62.84989392092501 -81.61231370712223 -37.827301862165584 82.6347645427416 
-68.20488969152126 -0.6722194983559149 -26.23118521978442 13.300494134987701 70.26667228709485 -1.8753481265817413 -61.219813095510304 6.5954813488011865 54.90042214214242 -22.868816818164348 29.520548087797124 -57.359217490671746 30.88975157233125 -52.75338674398762 14.725935577442215 
-91.70332354964852 -95.25301942028041 48.5950491840085 -50.1382492576123 70.53538829805291 77.79613456534287 86.04177527097218 88.45074860413081 -3.190507917129864 30.708079193728878 -85.59728460637209 -54.80969194946115 -20.346459918888215 88.05358560084184 60.09492987433606 
3.3831191359752637 -88.18658193275522 66.3768903920782 38.282594247516016 93.42125811285814 96.14958100760668 15.775194757196658 -35.67137089076604 -34.060960520129214 -46.21698113886381 -34.49425401271489 92.19646508464427 -69.49995800459985 86.23594583407132 95.21910072832247 
67.59384303398423 -89.53045704707586 -8.283259265737186 -64.78224763259983 -63.898816805671245 31.581705822050026 -67.82815546855198 9.31925825931937 75.5574493979116 66.96289178556464 33.284028221662965 69.90889709723075 -71.17417602117895 -44.57868197587522 9.062402568901234 
-36.5611458486099 59.86000643615938 48.99442389812256 -31.135919800915673 59.26356831779253 37.41298665060876 41.40086661608885 -70.29709562543576 -57.74266614610954 -13.584699618188097 47.55735242745652 -59.484210843902716 61.48077945625491 -97.19674476404943 -58.14582126990078 
-95.45655719315063 11.887100183921234 85.76546975439737 -30.246259548163664 77.0718721182034 -31.48392359097585 -18.71149410526003 -43.79446397950242 -35.94810791281036 -76.63647007735293 0.9085425404941958 76.6925091677881 -90.01293372692336 -15.032115000937424 33.331050003134976 
-24.275044277908478 22.35641976872418 -63.19851916047172 97.90500671008601 -72.43619759070504 -5.771686908476227 -19.272230067493993 -85.4012710366715 17.184448740695558 87.25427112129765 -9.05094488544185 67.72182176245721 96.31763185779312 66.478143094399 -28.27796495466039 
-99.73098069035402 -5.37669133192675 -86.73814399686961 -65.07039288415788 56.62760522550815 -60.257443447639545 6.588836395451054 -8.297546663268918 -11.896701638550525 -45.56918836560848 61.632439936968126 87.98149250759678 -24.253822084227124 -69.03350345689614 63.68352376170006 
56.022094501516506 -97.5530256980735 -1.3096388873477167 -37.6647750630553 33.49150730413896 36.127221414481625 16.59923252205347 -77.18132048833273 -70.14629521395214 -4.877769663411556 79.13058326308993 81.52597983499834 39.997268196134115 71.941940230227 14.2909781295524 
21.945535307136936 -44.22068067916527 5.077925073119616 -2.6611810842539683 65.33188608907955 -14.13871956073804 68.89862664533774 -94.1309561062228 -37.33331695744959 -8.15279844938172 80.71618696790276 85.21095343372482 27.40004038086714 -90.8195799578305 43.115640908019714 
-26.37991754397224 -33.77205214822257 -83.43099031825133 7.321610423928675 17.350793391558383 -46.63764944760762 88.74180104593128 64.34610200712316 -54.207630568670815 10.369065450196402 -24.658922119763844 44.279372140037 17.986359219867268 -87.64967125033922 -45.04080285054404 
13.467704141266793 36.63297287670284 -95.96785998940491 18.644639461424205 56.73321421994379 46.327328628031154 40.90028762138837 56.26929702104536 -76.3174181994034 86.70587134167616 -33.27098033183593 -6.6596592949520925 6.553121658387354 -12.383923094800338 27.286542836190876 
61.12887834027879 18.8217473410877 -23.108633029769663 75.62162563993533 31.353045227241807 0.14648875136754214 35.24527786278006 84.2707271063488 -29.0209966980661 35.80044466867676 66.98255843430289 -29.767614080977765 -36.61820002613108 74.84609684533388 37.36405097021836 
-87.26991443808375 -85.39137244298854 -85.66549243431756 -41.08283562417468 -46.54371673892639 67.29660097016571 -79.74400822809085 60.76908613058583 -51.54722086443091 -33.81456558900331 63.39609875251293 -39.61553628081575 97.48265462220539 -96.80506925518047 61.43776394797291 
60.52368213920124 -66.51511006674707 45.07138966241723 48.27354719834088 -42.8373169798635 -16.701703321824013 83.4488515883946 64.77824688819916 -14.360691494230068 -35.803874042463676 69.29190216102788 -38.846039174457324 -55.80264262138086 38.90831724874079 -42.460968499569795 
5.897396606418724 77.52300464192044 77.66789634399939 26.35361959371916 -68.85519499400566 66.91457449072746 53.278201276170336 -69.51166463797466 -66.75228953932205 83.73939544412389 6.931396178115023 6.957011515193173 -81.99378292123072 -60.951586358361354 -84.93258203074092 
-1.4830756221945478 55.936125822301506 -15.682840561685651 -18.00984729465523 -64.07614343848667 86.77872155880738 72.92535683138414 56.95753683387622 -29.151827184152552 84.80928054342087 5.716996372483905 41.1626078148478 -9.06387573339191 -41.26525198632416 -20.927269477024595 
92.42666491627398 -57.618937169329776 29.45587572093703 13.270836389289656 94.60294237141403 -13.540613321798034 9.457448615416268 -11.300841931619203 -52.30127324060045 -68.50566217086838 24.885904454017833 60.78020889129647 98.09959068035619 -10.756464106117818 19.643589813008617 
-93.05459304767194 88.71036552370578 78.81765372268171 -75.79500334736395 -10.583336592319853 -46.94283191327378 26.93570155023204 -43.472542100176945 -86.3976923890122 17.581594404877052 96.6977052468772 -98.71788687395981 -72.72583929831642 55.73569003685748 22.78654046616424 
-74.0493784686941 -4.995443624741313 -49.12853721074346 -43.80687891025337 -84.37937161271867 -51.15445811811126 -52.89673174347156 -37.20885984807796 42.44068250280753 -57.986774109244465 39.01120199849342 22.102244242111652 95.16099779287 -45.597617816287524 -73.9312435575506 
1.8210340601826829 -94.57353898227802 39.26654910986062 -69.3299421225288 7.928546773457867 -26.393148664390637 -19.092767531812456 -63.17474982921052 -45.71000846278104 93.10067853674977 0.7199927102394525 -20.167025525870486 67.6346513658001 -84.45545650097361 61.404826542372774 
64.67142342817044 -34.84313598393962 -75.47062469316835 -15.253035530589784 -7.8216868517354925 -16.1542335188214 -23.50419634778207 80.01063746446354 -65.11286749470939 49.035716712084735 48.71929732743948 -92.84962032587896 -73.03887591757272 -23.789578339451992 -94.65964690553508 
49.72314923016475 -65.20571391532388 58.648625689210576 -34.883666843610044 76.26219707773146 -77.79347358814542 -38.18346292670061 -98.95127626902946 46.904147760396285 -18.132813949110485 32.48539993170212 25.227508641898183 5.579171792142162 -94.63777094719322 1.499088658968219 
65.09728789782284 68.49380655883112 -68.83194504194228 -70.04811691499995 41.81070026884123 64.84666267156342 -5.793572654897744 -69.10495021137417 -60.19303964670606 49.35814087314142 71.3625193081744 -50.71540680086135 37.37809811590486 97.27560785973998 87.33966902518475 
19.547226573979472 37.05685126957752 -94.08124378580676 97.3481807007903 3.535424178864673 -6.180771916580525 81.41827445263823 80.13552911070562 -60.70890805515956 -97.42869170044541 -25.07762707271621 -75.35405367737616 -83.77437475741931 2.5653225793864465 -24.448493957169788 
-29.01206728964351 -47.08887124007095 52.467716026526546 55.13119994257727 -7.378352066450631 19.912264699187872 54.03042908218376 -40.93311290918833 99.63230549764884 27.658008275079197 35.457379587162364 -83.79641848996664 13.641831951622521 44.31372446224381 80.65609627852302 
-86.75735050278382 -23.8927748921097 -96.66570334719403 -54.694887892292265 -99.5903156063447 -44.95282561946814 -85.71846513144403 -20.845359141309203 -59.507964454704876 -94.74268376924442 -61.32979810754027 42.178447291731516 -31.178982679556455 -42.34751225876761 95.87254811210164 
50.3470265948132 -48.358235836390364 44.51072296197046 7.760089865718967 -54.63898199128578 -49.3914846329224 -29.348526815459692 90.429047210797 51.35472787496917 -96.3037549290081 22.304331500613145 55.857319957202094 73.86190782205713 84.71605876236467 -37.341181758813114 
31.56677500270544 -83.70298877529403 82.76451955100143 32.923633352231775 -46.22112245771655 -18.329047890455058 -69.02782382297714 -98.2523653840435 -39.95632411107213 -68.92195643689807 17.6117021449179 6.274896615638454 -51.44697189424543 -1.882796104086367 73.68743849867323 
-44.62731711463719 -77.9454572637286 -61.524799162653856 -91.90770852160497 -9.052669599858689 -65.1026571835485 89.95240916426772 -81.79361175966574 97.11949289060999 -13.973663546873723 -42.91502662587694 -76.9147728938938 -71.49409383632938 -92.51846229154741 25.470227093070434 
-95.39196996392634 -59.88501466235326 -55.44758891996753 -76.82835201477496 -45.98558433699444 14.44281560164211 -15.631519281485453 6.26767178445445 64.44533982061068 -51.56228316535143 -92.30778027960488 -48.194349805592005 20.996676297980343 -87.62625746441176 90.88232180460423 
36.59809852324153 87.79864610529836 -38.29416572407982 -53.03057160382172 38.65707525976438 -85.6980598059286 6.494236698990093 -26.99468022644693 -2.61989746461893 27.279773438520635 4.424118564542127 -58.704776551226544 34.4098317271777 -67.4280452740405 44.29645563820196 
-12.348731642527298 -63.631780577381434 2.6153194982896366 -17.15238276593938 69.94462719716628 91.16300467598958 -4.45415639714048 53.398549129488174 -32.01922645961672 -44.23081220074139 62.46942143713238 92.482475058343 -59.1847939008058 -98.14852263605964 -3.4663761511395563 
-14.850018163681227 -19.120283387831066 -48.03126991367004 -52.06254371443282 86.12510012895765 -0.02894709937470452 -3.310585130891212 -47.193053499769924 14.662727385847731 16.992089747390636 61.50816986453691 -87.5126683998805 24.237361265440825 55.26515698611004 88.79227062576595 
-17.900258394154434 95.02377018429695 -53.33198944439461 63.46963569356967 -12.016345671561496 96.40132853535624 -99.09198964314085 -20.489871805630372 -71.75777371789698 67.52767562849823 -17.70604456738755 -44.15350847942345 53.998902044780436 53.25908994932345 14.36277248698103 
-14.675920390392932 41.90288242359412 99.1726224941242 -98.77433610846391 -69.93982038832836 0.15070905570269133 6.79486722142137 90.24914347701102 -16.26173691145692 48.73458223570552 -49.613719629316336 -7.851865392477578 37.47970229983417 -44.19455455018315 5.551023488722578 
-58.15934100419964 38.91960544948782 -64.16496752296305 36.57558712347188 -30.326021181814127 -61.399330775802284 62.2533425389301 97.12750616338352 99.09425820348508 -93.16719131826406 -60.623817963524985 -91.3118278140449 13.659617128825403 -74.29867399455468 97.52687552561022 
79.68518742832225 35.898062712873866 -82.31361873803058 -22.39807533279381 44.21113176720371 -55.39604971906316 -22.97047646542407 -0.4805570911698993 43.279056703711035 -23.097634726978484 76.1284574167446 -26.902890531015885 -1.6026514552797124 -16.091033222317193 88.40751580711341 
92.90474978472452 22.18669883505315 68.27637273704224 -33.16928637580084 -38.57566932016532 -84.51160199809178 -70.91698052926125 -87.31434742379682 0.6540781243420213 -12.58413534747828 3.7456476631643483 -81.66352415582509 -31.883837378799967 21.426430353733082 20.38278422314643 
-3.330979573549399 -27.825904286960295 96.5379831888848 26.08605591133815 76.01276130264912 21.97450963942731 25.734243770458193 -97.33872358639759 30.525796673666378 -57.651319202271644 71.43395903136494 -42.02783840927597 -28.808318714492117 64.18461453535852 13.516877308833486 
0.9066173324162605 92.3104322274639 37.557465481551645 76.48549679853727 -3.619097808416356 36.20735419704903 55.107727798331496 -43.94339622331898 1.24327941947638 -27.11079377285637 31.68209085867403 16.07969131229956 97.24296392712031 58.94534493402827 88.52644563343176 
47.32861138052448 68.24558648043873 -41.297503538465755 -75.8000269095289 -63.17584411714235 77.8632704422283 91.13135212391595 -66.80399317716558 -58.80463679379218 93.09143449897098 18.716258307428134 72.36499533952835 62.443281219913416 64.59202902333828 77.20026069175546 
-63.853901726169646 -70.38113666403922 -16.819514239227715 -89.39543777329102 36.64972591728721 52.261289506602594 -62.72026296580042 -6.184503515155598 33.12157942703445 91.48815615302104 25.82639260090434 -33.84523689197219 -71.0224982148747 -32.69662413822434 -90.36365445728282 
-86.3120114151358 -26.99085711113854 12.35506238976744 -23.549009448201346 91.78970032125667 -52.66421413959763 -11.906280578704667 -30.82879473843829 -53.72826296938427 41.984698392369125 -47.44545723947739 19.95329626550746 -61.65182347657612 7.7956110434286785 97.75913513462885 
-79.9139025838457 -1.2788654389480598 46.05205126851021 -13.490506269873649 -53.5165473347061 -7.75841315026733 -53.89344735889976 53.42265660295766 80.18420426613525 66.54594915011245 83.03603705843159 27.538271082563654 96.71566690693777 32.78444567653446 -60.71143319530545 
88.77823065158222 -23.88889577990578 7.586909197843752 25.524047899982904 71.32303205754724 -72.9177215433152 -55.60489173188559 -11.64135359691845 3.642476911112297 -94.94695515960323 -92.23399145919761 40.8003408013239 -32.292593216578936 -71.7995363851476 -52.850248114218566 
-95.43394644135061 -84.8226241261365 -1.9433453636667366 -94.18606975903737 -47.66610166239589 72.45109805745881 74.24040453497301 70.44671539335087 -61.30113143028708 -96.6371656570894 8.863838139432715 87.19463523847898 -96.43021557627229 -25.742820702811372 44.897486527804205 
-79.13314984286484 -26.78830102321166 48.15635396942676 0.1532578706360539 71.85214274764948 -93.13620637786771 -80.57852056579415 -23.221219213060735 -42.20952366340009 34.305829296934945 45.546234296328635 -18.993194396851408 -32.266967050403466 67.82476823691195 12.804537356563088 
-8.34322993529868 12.636778379041786 -10.551476216634853 -21.331267576861364 78.36365620321459 63.85749115068319 92.12055209738486 10.028363657447258 -97.01638208305081 76.12054973346355 -42.788086154574565 9.063956302469009 -0.3306082443077969 -84.30344281367898 56.874927588073405 
7.596058094889656 28.708074446056088 51.59973396214414 18.948642485780923 68.14571262455772 23.613136833667497 -57.876023202549746 0.3681370249106237 5.773782407173684 -15.15858773332586 24.80616492878309 27.468520917965478 -21.289531954947165 70.39605687136245 -26.025718878459998 
-35.919807751962466 71.43523242989141 -38.751938174344346 76.32834019519515 -48.36120174330607 20.18523195707418 72.20718313742401 37.57028797663432 17.13260924956292 30.78590958427037 44.062866421430414 7.894787989231958 22.46629208054722 5.31580793714916 92.42073759250408 
54.236334526820826 54.091244020893186 7.563705352437694 -59.83012814753994 -5.858458535044292 83.70523318970999 -26.32198174728346 -78.09382496528323 -68.51453217193948 18.91259215635806 -55.47309800935485 -62.259119259131324 -27.47306672291701 -64.84832532435263 18.50450411545215 
-73.00985184140032 -42.4396410845616 -82.85766211610921 -87.33356648916919 0.48622247899416493 -25.463327332930504 -44.90399431877052 -23.138415946654618 64.33381276634472 96.56910150292885 -97.35392125015953 -4.724740303726492 -39.13594237709719 -96.41031231885948 -52.9164707307471 
58.60738578155147 32.471770646989256 44.950568785955284 -44.830425039789404 44.06883555943227 -55.47067885140275 98.25020192549925 -3.2649471019621217 -0.8459167154115903 34.57359895896201 -55.47385068238353 -69.51104047040477 -25.459838956979695 -36.65467100211617 91.25643245290064 
-66.05580104215842 4.1139924233376775 35.16441135997974 -24.62725925481412 6.180404215808451 15.240780935359737 -28.33709337080448 92.31110387533496 -26.35676857449816 -59.93145373323448 23.152726794662158 -18.330711553048815 -68.8716751478614 15.172141736320384 68.97710021510301 
72.25488240506849 75.38146312826836 66.91784182776806 40.25497019004055 10.164579743725824 12.678587511066809 76.70308338400508 -41.05015412153277 8.574570909406347 28.298491308243257 -64.94406053793071 -92.87170464231392 -38.7307192834883 10.441383428291488 89.05026534375702 
-38.111177207647316 90.86251987243585 48.8154637911168 -72.27559809920274 77.31851317419816 -47.07513081495589 -74.2849940915844 46.926665246550925 35.31629183657299 -46.29573453784328 -51.68791881759969 75.25059073642575 -8.772444264949215 -82.25217035159793 27.990699408452798 
91.36690883306534 -70.48123244015869 -58.452145488351114 -53.17362346832404 -3.1459292001899684 55.37205270018066 -44.985709564782205 -8.17847669608416 -44.73924696408813 19.70328073945271 80.49858904094185 -89.102013904888 82.43476055976296 -17.96219251895799 -35.45820422984821 
-34.76546709442661 70.07031706124934 13.24604990155531 -12.911378082984484 52.016806904804156 72.35604975417627 -64.84054071550764 -56.25072023124784 37.03450695789593 -96.76556306405651 -32.23255516037871 20.652655804372813 23.367994812286526 -3.1526597361801123 0.6661719928376328 
19.5565387200855 -55.59335312645195 -34.2964076054665 55.12678748895121 33.67565275646072 -57.721267871629834 -42.24047094651393 94.14739801080862 -26.934453704890316 -61.52716117400266 97.37665875279413 -12.270536170681439 96.14697709807166 -37.0303829210592 -41.64218494468122 
18.59496421841709 71.74681815958118 67.23132346520546 -86.25287940840434 -59.83991621082454 -97.0098434637045 88.85920805319242 -70.06845408970474 -13.04349064163955 -74.70006580376254 -99.47657929966469 -53.60092099059865 76.20878200266316 92.80950289521508 22.67265189511818 
59.58120084542443 -43.63332688717145 94.98428204993263 38.23979114630271 -32.955485539026185 63.4169479885567 -58.14069431407629 55.63685892930286 55.54799926707386 -84.12443483304736 -24.627162184322444 1.2479814361389856 18.680608759705606 48.31821447053562 59.74391509073541 
-54.21865894606126 -88.23128060843479 -14.346516097376309 -54.19923423375481 -80.76292237024603 -35.28858968570508 -60.25292415440793 16.460732191743418 -10.82611119514813 28.42895253202346 -53.424398858563826 -7.789558711849168 90.08771170393106 47.73282817424919 47.65437945069115 
-23.034558316473323 94.5486373091156 -3.809000169559255 -25.64867926947923 -51.05597254230596 -59.17201392218412 21.39985327259697 59.867806320375166 -32.6493158577007 -69.74511744153169 29.650061697879295 41.31923655810033 0.2896176379592674 24.076681004294215 54.895199202073314 
-70.54718580157811 -18.398842203035755 28.667538527535555 -46.26682434542353 -46.82407882903827 15.391565797461993 66.99182527402363 7.996540477037968 69.31937601482463 -92.14778095060919 -68.73741514775655 -95.25529432938534 51.18571946765826 62.19578308911761 -95.58411440065761 
284.9762104381847 216.10201009154838 222.61457318786506 282.95384596661097 261.9591880678084 230.45408831180367 278.36532178110684 213.5073586743459 262.82933505542746 253.09813405701965 243.00304264348586 295.79107166776896 207.90135481054 255.24528632606018 222.1518965851738 
245.68004820326865 265.9359784610996 235.13590330544713 209.39753223770268 266.5177792953104 203.93600402246312 201.63824878001495 292.48036688417517 258.3377664503347 216.37546398979953 267.14242233314224 297.2584118985493 299.42013999142966 244.05380308613525 263.0949431297697 
263.79081865762964 229.94741638177697 251.29875226027625 252.69953704577802 218.16535910325737 238.60256799278244 237.5157728631545 226.95502315613007 212.15717988152628 244.02257819889948 281.61971726204206 274.42506902458194 299.6397109904826 271.24264656397395 250.2795161278578 
-279.47539174628724 -225.88809605408153 -217.82979647264074 -215.6950362197574 -232.1954430996439 -286.3370691058077 -267.3878181858854 -230.1290600876353 -299.62095624899456 -212.56006797806762 -218.30037866059868 -249.53168004181305 -278.6317083952123 -296.44315115302237 -265.1351346519895 
-225.98845196787104 -281.711719303389 -283.3121579899428 -237.60730838454975 -241.38125048927822 -272.38367864227735 -294.13393103894714 -280.1538408699146 -246.92762411950903 -238.4806269186763 -268.7429274845665 -234.88032999696213 -245.29660407312196 -228.35090175004956 -221.34025576927385 
-203.50243839881912 -203.23452961856339 -208.3914554553983 -263.2086324354296 -292.55442224142905 -287.1788582869431 -279.71478379498717 -260.74362102881264 -241.33690591697479 -250.20052865081053 -242.6439467487428 -296.9302404958995 -233.83158724035923 -205.0327726658407 -286.6946913921599 
