-95.39147668661857 97.99691687208224 1.5108068594523445 -58.27616412422066 97.77344673262584 56.69521567572434 -96.08017665275345 -41.22565378071255 50.3500020224929 83.41721335125658 43.97423499780939 15.691595568573618 0.5743742558865534 29.52950462582922 59.42630960386623 
-48.97323011685204 45.98752602671425 78.81629209155025 40.68031099954027 70.26293491336057 65.62604016802695 -3.644665143249725 -74.59212847662093 -27.68820662199076 8.199020701227312 33.55428399041941 16.513625511767586 -70.60629682927235 -94.36733430181164 68.25109847316654 
10.340950491829389 24.979194220262357 -42.65721364910182 -67.24589889965569 -55.741759852246965 -14.144620666372873 97.48973637304229 -5.099064227352244 -94.99409122881912 58.3252886551102 37.113260300259554 -8.852331327992232 -93.75038260241233 -28.955040302264308 17.745790855421134 
27.59616908377167 14.301729523020938 -30.01422392352302 63.17856579121616 -24.29775171979813 63.40077994402242 61.10685594051856 -23.588198702978175 -38.808574461237264 21.9814873813349 79.35807604127172 -0.737847775640347 52.64316150282576 -69.74127904326579 99.92654835317498 
-28.059507741520108 97.84987642043379 43.87742712800414 32.340453000219384 -15.61944784353588 76.76526597217836 11.894939972817937 -83.45475756721277 89.02832593478195 -98.00306328038376 -40.31474644972717 23.076117733545914 4.959958907511947 -15.845575351184266 43.0968550384095 
-30.02807584106621 -17.636387993913942 -20.122574708905688 -65.36369659927419 54.684847817314875 82.56285470403856 2.963601216663477 25.697233198809528 -93.71221375603189 -25.641301116142074 -21.611942773635647 -87.75560810991558 45.97113909446338 1.196868680344167 84.80873716403971 
50.64224438481176 52.77270175711462 17.080022577168293 -55.917492699847585 -77.82459798457045 74.48655122641264 -48.480381365564696 51.82788742794159 46.40005809777182 -89.34423308361296 -3.7217098147439174 46.54172381489752 -52.17410312242266 38.57841229886881 26.30357941826125 
53.970641788565246 24.21208009658646 -52.22228815205319 5.706003408253295 -81.4760602719075 5.972469458543856 -66.6054934868986 0.22039495282584198 26.055997400451233 -94.3112258082318 27.905840580068954 -87.29963974865629 -7.68150284272329 -24.01511920066099 -1.0199226697342283 
-69.55885280142404 -27.49394900746867 -48.33445040088642 95.64015191622633 -2.781470745817799 -27.58297966350611 18.696626631934407 -4.776473612289706 -26.690159457677694 81.13993556785093 -55.833469332612175 9.108368882963575 55.10225775080565 -31.46588392700245 63.05009513736272 
-87.1515473120184 55.16567942726053 -38.78044407574699 -41.20730478087034 33.49321755955626 -20.65976740802489 24.630009116027978 -31.585107164169045 69.72404327156585 68.83298772905718 -19.23872995713087 59.79015321211847 32.49686898707088 70.98910377648835 96.8552694027652 
-37.488486239994366 -30.505784618297497 60.9690683125647 90.39581702276837 59.04245335644313 44.72357407021741 38.2097768294758 -19.575018787741655 -4.280970687558167 9.79012971504531 18.677398381966654 -90.06003682041117 -90.27285296912677 -2.384953102942731 43.75884731837135 
91.24808313747383 -11.241120119763835 -77.66322895763173 -32.665515888343705 -98.35906656897893 -16.110799057605107 32.523801988815165 43.37825235690306 23.228049078076523 -85.97693164206402 -24.42226108325694 -64.41483257501119 72.14264371951543 3.2956606657689633 98.37467578619686 
-31.69276776991296 -20.90611371474897 -29.330329985768884 28.652272669917522 7.653113821592569 71.61179582845244 -71.57647368619939 75.54425551801765 -10.983598960436353 -10.104631591245465 -71.61857824443807 2.5893238422948173 -65.35493874384122 52.403338434484084 -10.38632976592875 
27.601820843744335 -6.245650486837604 -89.47315624001286 -15.630299376543434 -30.18399655060253 62.96907515321578 49.83743845297508 -45.44859888717634 3.2063726517442888 85.27482591997614 92.85717127179274 -30.415544797702736 27.186932582392444 -53.94876737596215 88.52700795161093 
58.219869248680794 -38.45107358688402 -24.872347576807456 43.03478688039303 40.4571413753504 99.96051605888283 -76.45410131305685 3.2196916352905447 43.11275986671592 -81.7180080759194 -83.47961273137778 35.25026080069725 94.91145739672174 27.426253515595448 -10.82448450292921 
25.059695544589616 93.36588812891324 -86.06105978618443 84.34686931967886 -87.69476800942861 25.166518627564898 -81.67678635834179 46.22528448035237 -89.33381654523278 14.656883450680837 39.6129956525474 99.87008155031205 50.54128279106513 -91.18198436526528 94.05004336864283 
-51.05271454727664 78.64353978307969 69.03615740299261 16.356710687149317 -67.51275942716144 -88.85739130343948 76.76489467555126 -35.39223753976988 27.06770389468221 17.27010660060104 35.369950878685415 84.78126097842613 -78.43563521392376 56.46707741846629 9.430066527040154 
37.748760723586315 77.9586573408321 83.56678777743969 -90.56305296081956 -29.68130623545973 12.035870323408531 32.98297831438714 -70.50904412608304 -19.262676198514896 92.04236910404481 -36.453998744567116 -29.162616782622308 -61.04864930525484 -16.2090993959399 17.8456161829166 
24.142278071184393 2.4346376293805605 17.82045361721609 88.15375465030718 -1.011836080680979 54.89783692619429 -39.7329755772744 9.666963136537447 -30.94650132864642 -91.85768170935636 11.079127079720806 -89.06756347608126 53.165970342383616 -8.016353974090151 74.36255775225382 
96.1171519843148 79.01448923584329 -47.547442843902246 -3.8364163440743226 90.24181583475001 -84.53713883323488 74.95189407082424 -47.394912550463 -31.509464026069594 -50.773265580037204 -96.87323244734722 37.88545882291493 80.73211683443444 -81.76984746363189 41.157496145075015 
12.814205971075438 -91.462360310586 1.18427686180884 -28.740185359902767 53.570929768805456 12.510641010586482 24.686730988963276 -87.12540064966294 7.445818148100969 85.34763617034957 68.65939806362934 82.99882591331729 -73.66718167176025 71.25841705422562 -9.861515839438013 
-28.87911707355923 70.74028496237895 48.389932227126934 -88.14038492497227 -58.11523295069681 60.85301258139938 -89.41821438453563 8.907256956031546 22.914601918166937 -34.180422018270846 -92.94490325485043 -35.248584477338454 -95.33101247925701 79.18011093603917 -39.02028029548461 
26.946611215152586 87.59590094119284 89.17690735129028 -19.861360425618372 -75.15762267875857 -13.369804539354234 24.618308739581124 56.40666559001309 -5.875933172594088 -43.42084078767585 21.211233018567015 -20.92186031439556 46.514829988672545 -84.93771157086758 -15.396057577752615 
-8.82934469055732 -10.199676632608032 31.793431504282808 -30.873478490582357 36.87599255362716 18.152159424241418 11.236212369226735 -2.7756737701024576 35.144300360997335 -49.30058294331763 -0.4139878847387166 -85.5099744699712 -11.186026730190093 -52.72916478444214 31.182385941737664 
-3.8981777661879278 34.70631633542425 28.265902749263972 -0.2053309894201476 74.46753831896368 23.956200885388142 -10.385320506586979 -28.027756321000368 -99.67210497385572 -54.528985395469356 -13.801831610856155 0.3644143864225242 51.87908887594929 44.237987882655545 30.53896014737211 
-17.325399203407102 51.73004284891988 19.594210094997308 -85.37941873608115 -96.54907963861025 24.953622134916458 -86.94482142181461 22.291358346099827 49.56607046657288 -6.0286867917749305 -45.38412410729957 -62.79583501296142 -41.04630440249804 -36.757861364759734 41.437710295221564 
-13.388705025949847 16.223407754352763 -48.42369643855873 55.36122225642691 34.114401239097475 89.88785855588861 0.2819599961501069 72.80907119433363 -84.92492013989094 63.64253943189209 44.24470700805111 60.719126373978725 59.16193555932884 -88.22944392241192 27.90396417607151 
-65.55680124808016 2.573002610944286 38.99985928290869 -7.28504957123792 -36.6150622748735 31.501313191670505 -78.6280383880081 71.25337676611733 -2.0273577405705225 -2.2526578149957004 -87.38066054889491 -99.22296491852704 -33.776893864577076 65.54772418198823 -90.9208226847297 
-81.3740296911917 -59.76299136598924 -90.49335777262684 4.618325465895865 74.28433967628516 78.17782674449296 26.878156666755487 27.365433737304357 -13.768987083241285 59.726216621942314 13.690470615234517 61.444147358383674 -22.33880190883073 -28.308707671332712 7.2393223504480915 
41.18121367205043 29.66748129882359 -21.13054235262537 16.557759870586565 22.061652955143046 -71.30870436624501 -67.78844188804251 6.904254474508775 62.52169338234552 42.77808447071493 -5.878175903441971 -89.84835815103645 45.49442395735505 -28.513985691451467 79.23282297684838 
45.82747964330136 73.75585205084667 6.854061400027362 -80.64740210082772 48.10003018550992 -71.36471994806195 -38.42436474997073 -84.85191884683867 -45.186473023789 69.08545693951496 -76.51771447736407 62.647355197467505 57.492348446820984 95.94745992855076 -48.99864542765708 
3.2188572743824864 11.72884757947628 -37.96761884615587 -62.04526897867777 -86.48606212241971 60.8679385115781 45.64257725102067 23.647843501267587 37.537166608567446 -53.33711065199165 -61.77057187432096 44.65252339456964 -76.83401010042515 66.35458484374297 86.85707315887154 
44.95398452765326 -30.27822216374743 9.607992713784071 -45.24507970710745 15.98187609229737 -86.7840824152879 94.71327303634675 -15.207110921708122 9.37854867042364 24.759792853807852 -77.93230592188117 43.31212946818536 -86.0440365860072 -90.14350134081744 -16.75628817515576 
-61.334155776898115 44.44758154341045 -83.44332358381415 76.57286860894047 6.176555820265506 -30.23084247007573 21.65109060932309 -96.7997605891765 38.43906056119164 21.714467608720483 67.10303521807137 -40.4239825592045 73.7204576747167 -60.09930573332463 -27.985759445594 
16.367387552606758 97.39552235119399 -91.1449123956817 -41.7235607468079 11.03400537572945 98.47643869564351 52.2617783182294 -63.46632467338187 -9.097703291997462 -35.29495663024791 91.6792645063978 20.57118898462069 -58.41565762839949 13.975314808445717 -28.34625214788646 
-99.90767766578628 -31.446304314592595 -38.1139798321108 -96.00046151359317 41.14878019243585 72.22175658991677 55.95813580747739 -74.54912599686963 -74.45870186916326 -38.834526669150904 -4.763352228708868 80.8972465465989 65.11515778051844 28.442868351771068 -16.354079556941684 
-74.10124533110371 72.74501228481932 48.38918306840506 -33.794436463626894 80.65106709770868 -85.75449507182947 89.41406368460619 39.21235170785886 -71.73522865543333 11.274577401062146 -22.67489021261835 -79.26431451237823 6.0089635288538545 4.481362418065714 -10.436522542169598 
-67.52817839855159 6.150165196989008 -46.40788525672539 34.712598417990705 16.861843744348533 -93.22474452940067 -55.276040106996845 26.81771362991634 -89.85049520246207 18.66925867774269 9.714125794473787 -89.77600495027542 1.0042103520882648 -52.300764342761916 21.081795495963178 
-3.0786962747419153 -78.34117782664237 -12.753193976713106 -95.2921424638338 -7.6238245144087955 -4.571382456900096 -58.53070285819304 0.08569071690619978 53.31978089424857 68.58747870121164 -86.60930803035716 -95.43675270298732 12.163946307715307 -8.325290372763106 -18.030643547672582 
-38.50707027172531 81.98949945763303 -2.499068277072695 99.18024792720888 95.68734771659481 -42.204661696966504 59.677726174085876 -23.70618304228833 53.83904792212002 95.76267464720439 21.970874440030144 -63.16336509265996 -47.17975722561698 74.1348591499264 -86.542129157438 
-50.39145478440095 83.20386409660901 -10.83405049853316 -69.57247454606895 19.28565116431251 -23.878651540448132 64.99209203015991 19.979387286378852 -61.66530274868893 40.30626514311024 -52.7771579291233 -67.95563084323655 -15.426745407731929 -77.03946021353856 6.703592684941498 
-78.35543955564783 -32.32206551422412 0.1015487064760805 -48.654562698576306 -15.468764925658633 -38.749312851982 84.39636592346415 48.56993227060457 -96.49398828680935 -26.560725948733065 9.93793233017027 42.12873108196496 97.32079070044693 6.400472262359429 60.40235738261555 
-7.960547600879806 39.51255995203752 -84.86991530136791 25.460338813742496 -57.02514676187922 -21.47344739282775 -83.31613692500068 -69.69742372281198 98.03938121525937 -9.765678666566629 -20.58907706198572 98.97057976795179 -41.60174801151966 -36.52625679916399 10.465183316413615 
7.229950085034716 -12.71188129819079 46.200012396981066 23.9585217157519 -7.16655691944527 93.11980688776816 9.046372044154879 80.42669445583496 -49.08778391941944 11.70754199827158 89.3405804808327 1.366136986918832 51.269333568501935 -32.50819703694614 -31.66949743227721 
-49.89916928337601 -27.526580609220858 80.13004772509967 1.1777468389238663 36.713729064527314 -45.932181655138706 6.306280977882068 57.763041221423094 -7.06740409805775 82.4079665072164 -24.010970225625456 19.235372765629407 87.12050113344307 -87.91670014574903 96.74995207386593 
86.02332521566979 31.343848402710194 16.57062113197685 22.315406445730474 -30.198663475681315 65.02232482347193 37.02998796105098 87.64795838546459 -15.345715677893097 -7.140590206215364 32.0680625762956 5.668627839394063 -77.26508039732622 55.78098434059126 1.5813703009019946 
54.716181906972594 -47.105458806928645 7.229899985195075 59.483162307913716 -82.42516741946775 -51.46148800370636 59.670952496402094 -42.41901530967607 -76.24964522094253 8.368229109456621 -34.572262613169784 97.7863881421701 -43.36841560565685 -82.40327870250132 -99.74255884929943 
-96.03288986273083 16.848993722197108 3.7947354161242544 92.67366618670621 18.883849923894516 72.84394275715286 92.8649070467352 -44.94772236217155 56.16602248615641 49.936612041543924 -15.578499758434148 46.042351993922324 3.9454162551600973 8.136646963765187 97.49453815052465 
-91.54903684810807 39.88171384457624 -88.1729934169953 -64.11081906400747 -48.23320809410263 29.46251929386247 0.3689452483241382 25.21068406529143 -95.88070438621254 91.74927732225086 -14.780446071317499 -21.298396247981486 -21.949390886386368 8.507287838857664 -23.54594008535817 
45.717045328737015 88.96806742376643 -39.15430123101316 -7.215367378443219 -69.01214589887383 -40.03537469140921 -34.69130244419031 60.03098527735037 -65.7870029619503 -98.47642043667344 -97.0146875918048 52.25062395694101 -39.00700756041502 26.972704669756922 -57.53480378327662 
51.7275091460734 -34.940169751234706 -49.87969812521105 -28.031442346963203 -12.535250014649819 17.74396004030187 65.92144587388961 -16.240470805403916 42.77655940363684 -94.25554622253998 34.87083294310031 -63.15474002707329 39.665418775996244 87.12990285103842 -79.48397282097208 
57.9807394667061 35.70702162638639 35.30545071301893 -47.2152626031068 7.012612786794222 15.937757361803435 86.62725206998607 -4.8833072175113585 61.52440262260427 -24.912924178309794 38.789354001997424 63.08847752224057 -17.24046032839395 93.83483298158114 -5.371849799816573 
-38.47821315402476 87.01269694397078 60.04066480587659 -96.61521463382981 -60.66804490713773 -58.01657078810176 76.606759211492 65.33617297623698 -57.25107835107759 80.3978324122653 39.752959713230354 75.70067709619593 93.76948704382968 -3.0271226603594954 -46.70750209377048 
78.82427052407911 4.915886032987743 96.98264094907506 86.44276369585873 88.77121011003447 -52.85707086437314 36.64781054511133 88.2900485498746 -30.94610861043492 88.88097057361784 -67.65693524592976 27.106496981848196 97.0636550506249 -67.3510177085789 -36.14369522472809 
-61.703792454090966 -18.557676431761294 -39.24818858574257 -24.338076319123346 -26.43931443886933 17.052290117608266 -2.942653669367857 77.82196727887433 -21.56329385067947 -65.52595678983093 98.69909653296415 97.30455811823339 93.58721876437451 -63.361074861910936 60.831445062537966 
88.8269995509153 39.53832521880304 -65.38687955742773 -58.39385304189313 -92.78351038281778 -70.6966532677058 37.185682928953554 48.831696972218396 -83.50866737119156 -38.59559300802229 55.60333133906536 43.19805529253381 72.79945831182312 81.8265090115546 39.92683121011086 
-45.45520150261506 2.049835928693895 -65.16096904137736 88.32637115973702 67.2614588780304 48.70381440532037 2.5042641943933575 -95.8675315181112 -37.45247368514315 61.98470998432418 -51.35661447847259 -98.00063924813949 -35.0293694921549 -44.25139048536071 -72.05137862114054 
15.12564760136857 8.761423978634681 9.267330064406877 -42.90371694147657 -6.697796304552696 -97.70065623159954 55.68638999480967 72.28447119301094 -61.0002465557975 -65.98164896024086 45.269754516423376 -37.231068572870974 64.43982313174186 11.060952562513805 60.55686063513144 
-17.822561520011533 -13.672951942831986 -7.843109470914953 8.618059219808956 -72.84867659513966 -5.150603840223795 83.69603963269802 -68.5232175489345 98.84548642656225 84.26418437039243 -92.36633783463076 21.166280407176558 61.91666854699855 -45.83375425166989 5.709252357027125 
3.8006447483474233 71.84974544414573 66.29613897594854 -70.94437037636958 70.2321617187909 -97.08724318535657 74.03309825458922 -1.2389216105918877 83.35378341463331 -10.580396600560249 -57.94396567554605 -53.008143174465694 -3.6994170406106264 92.7153529927372 -59.78371118975407 
78.54148279980416 83.56805496032365 -81.06032105176783 25.828130986257094 39.25415284613703 59.05410080954414 -6.271044057009092 -35.65219937242479 -55.408804571141836 -74.17645016826044 -61.90415754087029 -81.71129845688559 18.578351761292538 -87.60085656579957 -70.66562474308694 
81.71221320292958 -94.11634937179328 -3.0121937908299117 -47.20348226947873 77.86118073015683 -86.97408944242488 82.8588612441404 5.672119261327694 -85.49598673143683 54.144902670510675 -8.050199648196951 -25.81345104446615 -87.05969917603917 -38.34590263606532 33.854323512102894 
-41.220175066198664 -55.26660581362708 -11.421046807740836 -73.35687973459413 -58.94302488790623 -86.69509001966335 -73.75381760117534 66.19380363470307 -18.98136908416926 47.607415950270166 -71.39045845120094 -90.3029751598445 -53.32792040052598 18.44776065776645 36.090893147826705 
66.19957392101699 -13.448971784840722 -19.52727005001465 -99.75753727274747 29.057841477377337 -30.114420667276164 3.709825087492476 52.53053495474313 -97.21943118432247 -82.45791207658539 73.68009492860776 6.987842318986722 -10.349370368426221 -43.657442395387626 42.507433826966235 
-96.63003699033914 67.42228076198234 67.66188910714325 -63.78271629939272 -68.5685437816247 55.43440031093692 32.77455019284051 -50.72642663977456 66.40944781968159 51.85499388449867 -89.08240986988093 -61.436657786115 81.10021795047808 35.700725044630786 12.464088894269892 
-71.20657276133493 90.91901226368279 75.7609611151419 -46.724518052511186 84.9182648831671 -74.5382681424312 76.26922038286867 86.963526608269 2.814038157455286 -1.4504839560997738 18.258811224708353 49.38145382361509 -71.61724714964397 84.5037664366618 21.680254645011885 
11.372484501631547 -13.243268063602258 87.94207784692344 28.39886967497526 92.91730467872884 -93.43568585930062 -11.374826988043267 -21.33557328650062 -71.64285273942627 -4.5322187744396984 -63.24363335563918 54.086605647381475 26.673959279874992 1.7820923540677143 31.279678475574798 
84.43619492423869 -74.93221490633064 80.74701426353545 -4.477465950122934 87.76221471956595 70.5234921016278 57.54080623225113 -52.443285324510434 -87.88586018439777 -50.697441272785035 2.6252431266020437 -55.66994097470137 24.336415673113848 -12.858886295257378 73.7606506104355 
-23.761698997250676 45.738635695487545 8.196134557742326 -56.349562399441446 27.63622494026383 16.178962127814913 78.3437583725856 -54.16873254981065 -28.562351557508165 50.52865012288444 77.58094867126229 -40.39687299941528 -12.760694108586208 -50.7157163106031 44.890035111513896 
91.59579254291373 37.62873131494618 -80.73086342557767 -98.70602687580694 22.2762469263333 -24.323943858379508 -65.03702448940072 78.38796639364608 47.549920888411975 37.19191643596329 -50.03895265922369 66.65133174666008 -93.36975524240768 -1.6641422217646493 8.819272605785216 
-29.69427064003108 -70.84466639636528 52.22965448142435 -28.761965242347117 76.25479815919692 98.37176682205401 91.02760468559126 -61.61703674313506 18.14759349673642 -36.03431946426221 63.61891870200259 -33.45535989000774 88.01759790089685 84.47441036719633 -49.58468151720392 
69.22518222530039 -79.56233949877951 -96.85507826812653 -58.0681654824593 -63.317812635395555 -17.478898894128008 -8.52451096954259 85.28618298482874 -52.56174413667256 14.977340545800686 46.46004930038143 -92.68089533843577 -95.40943985957155 -28.86888036655691 62.47078362987608 
-97.87347638102877 -64.76613466047107 47.16911419626285 40.3758380135892 89.97998168167561 -66.53499030142704 -29.58490840929781 -94.55363894382995 11.596486227383025 -81.64361550840326 93.09833546844084 40.06972016916461 -75.81226069626868 55.85016825578404 -58.1900639930562 
23.666601386352482 -73.21414301198766 -36.50908206725638 -85.39283735355627 -20.85013107906566 7.428535025926038 -98.61070260499937 -58.75819785113667 -1.7660749005101053 -36.369081368908354 85.00807170266563 -30.46944591970133 -90.91012365372116 11.422429197875644 85.14092092870754 
45.760062311620686 82.28621718808523 -88.13836619909468 86.00277909088163 10.045169743357889 11.451030837866256 -5.2621928709619965 34.63695501468112 20.311390765840784 -31.79649474770096 41.93909202463939 -51.27152521737883 13.5267668772711 47.88777291227569 -77.5362961636197 
85.80933810909363 7.316910831916417 -86.21516262557749 -76.01639689744204 83.87433508689753 59.08100905339981 14.747529808343685 69.32270321781942 -71.03636998774584 -11.90380358713496 71.72996479418481 -60.14307290727221 -89.11095203801005 96.02163968798254 66.51231075757056 
56.56383164657194 22.196525002486297 73.88084010650667 -24.449460170513532 -84.70733118458244 -31.327010281928864 -73.90372328906378 -42.2897625375775 -48.74485878227763 99.46857944023711 -39.51948256128928 73.52086830506553 -61.38633064036527 22.261628678698273 4.191507218426892 
73.51634163872777 54.55995515981061 -46.342244143595735 36.28106173950397 -90.09850003743298 -41.572433421139365 42.66705331038972 3.3085636681036874 -93.38624162325443 -67.76632916508412 41.24325975935156 -70.32739570861378 33.29885058904506 12.667225360596717 38.9449151236266 
8.858315724553933 8.517372118101548 -97.95410951604171 -57.86979909114305 2.452315804996587 33.574901082423594 -45.551893072945404 -31.938635129984988 -28.63066190062537 -62.86818910369061 86.90356182482572 -59.93698790918343 76.03734362860394 56.16932584796581 -5.3544821506608145 
-25.867605397999725 -38.12865994047338 44.05368734596851 -12.204619376613593 83.15185017588368 -39.278598494726545 -11.728830054565094 30.164942082124043 -79.76028770253276 51.48953199338226 -13.432315836244243 -14.236293415684173 36.36669703746486 8.287142241947649 53.61198241702024 
83.16867444831047 40.446785394117455 -18.41223811372521 59.624286217665826 72.48936970806196 -23.73066676003228 -53.6794658715162 34.24948038259265 61.93538614295798 -42.36198150905246 -97.71900454824569 29.78762430949965 39.87425087148364 -14.570082151809743 -72.97450056359449 
-75.43113716076293 48.83897151852099 66.32887745546557 -42.55447834311974 50.43855133635611 -24.75026517305399 27.95277599246964 -46.30403227620861 -22.539365456385468 -26.51113545248394 -55.71916821604424 -32.74115899799759 -37.94795217372411 -89.84925214344332 67.00422696746011 
-95.09139223661569 98.2170289970397 -30.364916708161815 -38.199266203564754 54.331854638716095 -79.03901268702029 -6.234203464839254 70.51499572114648 73.87672787159278 -4.7057677682822 44.64853752571673 29.910154120447658 -64.8665267718668 10.995694160209382 34.170842282684134 
64.09175553405731 32.25576709671648 -10.167299086717051 21.114336793766668 29.48322093865471 92.72112136705192 -36.06799197558723 -79.1822877500419 72.76221506650589 58.294693818438674 22.230428355502795 -16.58729339037852 24.239360449520134 59.75878084116749 -77.30357976104598 
70.03774452275124 -19.45154800091322 57.9008939809824 28.01121756196926 76.98981005943472 27.253023228117087 34.89526837448926 -60.95045042380804 93.97846246353708 -25.33660007311711 6.5614567948132105 -92.10025905072044 -93.62224644168107 87.60836655456731 76.68594913279802 
-2.511158256519195 -58.50787967133078 24.313208812795523 -8.566772830814358 -27.80728921272582 -22.793844963992726 77.81547596956872 -37.32008021711239 76.0839002874684 20.68757318065599 -69.68396733906204 -23.404795074576228 -16.67552716597723 -10.631074629571842 96.53734044654422 
52.614267208836736 63.45417350026173 -27.70987859530014 -92.22247548333047 -16.732747555557708 -47.70428830104079 -56.830516706790135 49.96773553563099 -64.76235146707606 -5.7744191385377945 45.408109866779625 87.26074259892187 -93.47532315704106 -29.322327395189802 43.98626115028841 
72.80977376955073 3.211456933179207 53.52380999224113 76.65960356504326 -21.119642581999074 27.852500062535682 -31.730553111272997 -84.3573545538393 -15.330302562105501 -65.88994146573631 -98.3998679459359 -95.44579943864173 -93.18711608724234 -23.18202771692131 21.566222925977186 
42.75789980802119 56.59575917728034 49.75451394176139 89.96153438823211 -94.55482786972634 -68.74392702497663 -63.00872928220831 -96.23388402688585 67.39711247992736 -67.58647581193078 45.000855307365526 -16.153656504062127 50.05885225365313 49.27174027883697 33.547570859662784 
-46.559287733358445 -39.282702970413055 -30.16789297006119 -83.11789554032929 83.18097972343887 90.13680869064615 -50.52590701878361 12.81380880045377 15.598551028302737 -24.749144790832986 -90.44088430976814 48.47677436587233 -95.88605985653152 96.43371125340974 -24.83396455743032 
64.94984556806705 -59.415387413680044 1.1291769015555673 58.61869696446499 -36.248784126857615 -78.41787291917272 -68.82872577513737 -23.25261313730263 6.934638860326544 54.757479465640415 54.675362745624284 92.35648063220944 68.86264326778252 -19.19552760847884 38.32310787817866 
82.2293208745335 71.30655899746927 -69.53665447491517 13.439467304190813 -79.63213712190708 -20.228102826632323 -19.09390272849214 37.88641901229849 27.348561167913928 -7.398753044442245 14.62303776110491 41.14062165019402 -3.8162073253982243 20.86957117590336 -20.681014226585503 
-45.45803908100734 -36.80305807497197 -36.613523919901446 24.801502990168316 56.95945487504767 45.02840868174192 87.82671842486448 -32.34579680039906 -53.079886651664786 -92.39253561666297 5.060453896774348 45.709413254511986 58.5455516242786 96.2346205748488 -23.26988638327954 
75.69547862285486 -11.347591377374712 -53.288506529019486 53.43231400964896 63.14236051006395 -64.14483832965496 58.011626183403365 -37.02602816838257 70.71376543770376 52.178713665895316 77.18932063378338 12.31742180470232 54.97975102744934 60.54895667718981 -39.585321423659295 
-20.583540763478 -1.2121309444242883 -73.30844964266618 92.08497880986945 77.67470022878251 -2.39473550840475 7.700065570790329 14.263849158096065 58.084354959444454 -27.60116380276017 12.733644347908694 -66.86287869453042 75.9986739264067 -62.626230645263604 25.902877000242782 
-72.2096442018705 13.164271804382139 -3.4121672479276555 -47.48187818275278 -55.12632251799714 34.88863967164798 -73.62327113431392 -68.31753759763865 16.337010855668723 -77.60320860478147 28.600812186764387 -0.037748632810433946 -87.36882464107742 -0.5178225547571458 -12.346789261968084 
-77.12775030853676 28.628822253640465 -74.62863361022956 -93.89873211128683 -77.97958168720527 -60.24083484480762 -5.815957492831927 -7.059128305462181 -83.73302267583148 85.14422743467176 -44.96980327360656 -56.27149190681146 2.0230288056845893 85.92156460549549 1.0958842928702666 
-82.36714340554354 5.7742990867138815 98.03766002554909 90.52771800142574 -44.580652710792926 -6.62247529018714 -31.933743090497543 17.674399235783625 7.720457555819962 -97.16989198873574 84.24444319404475 -71.03756667807266 -92.77238869381807 -48.928023886450234 -25.995696930837653 
-79.03396857285203 51.966522423930996 -56.32643709657978 78.36696556261222 -77.71454208637157 -58.726852818835276 60.38726669879617 -91.38058361905658 4.880770368270632 -74.75468546403462 -51.03851366535916 37.360541572051744 88.17941942871849 -40.881459560432475 92.4705965440622 
67.59141983443936 59.825919108844744 -36.206690285230096 80.60550733536027 90.57212991292636 -23.947209510204374 20.685588946393324 7.704303417463024 -17.891743649704566 -87.07152013275443 -26.17399455078646 -16.730919634618772 46.64062396841089 -3.01125555721471 -55.014309700602546 
66.674185198998 -1.545333189596704 53.64132654459945 -56.47894090078023 79.72430981695027 -58.36043595663438 40.603370241482054 36.14037640512112 -5.829180824673514 41.95620691526082 -71.73921180266329 -47.100407206243645 58.08408111275733 -25.50826491037199 -27.244375777560492 
21.315289745439543 -46.43256054846559 -95.26484753808076 -50.51906114787994 9.240670557964364 22.387979191940403 -34.906310118714885 74.6732248842595 -24.358179972596773 87.65567934347683 -19.595696318906718 80.72932856757558 19.14211999552184 -69.6027516370757 -71.39734232904544 
-28.231373092170116 9.719237446794125 28.664388261186986 -20.01823025322463 33.66343521574308 -76.71505057374426 64.1479990992093 -93.02060301272431 66.28775638157299 -35.80336927559095 -54.42279618992201 35.161943007940835 -77.40809361762027 22.665321754146575 37.42020282546568 
-24.90766197373371 -30.087144098319854 80.2528169917671 32.17086976442354 56.125012885498876 -87.36893536583034 -85.49426404088673 75.10486149655267 -85.54264333207473 -35.800016911905615 80.81775249470226 -68.75810279015073 68.23678299424543 -60.11433820131224 -36.481682666651594 
-76.28339607469421 85.4770128882335 63.53434530460345 67.34252037102345 -47.65651014777625 84.74714877196894 36.18952121037685 -95.63847058026195 -78.32736055188747 11.862364474586713 -83.78232998050825 -6.208304728272267 78.10992082913819 10.649949234333562 -26.089850341890667 
40.12794930097286 -89.84078665299207 -82.7753719839713 -62.666703811635436 95.63812717365153 86.5831018842629 46.40379173217096 -12.203303713185448 -62.51019332387256 54.07494234199007 78.20447787345583 14.273168178858 -16.419509378590845 -47.66531300894607 12.81001146955694 
-87.32694923456945 37.82540166110934 15.801494712846065 7.931240919424724 -44.70388740771551 -93.11281556364332 -87.78094241814031 -75.3688092575155 19.54098301837736 81.79951377607944 95.3408625739487 -26.110820316771566 90.94138494625338 -47.98126043495596 72.659379228593 
-47.49985410204645 -85.0374489031263 -21.67167305533991 -2.4686758456703615 -85.1036680442476 -39.034042865460975 99.39183274998601 15.30905635090869 -49.48341553964286 33.25660266476521 95.10219540413729 65.5220262636849 46.058357051349276 -39.600961484562845 40.48174168022766 
11.78528653818556 -61.09711986350641 54.775320351634434 -24.489295302146672 81.38527595366403 -92.94003965958242 89.72411417204097 -40.73066232661273 -39.07510039849609 -95.79434532304722 -33.067292295427706 46.42116213783325 -45.31790626533005 -43.357521026699544 55.15286705077628 
-60.140932257893766 -84.14670599197929 59.09745426825103 82.70320590646293 -34.676912274947824 14.142771553527794 -8.907111789131434 -57.054252448680785 6.645314757764027 -45.214926205435816 5.009399489863895 93.68533890486066 72.85668670021161 74.8062940178499 31.218767396535583 
-69.56392718988458 51.21825467436756 1.743031808251743 74.6980644837825 42.236953747171015 91.44801966918592 -69.95732596882675 -90.26096096874561 14.255879206535454 60.11683714725072 -43.82278463166991 82.26783204479568 -82.17750041664476 -12.951493244261925 -65.71316312615303 
-85.68846759075855 -36.09317841108823 -98.29907402327854 82.34579461099497 47.8969300146027 61.78149412516589 29.22967209609132 -51.21318042579133 -48.73426222683166 6.191451479177147 -58.14074100973199 -71.96984368997178 -57.19872986834116 -72.21921793198712 -80.10291947763753 
48.4506928550461 37.996572051008826 21.81886178210408 92.19176033382038 -32.60317662527004 21.608608422889233 -15.190258637349302 -52.83595376296377 89.934961522848 85.19842182823845 26.94445639142127 -45.48704964859858 -62.591361067125774 -68.81076217528133 9.72911830910219 
-98.4001967674756 32.2691678709119 98.24123602776143 3.502421645557007 -85.21904232637026 32.67694411981401 -62.98176411601011 13.533851161041383 74.92630756358514 -95.78022555749659 -86.6135181512694 26.577234053092113 69.99810110740162 51.93552079485363 -70.51122305771182 
-74.12485824910226 -48.65550110946697 -16.453133474874136 68.4374983474201 -53.48266903980694 -53.267463948582304 2.669764567205533 38.69560030906601 -17.87746458732704 -68.33964244756807 99.69829336290027 67.71337207632374 -12.20939789118998 -16.42441959547935 -33.46459391797522 
85.04913490529697 39.25337609746441 96.1415249982737 -11.778499075121942 -25.51434246634004 55.14435855252569 67.70984406128972 86.75579380232486 65.04154465088473 -90.95033951234473 83.11976471073282 -84.36789623600436 25.91916834280761 -7.257435267193671 -30.33239046974856 
4.568255551875055 80.17217294527356 55.5356446174861 -77.25219432768193 -14.69918698623789 -74.9759672775898 41.010402614364324 -30.441832612753345 -89.47170731937275 63.21515490835739 -81.78065459844312 39.71292018596898 -21.810552633827072 79.37488754427531 6.857188609656802 
-11.588495181427078 49.60799206304347 10.660707630977598 -65.82221035428317 -36.227228078115715 -15.07294144012701 68.05227049498305 51.634556541589035 -69.14959123218378 5.547328971748684 -64.70472518522217 42.15716362566141 -96.47229986873982 38.555025706508786 51.80211248655468 
-18.65151280093032 -0.5502140275931424 32.11006831921105 -58.102944815112046 -50.54452575285846 89.97997412276158 -55.349656433378726 -0.5287202955885846 35.47132559383405 17.901655985268363 -75.04624494461387 -1.1584034992939962 86.24776879804062 14.929287304988776 -34.831332472534754 
-99.98570568961225 -72.34980673500853 5.617650972061881 -17.899060131657635 56.705095094569714 -52.29371360353547 67.34228602148943 -98.95071994414528 -63.599300278869954 12.153283838521972 -27.85525677911629 -23.620709233267178 -80.38223393029158 22.516424202793516 73.63647036583345 
42.65750955141394 11.69083671028082 -92.11551156206038 -14.500148673964404 96.12092641416965 -96.44934597314727 40.01638220293367 -26.555065850724475 -78.99383140247119 72.6304604379859 -85.00793213290163 78.71897175605162 -90.33356186849008 52.84449497795711 -93.88121136326815 
-89.58402333168523 60.991025123617305 -57.95298474003472 10.370297148094366 84.93530326263132 -71.24591893682357 14.177542903445527 -74.50590249059744 -51.891090847291665 -89.8452532806004 81.20044705307231 -92.3170109937645 -63.13502422679509 58.54355339562335 99.16526650713695 
-80.90744038435341 -23.263985611762834 -42.275086997512325 29.016388247575037 -8.437284284988266 -1.2536994177229275 11.578957906418992 73.01286569746685 47.34427758300427 -80.67805505694218 65.64641198546528 -25.31166410710827 42.333840057570626 26.220490542933874 -1.2673355829505368 
-76.45158576094629 -12.19438348071202 73.51361775921976 41.08852403901446 96.42515698175194 -67.28564320063315 -0.35792848865466453 22.208092655331384 45.92134482120787 -76.03355318801536 -76.08084656150464 -43.17251186881694 24.770148782922803 73.7313898089692 -15.850863173444992 
67.95806727178436 -48.367356744060785 36.26784359856356 -42.24005520170662 75.43864969655795 -40.110322117962816 -40.225719383900824 -94.2184669295761 -31.048832730179868 30.024455172611795 -56.71651228909524 37.97419667459246 -15.687974397259879 2.321478972834882 -35.98382558394404 
66.5717966780746 94.37923662891203 50.57805530811547 67.70228106681807 -63.12903842185895 -72.31789364206517 -10.258064612550456 -99.37107969871673 -82.52856546676614 -40.385934011079286 17.07910525372168 90.12649270671903 -56.77970703803324 46.35352367765998 64.30654647429742 
-91.41108103927755 4.326136520077938 2.8978224307615363 34.55741714841636 -28.52882942796431 32.53015262458513 61.797750091223065 73.16605199118578 78.27350566724019 41.56530453655313 11.342075646682076 36.64370178775425 29.95176153418899 75.38038961485037 -61.14064198916096 
64.78651966206587 82.74614632933796 98.84161024313508 -54.83566619983886 -66.62893620501424 -36.471938646207036 29.78047685692559 36.38041497911243 77.41299226219627 72.32710350335532 7.430964759971047 1.0732817776097932 -18.700297111699783 30.99175206477122 59.347067087031405 
-53.896013429969656 96.03714237646304 -60.67572756014468 -14.966560121964577 24.122109000976238 16.286202862428723 79.1256987164227 -21.783805628399634 69.1729115560627 15.909817029018612 -31.3949104797679 -49.8184181979652 12.557031778794013 56.35951168649123 56.43111941991506 
77.11032748526188 23.228397033111264 27.476273738166412 -25.85271358165606 24.371719163030022 -79.74354428026788 -78.04578359593265 -16.821632323619667 -80.73039394331094 -59.82079125876139 42.15842700580984 90.33324754992952 -1.806537486674273 31.03225892922984 54.61306842647329 
-43.072153489830534 69.324011674881 -4.754515332860706 7.968711435670841 -47.80609828656623 12.739857141466146 -71.59353466459358 -34.14954997301196 -1.986411273272438 -91.96108483629027 45.88391665014083 -24.097075978964355 97.85037748529342 -87.33867142601095 -11.642655533208313 
63.94339018644814 -46.024697387144855 -2.8554060154375946 0.8363954524505317 67.62197197751689 96.08668387488342 6.736468622060471 -25.542047305032796 -29.572258432621055 15.562644800739122 -44.00956478995657 45.264019524804866 52.00992208404324 6.848010483741703 35.510967803432095 
64.69159469725523 88.55327277455223 -37.49002895744509 80.96044613415023 99.4958252298286 -98.13742816655939 1.7255828509542823 1.3251500737594881 54.14490988486645 -2.818196090347925 -78.13460446380465 -13.532475062563833 71.61082380698122 96.26437305673906 46.19983513675962 
-6.396670108562972 -61.23885536626945 -66.35214898473805 -54.17001261120318 -26.334885619484623 70.35064881393566 -28.961544764811137 -27.139003826767947 -84.40854930128967 36.184253773486006 -57.36136203700857 -51.992680392716586 -0.7297661242298545 22.233226504221932 87.92930798832467 
-0.3614673678934395 77.13672151361465 95.86468328783866 42.325203185721676 21.749213643645533 99.88707991022955 -9.01223954496919 54.39436646598864 37.39638152065973 -42.3876086252043 13.068368865611419 30.923604904890396 55.57113860491904 -8.60016873527907 -35.606167936854874 
20.29933272530444 -97.07612363673488 -48.74717225666947 73.54737263901902 -68.01292326697346 94.89822937218335 62.13639675318527 83.25540105774988 -48.915980683653174 64.97001802662925 98.0275514192881 32.74472754519235 61.18668072489467 5.0505481493660795 -34.04938157840762 
56.60838449401456 74.4488642233861 23.29899796443513 90.76302082616488 -87.60084655165954 9.327587879697205 -45.90682885884267 -8.00998292384773 -49.840423582973735 -24.89823578544126 -22.00246587949202 73.10247283576226 -8.504801886817773 -10.19430063731015 78.74560538981888 
56.071374543989805 -61.078289653021486 -4.609366897900699 -5.676367106714579 63.01579930380447 64.09267695372216 49.08420732098659 -25.037704755103164 12.991679287078185 82.64621800807413 -63.33523565111587 -34.658086072015465 76.40138043231858 -64.03645053392795 70.03779237717072 
49.23327536021435 -22.286255594942176 54.32957108528612 2.0860289457903747 -38.435690673606636 81.10662964344525 38.67228690395143 -59.37236431652588 -82.9213389005304 -51.612827894862654 44.4305406106252 -45.209341390606305 26.786216863770562 -75.943731151669 33.75727588002184 
-73.84948457757781 -10.03242223416511 20.738887702051343 -61.297725778595826 -30.573727757383423 75.83366957836438 54.807961629125344 -81.7571692005755 94.75451128778397 7.4867825807041015 27.258257440105353 75.9312824279067 67.22202530370888 0.8872237701010022 -23.63543296603183 
-19.263385433024666 -72.0198277834518 39.669498157433935 -70.88017286973036 -70.19952183359129 -5.4268775430151805 19.814065011361294 53.392815445782475 45.440777083029815 55.08516897457352 33.98535105324527 69.97090085257264 -49.69510523552139 61.08510806160277 75.39002898839169 
-11.610290929461328 -42.74443558706391 87.6162710679007 -26.400047154474237 -74.07737261997175 60.86581463558974 7.36033501230861 -33.76341194145891 38.96665818222155 63.965498451892444 -5.949913045804365 60.69701073303506 -60.441087209355906 -23.303129800392213 -67.02564770728318 
82.77739238849838 69.39130219818455 50.36820748286169 -94.10035813549051 -53.49652911564093 -20.34579324221444 15.049563452250439 43.781162130627735 89.01775866086007 78.55310545740775 -45.35931667325575 92.95274323498009 11.428383059552687 23.465387525874746 -61.97977453243348 
88.29131539977547 83.53904718803312 65.74236580036893 40.655619748504876 -90.83459222818303 -41.926197190899074 72.04347884107781 52.156415801743634 -60.13483077243909 -98.87004520140663 -42.78868629225234 35.231093488104904 46.836113119455064 -23.73089626117242 -66.28789708564639 
-35.75815972390461 60.322809192550096 15.213450130924741 -15.390202566921559 -40.695502647769885 -24.519417750857286 9.358640550184049 -69.89803213064664 -20.837562710643937 48.39027868508569 -13.09806954755544 -65.11674136354569 7.162269984350871 19.877105926689936 -18.392799042201702 
-45.690029159950754 12.725198893618497 -6.162092450851446 -32.16115888983492 -89.4025279909192 94.59709598706982 11.73698259443887 65.72464924414993 -80.85733945709217 -91.1891201119267 -53.07341346223271 90.91236759346808 -35.83472915555407 34.19743412454309 -78.60834754594504 
83.92000639197477 -65.9858681806711 -53.76954312051687 70.51047660674016 -38.81999862405399 -3.9356115089290284 21.17148139350668 49.08095917969777 -22.692496944448152 66.3726433892567 -87.12514808290292 -50.931886165038655 -65.77568973962684 -46.72680001126477 -95.08956205638195 
88.32465851681198 44.55581655434733 52.17108483637901 88.01997344640856 16.54735987482661 76.75299139436649 -71.37074665411798 21.96452213768221 47.96011096811392 27.957531698045514 -84.42537129295118 -16.790314654192713 16.22146380181111 15.990990781383772 -42.83546303476784 
90.76380424583442 5.847216897458239 90.10242427556244 39.97617214602701 61.676104739642255 -41.21197562237589 75.93465599473427 -77.13320638470753 38.46610299348876 27.909932869703155 44.68702986710829 70.33117062479195 -86.63242178509833 27.0993219402703 0.5601709743603607 
-36.49500494601918 -63.21609246927189 -25.02605897162573 63.12143847113953 74.77020078710328 -70.7451021792321 -68.5925098188153 35.0071071649395 93.70890015613611 -54.02693523319224 19.40959791028311 66.01181397300954 -67.61087562859325 -79.45040853251783 53.001853099815264 
-33.626744197383985 41.41566122189681 -55.80186389589819 -93.89296093076692 -95.4002065738997 26.255956238716877 30.121211618571493 -3.22435012591356 -4.7199211404180375 91.4416381566347 59.82605110318269 38.04143596366063 65.85072673658064 -51.052287376806134 -76.26859587767711 
14.2050999714983 -27.16114637482086 -1.5687264995315218 -27.795815520465325 -43.341675997178505 67.19005158045118 71.18601191045451 -13.079417728995352 -73.40306997572384 44.4464712595302 88.84253477156179 25.40813984577433 41.41105876722054 -55.06685096669317 -8.293437674914259 
-64.13191725220504 34.83968981133049 -51.957531408661815 -24.55896071148993 -50.769966278034474 31.092127508615846 -3.9934007044465574 32.52911564392639 93.66773634433193 -61.99632539716773 98.11499688724345 2.7704604873546117 -16.227056372080725 78.46655389893874 6.5628301204887265 
51.58976544145517 15.301571700292655 -79.8736334215535 -94.1072911331195 -61.25733543370655 -1.7497691614237993 64.97525057437298 -50.07158984188873 -37.759381679253124 -39.43816985461493 24.631041264843873 40.05777783446578 72.83668447943853 76.7762753369353 63.147865848145415 
82.80722945658752 -97.50789130950174 -48.323111492881466 62.66061467493634 -58.893907377627656 50.08193165203579 -94.47291343690527 -0.37661622313088117 20.96443514585083 97.53419990419846 63.227844451013425 69.79185276613197 -20.364370435248574 17.61194789219151 -26.55803064498423 
94.32851254048177 27.02310972336288 87.0217473709267 -40.19468682331853 -21.011707771803216 -84.14811441482388 -24.892249157870822 -78.92194639479777 -44.46744208687032 28.866345246824835 68.18436887527861 -94.01138903062969 46.161375155246105 -87.84639535178822 -62.62281974241522 
-47.47689080211597 9.177392394206535 -53.47100265297542 32.58557398080703 94.3156408750508 -76.73424748370626 -8.516380569632616 68.22970666704441 74.21305582743426 -24.148409385489032 62.56763610334622 -60.494657088512625 75.83669363647999 -94.321778903637 96.15410112995588 
-62.3234928868474 -9.16544133634305 -76.60337105563161 -22.371052774781887 -7.555949899501769 -28.975735384504063 -44.01332960196307 58.90755246046987 78.0739851691203 -58.57577352053518 82.46671169879619 -86.59451397716774 95.31098208711279 -66.61885083818285 1.4808743861185008 
3.1793353236670754 60.717531295952 28.916188057622236 -90.30248504436923 23.58241481245902 0.7699361437686321 -45.62099134664066 -65.34830517897308 51.73657304412785 -42.577813002744726 -44.50896090026277 -5.409633090881073 37.19838624710502 75.35462013360805 66.06245097625697 
-94.55511812761748 10.70399221800767 -23.44447706214106 -47.106718986371796 -71.16211427198091 -84.03070581346358 -51.297563466359165 20.733604621400943 -57.75513172552913 13.361635537610695 -95.95092304591502 -56.20478342377986 -55.832049339354214 -71.95013281366174 -52.739546511708845 
80.1320812420166 -0.4736362161783063 -30.997114878287647 31.922732327130063 -62.77581126734611 -2.0741297221344297 60.252774990334586 -14.397649054549433 9.08378027807153 -2.718204892363346 -75.53853925458729 97.7225884064323 94.31927346757641 -98.29174861331053 65.16612416554716 
32.04848760826832 -63.2045378491515 11.465986677064194 -28.194108477918164 -1.0852528338745486 12.02506800603416 17.18614540467631 -61.097960300928534 81.57252031365402 16.057524494108407 68.43514594630213 -15.735655117814986 36.503849656865924 -4.649463658971882 10.440065940895792 
-9.377715770410106 -78.91067511244063 12.716175334334253 25.928412925743388 -3.6098157209630983 -91.32816612305415 -71.0678017807034 66.16787926508744 -15.174319189573211 3.810575255658648 99.08188688328636 21.53482187916198 69.06110892971535 99.6591604577026 90.35444285038437 
49.312722008955944 20.27842077902011 -84.07934766377163 -70.79690317285443 -51.949699367700084 -62.02119322372959 15.353973528329945 28.857748548019572 38.67119827005072 -8.981792785350365 85.07696547014325 87.70848521317492 93.99063492700898 -38.78431753365745 -71.12273584644137 
16.1248112211712 -96.25226380182082 -23.62281078963926 -13.70587225564688 61.71228165914599 -10.883491846395927 -42.86820321003895 28.43012284363661 -10.52903534835228 16.601986963052042 -46.036971388388245 33.64017762833237 31.783416031993 -78.82668296202384 -20.222785166863048 
-26.845158272839555 8.001068315587958 41.689500506666576 -82.11024977788497 -9.642523420323698 67.63974099470892 60.697096447234856 51.40366732368341 -68.2085472972494 -83.06110496018182 89.34972697836642 -3.3284365924834987 -29.846063960616902 -65.6160590323679 35.32054142431409 
58.23000044171289 53.664476498232176 39.21777128737122 -75.34254701493406 63.53456658564687 22.256286328946942 85.49745892585975 -10.98761199991975 81.33226660132618 60.637105798526335 32.49053226559522 27.912299133061794 90.858575283606 -93.01867818946413 -24.544148370155 
30.342928986871073 -72.16572306508802 44.2763495802655 -68.4883449910254 -31.58975001266475 -60.82749600825841 30.384865694832968 27.58235147764981 -19.929627112982345 83.1194199805964 -38.00273863540973 47.702927465870914 27.679431936380254 15.815260924331497 47.64551700731349 
-68.84054216293296 40.65216300323152 -68.89011784551195 -31.365790363910477 -90.4533357916423 -62.65298224745266 -1.7705637435180677 65.03917097774007 -72.53283170623779 -78.83279429981518 9.436470719290384 85.04647667286963 9.932823248327026 48.32113350031298 48.76958847480856 
-80.82504744595904 -56.50239178333483 60.5295507353419 -18.728020716627583 -7.0125916791126315 -1.6750578399426672 -77.3811398279185 98.36100377369749 -65.15625056452541 -73.89502793634895 84.28955418953822 28.990558008645365 29.91565613773855 -45.3621911624529 76.94397069932845 
-86.14107690124717 -18.13112370528185 44.89069572928756 75.76141994283856 -56.86313094355167 -51.07077228194123 -65.98628457923041 -8.272529025355823 -69.53534777083728 34.37233151157605 -86.77909119311317 43.11543842958429 -56.41761522671791 -20.68575070496233 -88.38613182245516 
-32.38118567280435 74.9007251135109 73.61450207041594 -54.94731630988638 25.49734226856806 73.07556873148741 -30.91806316741122 91.55476908115662 -50.485146334314 -83.4259988049705 -47.96576211793027 -58.529329623084195 52.30443351147673 69.77041938799829 -80.69814857585499 
70.68081311810519 72.56574808627576 93.78125452913778 52.60406279535553 72.48869764272013 -39.18761999946523 41.76659882108987 96.14478179837224 -27.67866172885914 66.07886687348758 -81.56437550549707 83.36900913495327 83.31040779088855 -19.544939683286543 -34.25559610163775 
62.38095537527741 51.50128213290202 41.67697557380356 -95.4994716859082 -25.660724938184586 -64.31729411069477 -5.7428202314352035 65.47574430377682 -96.80206378452381 -7.370339191361381 59.483531217831626 -97.80409760243775 14.828558533186524 3.623849238892049 3.5375446688012033 
91.29710771508115 -19.33067954389405 98.33820934371929 -39.87381005382702 -75.71373867215449 51.646259479829865 84.51089058118615 -92.98132988059824 -10.853160299490256 71.76334712472914 31.000590688166312 33.586837884516854 42.02439980918845 -10.273954912872597 -15.52418827720004 
55.30181335544725 -10.721232708828637 53.72483561343063 92.29913046454178 41.681655141075964 -12.432320546031093 -35.54973250013683 -15.116189462694223 39.15514119268019 20.32802242714382 0.7131249120226926 22.945800823611933 45.513916300862235 -93.34287304899705 5.435928060352936 
-79.0362925625012 -55.33029419195643 36.53693997456017 -51.96264756830542 -62.71027177138529 -37.88020041244804 -23.841819028084956 40.71195306066559 -40.18983464474961 2.7476535791968786 -39.50217214845531 -6.828806628549856 92.68766268887705 79.56187557177051 -57.37373603434652 
33.49568539376932 -62.398089932870306 -33.10978509578007 0.7400627493258582 -98.53633550166789 -52.89342398517758 7.834604973781168 74.00679271009793 -6.396984769588499 71.98407123854975 56.824973480748184 93.33627654449023 11.909094701300276 76.7038168428922 25.343866722441774 
-98.28426087888285 -49.58045909505737 16.479849373802963 3.015941627331813 69.87318509517385 92.93412325934796 80.09662184175363 45.69027120043313 74.19799891041527 -25.20739960600349 -15.639912015958174 -38.55218666783404 57.521086609318644 10.30847275626634 -30.700353447978728 
-0.6282853571637759 29.27461554718488 -10.388074805215638 53.70016703173718 94.70342843991236 -66.26038168961287 22.296329015831645 -44.96735759233004 -61.670680834791234 -66.379404135002 -45.685193805211924 36.515162235703855 48.87047018707307 -53.81685642132324 72.84562854058757 
-55.91311713443376 88.95584139832269 -33.471499807351606 -60.68103314499 91.96002243508445 -6.75012073212082 -74.50806944252257 -26.09867715777432 9.290160679472635 11.262731371283536 -70.96628016499969 -47.282507293837895 7.751323339117903 -83.33033627496735 -20.914201012216395 
40.08983981959534 -68.12698467126133 90.38470260695374 -14.369163529671013 -40.84610378204292 -10.489630069646111 -94.06167360423612 89.79841575363298 -57.198831413271755 43.42885569584328 -65.00721643606971 -39.83441207737304 -34.414415283286985 -21.67255715120659 -10.045559287777365 
-90.91178750174238 38.105670778719514 -31.35709847668184 67.27161958791544 -12.027706078848027 71.7687759930869 -3.385248734806879 8.914466690915773 -36.359910360378755 -50.79579601715973 -30.788730507209223 78.60351320812637 -20.615148747730544 3.1844849850419337 1.5084656846283053 
-12.97464635211216 97.9548954468656 -80.69281345601995 59.48255193233942 64.22550861366383 -85.30448870274505 -50.64232876159282 20.878335621518247 -84.22465584792465 28.16276523664797 76.89947139106641 -91.34336841500901 69.66987474543097 61.432926271525105 45.58111732528215 
39.72961356237647 -66.05234122310847 -29.499079247127597 -38.41259063185867 60.881448608682945 39.600763606362165 69.19610580907451 -44.63239296191455 -46.629468567082164 -47.80330354938429 27.476202334229185 -13.72446018584563 14.351104335860981 98.36822622137544 -67.9734297680863 
24.60401221211616 -63.38518824641655 -63.24895639406327 -61.84692001550707 -87.75863464158262 73.78722906807289 -56.70485975746005 -32.8116636814858 -98.55305188614987 -69.12932582611894 -92.96606062656656 80.93070612362081 -53.2292386172424 -29.715118813312657 -12.539699179868961 
-61.621738454370934 66.86074683797406 61.13693936773953 -75.85890292541917 -30.14574019806588 -47.5084119989754 56.720718694279356 81.63963367216485 29.448466971843573 5.367315119800438 -64.69685818070013 20.13202103818979 -64.21434326054421 -79.2467570691567 93.75352838298781 
-52.244273135833154 -68.6762933462181 80.0945534341389 28.624702860907462 -99.95868567573987 -99.45567160968658 0.9983898783087852 -72.80275652084791 -49.95246897250944 76.85045547971973 67.64157452898593 -20.239375248448056 -13.154738746039811 -83.88769487008398 15.797068115745503 
-41.64981998954494 11.653411768057921 -35.31421928128407 -6.7179655148620725 59.53929539867008 -24.443708390056983 86.82522354283242 60.398047784298456 -58.9793792071259 -62.74436026532499 77.11598165141135 35.73937549513627 -10.579875779733342 90.03509625819345 -73.39554110521054 
-9.647055693646294 54.05660197317707 -60.999252276512905 -78.44247018913875 -24.354362113838434 -62.48180570277129 -60.923248422272195 -85.68529607328603 54.98604548612806 98.70021868852936 -18.362871974512714 50.748947832750815 28.339457845515824 13.597345284040614 -5.246074453482493 
1.052633402600776 48.613208783471805 34.40090717956727 -97.37535987202517 -25.031329104577395 -7.705940575312937 82.01399144905844 21.507252444963186 -73.64336794075872 -0.8896189028238837 72.96921888557304 -6.134716129684463 22.41765965735611 2.886677186066592 40.076113088199264 
31.18821733212991 10.730935355668379 -5.443062678043177 36.427847753879604 -87.3443912571627 84.08598337389782 38.1943883249385 95.71891841744136 29.550698513498816 -52.07200582786011 49.78112347691089 -19.105552616145744 -81.25336824475036 92.54237950523859 82.55381581816636 
-88.30066253030387 15.409602649884107 -45.915942578215585 2.1701915407533363 79.91156018888265 -90.30826439497773 78.8120363557968 33.03088079915648 -93.42510820544807 -32.39713741045837 16.307832139359675 -51.547365519505675 67.7940576500985 87.58242145177007 -27.456682669510883 
0.34259100530809405 -70.96245009372353 -37.48350665862215 -22.855317664525558 -57.69798500185488 20.496884126002925 -38.82594480123471 67.61760936838886 -42.46837254113316 -20.14085208622511 1.1628184866754339 -15.68846520128983 28.580777913726138 83.0789746948185 85.81778957292522 
61.07912310422816 33.61024136880411 -57.64360599933449 30.482110461462128 -66.46963122217282 -69.22716442767353 38.633992308427224 61.17804914114626 -75.77563254298332 13.455958981357938 -43.472094246242655 -67.53036437969084 21.031994308406013 -45.99756380120385 -35.55972527443633 
59.77047084570307 67.50270639309244 -18.71408121665297 91.39421836377889 -1.1281850245667329 -11.851907743553312 48.5930958711879 -66.18390344029328 54.74959330410755 -33.3724730666697 -37.22972062419034 47.80006576612263 89.22045920308338 -65.4973484903628 -67.04556744152791 
55.59469496571327 99.45867111985098 28.535907042563338 -90.78430904915749 -18.79832605610308 91.37462544495861 39.7476098843747 -33.21520773863729 8.97854806205551 52.281427490765765 81.93586466406498 65.8816459447084 -7.400169514589265 19.83851233634732 97.44000832299432 
16.312463045526158 53.82708526889988 -40.771002651234326 41.42859656943807 66.18733784565092 53.94137442797458 -20.448903932706926 -89.42679053515535 -42.36526446378952 72.76165213295909 -27.93839040355212 -65.10075706850014 99.94202036055066 -60.6695625105768 91.92096800604975 
-28.663935359233705 -11.488606657756861 -72.65103439329286 -92.82250593094157 13.152297918652664 25.298951339159743 -87.78393268653646 -54.25719953428818 -53.42589230656021 71.33651655300224 -70.23241437772248 -54.36055123577095 1.1265801651195488 19.317523357275405 8.015501237443118 
-33.82394917365686 -78.68363658255346 48.04597535319442 53.59720918147687 67.99756143309074 -81.75262619000637 -75.1965981953272 -52.515900582992714 52.28139960561526 -74.1603720940598 -29.590147581820588 73.8069859178 -26.987308074746565 80.91329786760767 -81.58490416609521 
88.23087341761607 -9.835183791088582 -94.81633979164974 25.61201077432456 55.376863802057585 -48.11006814740899 -75.98408256075223 66.62698407516788 39.6882742264292 -42.133843775097546 -98.51602561973318 -40.4474772979182 -64.08969987401561 -69.83167458685253 35.064894832345146 
-74.41304559912788 56.939657018649314 97.89862297878602 -24.050412635695054 53.65198180301064 65.63114036540671 34.14139092075766 -7.784500949982601 -87.88620978451671 -75.95777980599958 -58.320670865121514 -4.043729949389217 65.79108438029058 -35.442510349844625 -42.574785230674195 
-21.392229581894256 26.168190523720924 5.802072799146885 12.93484319614484 82.74779933736863 -51.904400170977816 -91.62540647094599 -56.391492927347265 44.67629735096364 47.36715403893973 27.1704155178343 90.50019119688736 -1.7716924995019525 40.391753112562014 -37.409000612513886 
-44.9045306141066 70.78577941314092 -32.80930502227808 -98.58068987529423 68.44233128509273 -90.98097200134538 57.33902722519102 -54.75054092101996 -74.85938960956504 46.13124064153183 -85.35000784959495 43.201484852188855 -63.294435637945455 -87.91556132034626 -57.27760537330151 
-86.53368610242778 10.165951000826695 -66.9091579634896 31.608870392630337 -24.370133031658384 -84.5249289926239 -87.20002156363068 -66.50271380637061 -73.44052339572016 -92.06076465756676 21.742694030814945 -51.336876434728815 42.468868843805495 49.97956633401148 -58.39037568236287 
-1.9380190424046901 -0.8932196283888914 53.26638848031439 -48.15762901752512 92.78331054910518 -43.900506950534734 77.15635976934698 -54.65674373322995 17.394084293293588 71.40720106907997 82.86429545052616 48.0787390302209 -40.384608314079905 43.11375631575592 78.34619539089977 
54.3315341210681 19.659651704771704 -44.89782561266189 -17.59408329597798 93.07727212140341 74.00289534428038 -90.99444005301416 32.969777152544395 -12.289581951945692 -76.73910047840081 -37.38714305721336 -93.09967604915951 92.46527592219829 -63.101543398790525 -42.86452373625198 
11.644451528504533 37.0071333959221 27.44354023552755 -56.306841399143835 -35.59642797184904 23.512797458524574 -90.40694710929968 22.91586784010798 29.20074521898249 54.376700440548234 61.00757268940623 -47.437340019025555 -10.879637662701342 -20.998822016949276 10.159053905434476 
-24.951886943795955 -75.76728973367008 88.4566106696555 31.749571055353243 -89.43710469409976 -63.131764787258774 -26.390913044556257 56.49316416926348 -24.667546718745115 59.782686194186 -80.37953633304062 -23.009361872744222 17.830300638412666 81.4029050577557 35.110317235343075 
68.64858617719628 25.869016289944852 -98.52080537265593 -50.64519235924922 -58.766776789520335 -57.93564493441161 72.49560135273612 -20.81766833421061 88.51713742758943 32.90751700815284 63.11305807777089 -67.16442840243462 76.90349140571274 -29.498101643541233 67.38625479394844 
20.92346687333375 22.246306049342124 27.126663836172682 16.443017027320295 -29.014489300452027 -21.897550887734752 67.09234851749085 31.168549865569048 -62.264804530463636 42.977695166716444 70.14021721617877 -81.29348699265321 98.98515382649154 -65.67208249260716 64.54389558941631 
45.95802692471628 17.12527336072 3.9864428748007157 -33.66631871366697 -37.1575743142319 93.49159487584856 85.47504262836335 58.58376613014744 39.67324520907957 14.270258734562645 4.16022945926224 -18.85875739901033 -31.999031697249563 77.74619218107512 -50.35279039734626 
20.5991328931854 54.9769563847764 -81.58368658312007 19.77945314776997 82.55716694974944 18.136824513511996 65.43772456072168 39.379830480799995 9.994969422214979 2.691735585077865 4.173722492818399 53.06925340770138 38.86165965952293 -12.677505854360788 -20.25418134760109 
-0.8096982452955785 -80.82089200071643 -95.92258821388542 66.94094826308915 28.777422059513555 67.5454803740457 80.56328607420292 59.4554220888989 12.013106252112138 98.92775369193362 -2.005873130432363 -54.6618767931518 -36.653306642953034 -21.881387209494378 -32.69336015676589 
-61.17401609842956 -45.25077725005935 27.997774897469952 -79.19538445011788 -32.552044199161074 -28.911278181218748 70.51697291031806 -57.161611285430915 22.131575351184154 10.59427978137559 -1.1656024430514833 3.764321598829156 37.512271659442746 24.448931428535474 -47.50365030597421 
24.613633921290614 88.62486484138492 76.84944948143757 46.453004314803394 -4.612249091715711 86.70523014288483 -36.18209826889933 -41.41137613505772 60.56790650225773 -18.762131432575927 -16.780254331447225 31.329997907100562 -9.650311191163325 -42.68363479430566 -69.07462893894566 
97.36725344585173 -98.39605555072201 95.00253200838924 65.08689049587608 83.65896646882666 -63.01997002868261 61.073880667741264 6.7859465121960625 75.79623306610497 44.35466452215468 48.66001342850598 11.988643405831297 -84.05337990698875 58.03870769111086 69.1642094374036 
-81.23146750380783 95.3810071227432 84.20034312472217 97.21037381790924 29.623691803269054 75.3575262296022 -28.792624610781317 -32.17636816037235 -8.164236748413472 -8.576216798008218 -1.4041154980543666 57.00416952527473 39.62452280037374 92.26847730452207 11.730016500585137 
40.05682988163497 -10.076954987455025 80.12191705079826 29.72483282722291 -29.088518735153386 42.88895921602375 82.31812243200602 53.43951861477595 -2.4794495459521215 46.966361856964795 -0.3154082511903482 -43.76513108867104 43.187747250996665 36.15010380524484 -28.62126900461199 
-71.67543698379481 -79.45177835711766 49.32773940619032 -57.273831649939 54.55250541404581 3.563213114298776 79.96079316757098 97.60369822515923 65.04263424680047 42.942055384368246 87.85149340283718 21.62148467109671 -3.926654826341803 78.4629540433422 79.22667166465183 
-20.61064196639464 -66.1401072010926 50.28947806651186 22.59563660183889 79.49221526903108 91.46708696157927 54.71299050679744 78.5356934370347 -23.83816304005964 -87.28215580034492 -1.332526455887546 23.6579013325195 30.561508575226725 -65.94013871651114 7.648304404689114 
30.896925396068866 55.8543035644378 16.458732804555453 98.19007760897313 -1.2682428686566993 -99.72160164838533 49.55926766518044 99.48124673107932 83.06232306207158 98.65224220394143 -95.46992868099842 -88.1904875519669 -42.43857617694766 -15.9817479523998 -13.87723751200123 
5.904199908772938 83.92346911787027 56.394213047867595 -66.94358055683394 -35.21088336052176 29.812160720531153 -71.65439326044842 -45.233165421788925 -8.084578798388776 -41.38883266904061 -44.63733889246502 -51.87394534137839 60.791862670952526 62.040644739454905 73.95018771154866 
79.20351317039248 -48.91321801171622 7.045190392558169 -60.8151775287054 -21.992983094414086 -14.740591428602983 -67.3072942710706 16.10361921504733 64.46628165203663 39.68643164342282 -51.01393493216144 -60.84132468693535 88.85463576044896 57.10809536923418 -18.286361010789577 
17.326466779771096 24.85663339486439 -30.786139293633696 51.440709253122264 23.38714332202369 93.08655735507384 20.77915788509992 -95.02367128822075 12.729711980749457 -31.91498704006949 65.82104851809027 -64.55459410893758 -66.12985725461311 67.77328870066924 -44.73504470724892 
0.41502631875056295 -98.3243695987605 -20.60207985110995 36.549084543045296 -68.43855795867935 -88.59359355618275 13.225945631749411 23.687505364269114 22.314115863524677 -45.91819179835246 -73.9184636971303 84.44238522294484 10.185099025128281 59.73126998466529 79.49869845123266 
-88.23013773246824 -13.170276075255956 -38.675470524828604 -96.91878920465864 -15.254595673990679 46.826793003961825 -36.30374147785807 68.34341340574736 22.78278865946899 81.15186090166475 30.075330227657275 -28.308344718403717 -9.014122295627331 70.03810796656018 -78.08620066579464 
8.284867368598654 18.161988334258567 -57.2419779903504 -56.45968143122862 -98.20212170336214 6.975995329557776 53.2066079792134 -69.51058345700767 33.703634502107604 -93.36098502869777 -36.256806962467955 -87.0579687134287 -58.30393748151366 -23.595304581542862 -46.999028523263256 
5.219367936364819 -5.008287456407402 -20.301755060591262 -50.79563155624367 -62.01950612816902 10.77539111435948 -30.536871307384644 -65.9378761350925 49.97366641140712 -84.50181636024423 -46.0654341429146 26.586396772636036 11.831635486354045 11.529665569978704 -18.043845811732922 
-90.76586531192032 27.466841166902896 28.270883018642195 20.428465225555172 -41.15953340449512 12.896371774005672 -25.537899277942344 14.275914766071324 41.85183915525343 -36.63437850445725 61.032879539113196 -86.28740075630199 -7.820986053812845 0.9197901425093846 21.31491353683907 
-53.27748496221154 41.133926971927735 -32.998117360127324 21.926281236686606 12.35899073419317 4.7789255376991235 40.09770934871284 -3.085837427817779 -28.800496987117867 -7.666530415728005 62.28489072665144 20.04875123717538 -73.11689251199816 -16.990792146428518 96.19401726818376 
45.78242187248421 -63.36560488896221 88.22210653643864 -61.915916123605605 -67.29630464340872 -5.820254327293455 -91.3183785498255 -72.40322697369619 48.94051084234712 41.251341320055076 -9.02455401371816 -39.44842333667034 19.337810734536617 10.084834118546041 86.93718095127372 
99.34029413479101 76.09562665454925 88.59464485455436 94.90362776087474 -82.40124756653795 88.75812429043017 9.367940974004625 -14.684996498619114 -6.692390471542467 9.813863260008418 29.783115715868263 -6.451821534768982 19.98790331313856 92.27127730561375 7.882877426953129 
-4.901261081759827 -10.345416154005264 1.133841486031912 -3.0527254582522403 39.641836319215514 -21.369347229120052 -75.39129269640117 -48.76130628480415 -29.234886040976434 -91.52545975840818 5.399244357775544 78.74214559257797 60.96425898140342 -13.047345491040588 59.185044682668405 
53.45994537458728 -39.891112189748654 89.0971678630599 -78.60468993040546 -4.225290830859876 -8.69455178933218 95.88701323076626 75.79333575359144 3.399053643353483 25.123792205941413 -70.50209370313814 -81.82437836444774 -40.93192900554583 94.63019182166218 88.51955611527796 
-43.06645306082846 -50.201602548617764 -63.09176103889291 3.6448402909793742 -86.22689994872024 -72.7132450917298 -20.920164607171387 -65.34729767059628 90.14078042660415 -6.287407403495379 -86.41526994127618 68.12921680545847 -36.89263419673703 70.57726146043626 -36.003981934925044 
-37.48317451973517 -14.531217307938803 -5.694877472410127 4.053630363752433 -96.3670336440879 -19.067546130203382 -0.3638549756873175 4.941457009987332 69.17158455667726 -11.671617041690425 41.006149335238234 26.084507234383622 -45.325033666558426 -11.818108027687117 67.70064418921012 
42.81793090250511 -14.110663601582644 98.80307472223353 82.14392034548533 56.41809501298917 26.485278658063137 30.73309747372184 -61.053403200520705 -81.1912412799434 -98.20851209629502 -29.8570358124648 -59.98053514522057 94.5842695691509 -38.24221909160994 21.49986206113745 
79.56833908218144 -15.784878389478465 -36.38785931020576 89.74327117225266 -89.92930019866643 16.960728699210904 -81.74394153402325 -9.062707831605053 84.66662323054413 -30.662701348767897 -59.92008981046653 -94.57824160773438 -85.21192096570206 -81.20742004329657 -50.81856385750607 
-91.92753042547812 93.49484897082655 -21.968664218545356 19.723890865483625 58.6210669437651 -96.87304167833342 22.83327906104367 77.34340159917042 46.826663307443255 -59.36163536205892 -68.9803038458998 23.391926531216995 -15.071182075685357 76.05443520861013 18.094877196503802 
-53.26988836130096 -19.60388665806434 8.849445744769085 37.2550144904836 -62.31520568931117 3.1935579040784887 22.992127679562827 33.7620973451985 -27.258592687136527 18.110204873124786 -41.99525940772904 -3.2007076544488484 78.73111004357975 56.52724118230151 -38.74524389477196 
-14.730864337168185 -60.923955132979614 -13.753864241962404 64.03507099788197 5.189266761570494 -39.542992854382206 -53.49360133029562 86.7161496871519 -33.41078553764929 2.8801429317094005 -64.74537163190746 14.191343005151722 47.213469781243845 26.654348896364695 52.211773518904465 
80.14552168387127 77.47218918131688 -82.10650675327432 5.811678234913373 -57.946947709974175 -15.060154286137646 80.74861630720054 -2.6593129414967507 53.947935116572836 41.44843417731914 59.33382953705973 5.61625252672772 61.15736695951671 96.4161361942063 8.550560092263808 
-9.794461213360492 -60.77938358982846 30.880324923449336 -7.728898942046868 88.14334817492107 46.95124961152513 34.12030526813476 -63.151317044447744 99.10216488729935 41.26710254305877 78.71736752804625 -67.5590818383537 -28.990197179081775 89.54136080851617 -14.042420077627597 
23.115512422543418 69.99489314211479 34.48225605673005 5.337047692076638 -13.234946926895248 45.68155868549678 36.072080682262225 87.45144992477526 1.2265491574028715 -48.33885029865159 30.813788690561665 -33.50231727724487 30.791579697952756 73.43732786991959 -48.75027353594279 
-83.69901316845356 -77.96542660501964 13.412884310067241 32.899304316976185 80.26378863124717 -19.45400269542567 11.013017422008602 77.55782887446017 76.06443384611839 -7.144749779392924 -4.828859868249836 55.06074016502669 25.645545646612632 35.48480007847559 11.575882660872622 
66.35438387847557 -31.610128641498875 33.277272456110126 -49.63010815918969 -93.74819463595585 -94.00493653375739 -77.02380910014462 94.42062607562093 8.420907783398007 13.383856240884626 56.465151047793455 69.98930185233684 -15.548504805132495 49.53335062283395 18.686312889527244 
65.86613920914027 9.97051123344687 20.045212507304583 -14.326280896646466 -64.61222028379126 -95.475753808491 -64.24804154302868 -53.93546905988546 16.816681572910255 51.206851418604714 34.07775650762508 -98.43265489390932 -21.938977622665504 80.92315482582381 98.13101624130962 
64.57304472302022 -28.29939384018418 -65.92355642951564 69.8899015368049 -35.4593645524277 -88.86367572553868 28.739917168929594 43.91641375119352 -72.25753696413327 -18.50363726033362 -75.95673594003497 25.267883829854412 92.4256501984286 -92.88337618380709 31.970240331185238 
31.38833494943907 33.7522509098867 7.516774940277159 -36.579643903809036 -91.4449571130213 -75.22613533912086 75.35726864765212 -69.54568284278955 93.22422630610822 78.36614694323637 75.61505286975847 51.0550499565183 24.119548002053733 13.04123244617071 78.83071909407323 
89.51202857667397 16.07044883418584 98.80946209477946 23.312689404209053 44.85524806809818 92.2064042274398 -29.16975269401547 96.21453008147932 61.5720525521171 -39.80622309536614 -2.2748192395537217 -99.77001542775442 -3.605113419864381 -80.97280368385069 85.69484186534433 
82.75850295652643 97.09047497185122 1.8340268346434385 -71.19345185679828 -49.13854940336686 57.19034396795496 53.51872672938805 -64.03306310689443 -11.93359179324078 28.598240115494747 61.878281163308145 76.40387177028452 75.86465821347639 -76.36543592194931 -40.13176966047214 
-92.77897863377775 -91.94396600291788 -40.58201860071344 88.88601888356854 7.804106418263501 88.88394515883161 74.25880736314673 -98.81605992193552 -70.004850099997 65.11341594848884 -79.49290486549188 4.318893630338479 37.97100074679798 59.63588890025534 -29.055060003069173 
-74.4563389462186 31.49426940109791 -54.070750277480606 -3.4171085494434834 -43.88463406589649 22.18084492686185 -93.19811434741703 87.8158485836125 63.35271231439137 90.539729611409 -34.94555277282534 45.13183891276469 -65.21533129892211 -90.09838379208796 -29.998376708485026 
1.7752395842262132 5.30773148158022 5.882391860345493 64.98416568929451 -41.21322786294923 -97.96527466953238 45.09972886409139 28.016053748118935 59.97308016647386 -48.77492591093133 -17.990851818307064 -43.90668055135205 -75.80592033593192 97.41244085887831 73.63405089903614 
-98.56647301366537 -28.156315121907525 39.6387610125407 -29.089065231529403 3.0032649451125337 -49.252776358853545 -39.00004787589679 90.57732333052334 -71.4364616949279 -97.7321877833754 -70.41563901823301 -13.90386777830632 71.36771475218268 -98.93902833498444 -89.27006018765576 
63.46009688405351 18.94610486738742 -42.638947029560235 53.386818156509605 -99.73091502923934 10.043671630584171 71.26888367943522 -50.84200341460132 98.85869005496139 -75.45728964482466 -78.53259244752147 45.82961509600162 24.316228582997027 -5.847459437436314 -83.21406773233728 
-23.937419716304987 75.4516401768515 23.235563973898493 25.85149058934759 35.091911572776695 77.17877431096721 -97.1703559771452 98.94641166089312 -56.61455266453701 43.267358465140575 42.96330672327292 36.11113078364065 -43.44572790002661 64.28952902256896 88.85999898781512 
47.38271729923406 -63.72369824770201 -68.0729391156319 -49.47623262885787 39.58527780393308 28.40278574164833 -95.51183286414596 63.109792671355564 4.393362345951175 -7.795570483659958 -59.415153778128406 9.463706969391069 -65.81588456953381 63.20280393762519 -97.68307011515931 
-57.33844706874864 -77.56139532403986 90.58763262885577 -7.129122632972141 -51.56010471646029 64.470971340451 8.379129721947919 25.428949190784664 57.30562758475534 83.79633633932087 64.84424262745995 -38.742544138766746 26.52058182165237 -51.190857602636996 -23.85287720430651 
-60.123980965359806 -42.23280776752358 -76.09637984421593 -71.6120446365307 12.737101997628855 -13.845151752517907 -43.40401446137576 86.16165335496862 6.7517599459841335 -47.0311574470579 -61.21417380982221 -9.829307068854789 9.08183905787024 -86.26602575176629 36.19304968837898 
-7.403169364290235 -73.3204565910379 -89.4158193385648 62.557514562472676 -80.38682985291376 60.50728599653732 78.52418883108484 -24.635090633641198 19.12219830464086 -85.07266827370347 36.26931055738524 63.02798889461661 -98.41563498441346 56.659381606811905 -70.69700160003715 
-72.8451447391908 -81.39268606981342 30.868719695046337 28.226260094439795 69.18612255494386 63.021770334133464 31.33783360105079 -29.62789121715423 -38.513478791364705 82.89059854866181 -87.26944242750452 47.387887348758824 25.936187934393644 -33.68199630830304 23.545989565648014 
-14.471387136685294 -44.929273572475296 -24.169467723262386 -41.951412968822495 -45.69909647754364 7.977214313457324 59.818499398415014 57.19730814198715 -47.91968181330952 -8.832781605660116 -54.02247081431635 31.02850592401782 -61.76229140141103 36.975636470137886 53.46863690034823 
1.8589236586139748 99.11243225067383 57.2568344963569 87.40153465389676 92.04754154502223 29.80948084976191 -15.084531701333347 -23.498430353678643 24.703489148458857 44.72797682913071 -59.201324992298865 32.847185595727865 29.84869107778053 -19.59717979885673 90.52071499840667 
-9.809041733321237 -61.77927311878106 1.277264895151987 10.11734053847863 63.1830684584902 68.11979298100081 -59.604597307705575 19.361146782051605 20.162694937330002 6.248549218304092 -83.83189936360299 42.43238943666685 87.81183407449168 84.21023054846378 85.38950435734108 
-89.88210053366659 30.39666061684332 -59.59562006789201 60.18472955881566 -72.90076337742433 24.682079636988874 -17.3609454499438 32.21432183247816 84.83726525461273 2.7260960099509077 -34.43186546236625 29.024761551260866 16.008884002878716 8.967982688759918 0.8552300451159454 
-54.756971367769715 -30.3421246153125 15.440256322981512 -90.45329559964681 -89.40021068932337 93.93826267828464 87.8960010108706 -28.85886981733144 -38.95354348823108 -90.10035678479551 -9.466703895642496 -52.143692652206084 69.3625100231001 -47.201387896622336 -60.94877295766143 
-13.478235405505615 -74.13798183706575 -75.14332519044054 -92.06564005104153 36.95465448911273 91.04686557992596 -26.06055627769743 14.637912116394915 -59.357505914221996 58.386781415524325 -36.701559452981016 -29.8653681049269 -75.71476245784008 -96.00593128076542 -5.067066687212815 
-13.599646411516204 -5.751178570693739 30.01673708559707 -39.787679889247826 -29.39524517738539 25.481322594516584 -83.6061233618975 47.75393038137983 90.82822486279812 -70.76102243230315 -84.45054079088155 -86.210800930115 49.025560532023974 -85.11653364945452 55.0991786028294 
-64.62354090177536 -46.46050135519033 88.66749028703558 67.09523814800349 12.734884341960566 -84.50497421177043 -1.4552514288647274 86.70861325914743 95.40317633024748 42.09026010972531 -34.1809577921794 -29.31010740459253 -75.77633394350741 -61.88180789136608 -61.38202184407191 
23.387879009481978 83.50466122907045 60.93800742691832 -50.4428570567032 72.68135616356994 65.43920886229927 44.256732292154766 -19.89917543612782 68.70398874164522 96.46384317726768 -65.22465652072978 94.07254355986765 -99.27034323335613 -21.32746520876465 -82.72854285589463 
-81.33822468458965 -83.10906732145335 30.201360532503855 46.92162729136166 -88.03524364736599 70.65444006391536 -48.01545464561499 -12.046172887637184 78.81598926219993 -42.21682958598374 37.75192294591275 -99.15323878238307 86.6018989701291 9.588713352346062 -78.56793306612879 
-77.7956194776495 -70.60508301355735 92.98863651386674 -95.6668257928897 -36.11776403994129 -71.8281305310559 26.767542071579612 -37.28523500176048 34.15876368220461 5.4436664663993355 -34.13524598079751 90.39116593869062 83.92279586812359 89.32897051087843 -9.495175821050168 
60.060998818372695 34.923054003825314 -39.332726014360134 -48.16210792865956 60.741400688167005 99.43673243230197 -54.614009371421155 -19.90053168206127 60.47153851709356 41.502553206643455 13.299566157416137 71.0452408115089 -16.291171374933924 -85.14343028783102 -52.70283382230585 
1.9569476325947903 -59.50180582450668 -58.58615165939916 97.02315506901743 39.41980463846102 14.427101979572711 -1.23749603840686 15.519577065209745 1.4687751332477461 -96.51837316529164 -47.804766905366435 80.2162997034626 -44.85894420218111 86.85428810041927 -42.64586902336982 
-28.334937362586672 12.703160712734046 -63.96405755726029 16.178382036368873 -66.08937339948757 63.071048046613754 25.949011932096596 87.88987211031974 51.700410360919335 87.40113483383067 -97.86603931878572 28.120635827232746 59.02304475602995 -76.44057854295076 34.995229909183735 
69.90896439824357 7.951045472245795 -89.54857241444603 2.2148685274760993 -41.13594229865449 61.49821307409724 73.68041669076001 -39.66953903949295 -73.20600624741218 10.678789647038698 80.26097549056942 17.995534074395266 -21.874728084453295 -3.7147184531251867 50.19682098492146 
39.29876498756008 -90.38937981796474 82.634431994822 88.48826091435257 82.8927921390713 -43.5242372101039 -34.47314634773997 36.80712521735953 -36.81992123494167 24.616623288693717 -35.092765306439986 -59.351758537183706 69.5016857787345 73.11792303461039 90.96281164808667 
-39.4276756093014 -37.786887294394674 66.31693771033673 66.94098215824772 -96.552547656949 -38.93863253823368 -62.34454895487387 -85.81594588858556 58.34580805526073 53.399843124400974 -89.1712000105407 52.85305744854128 68.04414730777978 -42.337021085688576 -50.456493737657084 
11.566343392389314 68.2057997440057 48.3786542956432 63.170724270934585 93.47211031589586 11.017294210715662 -73.75940408827562 10.332646910585552 -41.76087191482536 -9.643905646593765 55.18004342407022 -1.3605532745833386 -54.960595141648085 43.44958261036504 25.227949033080094 
-55.70112871957866 99.86038022134699 -99.42106274466079 -18.76709497403357 38.23638251522823 90.36804138685264 -99.93507838428467 -98.42708378040821 -97.55592718714388 26.90926109637715 -82.11153430694247 -49.800049704914294 -37.30497671289241 19.503340930298748 -21.10390679962306 
42.85722402910841 67.85765403638047 -0.7754768279157673 -8.14409540487297 10.073776313965382 68.55098426659507 -92.51578737817047 50.68522204642352 15.591363755489766 -76.49979624050316 -53.15565464118912 -57.44645872681393 -91.32235242804812 85.75299972283145 -0.9184576501280333 
47.839298109892695 -77.9077296518909 78.5377104537186 -10.716348434667793 39.28345771079162 28.55824307660035 -51.08581499346929 32.7708374979332 13.206773225197537 73.14104980692147 -20.591323807848568 34.347214014583784 51.463108894156846 35.51571461100232 -31.95210157331796 
-75.40609811975048 71.33186067047521 84.02543454756491 -90.57687262382224 90.07767113577708 -93.48042577412483 -7.716404716897912 82.45114743344237 58.46367953489147 -14.758940534428703 15.81709034929655 -65.90317564721224 5.930844292974797 -27.90575728622035 36.223837704069865 
43.40928703509411 62.21878139773574 -25.13889647765248 71.51317906220737 3.3380413293571394 -14.09764230733947 -26.531406511251234 -95.56716072631168 43.87602915658678 16.925931071589574 58.23201389636904 79.9081991122053 -56.83106621976022 37.74471036894303 5.312762064067982 
-44.94150512795723 -34.81525197897129 -91.67929967963211 92.98730154910268 78.39054784754555 -76.18614130116823 92.34329352803218 -40.2571788635252 -23.670852466564526 -63.12130425701192 82.13251703805847 -2.983139994176696 69.50120097769323 -6.181882105621 -98.48814156177073 
72.23895990096227 46.82924856216232 15.709243846856609 -22.81975059163382 -55.700371099639234 29.518108756666834 -51.46334617522841 -38.48981591379612 63.32005559624224 -45.15508707841165 18.60931372118489 -21.67369523962526 -82.24104484854004 -17.659253571771586 -42.426580408995584 
-44.78752416316845 29.192981342343813 -78.11706928671845 -36.38300280719014 -81.91385767895241 51.223242938224445 -71.89514255328984 51.98809471680977 8.469264416724883 -16.14893460916025 95.30175573619078 -39.57187228843586 7.068710574802935 29.171017494365202 61.09010394886144 
52.579105612290164 -77.92473258281458 -93.62286947136762 -97.28308373056174 61.45925597555592 -98.60107288365796 41.182721863878214 -34.9335897021368 -9.363314897388179 -22.436480523668223 43.084189323590664 99.36215409950404 -97.14952719817937 -49.8574372595542 -2.38368644355522 
-34.382531754053076 -45.08689263261303 46.901541184638916 53.39442344381041 -71.52007263461013 -49.324155210983236 78.88616209578515 99.27213250335942 34.17085411558304 6.102359629628353 -73.2227204508755 -91.39652161426986 5.305197922942057 29.035613776539265 -84.95531730919588 
-86.97122139516446 -25.205512972770876 -56.36679311358064 29.650608081618998 73.5636044857107 8.247608274020294 4.356006223182945 71.05500295154832 -32.292144971605225 -85.95503623989605 21.514989949503246 -44.78226279275219 -39.39961597302894 78.13890753772682 -81.96872199654493 
99.76795698521656 61.077323858622805 -73.20110947231721 39.95842792105634 35.06733099375043 -2.5853293469346283 95.45917660458005 64.52466308778162 95.07387374835315 66.18518544160236 1.0181337651386855 -12.363846011815568 56.26284973516741 73.6002243045616 -62.205355512206516 
40.01567360473149 -54.8410506876122 -72.09142972172225 -71.19529363056725 -80.38762954977842 5.429274414740348 25.802994615030755 45.33204886740285 -30.270914593855153 -90.43592567633682 -91.28314718818287 2.1709521854421467 59.40211356413306 -93.05491472234128 -39.26780014504811 
211.5204935279258 210.64524218678844 270.9262734495968 245.456779393768 222.69026835763142 232.84884140349476 272.74705982568236 264.59577299234275 292.31530301512294 287.4514393555971 288.79218434971983 264.90671398616024 280.49385716471664 285.08968721767076 242.98046745392523 
246.25826349129878 287.690074647774 233.70317197385916 281.88705054358036 296.0045862453983 299.14590801879325 201.24111429434438 266.2494120786347 284.05963130972793 210.2996523076241 223.34119246636934 284.70046143552764 215.58278649706088 285.70997862850754 232.96929023058073 
223.03372691526457 249.1672066632399 271.44302444157455 284.36753033077855 217.30314719130843 262.6262367965439 207.86890296179732 253.40389798046624 298.7004915596872 286.12462134333634 212.78793028660593 286.97768014318945 248.43737842601928 227.59426922529556 218.9710906734078 
-285.7174419469926 -208.6015339485549 -239.4349850262127 -243.24336562408567 -248.22474041293 -255.00312410523193 -224.46465693235865 -280.8157425921649 -285.10003213590767 -279.3449819687249 -268.3607961528954 -215.7607330442076 -281.03881709867153 -276.6483516656301 -261.36259349379367 
-289.16557800203566 -231.0600953118938 -208.60986416469967 -295.93140321024885 -224.33788614681936 -231.5053132714869 -233.0965937136948 -273.2179923798308 -216.6746200270266 -292.2057746392401 -225.0599194542192 -242.727131579964 -277.13834702493386 -236.91824783489108 -227.4751127260148 
-277.7147356122073 -217.6605798566778 -249.0761434725578 -262.088459762883 -249.63482801324875 -298.9491569469828 -293.19568524145325 -285.6510876501458 -214.02887247758912 -224.74315992040624 -221.75964926647328 -268.16267721274914 -252.69497844422523 -288.7884200448714 -211.30324122695123 
