26.378222707468353 -82.48880609627582 53.440740814046336 -10.794485859518545 -46.62235722523278 10.787709260273544 -63.224400366210375 46.692246479618746 -14.27592049126234 88.01172555663646 -21.791578845711484 -60.839838620848056 82.97395412158005 -69.0101760750391 -46.57095284161694 
-86.19763349476332 75.74845508727552 -98.9397885913445 80.83747609590702 -81.03196715466392 64.89202247644621 -42.16810494051146 -41.03506459287771 -61.21387321393124 58.433081265074605 -2.84195005074983 70.29353547458538 19.987327455481022 59.560944006602796 64.50868155858868 
-74.5922944898202 99.94393579963116 -9.297855149620887 -35.220435382672704 41.44333537473145 -98.49391465221105 76.86009080675487 33.88980243227195 54.463176594870504 22.907893181630982 -94.18371291652275 -0.21689995728047506 31.472298413488943 77.96261570883769 3.4170897122821344 
37.42748723600934 -55.378352473558465 -51.221631210740306 78.99110173970337 -0.3621606153338064 87.48429424622088 6.9617048795117284 -31.032508330096277 15.72040219496995 -38.25067344438098 -40.957910721233006 -80.27222529176146 54.711387531354774 -82.40327752405378 -88.24017854331909 
22.277866648792923 -71.8424896578518 -90.38288913505488 -90.99388359329743 -75.94293855594876 47.89493433596044 97.80748493831368 -12.005078967683033 -74.92501731944465 -31.327986334980423 -22.08425136139833 46.65533000135056 43.240339916964075 -8.911246130720457 89.19445921143631 
-48.65719605085068 89.01754688344005 15.999496440918008 -3.5100158651963653 -81.22117373933504 44.7069454888113 -54.35582207064018 39.27068059587663 -21.653657991565424 -24.93457031436128 -11.332235366288828 -76.32859311314385 34.70700911230452 21.321447064509243 -25.853473628537472 
-91.92651402849381 65.79181104556426 99.28914923322665 -30.041941694278165 -73.80616639587538 -5.4316672932367 -46.19853299414485 25.015744107950994 -16.988433331858175 -69.51074778051222 -29.8936322715103 -70.70840547848228 -96.59937489571135 28.987026088084292 -43.88337289430204 
12.823991868362853 -51.56893941379597 39.54070476038706 -43.65547324692747 58.01048856638823 31.232949996586086 -4.532892160812295 -33.12640015739096 78.86977010873264 4.996249673667208 1.7517742202499704 0.4674849559287395 86.29894009068809 -94.0144065161513 10.754617371001899 
-2.860360713683093 -46.8175352800077 -16.373361284566613 -68.44834335530365 0.6388577164862141 -60.185643957299504 25.35844954767741 71.36664727805922 61.60142074824594 -49.47433940411996 56.820117344619945 66.96494373199329 -89.65553396449761 51.081334031580695 3.787231428748356 
-43.90757063805748 18.975855718338778 65.64904248947047 -98.77896713817678 -19.94329621904656 -77.77144328794611 86.45003587993261 -18.219900695171148 -57.4884423248005 18.283672184432206 74.08878977123584 -68.21722732207785 22.775851081887737 50.67792306836273 20.385447120158744 
65.83290904144764 -96.6557096070962 33.52206168327524 38.52066037931564 1.2572828627269672 98.33844815184659 82.04631317769639 18.81707090463196 -4.553331217302571 28.056538789959717 -85.66542476746835 -67.61397572541645 -62.34283504988616 61.1895229470191 74.11416427769646 
-70.49329495271232 -51.5990980460292 56.52610979696266 -8.274762322509346 -98.37368517637711 54.31849421523145 -86.2954686943393 14.576303634004532 -51.38631206803039 -86.39880339872062 77.52219615206991 -62.416962886807624 -38.44556105382313 57.89611464681289 -14.739749065278346 
-76.14382116721745 14.514314823651247 -16.0580216595108 88.53715218587516 22.46382469884894 20.706169979155547 58.8951305361816 -17.44094515665877 -14.237281777111704 82.29726789232294 31.267735689397597 -89.53785078258669 74.05622654391956 -47.7149175404858 -6.811042898723187 
-28.918100428028225 72.09429767025307 18.89597560904106 -27.534724670062644 -66.0852465290799 -12.48335714809781 69.43728165743809 -12.604009314160308 -21.673674575339504 -65.83592966127216 92.79164872656517 13.9396154870375 99.46322562054272 -28.501362929568756 26.982454982096257 
81.86403018938663 63.43794802599567 -8.273638032240285 0.4062969444161695 -88.73317923187321 -35.11590990178195 6.406787557827826 70.56259666732379 -43.6345038541472 58.08248193624826 -39.194145698027015 45.621849359023884 -0.8269271097313577 38.86128080135336 -98.67010909797416 
-13.480284544451308 -25.98044352095947 -56.1739272077272 -74.4494454010906 -10.294426977806182 14.729769286262012 -66.35688725203318 0.6101216212458667 49.12294295140836 22.79820949385602 3.781661122778786 -47.73720447206149 5.286929300091799 64.02996557094036 -12.981921227371245 
-99.47337635187834 50.464783357676396 73.97255757568385 55.429134062123836 38.11331471485232 24.85426450091559 40.63962581288351 -71.05394656674429 -77.54474987020822 -79.12983119066368 63.10396947581572 -86.42385796028378 15.552607275530377 -23.848938252314426 -15.123224397411335 
-66.44068356433883 97.98836238538775 -50.55278920637174 -23.460134508879875 84.1299506901797 59.90193638909608 65.97743031315667 57.455679480163724 78.53322118612982 94.98501224844267 28.441735980847568 83.97965419785086 -0.9382853373320046 -34.073246996564095 21.30063737636496 
-15.974522283074705 -68.24340064919858 11.370380438172774 -33.15009924039572 32.631384595607585 -48.23541223717716 48.31536802962384 -50.926242667587694 86.49914971460342 78.97089135504675 66.41353110242645 -64.5230566365631 93.0435349733794 2.663318642494133 -39.51937375172274 
59.682125799913194 -66.54491882212005 -28.978418962393746 45.34655771528392 76.22244568559651 4.07859398039507 -39.306418742478755 -82.01501248621923 -42.73655490961552 8.517844835405583 -34.6180646467261 45.613682786022224 -85.24380162141931 19.771069256637645 -78.20794260277333 
6.3650258385580685 -71.82383295917188 80.15970382611127 70.13361667415799 -73.62155138383963 3.982498937006639 -58.32345647801984 -8.548151769431271 -39.975138286350884 -65.47208578289565 3.2676392689461693 60.486908144910245 96.98568520331665 69.95869723595018 59.277042017508535 
-32.93620377056324 17.91654509138685 50.755342352523115 -14.545423318112014 -40.35248854350082 -62.331345437245034 -95.56938164519124 -54.27255682480671 9.97635108645163 43.34688325787408 44.228857739196144 11.901948767905594 -17.659920316379726 -58.185179833557044 25.76010016456101 
-20.00509291640087 11.348912445590315 1.591082572673912 -68.98072700281153 -3.7868294213189415 -79.33887617008857 -78.542411420344 46.376874623722244 -45.440018287619786 50.33744097778663 -44.56278317231621 38.50309489338167 -35.83124763813623 -58.02632389338422 11.27432150560199 
-19.773907447409528 11.310194195862522 -40.95175573629668 -28.969429397386605 62.78885071648702 -0.5516178171002082 94.47428462388754 55.830993773559015 -26.491198186331772 11.80602216179156 -56.50379527946572 56.22252314622435 32.49469475946191 -58.447782561973405 61.215220697770576 
87.8079205053898 55.58819057846026 -51.939853740124995 60.18694724492667 -30.83116109851865 74.94651440747046 85.09699095873353 -58.22700437627084 30.61645162962506 -13.945832148161188 67.86927551992636 -17.472805237866652 53.76734167843955 48.38712602148087 -64.83906664544591 
-58.305790342551234 38.9269080574542 56.95768923044491 45.30107147502389 -23.113981251324844 35.285910399876144 85.05374817865064 25.113348679083217 -18.946125128248696 14.504106881223123 -36.300283770311694 -41.767528549017285 -57.887308982736975 98.26619496017736 -1.5052953839331593 
-41.85172816039806 -97.39612076907571 -69.20362402772363 -23.776878640415575 64.11269773690657 -52.27616958455228 16.707437053069867 -82.87262936227972 -75.70530671876632 -33.27154225205639 -87.01895261771642 54.63824885775094 -98.6724767165027 -75.51488909134041 58.76685022127924 
-72.32760339334241 -39.759477775346895 57.150867855770684 -8.106108245011413 -80.21465188316765 12.059540588709794 -44.23404833194973 -12.2721589838699 -29.435167784400804 19.281248834005083 -42.37394181303327 -61.40269294730045 -78.73783874002827 17.24570301965676 28.385280270335755 
-61.84944280897513 -65.74278835530971 78.71827056328854 -32.75537610075703 -33.91564343959446 -53.32541633193102 -94.7940719695134 61.16193250672535 29.35391677127771 79.53378256050917 51.204297519161145 99.84879291310617 -50.02008500071922 -77.53207449531656 67.55533375588897 
-96.83890251392087 81.09080038741382 56.7919183362271 25.453975386374324 56.74954918613878 -63.435605243888936 -6.855578615761004 -2.2989690317724722 64.7523312429889 -51.6175533859474 69.81682910674837 -72.07665518262654 -85.76395241348638 47.58474583317309 56.715847722437104 
-28.529700400252352 91.64534416817222 58.1251688452318 -39.742022425619304 -27.742156415899018 60.99739184445852 -3.6463218614061645 -56.976099125928734 -54.50884123250497 2.6816252025130467 35.23865066243508 16.280449062443083 89.02889583146714 64.78566812277967 57.74595730096763 
-33.656505808261 -7.461840953854178 7.6157764737787375 -54.43056953790914 90.461436384405 25.059399980151895 -87.15947210619528 -95.19944894359273 -87.75622294045013 17.917392880682954 52.57245245336452 -88.95398556072898 0.1779261545113826 -4.769855743712853 -89.17352561778628 
-11.174652951076908 52.66930880243217 -36.52763557763823 -97.63448416623743 -81.48078174637126 -36.08372495205814 94.47053390917651 -23.271261612701764 87.08813091206824 4.122491052427478 49.03223686959163 -0.047693542047937854 9.418370341742303 -36.123515448476006 -18.95715703170586 
-34.940162365483246 -40.741364273783674 -14.971723311152928 -23.237778050227305 -28.384984601240475 44.65159923055211 -30.675648457862152 28.59923822862055 -19.858170563087853 63.960107199218584 64.62109677218149 -64.50979480772914 33.29185270874942 39.97210709774885 -56.4246130496894 
-43.88685517018664 65.07802903254992 16.53019566020575 69.82045094024417 12.589042754171984 11.484129602039957 -34.34293329616021 92.4812747707889 -95.65589386501779 51.52255330910947 -35.56125988297627 96.33786197285673 38.02075085791168 36.25859027098912 -93.55790813278517 
-36.63963582715588 75.94783513531064 21.172621059791453 -86.92132121761296 61.831369736919584 -55.614747271086706 63.542764983975786 26.60091833543119 -60.18323734708409 43.2264866463874 -5.387436695124876 61.30963083208388 73.28239189567819 57.285349558750966 87.66559730039975 
77.81571954003061 -35.32212343236567 -70.62201425125389 -13.073194648599767 -33.79068063564306 -31.565876857970437 36.55127284616114 -71.32200816146454 -29.721038125327553 -69.77552559340839 -7.270573306471832 67.47510036451155 31.087884417671404 65.73903100534261 99.76864999953878 
-85.17687552275851 78.78290740346651 88.20446839211073 -11.26747764506753 -63.57100032028966 37.10809861275453 98.81975465008043 40.081357573889136 73.20016389654054 37.129124735110906 34.750979059198386 -17.588405143859404 -45.0233147256488 15.201008279716888 -16.339322540241824 
60.681671439427504 88.56052075558898 38.81186143514219 70.44965368668363 87.47015317905033 -92.78085535153463 -94.27548441121947 89.7249134056986 -58.406331658049695 40.92089248617947 -48.59092690495353 -21.257876924345467 -48.29507498723758 -79.42090055160085 28.51415059393085 
-56.52705902736015 -41.595411426210084 -61.63436657938524 25.80767534530031 34.099523842152536 20.74487535488268 20.31557119395309 39.12527252413739 21.24668259721618 16.337818462064035 -63.71581153391301 -6.29597437846931 -76.3344635247134 50.1088452590447 93.24754263885626 
-35.888186001102056 -17.625257366198397 -62.028858955061274 41.606870080977444 47.087836671057886 63.69781661874768 80.22337970148357 21.63097282611845 -62.66521734571777 -65.53120687576266 -80.14923004593015 67.98062585427982 -22.59151707817115 81.09769994293637 46.190969668470814 
-26.382892151212232 -67.75783137127691 -97.90307612017317 44.092180181802775 -75.23381683751265 75.46633886679624 9.189087903576038 48.16068078088915 14.53030945654821 -83.55535060011452 -35.90812532398584 -3.077838148781737 -24.73797351398848 17.407643615160623 90.53221136163376 
-44.92392732681596 -25.25524528488326 -60.082129221109184 -74.03484363688202 39.20279726464247 -15.454181908737723 -3.474039884912685 46.98418263092486 26.799509070486693 1.517538172432694 31.18473318777893 -62.477651133302125 29.545146787392298 84.84121818976712 32.17869924059505 
-97.2770560325763 -96.94078285374495 -93.24507546445548 55.82026234439857 60.6354877375382 11.944086913003815 -46.299112746485264 33.57993472790699 27.985267587694523 -59.91555690016581 -4.344733715975124 9.912411834589648 -89.04530590934144 -12.770184898006718 -12.414245793291272 
20.486850224590825 -75.94633828252732 -93.469981464705 -70.2970436213985 30.85166925714637 87.50121412567279 -32.90729428444301 -46.29345987153257 14.670478586958652 87.73776803283965 73.06441530583899 -74.49567272070246 -81.25477639924539 71.96009101695137 -17.766975074973644 
-62.14472232833468 -39.45748708815611 27.636981036553877 -94.10535455264596 80.34422519567366 -81.47978606858888 12.544603131902974 25.403570673922403 -11.40598877252863 -8.969158377211613 52.56334980749037 78.14229382140815 19.697891668069985 -20.17289545824481 -21.559272043062762 
39.21884731928429 89.67593042532184 51.003395525453556 -77.56766882636863 91.29599764260556 -95.22164358922554 -77.14389722526798 93.26226462587695 -25.211808686461538 -16.07434887450394 -61.647085687121674 84.86717317652185 -50.020509279176025 6.440900838604733 65.62697504187659 
75.92156302733719 -0.6601829072182994 94.10854460536845 62.03247933137274 63.82142371463081 82.53517204234589 35.06588652262454 64.6107280653923 2.11850400035884 75.35091207005124 -68.60657875383811 -97.94680963899702 -19.114389094685677 -93.2363655891268 51.844985876958845 
-91.67390473981338 -83.19306625419638 -62.965717690309035 63.801442720110686 37.96580522104881 -7.421211780323517 2.357887865593412 6.878292788387981 -86.98380452064998 -42.68144951261519 -92.32414548813148 -98.46653577752411 -15.885832487324464 -95.66685581576364 0.9579000989269986 
49.014437163030635 80.8545079432389 -58.4375424183863 64.94933032115642 81.83001592833361 -57.0583254834939 75.9452742415088 81.4080274800832 5.443022326680264 3.2248209526643876 8.596594558353715 -70.37905539011629 -2.1076505795016374 -29.228034376696854 0.8642151348072815 
96.03478203245086 16.83236289492862 -85.49689211665714 44.939345932072285 -51.01416341019333 -4.85239714342687 -75.95271306183562 -24.188163892153966 49.61299031060602 -6.502103288559113 -9.18851467694833 77.89511518151454 15.03827495665982 -2.9754984122242263 -10.421893247374967 
13.57329591997005 8.9515731413574 59.01549269535039 93.84641584499724 16.046338324974045 -58.92793107526244 -1.1467939840094914 45.93723258347782 -89.03911755692748 69.55715069410039 31.877941555860502 -82.27092386335875 -72.29193329208047 -23.49805314727091 -12.34470106699166 
73.79576756452275 12.668740702299417 -86.81297770419161 64.62413032520388 -97.70301147064193 -52.55394656123593 87.15301561384621 -51.76510107031829 -40.61421101907543 38.54321833351881 72.04116257579506 -85.61954366415338 23.12339738734633 4.239865329565646 -60.77066028200522 
69.15295702503306 -14.912141450874714 -74.05399577528237 17.607313568662804 68.95604622935002 -95.8181311273609 40.168424982865986 -73.07508741392412 44.574525311701535 -54.664673315372546 63.51339449162447 4.392525560550268 23.614928323034107 -21.441326464459067 -47.25797593745447 
41.974075593277746 -1.7789947563029216 -81.77068115628705 -17.881186773824737 48.28573316822357 -65.74961701140666 -93.23911025944874 34.938739776787855 6.0459107705626 18.3309519495143 -30.17643179153569 -18.37419351733547 -44.83866092083411 -36.707571997192545 -71.29680703625456 
21.98184400553302 94.00621815555249 13.116345790087934 79.97764966872182 43.88182764621368 80.73940067118602 2.3288617065516632 -88.37408471840907 92.73771068636515 -53.653146359327806 -84.44767190725034 12.81449461608375 36.6264090113163 -18.205111856448198 28.00538924427525 
73.90027100210145 -84.05456537884557 -35.234628859219356 18.332087076162722 -40.490616584743556 -3.9776457818357187 -60.45779939035838 9.586062642816003 81.69622273412674 -33.30840864897668 -74.89381322576993 42.86238132961941 0.7667269536721193 89.25311669599463 84.52432292724109 
-60.92232509467785 -97.50434350657554 -70.73066216618066 -80.07110727021475 80.03508636715236 55.251000210068355 11.000475520900025 -46.62019835843465 -99.72586600669584 -15.520091413255699 -49.499277113615435 53.583683796699034 11.735190303844362 77.16892349001071 50.2300613790413 
-27.787172395155295 74.00151554089618 93.89381340472355 84.52503795093986 -95.63107342201513 -47.30656142985339 -26.431618571029873 64.49453029552498 -12.091655795680325 25.165602003652722 -0.008740735530238908 17.18231292758439 13.271525654410766 -31.061204311171522 44.95702868312216 
87.22861906435543 2.7827090616745664 54.86999604299177 94.23419601992188 -60.76574138508406 25.070469900373666 -67.86679162309366 62.722328683784866 -36.54737666823424 -15.438710596670461 20.480566026176007 23.225332665467377 39.38756641880988 -42.03254066583426 83.20004440761349 
76.43179873200913 16.454867077537898 14.865470566173983 54.59975291192407 84.48290316960413 3.800968608651445 -77.53861065135064 -38.568954036964456 84.92479458583765 -12.247745124169526 -64.30294544191197 29.34883984308769 -80.72001932138939 23.217563706960448 -95.69350062837496 
-3.528815572379699 77.67504278834804 -14.822114003122252 -48.24161122200186 -13.459431016967585 62.287245140637424 50.66741937776243 -78.57321945004682 -74.14470477514534 72.19025651658094 -59.572824997237085 -28.68092835320948 5.020044873358501 -64.05788969062338 96.00302579675329 
1.544066507439652 -69.52679939258424 -90.10462572898119 63.56707790091568 58.55991543474747 -18.287711925470873 -50.15732031448361 61.33215934063921 -49.93029407527947 -84.03030415837833 -42.044888256830994 55.38436592261286 80.26147154952471 58.23410077289341 98.31576968095789 
-18.492164515156475 -4.26640784795778 -53.74638825876519 -59.67130872328508 -87.439171972968 -65.67886304783323 94.62598297884557 81.23564654814984 62.049109095059066 -9.314219675357393 -79.01243054305453 53.301354386562195 -18.975187195853806 68.64256620554306 -97.10909707252877 
22.900370367840054 9.674794652499699 50.62396970782547 -89.51061699803606 -47.133328584599596 37.38468713555412 6.141541462786321 17.264575643460958 -34.46263409409163 -23.52784642983869 5.747860801495165 23.332726494564398 -64.74081910812745 2.6017534552257473 33.48437065596215 
4.911220278473948 97.09771489709479 24.063415272265715 -71.7858018163418 -54.08983407408354 -5.569572950232853 -96.01180710768287 -66.85444116699125 54.53880624344362 51.89433987346058 -29.5927150750896 -21.759237499505105 20.805109514149933 0.24605629518363514 5.897112109721476 
-72.39109687762752 25.07116169644921 1.1923002977177077 85.71414340453146 44.19502592660919 24.269931925094795 -85.29207339248318 -9.817228480547044 -91.64599362892159 98.60951202409544 73.73348253360263 -3.043220015060413 -23.30100357102694 -20.556945514393846 16.407184715319232 
10.386102509829072 65.82694576945764 -5.507828879426469 25.579415557673755 -43.559552809287226 -21.074912927624155 96.96865743201636 21.032907343124123 -62.422990499279884 -16.704215322985178 -26.311210298187476 -47.734498072367785 -12.601994869366038 46.62191622348638 78.45517028507848 
37.372205064377454 59.6836543232553 -32.16362293845836 26.157406735043025 0.45221722541444365 59.92774743715958 58.013515095008074 -21.222205469811257 -26.710864773115304 -52.92449952918361 -12.319824229877028 62.72714558264602 34.66450660584667 53.595459755695515 11.507041107334913 
-89.60056999234516 7.7904730089519205 -52.588820823923065 -77.8442534575197 66.15794550416942 83.48481078571555 -77.91455899463273 78.67586270320726 65.5420834858241 -53.59105080604112 -72.45518624969718 12.97644478796542 -44.30864872070075 -73.74503404189593 6.970501456317166 
-92.10262130459677 63.222156624690314 32.128717386590125 58.059001442157864 -32.14704332684988 1.293549758786213 -89.74427258982045 88.07150650987688 -30.061899250878454 39.07122110247877 34.798831107250265 37.684508628376506 -62.72566816134566 71.90256150057513 -20.274697032451343 
90.58188499069064 31.878901844812475 87.56811862328112 -45.11670554992024 -34.78653250887069 10.174251001741325 -70.09964097431727 91.48420440042975 -14.533361877550504 -29.242569453965956 18.470422107613004 -33.12951207435874 -69.97112466231468 37.04564998031742 -54.89724235371985 
-70.65577431733357 -66.87112101431319 -89.65828955288751 -74.11323846767739 90.71009949697014 -70.3857620115637 11.532100907974652 -7.956478974099085 -66.93392674775328 59.04125135084507 98.24251282550841 39.56542247559736 93.88403026519777 52.571125561708925 12.94431451890263 
-38.995311103167765 -15.865854297043768 -70.41407645453937 -57.283470405347984 -21.233127221916064 -67.71747480266268 67.39107957949159 53.385982617502975 58.87457962427766 -38.59470158629528 61.22622368979037 62.885557888603074 18.830438899346007 -97.19180099589543 0.324461935059972 
-21.00413956962295 -89.8906220566454 -49.33001704874152 2.3373737088554094 -41.45006920387382 -66.42119276518805 19.57763943484136 6.498859998711197 99.65560851031401 93.3072807487651 17.225948282390235 -7.528361357403824 -18.495633867066303 41.86761138276137 9.817015606008113 
47.39660585297568 -14.029762029247749 44.93601113165485 -26.20227350549112 -3.173973458431462 -24.345837898543053 -72.81583925365562 69.13602140092888 -90.02233706842502 28.020906945849532 -76.76398202455898 -26.245759915027065 -1.4702597237080965 71.68380411817154 -90.77903869544137 
34.40213527342911 54.52597623277791 34.270138780047375 70.75758524489271 99.39530215591267 56.27791264614231 -75.31877949728772 19.135087487771244 12.126219687417176 -83.47462923321771 -98.08765098535332 36.234070355469925 -94.46303235007423 -2.555818912287066 -19.798326613452772 
-6.901149825241674 49.898760481652346 -85.7207409828297 26.230508513606438 87.3527592085484 95.16270882373658 52.18637484574654 -76.82591143735354 -91.81797457251861 94.44626333607928 -48.87926642149682 7.123718417430979 55.34539448690023 -22.450550223602335 -45.798011064322594 
-28.646827821272396 -44.72235247694785 -83.03035669155602 -48.22130066347443 24.395351926779483 -80.51734208037647 67.75610810565408 9.85640378513095 -35.527924098949185 40.83305436435356 -15.833826065840782 -21.76043978511821 73.74739492916987 0.0005446284581296368 -81.79640465624408 
35.40645665716963 25.180677708724716 -35.44768500943725 56.6022909370333 48.24404721393921 -34.404543271404165 -9.540394209826559 -82.82947423435749 7.353821525480967 77.19039543369911 -31.665944758224057 -0.4972055895833023 -96.34141865899149 37.19586066914954 -54.26621340076893 
-18.846375375888044 17.548869761504363 9.49158768028073 -22.594538956141406 65.94483649279411 52.63180442526294 52.61837227415023 50.44218688427006 -93.16992454829978 -84.30497931509538 -92.43532113745698 -57.25821723616558 -17.277842566814087 -37.9081110839913 -81.76557857243782 
37.83977629770919 -93.93174389236513 52.829601949148156 67.62083638578434 -29.171061157015913 45.79675110667412 -90.94821743944104 73.15702413738794 -24.444709488563745 64.89643872655228 -16.17617168181407 88.2498310099771 26.986039285653305 18.46862519171701 -62.04432805766786 
26.100500260561233 31.214775707242524 45.3107184017411 98.62684724317049 4.223572943702607 57.407411027022704 -58.51850226513222 -3.494231663597546 85.83181285344494 -14.29698334553062 -23.954236993999615 63.93174848379962 9.635030327204163 64.61812931307526 -37.998129740769926 
97.63184313486119 60.42079729223485 -46.47267633838086 -74.23348144503021 55.69825286270026 69.29745185221591 -27.133918182186136 -59.29011070691932 90.78753498264695 79.27807869056784 72.54063904281648 80.02041947829528 -39.287811462356295 22.67947543714513 -96.3368706044718 
94.49868108317352 37.87797829551843 -32.24264986179904 -4.292910128401786 -21.967338138564088 43.31980396418555 -57.3266523350197 -91.26451581122845 -83.82202356632541 15.004997173979689 -96.75217820712221 37.97135547953599 -2.8444369041056063 -23.554856811047003 -56.32845361983405 
59.56830596816266 32.576291023465046 20.709235988350343 27.60385958369507 51.95666488557487 -20.89685772963996 87.45564757792187 73.37194805901945 69.45932378252022 67.44288483335148 -80.65200289239078 83.89000167704873 -86.32556856989994 -17.010965632687288 47.22830412196646 
-62.342036133920665 -70.65846274006897 23.231959033195267 49.75025826429476 9.533767109078724 -11.032115546023817 -50.73992326217365 23.704933772442786 -14.406685495439419 35.56337185877271 1.507587027610839 66.89946784710818 -82.62772021088645 -7.925652412418586 86.89302556392079 
37.00030820369122 -67.7512959433868 64.15201423428925 26.251885703332547 -97.27186496537081 -47.248340796704746 -92.70261363506675 -83.42757604863793 -45.07306693726392 19.121516637186616 62.08128072993691 79.13997198613123 -40.93460585855435 -24.800735135740013 61.054159589387126 
-32.75869190550236 94.04589884200672 -80.65110911541339 -27.992241175451298 25.33603184822904 -1.6485254793153103 -67.926139972004 -23.604163330510985 20.318022095617437 -11.868912281277659 43.040701848856344 73.59349674927967 5.794748209308139 74.10825685708008 1.633702865872479 
58.60885018394421 56.83377371386851 -90.83729624884343 -77.31692198274753 -57.16732136584921 58.490772373739645 -13.491970196136592 -24.40346490692113 -84.60585524572322 -41.627807128626394 -84.72192459724972 -51.38292885842699 -11.730929841672804 -53.658743162131415 -92.32489768660632 
-38.37621301436138 -98.91511433119902 68.353789809013 -44.38098849304881 55.65529339445004 -9.28882593360683 88.55208142501994 39.45195946006149 -58.82055008950275 -61.73012087479242 58.74637903605054 -20.237013513447067 46.13363874014482 -18.831602592571613 50.097560355280336 
32.31417995535645 24.154707027758235 61.262778313264334 -82.09973137840794 -22.97096727888683 57.44731212493724 36.10519104845096 59.891262649152395 7.818950192526074 71.17551221845468 70.05167725939131 97.96327087371466 -66.50817330081094 -35.037558760105526 -30.26540013743852 
70.03011273557476 -63.04736076702726 -94.37416630428102 6.459138463969126 52.997612685604736 43.789682149449504 73.02925834934717 82.76621970865776 8.004149453589676 48.081574114387394 71.33928624230447 -7.317406476648955 0.03615820045006046 9.121828412934391 81.34172534596306 
-10.396344628343485 -95.87624540297305 -51.18401537411761 52.34353721503447 -17.9495637413047 44.924911805765646 23.86189893324928 -80.65194588272158 63.371506652458464 80.39319745922433 31.336991335870835 -65.27461211190621 -29.805977006703245 97.86741278741303 -99.41336582746115 
33.23456427826332 87.2764058407499 16.876523634371935 -6.658585408348088 -67.72197525822159 76.9980604367037 -76.64439493780095 55.49708742277983 90.7230426366863 53.15611943668466 -96.33975418691563 -67.4287148415203 -22.602057851647885 64.40267779997669 -13.765372324441756 
-74.61312598549551 37.36494817812468 -84.79644277421028 -7.5573851509859225 -85.57343418077983 71.89182298121463 -31.234212986211077 -80.65138831301664 -29.498001709825644 -84.92049082111313 -53.61527799778083 -93.40634101506025 -27.83421931431147 37.185910079183316 -89.44573718194636 
40.80909349157122 20.8120283476904 -16.714174682874443 45.364875150611596 29.234209792380597 96.47813580879202 22.20441784376594 -87.74934915154589 36.31432352583255 -92.31021464725823 -20.932722896158523 46.260882088512574 -10.057244555092822 -57.678574474361085 78.82182969612475 
79.24630761581432 17.88300924203223 -48.93458127317538 37.86979034623482 14.678639291352852 55.26416604311433 7.94547962541921 -6.024169170500286 26.618643773729204 -97.1099109852841 22.1437607716517 -14.10913956155062 -15.686276927377378 -23.43232907584843 53.31465412271251 
-77.59252396706941 -78.60781576101168 -29.926765281350654 -14.899582857759938 -99.33909120545441 -4.936376676324954 -36.46237562812233 -26.24442645931265 74.11206126360426 -54.96838478461099 65.56148086487116 -49.544574622487445 51.33200606996155 -61.39412680025775 56.930298918483544 
34.97885041996429 1.1392512519159226 14.698286114313646 -65.59404078956746 -17.171511085238976 -91.26562274448256 -75.83360628377824 73.17516848834615 -27.045144671964152 35.74895835770269 -59.949774224703575 25.000231824651493 67.6145526091708 -17.530959003641584 32.39187716972921 
-84.70551745451436 -33.73440498094753 -21.220561982708247 27.30512982471045 -47.197044639968496 43.05513056643508 68.39939770003957 72.79450534166642 -41.77702663407008 -97.69029516286982 58.64196090321349 -98.70012314704407 20.856796706369835 62.923534423052814 -65.41959021557871 
-54.72525414410785 -35.53863587028303 -65.3678420801532 89.8470844499046 -70.29856569320702 -62.202577920028105 56.78828215595826 -24.616797711185455 -0.729896608091039 1.301103597021509 70.72785304398622 51.145621850389375 6.351750114743766 62.921565620646874 26.136598654700634 
-30.639354822683146 82.23897929718129 28.412428433031522 19.500664942378762 17.594447577910444 -22.80065796491617 92.92110539647604 -14.076561160929728 -87.41955029462997 -8.282386980593316 -74.44089507426585 -34.92420447737304 15.772213601703783 12.168169234470014 25.61746081232981 
-83.46700471360285 16.817439221962744 -54.64654239521565 -21.55582786065588 -86.86188297662589 -21.802878819283336 87.3083611232538 59.15295932255839 3.676594969295934 78.6960141846559 -67.54528277612495 32.21832876477711 -98.54167771968166 61.25669961483692 -94.75593256330757 
-24.76226014578964 -34.18482859650673 -37.42473356422615 10.133333398656845 -12.635239642210294 58.46620692108334 -19.44742895489165 82.1458463670294 34.891688556110125 13.764803187871877 10.734409423885836 83.05045549763969 -10.232098228251374 -2.2458942203193573 75.41860766334199 
-77.21531941845376 72.6212364460165 30.596007265112547 -44.330031166476694 -93.78376145519292 -89.10142677246608 -29.97470470576002 23.081234419075372 28.389092324512717 23.537795408569465 47.377072077052276 -96.29881085261624 46.66620344583961 52.44839860903079 71.10387980880691 
24.701535408901634 84.67315657002891 52.119432194204336 -62.14095363431509 -29.545452636422056 -44.366047039118286 -73.15538604732092 73.40337609669385 -66.24583073445802 6.49447690295095 -37.77257881689622 -48.95283058217179 37.107022775305495 92.91206213644588 91.90523883784522 
-63.85604593821728 -6.935169556637419 -59.310291884269375 -51.828248970004886 68.08608734540172 -27.618528909065304 -87.58889034927803 -14.306895592822372 33.43055904757847 67.54082657487479 4.033629656805402 -75.24379361843336 -94.24013303722825 11.38886431308832 90.46737333102587 
73.22474099754632 -48.226390015178296 -79.71796460913245 54.524337879523216 56.12504745886628 -80.89480042294983 -49.88101933164868 89.53241232833335 -37.943498490967144 -8.436914287137995 -43.68699784845684 0.8720407155527994 75.51516539632536 -96.59016175345938 -84.7693034641859 
88.37647087547177 8.109542886815603 -72.51743444195311 -68.07986607610022 11.848742297824714 78.91717571718397 -51.731542519859715 34.29691091730325 -93.59059706582507 -36.386362668604846 -36.28921776667824 23.25725615409597 -98.98006636751208 23.889518822698037 4.264097205775059 
-41.76267123802644 -8.047108153006263 -10.508752391010205 91.66475463113352 -91.36829882797409 38.70088463366457 -91.16563568204951 42.433716631517825 -55.951582945306825 66.30849135160952 -94.37040164564567 -57.705900811176924 85.64262023354604 71.97940095947334 -5.671842228729048 
-21.877678288408944 -47.66055339796675 10.303539561627389 2.0905881837286415 31.619261866583713 28.359240120202855 -49.34601584043472 50.04108850667728 25.146709133573125 28.78134408155671 15.196515414713545 39.08019588460655 20.527293946287955 90.53850774924138 52.151286439892345 
42.75303757657102 -6.698683071041643 34.50578862051606 -36.038530504784895 65.36538649803956 -93.2983162956521 -15.946191913772822 -10.123106556803535 -29.200605222642224 59.15489769597812 72.73678575125228 68.8497904826618 -91.52029050706525 37.0672869904017 3.5336557358015313 
-59.586746131387834 19.21709376985949 -8.135730828137184 20.161974450649467 -96.05147672090031 -59.554740351305924 -78.14633335572657 -97.74263992441541 7.676859728221359 94.40119220253297 47.929268274954865 -84.5693109249747 -21.59064557988455 -41.71129235596525 -21.295241403311735 
-60.29447744145999 -83.22905975708252 -24.805258424281163 22.92279265080954 -39.5695939369797 57.71253671380717 85.77879851860732 87.13936855948671 32.558399480501635 79.22095772127625 23.903735149037388 -34.64952813172668 24.239426719239646 71.13434057803411 81.30290574417563 
-49.61129304998704 24.017001121215657 40.306276205450445 44.24479924362228 -59.81400427723249 -54.08895954558619 -90.69915226308703 77.68792304112472 -68.15745517776604 71.2278787355778 -15.981369877132366 -41.687145452296726 -3.9693093282058953 -15.695257286067658 -7.769298261230205 
90.66365781397138 25.517989223595976 49.72909746941778 -59.355688129199116 59.985232047326434 29.064551230282262 -41.65414151377722 40.24702010725068 45.057710585725005 43.1101336133828 57.6282089140839 19.81432575351083 -31.004805464569472 -56.307102615175 -56.892383110070696 
-63.008871278679024 54.07754819296218 -90.05143388588009 -1.7461647891100256 31.475212055987896 -98.46853530777328 -95.78738125531659 96.22009860716219 -70.2691580141279 -15.960748936633593 70.84989830992112 -59.56534621715102 -16.33583010210677 91.41508520136503 -73.56506295805869 
-93.29938828689401 58.368654480245084 -35.804571817959015 -89.45723112629716 -4.31990460554799 -81.80125798016842 -21.945391968848355 -57.39323675354484 5.302433380923091 -77.53712585956715 63.923457779505924 -42.78746040809509 -90.95707393948875 -89.25242368399921 29.069164800143795 
42.47936935899847 52.01136378343182 -86.08260294174562 -87.57445467185019 -78.08111349411202 -62.827334008260124 -26.64889676771665 -82.09839227529105 61.32997262065484 -34.89168589686926 7.74142254147128 -59.01885216302001 -75.79960372648098 40.81924382159232 81.61954999391514 
-97.10770252774803 38.90290581774613 79.29736082796839 -89.62083706828403 70.84819935733071 -32.51856096705261 49.81616249576271 89.56815891778132 -33.16251485181813 -17.913952346331726 91.77164910994455 51.72351709362874 -33.958080969136816 23.564075444017234 0.08535631867201232 
18.3008756295649 12.579024652361198 73.76634335455216 -71.52788537107399 -46.64065575338152 -73.44105384566694 -43.16856498706441 58.78159105601654 -90.73869672136715 43.56005408309923 97.82099044865208 17.63634153129044 -16.986062605570623 62.98406083537694 29.34049488874095 
-16.23409067271615 -50.513835679778005 -40.81087463032955 48.47161445960114 61.711546794928665 93.92341075486496 97.61574141581059 -12.760987065566809 20.107767822298214 92.37829277109694 99.34422342669876 -40.11958975070091 62.355008526075494 -77.81015115044491 -56.947452660081545 
79.42569121131723 80.859211557033 -53.55095861073029 -22.68544589947183 91.84590539394304 15.969073965008135 59.383334344172255 -36.84180005653535 21.91313690454399 42.793125313265364 18.004826587977945 81.6034211741264 35.89385106600807 11.663920744736146 7.85903772607746 
-83.37323932545968 -19.295346511542192 -56.99689453380235 50.52847035287027 -16.510803843617964 -18.907682930679144 20.15778705828248 15.448508590074269 23.718760537380618 83.12338660764377 -81.18794648852345 19.04916186227797 66.02591221996227 -24.14166093431365 -80.9652147006609 
78.30262818226234 -15.666518564282669 -10.436737806633317 12.970500491872471 83.93116113542183 29.865196600498933 82.15525376960437 -62.612427990860866 -32.09964012056368 41.73136757798767 -92.38163226902307 46.281096559238364 -46.54737999888447 -28.585322802120714 10.065517737965578 
-66.76076984261125 8.855758004044546 94.6358381526531 30.240293787473405 -10.196869207475672 44.6493797035437 7.851643633561679 48.738391070410415 43.95811351566013 -19.546519132203045 40.30186725314121 17.20002242302583 32.261230079674505 33.00999304048503 -17.318421579979855 
34.831475210417665 -39.55533742291624 83.50047701706185 3.2482595586814824 47.02911733542717 38.73579132413823 25.664771246253252 30.35010662387441 97.30164806745483 81.23027523371132 -14.552565290580446 10.679479473253096 68.28458722583943 52.164480980523365 28.700846479509494 
42.213673239921604 68.78323297881573 48.921592156572274 97.81424272784608 -8.602144518260076 85.28599868720045 -22.296475413796088 28.090540451939574 -8.727757209229608 87.13177490163162 -53.64188127201446 -46.13031638910419 19.713867004860703 -10.802841178746107 -47.10111621472433 
78.9458782380382 66.65674638881393 73.48146837808744 -58.33000374453607 90.95388686548154 -49.97218712037523 -24.449721939421536 43.82684163125111 -61.735723744920314 -38.71581575613203 28.41080120929456 -48.999442578068674 74.63867429642633 -39.90410454593116 -75.23331478099217 
-42.03886432800166 -69.7806587375065 -53.1261046953674 -74.05016924629429 54.84876972784832 12.557483756813852 -69.3516169605391 -54.94690065173518 32.53681875549316 73.26462631175025 -1.2537827117426588 -98.06982052065325 2.2654346154772753 89.7258637381992 27.668043472757603 
-76.78552213274344 59.55066949430159 45.26748000348516 -96.25367473360652 2.085154763532799 -18.5354355186182 53.4529076822717 65.42950198056451 -33.54265674740728 9.737057507904964 -37.144720191588455 -12.098034361046842 56.2111082339359 -51.45526471077473 35.78208624490574 
-42.73001033593551 -45.74528440104009 -77.30857027286058 35.780238784631166 26.23946051481272 75.99473635583178 22.241460652282342 26.545250744681326 -93.41855833344701 74.02700341177834 -63.32913837864771 90.64381649518515 41.49830141218959 -60.34565736734467 97.8944579476796 
59.91251366068306 -79.1536198359853 42.20863322368558 -62.603793601013265 -35.64927683905792 70.53262160430512 -45.49779476601914 27.28981937169317 -72.24660973385738 94.66546085614237 10.830741894705028 23.954529597150525 58.83153135252991 59.10668891122742 -52.08759453491665 
78.24668283740058 -38.532384326016825 -32.87269521098483 -26.712265433195 8.937198761246236 -17.17787323078535 -5.041069645231161 -15.224567090054734 -36.509847187448116 7.311584593387792 41.82457825333344 75.7711589797081 4.9994520856022575 85.22462632482154 -75.02931442590115 
71.49535280454919 -20.37651581693669 54.42888199021485 -72.56252132460887 -89.91121877343373 88.72492816530993 20.993953889057806 37.089472940408484 19.01188726978114 -14.06187368391727 27.94923608201232 -17.530410389958888 39.84778278815182 45.20247142082104 0.9870415513462802 
55.728727886439 14.6597560107583 93.5038397104588 60.752629578639215 20.305540792492934 -29.12340456336426 -58.35075736581188 44.41965562782562 -15.909886069116297 51.93075355741004 -36.901726033097425 -21.50403998749543 98.79898333360552 58.3213776610047 69.3404562134964 
-45.423429447897526 19.678096143531192 77.74003480702186 49.145788981799996 -18.045146341165918 -10.64592099748998 58.25097757044705 -80.09265314647458 -85.94264063859609 11.446933830260605 14.621416130718742 38.88811329818134 -74.68585221033624 85.70591147555709 52.54370245029588 
93.89284573078692 -83.83821925746567 83.00488402283008 -1.0980834400149462 -66.28013043410334 -77.64053993912314 41.34792796361441 -73.89286110748671 64.20792090800666 -44.1792839304316 76.05883460404169 -58.13435619378053 -33.56897537210526 -2.931063564743866 52.77745015655134 
23.198817370535977 -37.70585540891782 -61.028231595912374 -58.8795563870604 -13.743631431361251 72.2034156520215 68.74888603071673 -90.65698282991119 -61.823399835931745 29.419961683500503 -1.9015565929636864 82.47744079431757 -5.586285211033498 -79.11027955975473 83.06605700637922 
74.15999282469451 -93.37127366349884 14.770687504837298 31.831714416205813 -15.17911411653914 54.54297776402467 -23.517097763262868 47.755772789006556 -40.461783193597434 61.4975554388713 56.055089226773276 -45.42177008344681 8.278000908392215 -80.20298385302894 -85.92869888421357 
65.42839238418364 23.744782158497202 40.64692070241318 -39.33994634864357 21.1480063925968 35.45002570046668 37.92269722926412 -20.777561826566256 -54.00352872983187 -71.51561883660912 87.79514468334153 77.18904693961491 -16.874222027947326 46.505788990092356 -46.80733357519116 
66.0825393139724 5.688559699923147 -87.26874239402386 4.7967871506098305 -35.193965845309876 -37.07568932233451 99.5116468241446 90.14648439042139 -6.930471117610935 -83.71945131243945 -86.98807921476516 -83.38333950775447 -45.41895652924954 63.32209174071784 -93.3660268601693 
59.19179442713764 -40.36899479652551 19.81594506875173 31.939322383872394 19.714817745905222 -12.090422491415055 74.34091174016712 54.89124152233828 54.158187308640606 -39.09800283177116 -42.51999794792243 -80.54406243244745 23.195193515039875 -75.10532153728364 93.31361987709676 
79.95406206425625 34.57966959533479 84.32455040893245 0.4977283616807142 78.59549780370617 56.26604092263557 -55.1988766603692 83.83225575737353 -98.97323343754717 -51.68396962520563 34.272258652139044 0.7668381974357743 -13.85943067477173 47.29157799663116 -74.7894734490356 
47.957960427707775 52.76196999798114 8.237771598080172 -80.83607993562394 93.86402645832624 1.810378322864807 57.91090784572893 -53.303853263535686 35.53721536906971 39.350286973391235 -92.93374802366363 -10.841624092441918 20.309944187032755 -33.310794736519924 62.32924267084948 
56.91754494370579 3.381576418544313 -71.09149841053855 -61.47877417165102 -73.1858885105269 -81.22243606105727 -25.648553136129507 -40.64457914585644 11.402107011166507 57.46561358466042 74.18038919700243 -81.44017787673545 -3.9840465793008235 41.83979651993525 31.742820166873855 
-19.829611211665892 56.41230562031157 -10.674148276522757 -57.39210080022941 -91.56436904099027 -53.95371774986884 -37.147946107312734 -94.88040553611444 69.51754828923592 -27.763260569447496 66.67300357057161 -54.318454235106685 2.5415961217843943 -96.63519686183399 -9.345897759753896 
-61.32169138555334 -50.12116324102496 -70.95233061917872 7.912206901966485 74.97078482297658 70.35756292308037 5.575011670453662 60.40352007623002 94.08190205687345 -97.49851763161261 53.10062140801264 43.69061049141206 32.47459396247555 -76.13834650482227 -14.903396481561032 
-17.390114644239546 0.38906213911091925 19.714928756524856 49.3391848989495 59.649356846329454 72.58483677016721 69.71960403754107 57.71103273481691 64.74539066958855 -56.485347261125774 -59.72022332342999 39.788628373046606 -77.94988070954147 34.707583375724255 -58.562850094366055 
-8.34583636240123 24.5976037360126 -33.58337636655273 -62.61388070674101 -64.45446910711257 -38.71979937824119 37.447362938430786 17.768995797364823 -1.7152265692624837 88.38712095703568 11.426881455400434 80.17703834761167 96.57842764146099 95.08121309594276 -2.2231228193689816 
10.069669024053368 -69.33053182928894 68.98000888219505 -75.7830936325062 -31.984641395032526 -3.858582093319953 86.99079094267469 49.68790963740875 16.832587955371707 21.41950714077305 7.795949080993452 44.30481761797341 98.22976169342664 88.18770554281687 90.42979496868838 
54.00549278349743 3.622632958936876 3.8030882993101045 -53.73991390321093 -1.7134305874890572 50.97768171358453 42.66466757940137 9.137505263593198 59.372624973651796 -1.193161059826565 -77.22996578813161 94.82639944643884 0.008414275741429833 79.34635209089512 88.81184205356902 
38.016533758940824 -98.95330552360018 -70.77948024911618 80.58600764902289 26.514234677886165 52.74209015313596 -3.14518597213187 25.9994061868517 -4.3584283878215615 98.45061164647424 6.666835547028342 -65.90043894705775 -52.43159945778881 -45.02330086423048 -21.11769935134886 
19.169192374493278 -77.08663642836866 -53.42454495437996 10.053679817652522 -72.24539323124105 60.63562233938208 -22.42163786145484 -98.96897496249002 53.348849762184045 85.80469085743349 20.575798234371916 -76.10241745331072 -55.09766566340459 86.65389784323813 81.53030131514868 
-63.99834739079688 28.357318002406487 -48.19470781866764 72.50023388727948 -51.88627677928519 28.961261354947396 62.72872427783187 -40.15528428452328 -93.84884445838928 42.73221521433942 -73.37853684238856 77.76589068591235 18.920358140367426 82.3349140129558 97.56162701721064 
70.84385207143339 67.06215045374842 8.492430828737852 -13.160828332840353 67.00261627418854 -52.693471265662886 85.05134310513807 57.88906821218319 -49.75594504146985 -44.88306480121427 53.559230939094306 89.96637110150235 68.86055854353651 59.87727765435335 -36.751977481566556 
-79.61391859694325 32.41054305662709 97.30457275018134 -98.38292605528976 94.49168916544909 39.12158222384673 -35.22090208909677 12.236475982386168 13.350775368388668 51.43687809368416 24.55422489407404 87.50346800765979 69.14038461365152 -13.26663100743302 -66.86887466723343 
-81.47194575446241 -36.438068874431664 -95.67235749444222 54.21415644415137 95.5642492013942 32.91519870254467 65.0968074088521 28.02037194725432 -42.0320362171597 77.28119653294056 41.271865188560014 49.35324169197844 76.1231758654987 53.688862002920274 95.7749984021874 
-25.385400042849483 98.90619278876497 -97.84697903784867 24.026040935488297 34.257747372686 24.3195966114002 -84.74898801681631 86.19163956193157 44.689153542182424 -70.72873444709452 -28.174314459358357 -67.82220934177113 -43.21754364861947 -71.40051021268432 -73.20207058664845 
72.55277881059908 9.151208290265501 53.00809456942645 -64.36775035229408 -97.95640582814846 -97.88901103704157 -97.89799814246916 -52.481748783696645 -19.790742477793955 -45.9420882889479 -37.35845967151372 -45.900442759055714 -63.85907559505475 -64.78466410719257 70.96424859579204 
-80.24112435883602 84.78060261759578 71.19002332029666 81.68249889757342 73.77458141909347 24.766939894909527 -31.533030029546197 81.43077575012126 95.93786842211637 -34.218177891037826 96.39129592689224 -5.935881088816444 3.0718819748596786 -22.627632055196628 34.94517741703402 
-19.48000431583661 12.34044655167692 -97.22439527454578 -97.3079019665055 -43.3422059345826 41.72923811975946 31.765129675252837 -68.40180950240054 -47.49784157584327 -96.56221211515326 -78.36810129619793 45.736770862367194 -31.659210075198317 -0.37530099028705877 -31.424374803075267 
-4.717261824497271 61.80884850401594 82.048195900174 43.632565145032345 -68.38058812407365 9.663132765157556 38.89242976163641 51.56633256413025 59.12485043615402 53.568830524811574 19.34448363781152 57.5130431050365 -74.8251623908512 89.84263509104593 62.549226258085184 
-99.40909977784005 -13.069797995660508 -68.40924123754861 68.01262680769841 64.27232307285365 -54.166817937768876 -97.41354376897016 99.30285986348238 -44.08021486846552 85.74729888383447 4.4037689933124256 -12.816628704828673 -70.93366975029869 -57.47259874057524 -50.70093599858041 
-87.41781657941259 57.2879726178777 23.787743681595458 64.9636421842973 20.51237576916634 -51.05651725845295 -72.05241214907225 -31.171202670737614 91.19286288274583 -62.0639730164464 -7.9971352226568655 -96.36287367340026 55.594587576571115 -35.449815058364436 -47.34134535847805 
-50.30191675549378 58.237898370677044 60.82542694798937 89.06935687929686 -88.43236492511417 77.25939052030242 95.34978503930503 90.77805335991968 56.38025816496665 22.387343488493755 31.117838616220695 -34.86602215471375 -77.6083584268143 -36.35332168544265 15.116988942761964 
66.07086764371113 45.20850634825797 31.563365050870715 8.166631309031459 96.96196784936046 49.07353093876702 -74.05664402557406 97.13324328350456 44.09702287528492 -9.432342800941427 1.52184307799115 25.37289065410826 -63.98567969257043 85.70282030318478 -69.80032654348128 
96.9377570626007 87.14481689917187 61.2365266417103 -83.68533036398493 -46.953927157493695 1.3357234273017013 7.322879073206792 -54.582277093126706 4.452959970692817 -20.674385313186022 -85.03163766321529 -7.344886230343818 71.46831711805146 22.230994823067135 41.023250252687546 
44.324995312174224 84.63123756443224 5.686089324394288 5.438878027491583 1.4884117121225273 9.743248840341124 75.78507006204268 -66.75011415577362 24.914311884604416 -96.50427140648657 78.00187630138896 -98.76893398444979 -58.92134765882009 23.974170830906274 85.48772749338971 
84.24023833419292 14.410006638615485 -7.462999343746674 -7.816647827209792 -62.40219152446795 -52.126607097732716 -7.174909032354407 -78.00290122463227 -32.44032421971221 56.429445925618865 -64.84037848224631 35.41299762001296 51.88167333179348 44.78172338164336 3.7866941090149737 
-77.58636989149959 13.21783044867955 -32.13234479795928 76.28953043916829 58.20062777944878 73.34118751936595 20.787553391780577 -46.19367743753375 -96.63147396857987 -12.411532773479507 72.4958109168951 -8.028626836303403 75.8208210301008 -3.855166501648384 -89.45933821180728 
71.54069248956856 99.17172422546705 -53.266861697139674 56.38446866960305 9.192214966403341 10.178578144659696 -26.533106448173683 2.83365873460788 99.87870324607951 -50.838058587380665 -9.233199801050262 -41.07659206133345 64.99708516395336 63.86090673103482 52.95468896108693 
-33.93183160923556 -93.7674862439881 -51.93289638343972 -21.71099227773867 -92.66133154686298 -15.934642534166073 -33.917938505013765 -74.46803111043812 -99.13762305502225 -43.75974959785247 45.208510810080156 -94.44432822214743 4.047292203758474 -60.142493902313966 88.55057036809407 
-94.6931714566177 38.513605093945586 -23.26522230542369 46.12909263343903 15.909367918041426 80.57872682109976 68.62462825211227 -19.002635421098162 -54.11609060376881 9.353422633018198 14.051393809382716 34.75119271744191 -36.72535106311183 16.158695706864904 -88.83465526482728 
-25.23511032453625 -19.929119305214726 -67.64217507471642 -97.21904975564301 12.139584592151678 -19.798679035878536 92.27786347007017 -0.8922611911161766 -12.896126356128818 80.27605820418586 49.60512764181661 72.98427666807086 17.323107448775744 16.05495625243543 -75.29482573526134 
25.17280631082761 5.516397397156297 23.441402136177032 -76.8887093253944 -38.08106194359391 -29.965738782809325 -12.279423017074677 18.288342233000236 20.958230616694863 51.53561728972531 89.72234340537685 -41.838717216965414 99.12962784911281 -15.056872745159922 -93.0016607068128 
99.3424549166213 44.77594146404962 32.68787110609247 -87.8157917046898 36.915049646077335 78.03225234208637 67.42980252044916 -90.0523121552248 -93.99291843835374 -27.173665373838475 -1.1123915906460695 97.64482843482884 93.38629700283386 -51.16550681906729 36.769679968176064 
54.916288197434 -54.480269946735824 62.264786885764806 -91.90851314737607 46.475687536837654 -88.09392211912319 -38.295098729847 -57.80775232468156 6.910459252370032 -80.4124850636968 85.11316721706058 82.30027894840055 -25.219373020044287 -9.499098622295904 98.83121443433964 
83.99869366905278 -43.871933446644086 -99.70287643803204 78.97934824074693 -69.2001275660036 11.454224907104589 94.86026376928206 -84.1172373100359 -29.16370204992009 -11.5208158307168 -67.31700226333098 -97.06329875249251 51.452029985185675 -58.77062980024894 -90.28143227625327 
0.25378887081248536 -45.980853151921174 70.05873955616704 73.76608828415698 -92.55722777912338 -17.91320548895952 63.50970974318798 -97.40653940875855 13.40107939130452 -14.763232012565524 64.7881253799288 37.14683362100041 -65.01239991907627 -52.672165132165546 -64.86135980519165 
-80.34390528523684 83.4370068518991 -94.0655286274806 -24.295337079812313 -16.0732222292677 -18.716939618083956 54.08647645833409 -27.88788628843602 14.602205213786547 -25.773271303614536 92.82729912605049 90.14819930568697 -69.33122258113156 -90.7031075660432 78.73554783064293 
14.771970281218188 66.58273936075409 -83.13561306018951 61.015226772341805 -33.70801516872814 -15.447085901166972 -61.204395899563835 -97.21756018645367 -13.747421809210579 -34.83638469347284 -68.22793968755359 48.98922707205591 -89.12592912468395 8.104647450281234 44.77059650660283 
-24.94016412848316 99.35665639628496 -63.34432003403523 -77.96843060153404 -59.175639678470816 80.82263185166892 11.430522742319013 97.20664146820948 54.40869465660424 -3.090792639725322 84.50408876800043 8.585356375114458 75.68368860085829 -13.75739481631149 -48.83225772921633 
83.00997987473963 -39.52932460296896 9.914708578494142 -1.9600096615437934 55.291019734499315 -3.791439216672103 61.327957803213536 38.01356806633106 33.74827548768536 69.57663008147043 -87.7690764707821 -66.60305537355782 89.04703461991895 -66.71767675569023 -56.10685755190805 
53.29942017759387 85.3871323665467 -66.51252194606303 31.391186288954344 6.296412602236586 19.189273380842025 -80.510664373649 90.94027612280786 8.29121126279648 -52.354958620366496 54.01793738781612 -69.98313717497513 -57.40861428567712 1.8598233708546132 83.33593801079729 
-35.203021328269486 29.67701095012137 -31.011256752532063 73.28073618352181 93.96959545534176 -85.68700258641464 -76.33468640506624 6.307246505011761 10.672127759206163 4.071479178569717 -49.104147559344334 -39.133956023413475 81.79384709846411 -83.71814027964916 -66.93615906248611 
-85.74844058506143 66.58245646072032 29.09302253020914 -69.13097490833715 50.55279177358503 -40.33151747001848 -87.59147058355528 72.5788021995227 -50.941905220554304 68.58404509230064 1.0291640189082898 -69.38995816167477 40.22401991108305 85.10271604155682 7.155343955559218 
94.84104083096781 -11.027285465772522 45.04502638914977 89.1347660840375 -20.64200777482938 -26.564001476948988 35.53495823731197 -80.65106737746915 -24.562667964712446 49.86114470494084 51.66839741158955 -61.609758099987765 -58.76753673851047 -20.363134502812372 45.770759642390345 
-1.7902160162784497 -49.75505686502275 -59.562655943522635 89.85031313679218 -80.96618047744577 -27.729721392181617 -80.44756194209128 8.403670160128101 -18.285855549200193 -91.66033558725472 40.19176470269289 12.71919496565394 61.16420607086428 53.04680099086906 78.56709423313103 
67.00712781943807 91.90420094300356 -23.220460869872326 -34.68866524705459 -87.0903339776523 -96.21944803553082 -44.65942610484244 -38.760079814084 -20.461009746117597 72.13431334805293 86.30854281745383 -27.929293636091316 12.10595185142435 27.729261262305954 84.63295628165594 
32.018481893956306 5.968226451722984 -13.2943714000114 58.809424629524045 -7.7940547356899685 42.28788201785781 69.99295251323997 -73.81204611304584 -98.5747568387728 12.537160297587576 -98.79997296179397 -57.998677744587155 98.39784034856629 -60.51070715789449 -24.094118497010214 
5.000725352650619 -63.33122554979369 23.008720862615377 -34.46330224088166 -57.34150368266144 -20.238030023464432 -73.29576454687243 33.34803263331344 -44.6023960054214 12.412927841167914 -87.21701550008709 -89.17106424716033 16.331530357942015 -42.853508975500176 -28.50268301598709 
89.17498301028911 76.66739543359839 65.84582009158419 86.25839983006307 -59.6078521667937 23.44122674802243 -39.93963432588576 64.42369230676931 -61.000623865461655 35.15229143290733 -44.32261825819121 -77.1023993516756 99.55779258952907 60.73671238878106 26.228292693112067 
1.5171790365345004 -35.78506341182748 -72.1538573663368 -52.98043914164188 58.60623728402604 -34.58114459458331 52.43365709743915 -2.6427924510771277 69.50614964371474 71.69763235168489 -92.70212516401092 -37.41800594769828 -8.12051010397144 10.993205035615475 -49.49368742188953 
-16.010959752459968 -12.351350811572615 25.619247337434032 -86.38138780985219 42.597068158344285 15.729295968563491 70.25936606822575 -64.94100968100574 -30.510153438097447 -71.30929828761474 66.94527485684009 26.979220713539377 2.0046646861544133 6.544723678971991 -60.82753348730721 
38.37929659097861 51.9631989380504 97.6092476635622 -46.79072810278366 34.697123908605164 97.79586119722475 47.63542984225839 27.87802054419602 -81.71854224966275 42.580473185219375 -98.64783231920522 -61.47097066777227 84.95279633012589 3.3815996193927305 -44.589321986441036 
27.534976827197994 -9.953176843787077 59.19176022052716 90.52757997566786 17.990700019238346 -31.914122299186488 -27.37522205982326 -65.79601976927904 12.537075677197038 -45.95257256243652 30.06725181999218 60.64748692330616 -77.88915175774444 -24.12720640186589 -61.772711811850115 
-4.695877715955632 5.8183194241798475 -86.54194253771759 -15.007401502270426 -21.36585589433679 32.89559624070267 -10.505194539046613 21.48709858369446 -70.02419267248177 -57.803128013029315 74.62958983340516 23.83257694008121 31.180922641178654 60.45963556134822 30.47010283213035 
-58.9963077213596 -60.56517790891831 40.87832197026668 64.24038915876523 -45.15872462972619 -57.226308290744264 -37.13358621371685 -8.16157094714984 -47.22195844559038 38.20693684457649 30.113177390149133 59.31513145901525 -56.789923713466585 58.81595417792994 -91.79414834835593 
11.846676844273048 -49.036836862466245 -83.5467342252765 -89.95544968863165 29.197706158519225 -81.82836567694437 41.20647523268269 18.837806655711347 43.5844595788563 -77.73249678214304 -58.65518940014618 -37.17153194429099 42.92445395864732 -70.60242963070314 -64.95724130662224 
55.9172955702268 11.48444315467188 14.260665087247418 -94.55544390427922 -80.5147118936624 -23.090190004410587 -52.5487161726766 -91.61146264118618 -97.89065908525794 6.530675459868988 86.08371852410127 46.073941816511024 24.078574133024986 91.86584897563066 90.86022850296021 
-5.789760136205132 66.57513463935123 -78.50774092792267 -67.1751785477258 95.93340020324462 57.625199909953665 -47.80929917646923 -36.62530002735205 94.06008965655178 35.25003327989097 -88.23401534071569 -54.45764007885641 -72.49822682709106 -26.69452597506043 -15.29029886408884 
-22.16690876064679 36.89141525885114 34.02720752525701 6.275816657757673 -29.0419867807817 -9.700063897264926 47.93461721859893 69.35611851460638 -56.941878603523286 -89.93782159731948 -50.000097090405134 25.02568646570687 12.54218315310436 13.177402027348336 -73.86276650325907 
-53.5928941071171 -16.796972428545303 -35.83687019907278 -90.39453260645067 73.63707158179167 -9.958856110190226 51.250887902085765 -5.255156781253561 -67.99030743627009 84.70627813799726 -46.23444367011926 -43.91458552897964 -96.06263758437919 -17.904201660046652 -16.83993357026334 
-83.94995690869935 -42.65990008658942 67.89450545619317 -82.5143388969749 -66.31111526786515 -27.454384774046588 33.80344128594726 -94.06640555361318 -58.24578348663001 -27.68541825583233 -0.745763488927679 -72.7187588776397 -20.397886520344798 -4.734763651158616 21.93006829898512 
86.39045275081156 -71.15004196949779 -55.06280656658647 90.95595685769752 -60.98364525532063 31.169879999137464 44.5616557192584 57.46347223965219 12.82096204690039 -81.40316537469343 -42.551539051890686 -98.20018359062527 90.82676711927041 41.18952172511189 18.64466248524576 
37.818956998517706 93.79634234103364 -77.8062457373451 -52.19699555759383 7.180284615964069 -49.11955382079365 -57.9529470501847 -32.63964889689336 9.67877860484181 -16.88437669294791 90.26069539694319 -87.16469422904598 37.34915672679287 -87.77322715070954 -26.319255514181748 
67.71206065106966 8.905436900200513 71.47118290690199 39.939788014442286 -26.955638692671656 6.212557217713851 -53.02656506726806 20.81993800946745 20.644115960404847 10.52677895979717 8.89013166472634 -99.31159101607882 76.5530880550019 38.12007826393 41.21642735540118 
93.52956236863568 13.878052802138768 -36.887798649189094 -89.5430820047095 -95.34587577280095 -34.94872789483733 8.451251805223677 -43.817568887328775 99.17851069221152 -33.01642135594672 90.65152537100124 76.43517871182274 -45.09479435269397 -29.093246401296 65.68243534327337 
-99.73145141387067 35.438137143838134 -29.115774255944984 30.22758858495746 -60.65487138330597 -30.78040179480213 -84.14865910747173 28.511616231912882 53.321882811595316 84.35048472844389 -13.698084928468973 4.736816283838593 -6.280089649634917 -44.110682105024026 -24.687758473216178 
15.432264231544195 97.44808799677892 22.027224190082478 -1.15269028890404 21.342022300486633 -11.88750078731988 -97.48429823150357 63.22348104909844 -38.23551437993788 43.91005626360507 -67.73570177006336 -15.782812559783736 21.43602292956686 -67.87811886182789 81.9584687327374 
90.42292291960464 -9.177117816556617 17.241214418909735 28.60712605443993 -78.06293346099494 -89.39502885269911 22.11593708000524 75.01956878111335 74.86044615493446 63.54984131799682 -42.03146529773261 46.61261337329984 -96.097399571726 -1.0611203717428879 87.67634056657334 
84.12956449869574 68.92579975083834 -30.25011987162381 -93.44490450593383 -34.648322949992476 63.09388594296303 41.571253337181076 -83.65508519601805 -3.3676897707615154 80.17826266166597 85.72386510546971 -99.96233922251446 -28.286025518369513 52.42140354351389 -45.664843632569394 
82.16879572661315 -39.31470368288848 -60.40394035703991 -40.94966968982832 -21.620949311107466 75.8632519600877 -76.31892489355087 44.505240947452194 -71.10037812375563 -73.10837484280216 63.55365924601938 39.21915613240458 -48.018662266447755 -36.70370393314164 -0.4924331327673457 
24.495950096747166 17.62975968900362 43.741666879044175 89.88278245798958 82.19691361851261 93.69529701882931 40.25624209814259 46.395905842178706 -35.94565349801104 92.33562758734615 -22.071124922477935 52.27286447923555 55.297036248890436 31.77053729853054 20.44008995061965 
26.150017106935323 -64.93679892421822 -74.72716804281465 -38.22019331953823 34.59230397947377 28.11848923583861 -41.91204814931573 33.88981798074806 -68.67626218202267 -58.44535632057857 88.02736518318164 21.263069975302543 -11.656211228824873 88.35922433818936 82.37072555010735 
79.14581202658465 36.05537304559215 -9.903044352008678 -49.5955632021903 -46.981718195154244 -17.086578268655316 21.796002868108303 53.882535193378544 -31.030312082735506 36.44640711648893 -92.54174097319002 -61.10277101906316 -88.35805189059217 38.66227088353537 -45.10409284140042 
-42.38657913010855 90.89555420151248 98.90499148907551 72.67630966605248 24.830854009520053 -3.6508963291126832 -45.73865252759681 -95.45775945354838 -74.25174383833891 18.84019226726383 7.511649380339236 -45.838554340694124 67.77152121450263 99.25264142550182 82.57094448905619 
-67.45457414472094 -79.85002452031196 -64.22853571431206 -94.56874750687945 -26.347638474955247 89.97590127128058 23.33435823036352 82.0751239609821 -91.97109681305626 76.4905519466208 -85.11548938585153 1.6258343116054164 44.82225056509935 -45.888147250162106 58.47271538339396 
57.653574489941775 73.1005054832466 42.49840570519757 41.996470313232436 51.4243976155181 -7.406866473728655 72.68251700357396 -76.43285882789769 7.182366569895464 25.164777172234935 -63.47499791454414 76.31916337816378 -78.53211724354385 -34.85324545047561 -53.79887088930653 
-33.87573943666315 39.263026581482194 90.20111465780127 56.658288814132504 68.32497011479722 -21.63851594895104 -87.61786225500177 -44.49422539109844 5.811722216841048 46.99104942502382 -81.70256546419509 55.277447167911106 -94.57834616439906 40.686535706552064 16.225412792178616 
-43.03239294872243 -65.20763741279727 -23.262387951490226 -91.8472903026533 -96.26424516430157 69.47430840648812 57.63326207486463 42.93792192559911 -16.776799199304108 31.15443819036264 12.221400102666323 -9.167789424123882 -31.36838700027309 -40.98747377634293 57.72514264253181 
52.11170196024287 32.35450585570672 -27.978118642929843 -51.188216205621664 22.66635359226403 -27.35072018608109 14.281812678668729 -85.63970115800024 25.184358647874177 -19.25100360382153 82.03339026058842 -50.14386312614592 18.63309363286166 78.88151295973466 77.54449350400387 
-1.302359547129754 -14.512657227144459 -59.67296803799418 9.403996376279238 49.12137344370424 -39.308743411617606 -25.358815311580855 40.396089867064234 58.735469182208675 -76.44316994363543 -79.06436368033295 -79.88073327187692 54.98015370887015 -81.00271910518373 24.99015486234515 
-14.862597655263656 87.55259931406883 68.69355676661212 -41.385245867179954 -39.99023117680218 -21.456776240537593 10.017506020514546 44.50189996693359 52.60055165911385 -17.577210315152314 -86.69041943445994 26.436650730301835 -47.360155262098225 -58.09326628194309 29.46216250687897 
63.146651071747414 97.9639867160322 -27.161295335169484 20.28553615255842 63.350043349861124 71.44627274131176 77.24115017473423 -93.71456048234501 58.43957619414732 1.0352110817459987 48.1361905131873 8.126035872689357 21.317157886629133 -49.845361347332464 74.39164617730157 
76.9311019321625 -83.41479101873033 -61.30607940203032 88.71419142751219 -10.220308437978233 24.205577360742154 82.1972162935935 -92.15015518230318 95.13945262727253 -10.006775357076236 82.87141241354269 22.953461434328148 -72.09893699719736 56.34773032917951 51.80842910585491 
66.36977278468774 70.33780141678926 80.62018889737666 98.58972539339209 -66.4730992370774 -9.073190374660612 -84.83436820086578 48.28976564843765 -21.533015879510927 -7.389468937121819 -94.64507091667107 -45.63679186958163 14.97112191572134 70.77766148107091 -91.57566625999407 
5.633154895583985 24.626683492072203 -74.81820095738706 -38.74122209291839 6.049191282992567 -96.11852714696052 22.727574048721053 -39.016578004974534 -39.87365178182654 6.941388724140879 -85.31184939006629 99.33400467532309 -6.182924202279395 -71.62928689132364 43.035411773118085 
84.36909496587765 -42.83535302487813 -12.231560850449625 -63.62994411082157 -97.33391183177076 15.990045499271986 97.97680943423893 -0.27787715257039736 -90.50189758436879 34.322725980991294 80.48265533313608 65.72440430134199 -97.10393384357762 -28.32400530347931 -28.250330489356926 
-98.26395162101751 26.600977345867236 -34.76710201580944 53.816956672654044 68.25238106470132 77.3769750498991 -90.48678987520175 9.069735609742608 -15.564147553781368 -18.80886160039394 -3.013656021592979 80.52174438764783 66.72147060912016 -97.9098929221748 -41.944760696978854 
-96.4289772875252 -18.91371620503928 -11.770149542553384 27.76402245817357 81.95128321190936 90.04238846254748 18.83378245889334 -89.55322278144173 -31.889133397963178 -7.327340988427196 99.07886035913569 -6.562454112923305 -69.91206281587192 -98.37442499277107 57.84191766007231 
48.82389167771939 -68.81297566141227 -52.85310720175802 -78.11419888171254 86.2619640952289 2.1854350100820312 77.3685536019511 -50.275912120711496 -16.264631522187017 72.43110125645146 34.89492672058762 -87.36507869186245 66.75458600648355 -62.515735402568694 12.728939173828579 
-62.523851765414705 -13.622238265039257 -59.51169382689834 -27.403841559723816 17.852671801870784 71.78021188661197 -40.59725838538466 25.81342522978332 96.77895075848474 42.80435853435915 -73.4490769553673 79.45675963577457 94.93043664303119 83.99974149178504 99.11551398702741 
-77.19641077736208 -93.34214706255067 4.534179939803124 -9.665241020361918 -61.71105069480633 35.1714942620456 -5.030596308571319 26.55193618809919 -94.85035947624465 1.0559064868853767 -33.22802400530787 -7.579749250055002 -42.27809076447635 74.62327441919209 -23.123921666484534 
-1.6332346834655453 -5.956778833047508 -93.26879118353224 -0.20577877788217336 38.550973125785305 -14.460868881159342 73.055145500262 -47.721783061177646 89.54379998440484 -59.02150388559131 94.5061120721893 -69.35333694898912 44.83136137813298 75.69215222271532 61.54746005239721 
51.78801112233461 42.126202892830634 -72.55035798126315 -47.89915085866878 -84.6577842790917 58.71025436208538 40.63545516162162 41.51781870493312 60.33666953380617 8.798121382496433 96.66397541877382 49.50063124276039 -15.757135412031474 -79.36897768895992 -76.60015406194651 
47.34578517877367 -46.51908701095313 -98.89859294645356 74.65415950030268 62.31098351175436 89.50528462375516 35.46754354375011 37.3603501245737 66.86695985264328 -41.28117146853618 -76.54514456428615 42.877777664691195 -49.52691630638917 95.09346460524611 -97.86563267185507 
-14.576159790762972 -31.186680515980143 35.122789277724195 82.88753891174673 -65.47952495653163 -92.558580011273 -26.09983421849944 -93.09212789502755 -84.07060978551233 61.446442151800994 3.408846194554883 -16.235782351474228 -35.91972997864359 13.109814565877969 17.222184317872703 
34.469109261160526 -17.842910609453327 71.99243527024629 -94.24987449836242 64.26116591688506 7.316148565515036 78.13399341522185 71.22344351661832 -91.16230945680756 75.27381599406598 36.98616683095608 68.32243764419371 -27.352774885795256 73.2058629571697 -7.217819242296585 
45.6341886725877 71.89553993776036 -66.51175882860846 -80.49121848125046 77.47024407849906 6.032998501582227 58.32959897719809 70.11531868395863 -47.87316057978093 -40.33085645790679 94.14254993643706 -86.2349349159458 -7.826113541120947 -66.00394941453524 2.9658008483588247 
82.52759518551986 -7.4372311563371625 17.62891167970355 0.39659396263618873 54.31262471690604 71.41496079794538 69.0559659047581 6.6705228066024915 63.60638041135519 16.748915526419353 5.555479167419634 -9.016431623489595 -97.31511927813403 35.0266989667451 -21.28614335886563 
26.825343664076712 -69.46501662352422 26.560164750674176 -91.40896088531439 83.55166775063927 -67.01502836424388 51.86164235992675 -87.22861847203171 -64.53601134526218 84.10902187672576 -79.09949878609083 -84.67319707159663 -53.16038984796161 78.80629447544544 -85.49827904239125 
-43.307648278666555 43.07380623573397 25.78426965057166 -74.25305109726214 90.93624240910842 25.434388869001623 -69.55432419086276 -96.45228449772934 -13.268291250307058 65.62819259572001 -15.905169681378851 -14.244947817232827 -50.49067512115462 24.412644742938426 73.26523092124756 
-92.57225382788494 -91.52789061905958 40.04776558798949 -89.5545491507119 34.17623877902409 90.40133518993366 49.079242846036976 -55.3008000643348 -77.73650535178373 92.1203307242724 63.74922433954114 8.417932573658504 -34.13335309133625 38.56732305548931 -42.042404351493026 
-59.69346347172528 -70.1314648958802 -60.62724908752979 -63.91513235714446 -70.90350111111358 15.462229734999184 -26.957591986491508 -59.96416105024775 80.9469104197662 9.053763039205705 86.7003440995374 -71.84868701679521 -94.9992216190305 -50.57826742860798 12.020040975263697 
63.31789527036784 25.92367452839271 98.09301085034505 -30.65496293240888 18.764217203953564 -72.40358695492415 -17.320738648394368 -64.97270387349732 -93.32876359896036 25.17357615901281 2.117640560613097 45.57190197529624 -34.48124604501055 -53.61735936531562 65.91536111735661 
-78.9600765842349 22.976329904242093 82.00280181943816 41.32017174155169 33.676463200909836 -35.83566916725589 -59.621090593665315 44.014796355999295 -67.74544254965475 40.84828747490289 -3.3823776761858966 93.05459178890746 -99.6480866434855 49.760332044543645 -69.62359710697206 
-67.50127262643412 39.58049953701797 -85.00015625678144 93.86066490279563 70.6127540853538 94.69256767476065 43.77405609381793 75.65553704620618 -61.07256625683175 70.0187842637705 -61.24765796988616 59.1992032310651 -2.217964519831554 5.263844135663646 -92.38531463596469 
-6.218931350476737 88.88265124160759 29.148485962487626 15.869910378399581 12.097758576857203 51.54387005509085 47.75665060764263 -15.8588372964593 -45.98477025854293 94.48068778131119 -14.034749767961003 -42.646361775111494 -49.21919359169715 5.966639999871305 -22.50645977226506 
-97.69648363127699 -62.967189232735606 -65.30269060585572 -8.375780646855674 -60.88716060205157 74.29714296975186 -3.4676139572810314 -25.805335836346273 6.481267540382234 15.399054916592036 -2.6052384806302626 48.811640454609005 16.991941708143713 -46.23671099892759 84.59865639468117 
49.81577765307631 -91.00567279654152 -48.3682794890995 -59.77753853351775 58.864187529556744 -3.155772212498249 -69.48557960742833 32.281994999742636 -63.38203873717274 -18.885591786498594 44.000082277780024 -60.13637851094702 -35.59580617890245 -63.74109181427323 25.62966706926187 
37.148958839303134 -90.84837474958178 33.6410745000957 -50.91502109323589 81.93836782863463 53.09346508331748 -3.743527513637133 44.52136620777003 -39.58119525525934 22.772383481409705 30.42685730349092 -43.57366526106472 -21.901252377389667 93.81998999139057 -95.45758933060814 
55.36942701431997 55.819985059246136 -19.409556624160373 -36.11389237863969 -9.02059646703546 -39.85882875630824 -89.87235503079584 7.987135211859609 -94.24695212361922 -26.69393563950129 79.52262788372883 -20.449698662197875 -56.945873517302715 -54.03090430866433 -77.13148187349945 
23.51960094420609 -91.2697573592722 81.45825934313217 91.4427031301368 32.07761927644046 -3.7691782026921317 -89.36340866347561 48.39157482669509 -3.586988210211956 -86.17595490925056 84.37463894684782 -38.330116553360405 44.442532596998944 16.060147238047833 31.70486140507063 
-31.761504604905767 2.7140868410067185 -17.78413303341165 -64.31937138957699 69.53294124079338 -72.23233238905561 94.39856770578598 -52.78185312277171 76.14006375533796 -35.62417427269864 -28.92075839077873 -18.479743012396582 40.476911420954906 -19.717174568174585 -45.88510540752346 
-7.186107246293545 18.009438623161643 -44.62466592313889 -22.51562102403311 96.33255315894468 -69.33084032118704 6.466721568601571 -91.76558817354619 -12.263938404060568 70.5661789455879 51.351485936709906 3.9560627320688724 -70.31001378689808 52.383963557772574 -49.48851342991474 
79.39151809305008 -88.06409515952618 14.953082862212113 57.60849052013802 -65.80117400295629 -82.93809832694403 65.0202881648288 -14.607142372842546 -25.06425157932364 12.063588576111343 94.29412935252765 93.2265700338859 -76.34920687638507 69.10365416385889 -5.869347316919146 
-56.8670044018859 17.106507005159614 -99.91363049616704 87.0661405101068 -51.33521663933984 -18.790457021183002 -94.25613476553214 -95.38600812668176 -57.36310553910311 -62.593191891351466 75.42594153248064 -66.91886436656395 -18.43789011746901 31.336035501392843 14.376871440265944 
-96.96006102944727 36.983856117473465 50.644566294964136 -17.707902034342894 31.172704307295675 -68.83306281157479 -80.63361085081459 29.819519626724343 -4.390899326536825 -10.83698594411078 15.194052871261789 26.681859972839945 35.93782614589318 53.06386389228109 -0.7889982973561303 
33.001592323080985 -82.06810962483806 -28.820198292643155 45.6310710493255 -0.6055157526229067 -80.4464740101189 70.1361720512599 49.10852200486556 -79.98538647928699 -49.057628317208966 55.405578745109636 -28.58046555859599 26.179741150157838 -41.65898274084321 75.12730361471262 
17.08360825025801 -39.32743374061438 -1.6600380303067368 -40.791489634964975 -22.05687396190919 96.02271106288009 41.67699467446349 96.94202461652654 27.681830371551413 -74.6444445325501 37.19068031890899 57.83315788370865 -56.685797635793264 -19.073598039314675 -25.655475942638034 
82.9796956105697 -87.04897109858652 31.989688817908984 -69.06605481278687 19.136644081255923 -92.87771947316345 56.742421672415446 -38.90612179066552 32.32105071479714 -36.93692109272651 12.994622942745252 23.524938691211688 37.33318597141741 92.28505218446449 66.30617020807466 
-54.94947738591078 16.280215769498454 -17.472499636344892 -30.80099854035261 -81.1680849074572 -77.90559489942221 28.4818474051215 65.92182901603897 -72.58084257327606 96.55955838240851 -53.218111123389164 -75.66425946677589 -0.5857781942306701 68.41364057610352 -30.65915973473443 
76.81960864135851 14.231138471406098 37.51287756086333 -19.147206327768856 98.97336641144412 10.471909330081445 -0.6394712978934791 -67.10682379035225 12.824679496829177 -84.870334106108 -46.026746086820246 50.091635118310506 37.52885482314181 76.62286588291923 -46.10650054913306 
26.808412488868072 -19.73244019584517 -77.80511188935236 52.219507818721524 -52.34254157001465 -28.33080233774055 35.943910194933096 58.767983290913406 43.00423709037588 78.19123547569268 -5.166607395334239 49.149505741084 -25.764271234271945 -56.75384815279121 95.16020948041307 
18.693721576346746 46.49691464928179 93.94194161834565 -6.0500667302806335 -18.264695228856837 71.88093341451085 91.28412987300325 26.53818061231439 81.92570640607272 -81.39146410996345 -82.99620324726548 28.308639318094976 -34.569881350907565 -66.0341110318301 -89.23362319564696 
66.49411732789198 -63.6172680959455 -72.07999366165818 4.868849985481958 15.317221556541185 -16.027284085649825 -37.66921437159127 -95.04043992497083 -2.601839357588247 -3.270405837108896 -73.650743309432 80.98191662608122 -38.42048030545422 -13.591889595215918 -50.32504604680965 
-99.11784796278602 -25.921947941745316 65.1467243489758 -33.581132039508034 71.06345543490303 -45.421228013142745 -20.163249116271402 -13.904785699695509 10.415682934461245 -62.518006778019 -67.91285995411769 88.26584293815563 23.938381364732678 10.720314299852447 -81.24472826868768 
-72.94967902529413 43.93214170885199 4.58628249309821 44.82797584534694 60.95589551827521 25.021652715979698 82.03487192242761 59.794927786749184 -67.99156292780717 -50.1124034299524 -78.43944607018034 -21.70027876939922 85.43852594486171 10.104256811066321 55.527416988663504 
76.20574485117226 -57.7096430685581 -50.575180047541664 -77.81998302760438 -53.803733544158035 -64.36561199458966 47.8255490817819 -77.34296266456448 77.62077045196634 73.89337522714382 -47.44337285945905 13.655757790857592 -14.871193357032197 -56.161853393112125 -33.514229689921706 
70.13815842359011 -3.3583690146536753 38.64383063378551 -55.94551114564923 3.1438538102871405 -83.9632506596657 72.79638908022372 -28.732924233686077 67.82956047756826 -5.292046818708386 -92.90181749505876 -66.61457889089324 99.55367805503349 84.24055962891373 -7.505029794911792 
51.78633526290045 83.79981605217776 -89.0746094584969 -3.241310221051961 -99.02891113179722 -81.32447731160164 -36.42674954578513 65.51999242389098 -0.3717794947807107 11.282118871586718 -0.14134826013176394 98.73159314699018 67.76546025187807 25.494136812787403 -74.2418987175445 
34.141527626525544 1.9635594512178045 11.117782930640587 -4.965762105566739 14.177172950556184 -21.41430447735246 62.44803832055817 11.763546324481794 -80.4069083748202 -69.87160661545263 -19.487554917117905 -10.744200168079644 -88.3691748970121 -51.688829835171866 88.68177149519732 
-81.68495198388129 52.424992445779 22.22757659836931 43.15426859921308 29.251779489709605 89.0077178502928 50.17798731317305 -44.509587292347334 -98.87937022788779 -16.795664505749258 -11.210920843615966 -5.1257767575908275 59.38467573573379 55.482138633689374 23.050098403822645 
58.88754937436224 -17.63069360521972 28.178047480017568 -7.277089506707313 -24.656832768664017 -4.442644145104737 -15.614715875829987 76.57999840641659 42.086620029996425 89.17788095896398 -17.33059568046123 -19.09208267079154 -97.38201118030543 93.84113920085358 -57.557415170361836 
36.51783540057244 -99.09055534729777 -7.423770109878575 -43.94905235846183 -70.10844870281916 40.22915369998992 11.098942584080376 -71.27239950500257 -39.778366752606864 -98.95395657612778 88.61813284403016 45.58650699690267 85.4637090289661 37.72687196436246 -60.07149943873644 
75.7595730094028 -42.88242707899484 -31.039214365387508 -13.200698746143843 -74.16755100523929 -36.00715811910242 36.57014684566769 70.36393749969176 94.25701085947006 51.03067888740992 65.88750886159548 -2.6936513648405622 -89.8456395741158 -88.0033994751985 4.702234820565735 
-11.999690565674086 -69.7676081221954 -32.55525664992973 94.20643603578841 18.265261566801 -22.899524172738865 55.76235171160846 -62.139530705649214 89.74674436121276 -66.61440286112388 32.44238271283447 -27.060895473571406 40.18938372966508 -59.55428536666292 93.84200606451114 
-84.32711397858996 -57.816639148236845 15.023311855526785 25.929216149958762 -12.438053533083917 -59.18162190393341 63.514174190936984 -66.45730096033321 -21.44074666857989 35.43142958435658 -23.836315206522116 -23.601299035631058 3.9501573378653916 33.108866046473565 34.84900681415539 
-33.24430425491806 64.11694934616207 47.20665962181886 -32.84961234734425 -25.49824473028673 -29.976537709685942 69.1654506338663 -75.2356767934591 78.04475700869708 35.9651706478013 46.66898577700496 54.764402935350915 47.984252659884675 -52.40738657407573 48.43613348067743 
-44.752521037761724 74.74197021770442 71.42382862842706 -98.60380910978415 50.798917169658466 43.52686882479648 -8.844549179874875 99.47135202160945 36.20601409858267 94.36949511258882 -76.44545593314535 -66.28995357692533 -62.77049545982154 93.13288150813545 39.166579848814195 
-74.4081296661173 14.739025943946785 6.4713999667416715 -99.94037717963383 13.819457173078888 50.10837457133712 51.29936094657688 -75.89473849834003 -87.36345641481277 -95.39101508821082 -19.947707518998442 10.793384753411402 4.463803618641023 54.102838556590825 8.187104473306306 
-64.38869498788554 -67.13393020975546 -42.52607249095557 15.836422813964717 53.09310890057873 -21.263791800408143 -84.19715796534055 -90.28264480322466 -28.250372930638264 68.4192969866427 -78.30844747419378 -81.83582997406302 -47.79244633051223 79.69284167343164 -35.16304150637836 
20.31145049737762 89.59489767939112 -11.789841026300891 87.70632079949675 62.84442849534483 42.10169637865641 -82.1825982242131 -96.14388223364669 6.394435250826504 -13.221178603630875 -95.83287880201914 -91.78129864778852 -27.01767584077757 6.621220758148041 43.79388410049009 
74.61803546023333 42.12788604230465 27.155445431086164 14.816329614026145 -98.29914117727438 -37.991366245608546 -69.37139266942052 56.63898517471222 14.768345009695352 14.251699814208195 99.46667572390226 59.07236197435978 -92.17542553884658 71.27616411829237 12.152741839672316 
-5.909110665533063 29.85444961215316 14.497107572853167 -66.70370836150914 -14.641898692095268 -6.148211062603593 66.26139411885868 -80.48851630591372 41.136410509534585 92.94321893865828 -92.20977075223915 35.692123596111315 -77.59798807033309 -82.57282190744817 82.15727354338799 
48.858915749381396 75.67522866064945 81.0727790694014 27.38111297310695 -34.18661597438091 -29.920810149989023 -79.24259906676754 -66.02556107734054 53.36918904176059 -25.01119897517006 99.21818599531647 45.754507450149845 98.59203844241856 18.210532865975694 -47.24179482810016 
-98.18809404103457 -33.6952694790198 -97.09870173877742 -74.48605011926652 22.277167849513376 -58.73685530146868 34.49699303229332 -46.21669834892532 -41.088068036556734 -49.07096453715671 -36.82032596781091 -69.491576801648 6.202379654380465 -36.45827750501387 -74.59217002678025 
29.15505213872777 -7.555238174130778 36.91277972836676 -60.410010910958434 9.670324950778266 -66.49866515139274 -38.0996356838275 -27.04991698094716 40.669625670548214 41.59180146377909 86.01157003575949 -26.284082643971487 -64.50071233555563 -90.80111896981235 -32.994348039147496 
-87.77854609520807 -81.18803612373644 -83.15169176767945 90.05189152824633 68.04098817547748 -98.92835933273216 -11.642106626123464 -88.30045220083767 93.08910023378007 -89.63235837991942 -99.79534557568638 79.5168318220365 28.629152972870116 67.42629424933995 -35.82707960576744 
-73.18305778832179 -49.640788597880146 -78.86774734818367 46.23478402846678 -99.25287035597678 91.17615224256716 62.638737177763915 -62.389627105840574 -23.72757437310611 71.72150167318699 70.52599244089478 -57.205955316782564 -75.87272304325063 -27.87239252382227 12.913131370753163 
-94.58103727614274 60.88639872036191 -16.96345278289182 76.12685162856576 -25.990457693479428 -35.30334670506518 69.53166766891977 33.11259925020667 -88.30163063512883 17.39822264425068 98.85051003879423 30.80215379628288 57.425542829503684 -32.480977151619456 44.1777353524262 
293.67477161808483 255.77917862783596 297.4306393039126 283.9977540261917 295.41829423055344 232.2773835295959 270.6946286442607 296.4861975753213 224.12398265843504 274.96657371915745 209.98113420708341 253.06310797121924 200.55077338739417 227.9828454478864 211.35394665123286 
285.6178305253959 226.1289192273596 262.50839880990725 277.70478635431886 267.67880770232534 296.5544598329325 229.9078933026833 256.814410507883 265.3381659425114 281.1677946386051 258.58622280732936 205.8866412660304 213.10730744562096 207.29221019910105 240.43982171022898 
282.51003816653645 271.5385910147319 209.6400115212917 218.10852682255316 228.05036720164054 266.6878509960705 294.8095267790847 219.862988837873 299.4717929072408 290.39931727932435 255.57422890088162 229.38973523956884 280.4231955721962 235.18865288642223 239.09309401314493 
-256.61342508006476 -243.82915420846723 -215.7769942168598 -299.46023166712604 -231.4264674708898 -249.71942981397214 -200.79124491555746 -213.39852067872908 -256.44601501902895 -259.60555019649735 -287.9806001347805 -226.28584126628544 -261.7703895678186 -227.6534340973624 -273.7637888394536 
-228.15663246360825 -287.5952365078251 -215.53783216049806 -289.3053255464773 -298.18561886427136 -257.3957597256389 -268.01616212021565 -291.25760328701114 -263.0825398808183 -258.693912741206 -276.33522537839104 -221.93683064646407 -222.44689912735004 -246.94575053642723 -204.7097737006781 
-295.2249609778254 -249.57005243934506 -274.1072830378519 -267.16889643681014 -271.6535601655371 -226.26933525083953 -245.7426370330686 -284.5054972037929 -212.51338040911918 -276.7331113366004 -225.7527574610283 -280.1500512361356 -218.65081563066462 -232.0315705186124 -209.62508156897297 
