-18.002207492920448 97.10836611564875 -83.94235044209057 -87.86833182136178 -23.395321433545675 -21.256466807589902 97.1422331255867 48.93902748446149 78.81791110988914 99.2127359490845 44.25765064865075 92.54981919313991 -86.22933187265083 -72.74274595361223 -46.13877234484458 
-84.67534605989545 80.32356453370934 -51.199519485208356 32.56679341317107 71.87211007707381 42.02517014751183 -89.63123981904101 88.61391942859831 29.639563794785744 92.2719476177628 -47.51101632817585 55.252876194541614 78.2235471349426 64.0385457266571 21.75227574347825 
63.19309372798051 -2.6603783721222243 14.878819954130321 30.029752282940336 -53.02105384465561 24.23952556282775 30.122236196845734 76.47026107448852 -8.496166049300768 -42.683906766367976 8.180975232510917 -36.28538468512361 91.34782553192991 88.4881581632626 -81.5549174978254 
41.1478043032094 58.45943465985778 17.232867804175683 -90.56960041990412 86.02514069234525 -83.0320149442577 61.11970693611835 62.97505104091471 -56.95534746671409 42.68832205998612 -52.96966522729436 25.183149393416613 -48.65224787900666 59.18851770043051 41.482278240772104 
68.31048612058683 8.59806437756545 38.490453055609635 -78.99715477343264 89.31377804113512 -17.196547850138288 -3.5968613350896277 29.121654064901946 -67.68934773702998 -25.237075924436965 -86.65615304593499 58.36048277813012 -54.24084712766144 -85.50747207954717 38.13262338573156 
-37.37391958725189 47.556590765581745 90.92942301314204 -91.81406822642064 -22.006826134634622 65.50725726309997 41.722386647853426 87.58556721679994 10.44728541721831 13.051656312478315 -46.64694352247621 56.00363676477181 69.40334477370556 77.76530939628833 91.08077792512009 
53.95111396563905 61.01937553713256 79.56263269819772 34.22832219516985 44.22290203237648 -76.13410139113834 -14.329092800664696 -77.97553607121989 6.732981745887827 88.4346196736906 -7.420915495614992 -3.149354411491771 -50.883927334678305 -30.456704971044445 12.485580474237153 
-22.62870147719815 -26.433667362733203 63.44776736310678 -38.78521331071667 61.161980396136784 80.63620492192726 -0.9740625723778464 -33.70015240312978 18.12485247401287 76.14386433581532 -51.938108711128386 -77.46711259207764 -51.594275100659615 14.73571194950678 -30.88265992216543 
42.58327778951727 -98.14094669816062 -39.27902801759564 14.482417672599922 -5.01673056974505 -29.663217510014746 -48.713023904228336 49.064946224908795 -33.452296933605425 59.11759518538622 -98.63079285161638 -14.345086897327008 11.357657302752571 -46.359851941582434 37.60474211504226 
-54.23535562097703 22.004511645744003 -8.395521686202414 -27.12460927140816 40.59132830380639 -95.41601448471972 19.237963789830204 -61.45473359992559 -63.57038550029805 -75.15375657782057 -10.868827314964662 -25.178056049966102 -13.285316834423 -95.7138559784165 -43.00405059743846 
-12.095165613025884 -89.97603262547274 -32.77656256293943 -60.74329373480851 32.6050983233859 -69.75271120427679 76.4263896594762 -23.142255478214025 -2.313356570877062 -44.69253215484728 -92.90063301819451 -5.629081645088846 -68.40869016758134 3.2027817441934587 -99.50149433604103 
87.40180211155158 93.10175629180418 -54.12111404483974 11.999080870976783 61.302179052348265 -79.0684583384701 78.44620636993727 14.358939963718285 -74.00912100211161 34.918135512020655 6.904059408498426 37.3122322376218 -87.30774515268816 -23.54291443518524 -92.34668200912498 
-97.42771471061972 84.5083393091241 4.61759867745954 -10.32849155575488 -94.08760704608548 24.326902201972842 4.502233802285318 59.434953824025996 33.50528156057143 -30.815688584001194 -98.05462638436137 16.48039390139955 -99.3506449708886 -71.12617888121994 -19.88698502591724 
-12.803175262775966 98.68443088346538 56.105908952243624 44.00606163298653 -31.593732290045935 51.711540996588326 -18.788980197288225 -13.271625268917191 -87.10075627865046 73.64824964148639 -64.20773536427538 -64.30322867995604 -89.55938084661163 -75.033071886149 39.35233745163853 
86.57406636913717 -78.20087241843683 22.20979996240206 61.00919755810244 -11.712135610743161 -50.478387140995395 57.898467425521346 -21.360099342919312 36.52406805474922 10.956974174370032 -6.943142008098533 -66.3885513399151 -96.7389762507904 -22.326996713981018 87.47642457228613 
-2.286765521706613 -61.79145317608579 46.364747774247235 -62.01822090868567 -25.889779261259818 -82.04101018320596 -50.515683537936255 -81.13580099513939 -31.516144934184595 -57.22834527676215 57.8842300246186 -15.580952695078793 -57.003026162813164 7.07787863228107 73.14246182623481 
55.79810042524676 -68.68523479286546 24.162566718142926 19.217682731855405 -73.76948530427 -50.862657487903974 14.275547336319931 13.090029734430047 -67.00531228431066 -5.091371161570308 71.59922627334484 -96.91856333522738 97.03995169055341 -24.273627068171578 36.58278343729856 
-39.991771330416135 -62.68750557377387 -86.02490337246718 -50.934763079342616 92.72085413452572 -94.100360550447 -35.060573349513334 -67.94683317242098 72.45754018703008 42.095947186738044 19.053134008655775 85.12576404012779 -64.99568585243966 -50.78533581560025 78.54069270062578 
56.828531188400234 -53.327555188537154 42.68836945261279 -61.35353002544994 -82.95234063623751 -75.6100552762876 -29.684820531903483 -3.3884660196336114 14.93464271581719 26.56152688368509 -45.69111532200001 3.024904958693071 -37.536726092746676 -12.439303854159633 71.22921399933674 
-94.28402680140861 -23.492630303824896 0.1160357859583172 -52.48206313333266 -49.149520723851104 43.548434286534615 -77.93981024367977 -71.11458138716154 -85.42096899161729 54.22244882134615 -19.33885813656282 94.55892214844172 -54.344794881747504 2.004338574961068 17.892918532678053 
-30.419838962784723 -35.163501704407835 -34.540900213424976 -70.72627766114394 5.683967923041223 -30.909156522665256 24.497907065620367 32.76786744903737 -14.547457354851545 -91.29835359951687 88.46276891798016 -65.7004292198766 13.182502309181189 9.10648429721492 -88.00650358132313 
31.71221219397242 -93.42622769272046 75.41752571728784 8.994843413107745 -54.76224582672757 34.92522921960537 -81.3631683729505 -90.38574304362487 -2.174554257090037 54.20000705650702 68.23740291925225 31.404461680035496 -11.343878019293953 59.2343982384713 5.3242574268890905 
-84.75202361095613 67.45694792716483 3.599761154195363 -5.575877922034863 -81.94719290120969 45.68365805183632 -4.860447356251726 -57.11633266139291 -10.002492585385411 21.229076492729277 79.51046153838587 8.044851015749458 11.589872655560796 -61.52588883582675 -37.80191475226098 
5.3334665692166965 -76.4972870847285 47.829236527357665 -77.47441113245813 -77.90765105829905 40.35956609247165 -66.20099128995881 23.517050354375883 -95.92369131747547 13.010921733729504 80.37723808022903 -99.74918140359496 -41.87049651211139 -26.376270399308638 -4.901000382642735 
-64.52499953302875 2.457862052150773 -16.452923789416346 60.3979325860424 74.41913177551703 -36.93875536318916 4.661375207521061 -3.3531307898982305 -56.87947361827723 59.209351624367855 37.241126589422635 -7.493400509522544 66.07533242749881 -36.86472279591757 -82.26911001358148 
-35.41255836052966 47.86157113192027 -18.756340529191704 27.50221962300789 -35.78749691636136 21.92591318918595 29.64212540147338 77.53410021145811 -49.47786094310103 -51.98390322062485 95.36415290364354 26.663291083131384 12.188561051419015 71.56660432995741 -70.50856092301404 
-33.54012094995606 -22.820367679902148 90.33937626314474 89.06938364747487 -44.75278947612098 53.56176297278412 81.46463117559904 91.76373121254426 -79.6617089070014 -59.03598564043442 -60.331797714895316 61.50266289600978 75.88452668159599 -23.580992445375927 -48.41343473974358 
-52.52382914366154 99.87370390148848 42.427122956165505 -51.96762854521766 -36.462549407625346 -80.28888907278662 -4.901106024378137 -95.51679006278253 56.71390244386674 -25.519419285327814 -19.388146066342387 53.23549000249622 -50.136002159280714 -63.923800696848645 -28.383512417066385 
-54.055290282184785 -2.5666689461845067 52.20019101682766 2.9021772340838794 93.22895039776205 72.29236377370441 78.17109514711632 -55.425203245835284 34.40996950314624 58.42725437867472 -35.73513831333656 28.12267263409322 84.37330401563531 -33.52784751653866 -65.37375800686529 
35.22240895698883 -79.51430340452654 -55.942416496149235 -20.387986837098822 19.96985007589487 61.247819104287174 12.256010187201454 -62.020343714503646 -11.322489330938112 -1.286794614818021 -67.7234136335899 1.7854555269845065 97.9127364907732 -79.2055166672694 14.790860045193654 
1.4701923619176824 4.736822991277577 -56.854298982306695 13.108454323194962 -69.7852619597962 -86.9613682174768 19.349152277920737 63.568406086754635 -69.66001655329516 72.9028225269166 31.081410053556453 14.42388024306591 -23.185095514841052 82.78222556303979 85.11521673390129 
-73.57133136748644 -45.08118224574762 69.22425653797274 -66.64915201032088 -59.182691574965006 -40.31436692123147 0.10946315982798183 28.951865063789114 33.9911406927786 -63.07710646043461 -77.42060154970846 46.40597678423114 75.25111585424267 -79.49570509034938 9.78017604578963 
47.756310595758436 -57.03433187345483 30.40861187641235 -39.31876239148377 -3.837726154346228 1.0867826542531418 -17.062191019229857 98.09261840324547 -98.18720511541447 -37.965644647203625 -23.5583852504798 -33.49583122481886 68.91269487439163 60.616180838718066 23.436852458772677 
19.224913594896847 -76.14821507125198 41.98827152365604 -7.1990824028681 69.8404616595241 31.777024814370634 11.542046802812592 56.58553081070724 -29.557705922423196 81.07479832173462 -77.08823315052358 -39.62380410389537 38.428267515571235 -79.01915529300322 69.3848661600602 
14.892152332904658 -90.25848734299828 26.506949401871793 6.308625831803269 22.267322934375613 -93.98850126447135 -42.90538659655936 -31.080510095511542 -68.34115590584304 28.9751162326356 48.381036761004395 -74.23827796552744 -3.2551570919185764 46.11910620706254 97.082876093012 
56.06544631516246 39.06455197703767 -68.44842214099396 55.018759358583225 3.041882932431733 -27.266620719374643 -28.100361085722184 -68.10013640020696 -88.07968000771429 -98.32667315666912 22.803960291558596 -11.453199591075645 12.551442272982143 36.52356223045541 -83.28345936699652 
-70.11501429957349 67.93415401420651 89.20039025544807 37.55261220620923 -1.4344664704412509 -87.99019778913144 -14.89941967243415 -64.61765584160264 -95.84734486079127 78.445482030861 -55.18449828965082 67.84461664441554 75.86673774015168 -21.86560971020552 56.380199492161665 
-49.218339140927704 -4.7640792776584675 68.175817793298 37.44060096649696 -85.12216259535485 80.13790925874511 24.574750817778707 -15.829544335524147 85.2635067638675 -40.34693845448609 -30.2143009517021 -71.32585683596474 68.41946581246222 -17.676599587866846 68.1943317493079 
-14.63983300825926 -24.69424700355691 28.054929922382627 -49.36946684821899 -40.41595967510207 50.83467799057357 55.800732236194335 78.05232359903081 -49.270934404315426 -26.74118561013327 73.51523798218213 -45.26232394328875 63.19866820379289 19.70246868288767 69.20336793418883 
68.62847289098866 13.542091859596141 55.122419560203696 -34.22280375775573 -13.924674098786923 -28.482315863572467 -61.35578624901517 29.723537978751352 42.35241891492174 -40.38939085469928 63.08186681933603 -51.04448229635283 -51.17423443584399 -1.4867880215569897 5.6943608854519 
72.72244848100041 13.670249481224687 -17.420850757153076 -19.47951220749107 62.795287927340354 -7.478904943837492 80.04761986986364 -38.86104554303107 -9.611679363085997 53.43923557100686 -19.83965862403811 -72.6252130630148 -15.836583069224247 -88.19877369614728 5.313418062679773 
-26.392025375490192 -23.791721219153956 68.62752881461833 -14.27288385280852 36.84791456077937 52.677269510062246 5.778160916603198 -66.74278790941696 71.9414312163955 57.3018442301059 21.791781649295444 -95.97619499927276 42.36653364079663 62.962587953195765 -0.46438015707586544 
-31.52720540797955 -61.930874223350685 -76.66049832179289 -40.00865086698302 -33.2076522717859 53.06781937470478 30.48385748732548 39.77069477820962 27.549213724754026 -35.13996623530804 -33.9950372853401 -10.162788153716761 20.592008582741855 30.955028991264243 27.870747075146497 
-50.82967799240039 -11.981674993787266 8.37544607406393 -3.718538657288576 -10.764953068405077 -97.74750417778047 -36.53814692844326 -90.58812588361751 -0.995700432325691 -63.30151180916326 97.86210378764423 62.70885340408836 -42.162715803468906 20.3174175775072 16.402963092090175 
-0.20177446974305724 -86.47107565413161 38.022525409004345 32.601982232791386 -43.60484296720557 66.69031662320748 59.13549113065699 94.24740138968565 -2.031303929354806 7.153824112169829 49.374709146467495 4.128889314054234 -46.48736763987537 72.13601609872043 10.33912489605784 
89.88462901663397 49.238124067507414 -2.1341317382883744 -61.87075590192717 -75.91347106494848 -71.07334801843132 29.8828389197443 -30.212970516345038 -96.29103428422732 -96.89435966472686 -52.64762378395924 -34.06537575236122 91.8886024701089 97.84539262993485 64.45410855757535 
-72.5958899137827 20.813438722647277 -36.946294425551216 -29.145813158040212 -75.90279748480926 29.743293161806577 18.517377626348036 44.90641015046995 -12.101145731060697 -26.730140364666283 42.88814371101071 -59.99692601213975 99.47900032030049 -6.252597773438453 -12.508950873946901 
-44.44250189968726 -85.56695162449026 45.60980447334339 76.75314374432196 72.33512633085698 -31.488750896091574 17.46848899464868 -40.90970342689242 88.92676034813064 99.15105623572572 -25.900087979820995 48.299112648087714 -58.838330535460194 -40.537201832856276 -25.948008734179723 
-61.988294987953466 -22.54720842071569 -99.2242383064509 88.60060747224355 67.88404944192635 -31.580770009114943 70.81358111059106 9.584430840837555 -84.81450357520134 18.749018719901628 -77.90023422895445 42.68323919255036 -80.87967795658369 -9.068570146307891 -51.87480114272909 
1.5019878937224718 -9.36062623560565 -92.07898263151822 -91.10803273325891 -50.53329421268662 36.919687791502895 -66.55486041119832 93.03493392398087 -4.7442191030733625 -62.93466571660045 44.86039638611956 19.461667453604974 83.16999602465725 -52.29816086745007 -4.3222059451467345 
54.0046561705407 -73.554316831097 -18.385956526271286 13.298332383855112 26.509519583095226 -84.42594347339751 96.67188342970181 -62.31049031892386 -3.926770382280381 79.0092643250218 -64.35946722030181 -36.7753838493521 30.915921621918955 -84.51045573010506 -24.12171256438613 
-57.110263381190116 88.57126516696115 -35.22717505425828 22.637526406706087 -67.79264245478755 -15.841932211555871 -22.267226554023694 90.84455361353747 -92.31588260102284 98.77890985623864 65.90571852892703 19.063214232263917 -80.92957127034346 -37.71600481191171 77.18609918474755 
0.7747042751921356 86.00874912109313 27.070655456165298 68.77077462329618 36.37019548671873 92.62361115791407 -68.26338829244254 83.12153020771632 29.542603977580086 -86.24007193749934 66.2126460467044 -58.48622087195214 -68.56480976466845 -63.72569066542076 -24.117115437570376 
-5.285186537544703 -91.07232192252637 -65.04080322383027 -80.87411425554352 99.36484822356704 -36.48937982079754 70.8587696543047 -97.48804928758345 -76.39230090339473 -68.7416294012487 90.14520974220645 -87.5248917107117 -28.732259793439766 -56.20126366213631 32.8625166043762 
-68.91088893216109 60.96650343761135 -47.39811820882069 65.68949802571376 -92.32201730601292 -5.252337033922942 36.31012849217501 -69.20649075597278 68.67893453982472 75.73849674401791 -4.968931890940567 23.396140889610223 92.16824731798167 -37.77450436080285 -26.056226578702834 
10.759416080639909 -62.29407448682802 82.00606753562477 51.61044665624763 -4.092063778683837 9.668064267222704 -39.58293789905234 -44.34365798264939 96.74431588658575 -6.574873091749112 -85.46875378572183 32.30484776840652 -65.45520551511015 99.12266772776061 98.43678858515489 
9.00283950669251 74.31647665503044 72.72859699499227 -26.64455459749135 -39.28899354914051 15.235933624846254 21.048386574058767 -54.64114604356596 95.74072288391639 12.308812478004256 81.77844200530754 61.26028930465833 35.25666116620715 97.04902044730306 -49.213403691586734 
-87.2347509312446 -43.73433202131165 66.48046005127335 -89.42788925016245 -29.561055925984746 -3.915771310072415 93.77205048980767 15.166723059308836 59.33109474259922 -90.02693892314623 -71.3728953927719 95.10167058332186 70.87618207722429 34.820959649164394 60.05685042950634 
38.168510067357715 72.99664307439363 59.59288893146345 -33.35500124962299 38.79562675098953 -95.22466268842729 -21.6770588225488 -61.04480231351306 71.79208581107054 -29.420818765136914 55.60076103203852 -92.0609746561307 34.373664944762226 -95.78687659841904 84.99800943289034 
80.21125785790485 49.32517062185721 6.3750978146102995 -92.76123899119935 35.25524996919239 -48.36987114902216 -28.42891573053599 -99.79129327558599 10.903660603809271 -52.472693864607756 -54.30087770036369 64.46179849839976 50.31765520225645 -15.632268559818428 95.0599705313299 
-97.98625472197308 20.374504194932342 88.14400885258172 -90.70337457481929 -28.588146126578536 25.33175985903779 -9.795303007516594 5.967170811845747 77.45245740367932 73.08831595991822 -72.55919668601717 -30.406014580011956 -37.64641514310687 9.402395697370153 -29.752185140726553 
65.40186859057695 -14.399306953203705 -39.45044329683582 -66.83469478766848 46.6446287006743 -7.3288379685269405 -8.769754300484038 8.619251626651618 88.07313015491462 56.88484146397434 -87.54473637839497 -81.60064321269584 -13.477200901081801 52.97992032261365 3.6280903705190326 
28.63083066825763 78.66345297388168 56.239884657734905 -74.77427920444784 6.721286638137116 64.35272670317579 -81.4270063079461 82.04923892245316 73.5193156906303 -78.11309358499551 3.516315230789189 70.6386464263355 71.13879987667974 2.600551473093134 -66.34370221522016 
-7.226466133022001 27.86636038388177 -20.291293957488506 -26.114851290325717 9.727163816060028 -29.46426689222102 -85.80510627932412 83.50456632569401 -41.58314900635543 44.25016543000794 48.434441316259495 -31.496769374169546 -69.27085979511713 45.144763204120466 -45.730455665266724 
66.16754471375035 36.13456510695019 16.312865025402147 77.11475294132086 -1.8225519140193 6.273511017180212 -7.834290520623995 -83.41837575084182 -25.552677771191952 61.64987304910363 -21.862534728558146 -35.22102880993518 -16.37198508379214 83.10070513401669 25.74688806651612 
-7.92791939773285 -49.31019128703722 74.19783448997282 -7.6760349023820424 -78.04767436639497 31.535774661401064 32.109046564465274 49.612814657250624 -74.62461930051646 76.7400756700838 62.42478692782174 56.79252408987861 90.84831428978435 -66.34890802922864 43.31131544490779 
80.19994775370202 -26.384933694193876 98.72826095707305 -93.08707576459369 66.38887089273473 89.75129489392401 61.885394505140226 -64.48598807218534 -78.96079879861162 -25.675181996151437 -80.62176891142383 29.915480269307096 75.44529221184192 -35.959118305856364 -94.58473662233753 
-95.33257838676728 -80.67276026235157 -25.23117052141785 97.56285402554732 -17.084081213567373 -7.757950953498266 -36.56148265708763 76.61676345897405 -56.416822405243686 88.67525832632896 4.59929920492128 -9.266299711142011 -89.55935345292869 -28.518250003441196 35.25469871138648 
-59.043034650160145 -32.191096399533635 -29.473425242204513 36.877042790269286 -54.046172045633426 26.070092766531488 0.04113893963695148 -17.10486136331062 14.022728977220126 43.489121795117626 -55.25233671163912 -57.38531073769602 -99.79831353620743 -27.07619197983813 -30.352587848059116 
-64.4326889439344 -5.786615564169665 8.380447715521399 46.25897228326389 -67.14754783575405 34.92965251436871 -93.22822779136277 67.3600693204192 -40.10025494546217 -11.356879644009695 37.8131396316374 92.07945652655519 48.31006584870906 36.67023793165049 -11.389612985882877 
31.703904357668023 -16.532400590944036 50.25989053772187 16.998651224547828 -75.36662019923482 59.78902439729055 60.27234234727047 4.504449775123092 44.96823457435349 -60.580926025958746 -13.079962451735568 -98.89433314267005 41.386589234784566 13.229681658987616 40.539874921971546 
-4.538054519228126 40.108995230631166 -28.422808821159776 -53.463750707250604 62.52411479228124 23.813490506569423 2.8443949112447484 51.97665873889039 25.717929937794537 -45.13049279398895 -50.12872592997941 78.86617757376854 -78.63327403407641 -96.04432061608254 28.699389486990896 
-69.39780435223608 -49.92221273406574 14.637417145866706 40.056347979997355 95.41954561407564 65.17286434162168 24.389074866735697 19.730011312435238 -75.71476475307226 -96.92757589213682 32.28842445472068 -70.9825249314809 -2.7099085782473935 23.625540333759517 87.18192434653301 
23.772583388718843 -51.649947385470526 82.61096938294381 -67.93035484791619 -64.48647161047634 10.493536055824237 -78.16918515969276 -27.326496407421487 31.772145459959376 -4.536532690625478 -44.29424723220365 -19.200171539973823 10.56829093913025 79.09258178704368 -28.759799803571156 
51.15891023661405 -83.15031599380762 -60.416747477650446 17.974167635839194 -43.51025536567887 28.571430548472847 -83.34506483489804 2.517640635703515 -57.31497870559848 -31.635684025150198 11.142135409932209 -8.594695676036793 -92.51433675809363 98.35882735512396 -43.673168371663174 
49.56464522052369 -14.047194352020156 -46.34723101479543 -67.20926235828449 -28.396060148192845 -68.3972060031754 52.50733902154104 14.661031798367489 -58.42927311121884 40.62982153864698 22.28917283966878 79.47242603049506 36.95929480742552 35.929229791352554 49.48298289563553 
58.13219428174099 -57.677725094146794 9.247736056107158 -18.539016244518507 -56.420852364200734 95.73591544263238 56.65670124469361 31.797318995137744 80.6651011219547 -50.98860846378199 47.41359854205302 -44.623210207625455 84.45006207675993 85.9191492693966 -28.35908043657267 
61.301560737893396 95.59865179765802 -3.41971526879486 30.7606376509068 57.12189410591978 -77.65566663572592 -55.91423919086711 -36.24001012229159 46.79480067649823 42.57226958550234 50.87312915807297 48.29899820320523 -7.519558453339599 45.652139129255374 -97.43408251605015 
-33.95370918690905 94.13219621287533 -65.86969125303224 -88.95715935147982 5.691144629947715 -83.7015766967435 26.722372954204914 -99.43896070744078 48.29874170929634 80.79441672821162 49.35025889138268 90.54496711186184 -46.166111819402666 26.464648019206052 24.535464981088012 
-84.25901751067218 -49.77309808201804 -35.28838565492498 25.263985309866783 95.82674470824674 -98.53536046005587 -81.30130845180246 -42.743167864846484 1.309273306615438 -45.961267201226086 -55.47265100470602 -74.72872921217439 -14.49506971158982 -65.34062921584689 10.684727580148845 
40.493416272408524 -97.86408989646824 55.15443741397581 -5.686781793629464 -99.96470122615007 73.39747989808063 -41.1602708522456 93.6891976708421 -19.404500323181267 76.24397620124185 -16.4590769277375 -26.132262933221995 -61.68618761135911 39.8510686780246 -99.155726176716 
-75.38178860940295 78.26773721721142 -59.537958842822135 -46.5558082487997 -59.41832489650254 -9.09983694915502 -83.0045378626952 -58.1996469456173 -61.591211383074686 76.37043572741567 -57.095837108444854 -18.49682219014346 77.91699402480668 -31.26949605613673 21.651861308436253 
-19.75895861107611 30.940300290115317 99.64040627859296 89.89333124421705 96.8947219035525 44.12183837944377 75.38480703657817 -63.92558550258798 40.40857008779207 -98.09643378438355 36.08967169761371 83.90072511250267 -47.287884671179725 -44.87455963083163 32.409028348285005 
61.66822495153875 8.12801359622803 65.36968314391214 -70.94727293917818 65.99475072695918 85.25606504446185 74.87756506308716 -65.15464719276238 5.869215348412311 43.52704886834772 23.37970733366494 -82.18804555609188 54.9595889261102 -31.058023853245516 42.079322835088135 
80.32565304095203 -6.803015288482911 -10.05895247078601 29.203907781586537 -82.63700311476958 -98.0281401556034 10.822999773666055 37.567908435041176 -76.961728139238 40.72935518152511 -99.42334286361138 -91.32920359357605 7.564946364413387 38.664509320555396 -12.89514264066689 
-59.6514217557865 97.31235768860137 -78.51245493122347 -60.88187681235464 -24.133915636169732 -29.40839030443594 -60.29750387184063 -32.45729361037495 37.27488290686725 -41.6092104124772 -59.561119800469385 11.810025527654645 -23.77606796543685 -74.11039204828671 51.03499357707807 
-23.468768858379548 -15.51148580928006 43.83338752500515 -12.196022557464985 -81.82042254707142 47.53145151361136 -34.1485971687286 -35.90031392497866 -5.542912686567476 49.427420804979334 84.80204187289687 53.632365423771546 84.27292664731084 55.68451416142602 97.76333528148825 
-35.75362741315304 36.038896737408265 -69.41262102987423 -94.88607758939645 -61.927453624589425 -25.37447639850066 -72.06101104310207 10.4439177406164 -80.33642146161924 -21.028759325433327 -18.934305576472426 7.025762894661597 -16.615546182884188 14.600733882036423 94.64809409953676 
80.76067364862695 -14.32463381425731 34.08838834792718 -25.721832636672787 53.97309624946632 -11.986963386117196 -15.428621527117897 71.15817168468982 -51.97124973425973 80.25142842234865 -99.78277220905514 -42.455590007517394 -47.15177328254938 92.7802173997504 65.99142729323125 
87.88744781518105 -27.965433541653113 76.4052911582786 -15.792809314088089 6.689372025171011 53.59328096443349 -10.671587206916271 -19.436135936554038 -91.62258781042698 -42.60420658642894 -13.59080759505244 16.302579339390405 85.49452438622248 36.44913468724175 73.71617386357909 
81.74152745529705 -70.86703076113612 -36.09059296797514 -43.13162345079349 55.72380935566585 -17.291712926671593 63.4026173140021 -91.7536231803293 5.0469798171423434 -35.10137593389484 -73.55176672750683 -30.698901388351857 29.3317297612017 89.67892634701442 40.27034173021431 
22.102243105316404 52.53709278523161 70.75769021797126 18.63379067188488 -97.52989021971892 22.525810405776724 -79.87465297747283 -80.09373398527546 46.49760895523329 -94.28628101762907 7.650234843329358 -77.86942403385609 21.515183737600523 20.69540518456114 94.83505619662697 
-17.635866506190467 -29.37965876628637 -97.26983201524853 -58.34411041030725 72.13539426121093 -53.46023712722812 3.1365437211095184 17.95917749508193 82.0173259068919 -80.68896968583816 60.97129176796838 75.26150057100756 67.10263447060316 82.36833234616375 37.16437762564911 
-26.46633502744318 8.075994872321957 -7.365726865774349 -5.37601155244387 88.86268631067671 -56.87490561966222 1.2187367675340113 -68.07252076683818 26.52471656116633 68.59730355219546 56.76619324768325 -82.693829607838 5.02686885709052 11.728451927291886 -21.82122966577107 
86.78401065321293 19.310639407419345 -17.397605490127944 1.6817298508895675 -83.44990466802926 66.05975089619116 4.6906104712064405 -71.16345034552802 -90.68023191958684 -10.66135515232017 -58.04305885693473 -33.18711732243327 64.41385412387791 13.371602967725622 -99.78240170991282 
1.3704842252204799 -62.691061047656625 10.804788886912945 40.649320502925264 87.31460499178903 -11.687245162396948 -46.309937168560865 -24.917247796291136 46.40025372241121 29.10289934819579 -52.64743437003234 98.0787855221455 4.558268527339919 47.839807927154055 68.74628139105596 
2.7921067322009776 43.71457124268329 -91.0170988085202 54.88093610675057 31.99658659354651 -88.92291039162407 75.27894297613324 66.68982311424057 -29.124532853626036 -37.31570181101913 -31.041865121069833 64.40023528627964 58.60870277581623 92.50976167537652 47.28036008524447 
-47.960482034253204 93.9610905192302 -47.81569898607325 94.36777780717986 79.21984671850205 -62.47358018904128 -34.4492612434135 -52.90139011416532 -39.34716303829291 -28.01725703490905 -91.78843728091344 -83.96369390600817 -62.07014231694037 -83.42499213963201 -4.155803097568736 
-50.47065487011435 -64.71359739956935 35.55667573677232 64.55503458774928 -22.36318106396115 49.52670119951475 21.437741780062638 81.37926597118383 39.65177471553375 29.23690325713403 61.02341807285049 -5.237469356335865 -36.46022388050136 4.673130455970281 -45.686217412214724 
95.97903389886957 -82.07778123672595 41.28472478993808 -82.36948692977589 91.73394673146629 60.89462838620315 -80.97354365172053 48.3950419267434 31.388715777805345 62.95586498164454 86.79358252196215 73.53038072203316 -55.613588503564706 -74.87174691759573 88.50419463523374 
-99.27212625264303 -41.14720864566772 -11.497619663572095 -40.09204909333239 -34.68986247946147 -99.56573942769317 -17.27697211156763 -58.72054589465685 -83.29664256039754 -25.623133416215865 -28.332559223412375 -46.64580407817456 -46.71848841831072 -95.7938519892115 58.135847399397534 
-86.88633226584976 7.650374261750926 -45.96740007903814 33.78595542801901 -19.111508572845295 -21.26294106935356 -63.240107686775616 64.60350562394223 -66.14300650193137 -83.95406487283941 -87.3667397277939 -48.25814103682047 -24.44520157315975 -86.27841474669877 89.05951662701369 
-5.700434507473446 43.68202424735628 -37.20881911991951 -34.45775852135482 37.72682209271446 88.60195728699316 -90.29565599954785 52.303561227017326 -30.406204851927882 -89.5330522321309 93.55116940272353 -64.17925856544105 89.81341889718414 -82.3582800721985 -44.05686592150839 
64.6988565485675 50.78334223186249 62.75376274340809 -73.08797712862925 -74.44641645975574 -79.29071597019703 -75.3692547048765 96.45793402961323 -66.2532021270969 -85.67456604384324 61.19258190379804 -46.64674048946864 -90.7411435349635 -2.5102804062854887 33.64813280169329 
92.6600818947486 94.24330162478168 75.65698053855826 -51.17463677830625 -57.085599762766634 58.61468024226053 66.3853061281759 82.02281697671373 -87.18661039389528 -83.83972876764187 90.00016454423596 90.76439901449064 -37.827868889681106 -56.21893525739674 -2.8262311132121027 
45.006928271218385 -12.937387613646962 -9.266464512196876 49.121249284808755 27.2946408029852 -26.5757597057882 75.71507691885174 -17.790888332115145 -88.62124991328048 87.36016989263794 16.49717378435382 -48.683021672854565 79.24076856657126 38.2309866588476 -30.83056525169239 
86.68194157277361 21.833516925425343 11.933872974927425 82.48555471612946 68.11463360698082 49.20347586969564 -29.362104904668712 80.56556509072425 -90.2772853241286 1.3758919766223414 -51.427719351995016 -59.0768865557475 32.939959094354805 -28.707855806307364 15.571015106052613 
37.12352098329035 -88.42191163366337 -74.4741171299859 -53.386495933815304 17.53775232574428 20.18014237484958 39.11416158199307 -4.567799432619381 -62.77432831488272 -67.14124933047556 -65.03874802782778 -25.5072621059184 88.17673653419752 97.16744746726513 76.95879459679841 
-67.4925379075515 22.339944497305368 -5.893276318202993 97.03671049696817 25.011389331428504 25.742220966072324 -93.76948183565707 94.73345046659938 7.471726535174383 -22.12245051792287 94.54505762425677 8.230249628981042 76.08727488245779 -2.604446249251069 -92.81488184688769 
91.15094000302321 -88.81524467213431 -96.01711468769703 -21.841070545834867 -16.59228180824084 -85.01900293423652 6.191624658777911 59.29384459909673 17.82437933076075 -61.00673938578949 46.307591363146116 -20.65868006379472 81.81863797846091 71.51460496836378 50.280472744821225 
99.79885848641493 68.58081185495453 43.257106185106096 -80.96977003906072 -64.54299607892563 -61.87098350170537 -68.73562798836777 80.38993456512921 -48.524241265102 49.86675713479474 88.96455377962954 -26.84310088661988 -59.22634757473722 77.5390762132341 -68.45326015834657 
-6.186109407746471 27.441336721365133 -77.84514308892324 23.30798160504159 96.29171740900523 76.79581865426351 -42.77103079823546 82.87111600805306 -32.78690668559324 87.29710671565854 11.519980945803624 -31.014406353969505 24.9234799934071 -73.33680735426901 -50.77253966073747 
9.5469592937486 66.6179482614354 25.534062859789614 -43.4831318546641 -8.380779513040395 97.32676205354426 45.27468423360773 -29.97622433678835 31.267195318266772 -55.69771752798025 -97.69473334522965 4.005517620514908 97.58794913889409 78.23760316547376 -47.73177506034296 
-18.721288827645594 16.633111667300284 -44.24930457467988 14.667321399262306 15.955510688890072 46.54808873405304 -63.393370816395446 -99.20574435089836 54.64731621312626 -61.54211879051126 58.48252166084967 -93.86209893149595 -1.0450649946644859 72.50443151347989 1.4530590264496936 
-0.7624017805078154 55.57726694850285 19.50775986801547 -76.99633689115966 -85.12012731554135 -9.914011689137396 3.926284138994589 -34.084467107921725 -82.77763649797811 -0.6739399700014985 40.75851946785792 47.23683246417494 89.93537664170236 82.66689970374605 31.9864263819224 
-18.94385407314914 -27.414266790584747 -84.18570674833164 61.48279405100584 38.84695184976965 86.72489040292996 -17.136317082324396 21.448655742098552 22.573476731466258 84.30041896015362 -67.9446334919458 -59.52234376931058 -4.134795686756348 -3.5848908278136378 -13.362797086231694 
-12.51315044964798 49.775451859672415 -22.230093842886518 -74.13357710802926 -8.811029603509596 95.1904738633138 -61.259889241848754 53.23543833573953 -62.536151122217355 82.08329718320851 86.8027833769714 -90.9125067984775 -80.19350349606256 -95.69960658107262 22.75869385852876 
-54.002888557651715 -37.99873311080935 -36.65723526143123 -11.573988928297169 3.7391456191670187 -77.91657352676017 -12.319263263914166 -40.317270520973295 -82.62927735553107 -11.119104069654256 89.84684024022636 35.61015445437988 95.28225055811006 64.24904358672981 -44.63593097876617 
42.02485906528045 -78.82389333808761 8.067418607389357 -49.35576724795847 6.783602697621532 -34.4249197693355 -64.29502350083533 -62.66398049806019 19.930096467754964 67.76118069708994 -24.919131370326042 -85.01016558969276 -18.10367846764113 -80.68718256044222 -88.74466678963609 
9.898913490855165 -75.47199975623286 -24.28755960409508 99.42223044111878 42.68084722097615 -2.5980588931087993 -57.84773959742482 -89.14998870019073 96.3981134425197 -62.86588141195934 -11.747522851116912 56.30995592205929 12.847745982326785 26.573278902168468 19.545540792266095 
66.86074486515611 15.248013054867897 -35.75187067604834 -70.72092049765801 -81.86452979306901 54.348964518267564 96.98437349124421 -76.66749005701028 -28.75926178633263 -35.913815853412984 75.0420211468577 -63.84998528211303 75.39195997182341 95.1104871711241 69.91000027276334 
-61.783437894525406 13.256978419481896 -1.210588203217867 85.10083974285291 -74.79411288236808 51.81299409208617 -59.196752857005386 28.136836913266848 18.672828806226008 -72.77223058853446 -16.73204769598445 48.27471823112941 3.587869439455787 91.4236474601812 -40.893215221527335 
50.881109999986194 91.08198182550251 -57.907155014470966 26.914185952901832 -22.724214228772425 49.770370031874535 -36.004908393904245 97.94546255649618 -47.46708648438505 -46.384823409368096 80.01203120029953 11.961926798258787 75.595350169118 94.54184131157871 84.20885188861362 
6.270610404362856 -92.7356901231037 14.246010149680188 -0.27817746987093983 -98.17185157052253 98.4444524187399 -83.6848940436193 33.051406202610224 16.434931141498254 -47.70625198574206 37.65882195124365 -99.35396525613416 -34.825937210373965 -46.85246958895559 -9.030459279942036 
41.649166172058926 -35.74542271553405 39.474146867718275 96.12614249625167 -44.599954945894325 -62.61854255970258 -32.227381628146105 55.524303965646226 -89.58140864702344 -77.53573310209627 54.17388231429288 68.64659226962345 5.729821852097402 -42.0581725811809 -19.226565612390687 
-35.25287233452967 94.27094487827793 12.569378036572715 53.245846161951164 -57.27238744838692 -24.509375971102813 64.73698422053101 85.69286590810984 39.67973645941433 52.40490292326896 -49.0250517382312 -86.26524335684236 45.13581087828098 19.436548803971192 -15.510773309711894 
-1.4642382101672524 -12.75421685053793 -26.815878134330575 30.54831208920976 -70.40883484005253 -55.85985141785179 14.665661372930103 12.243855938162596 5.60358743911587 36.34320920305166 -36.77558075974075 93.40824008195128 24.429991660498658 -22.791467980603358 -79.99731538922437 
82.79812267349561 47.91928192981504 4.616590145055596 94.24462514555984 78.33700765793714 -64.01540513953569 -90.97554870688485 -29.117611110753174 52.244291747065915 -42.29309692193319 61.86575017185831 -14.51016347841869 -95.26323248995196 -66.18673759221264 62.32013094308482 
-15.454651085516488 5.739838494153275 -0.7957928086653681 -10.29964742952059 23.66649278180057 -95.91150743293659 98.33352728620741 -44.933018142504565 -33.754633894910114 15.89717500702757 -67.09186108175837 29.378237953904204 43.55461244594787 83.01818365203928 -80.590513461542 
-62.84198481772783 -88.17034391047073 -67.28984117921595 46.81380492719333 29.79148766001407 86.94604781687207 -81.34577422331483 -8.310246993003318 -3.586366900364581 51.88538649638389 -83.79218511290043 40.60138612916856 -17.207931845108334 -98.08899466575384 49.39205718653386 
83.37887581242933 24.614137659271094 -94.64165430510694 -57.858484404909014 -24.926718400272605 87.39599778407293 -74.70098111056527 -21.696756042535654 27.41711285020358 88.50261108723768 55.01303030394578 -13.415528363611955 4.253181216780149 -71.77005074448732 -53.18587528505929 
34.176292865849376 89.13266794168243 -14.593546571459285 75.84783148753695 80.40343700244969 -95.46709559762252 -35.32260473600229 -86.18780950059394 -21.581871841001757 -76.8324084406117 -86.96337633071857 -52.367101719741505 76.50108544740894 -97.75195964581351 17.774124881441054 
46.55260779747269 38.821979123390804 -20.629457071642946 -50.57712645830941 56.02075836801333 -46.328882906078285 96.10936991631499 -60.234323223425676 -43.950748062225806 74.41839284749773 -20.517928216311176 -96.54199348110915 -55.48201101379986 -80.18098166834216 -31.790658339371575 
-52.03947041809389 37.91134199511848 -42.40393495725363 -13.218477375745536 -59.46796657275166 70.71356532833974 -34.71317443124573 -3.874800117840138 95.52912573877612 -61.86166863066691 29.472496559682696 50.221410729986815 -69.0590431918045 23.07934459074707 -65.56051724707021 
-28.260763312568145 43.66231073105442 46.52132191526829 -6.150755186823417 -98.34966114713896 -41.65389582003405 18.711536955291194 -3.1671767380530014 74.53530144293151 -37.980405892569195 -9.53969314229208 -19.88280652997716 83.28431110718796 -16.17249348043876 -38.33972468223899 
-35.468844179411235 -76.19407792778537 -30.157518384713626 -53.83344355847268 -32.03295936901414 15.985143872981865 91.86125543346017 90.07261845253782 -44.20019278465568 45.972756722454676 -97.0025771855936 55.99575232960555 -22.33848116470108 -95.21976962047019 62.72249893930049 
-42.25030189370518 59.54800651510058 -23.259722913258003 66.90302561887302 52.5686882160355 -44.84747729765333 -68.82090746987768 -73.73914677256369 20.915251959916304 55.07164765061913 71.74472023227926 -57.9891917122658 -57.07809127243535 93.09736953868261 70.5488125820853 
-64.50870358681365 34.23120104670346 -11.365207613860989 68.10683356990555 -30.2345684386939 7.535074137263734 -26.80926900964056 80.19329838675512 -59.92427671849201 -56.54632913767994 64.4100556370575 95.19855962244856 -70.15802903841342 -80.5491752616758 94.07893397685183 
-50.37539772828119 -42.34876194581047 -99.04955377802827 62.01599276797501 -47.96082949278884 -34.12555460688358 -86.1086311687522 25.037149777977262 37.06161112061503 -48.61387723568254 -74.02117507006793 -18.35018108428703 96.46810811711808 -56.00405378687876 -36.67031287959064 
62.3467598634104 -99.363333689444 93.59622731533469 -3.8044239832889133 8.862647862164323 29.929326338328366 -88.90786757497685 58.4220913926838 -91.32819233590845 -12.159972326135176 -78.09915016114726 5.255619027162851 72.45458619739844 -87.82094794762779 -14.416441993752272 
81.61785307818172 73.28532815748645 9.97069493626887 -24.43671104310208 -55.30800886834595 44.776548606666324 -89.02368176024882 70.6947600725866 34.54319895674584 43.43466385066989 57.629473997291484 78.39530779233726 -83.47509796277801 95.72377573009848 14.509230949558756 
-68.8003283737065 54.72816483471843 -91.9518551467151 -13.131342391143221 -45.443107098220835 -30.205522584503626 -70.43088999758965 -62.6560323858734 49.67065977788954 42.733686578481525 -38.23310544352025 -72.49017496440982 29.111905297183682 95.22790824727866 95.65842232606141 
-27.547036863344317 -12.162897482186665 -31.512846248365705 84.66374010046047 57.78065241277241 -58.11189339230003 42.88467690455997 81.66874989472049 -9.713036199512231 -64.26662036953198 16.288647310552236 -68.15315269415427 -85.97193104164558 -22.130110744582424 49.286199238807626 
14.411382234584337 69.79156194399266 65.72454986073862 98.54549655360842 56.42696860010369 64.0079132814904 12.579651512722293 -96.1480243515097 -18.983098248138774 -94.01192124848833 88.70679460843243 56.13422978190948 73.53653909944236 -5.191655621295638 68.1376100723374 
92.16643815808595 70.65887054007655 64.04951475480138 -75.5290426839199 -0.18205012778042828 6.5144693911006755 -33.950797852137526 -64.027034255154 63.52188465730677 56.54734675998526 -62.15050722537703 -56.23765167259187 -32.66628893659261 -50.171782488790704 -91.3388555497934 
72.05670649151315 -65.62219296962746 81.33398822026567 39.51632635342622 -52.14462611335824 -96.60000717526722 56.39843244932888 44.83200830029733 15.58140689100172 37.74241921368781 -27.072291691798682 -60.58825647415422 5.5341333118903435 44.77896265335872 87.01691096892051 
-42.57769746381388 -60.18913253278728 -18.38113607695537 41.70735373981779 -40.21291566611167 81.45659970859472 -37.978493580091225 -71.10390658011427 -34.98502228476087 -23.079305195264993 -66.68650169736469 56.085817331816315 53.02006247186952 -82.67315906288455 59.67993153333782 
-98.76641500985816 43.90364650191049 1.9051680704626364 97.58161089253795 86.55071277011268 95.97820716864314 76.11024675135124 -91.2598259488024 -31.830247795881746 95.01529561488636 57.13746727078612 -0.8972893053690143 -54.37608725949688 -88.27470903982308 -1.282474024437306 
29.29176689409988 48.72685595433231 -12.880567613485766 71.90957359784537 84.11135271835596 48.07061433202253 39.378782646487224 -74.54115354835514 -31.92974294413031 12.981457281591787 -19.032940416842052 30.990915138178565 93.61107706402453 22.15342102784544 90.1570637053673 
-96.34930212920196 -15.5048078504676 -20.734043965231308 -38.14572061949215 -85.7894296567933 23.117991291159214 14.100893878749218 -77.47838550528527 82.1828825653088 48.70714108734373 -53.54006480257152 73.1279140735015 -24.344649118855827 -40.81545027552402 -26.489948711939505 
-96.38481304177611 27.63417563892621 52.08521155249389 87.41374604526575 23.34338686361086 45.32851184481129 -34.44023850698632 -46.72483530265639 44.9799892609268 35.54458054840558 70.16755367298006 -64.32357124335616 -79.39789184008595 -13.035136518565977 77.27935758680485 
29.257276884134427 -18.284081868744423 3.3219733469512533 -31.12240326574755 -87.39574288194798 -66.20796013766206 73.50550567882044 41.78375286263892 -20.06729151743494 -66.59001329354808 11.909087247974654 13.728507780169409 -92.33521823278063 45.12783803640738 -38.42769765805407 
36.1356561183801 -71.0212708085302 -89.25822027095522 -95.63934990486827 -92.45587241527619 -78.39368470444126 -61.22540265550427 -83.10030726465484 7.09586121373664 -83.81522102641028 25.20331300161783 49.45580017675164 82.89901858220756 -70.84181515301947 -92.07251406608617 
72.53893941693258 -5.246871724607161 -0.9167409448090638 -60.95557220748451 91.17987625839112 -14.240281271939395 3.8549728249951016 -46.56721472884448 81.59654027828432 23.523513681206666 -6.374388491869041 16.02023615632659 -78.21406095571955 72.94810529897754 79.95685668352797 
96.77572385161949 87.93978544260531 -91.42294398540223 -8.820153996563192 -31.17661873672995 36.906614350402776 -38.72600249248932 22.555388301700006 -83.6146177012165 -53.21311255549877 77.665661123458 -98.90928038453801 -88.23639193856283 33.57860093662052 77.33679273229029 
-47.80400733067207 -15.61526201556103 26.152600566505967 2.506432387021434 90.99478157525954 45.890868306336216 65.6280619309162 -64.87338319531655 -30.117871589138673 -82.59928246376055 64.97362682345167 38.25695528300673 -38.157560162263884 19.985302431744117 26.889578680700296 
-32.559485949529815 -72.20356838496309 69.18012482339898 8.346958642826351 73.29904909069964 79.96441456996968 24.67523641116813 41.893714928222295 5.395603226171602 -15.214691899106938 -19.879263797852786 10.559419649864196 97.91858983445593 11.312428542469391 -44.060119395081365 
-95.53457001786032 -78.23601848262524 54.3685847082493 4.267576988453953 -47.88151320454532 17.541692253354157 88.67071740575142 -74.69488385755542 92.63318464333443 63.70831438237337 -87.81802309123168 -95.92166451840203 36.515978720018126 40.85533971436783 9.268250556715472 
-48.430074255986554 -27.888044354516836 -84.24468847659456 -95.03064966846269 51.21352685633215 -22.867376206881346 48.13367249243922 83.36303752655371 -24.899291995023702 -24.983717018812328 88.06599019716799 -90.98536516124378 69.32521823911543 22.467203578300143 -11.424010366742849 
4.912128755329206 58.69300900779072 -59.73285088489722 45.913525536764666 90.35040943282124 -21.228804756576864 74.64743998681683 43.8011551610804 18.740411401857585 50.2847604385189 -99.00246092379955 44.569374611732286 42.04431282510649 68.64560086368243 45.123945552828445 
-36.18803837447213 12.533050059200619 40.647668611649124 -58.67345534416659 88.81597206597704 6.3270981353429505 -50.467851594344836 36.84663426395866 34.35088604850159 -85.20151422159496 83.56600294970727 1.050783906936175 3.8960058657129935 34.43517903723799 -70.00180191961891 
-99.49792048155197 -1.988321703992895 6.342627613202367 -26.10753445034466 -80.37647292832767 -29.595190199176443 29.79677618303171 92.63484881123446 -63.94778574046618 55.65200157617201 -96.52436648238292 99.37634625094381 -2.809662456735637 82.59938964279849 -87.38084456951918 
-55.5959236690476 -83.70271597903975 54.54984723114282 -1.6371219345983974 -28.05223979231019 -32.08272700569867 -38.60553423721118 23.521151580556122 2.7021710620177544 -60.359477004147145 65.60960338913887 95.22295155159489 -48.236122773235124 -23.594045087389247 -53.93108324154856 
-42.00021820753521 39.00939063355332 -77.55024419734843 -51.56105873759944 -12.728431511960125 62.23281263215043 29.731494070893092 -56.663054938470346 -26.11119261441246 38.488995764414426 -54.101124345254824 5.402703713890247 39.35488702565877 -4.776468857941651 95.52799066106559 
76.3308888253955 79.80759459450849 -92.58762360286165 5.983249093124215 35.39075893853919 -14.861629548607837 -59.74183417144994 -18.755259315317858 -10.424511208166393 10.229561295177533 -70.48785786921499 66.59670970029799 -94.11652454953258 -38.92921106155831 85.16031941918024 
7.400203034959446 -34.46478292714809 9.450133570751419 -79.02343156124074 19.97509663205392 -35.69027389970765 50.45435921611593 -57.49372629826623 -96.99282221796695 -29.84002399162668 -35.08958943409712 -70.53307396363408 3.6378390823775106 -5.3719737144668755 -71.45919690866143 
-25.310045016997208 -5.475855756929377 76.26378362762352 29.5323836165733 -83.55892286693617 -20.437166517088983 -47.26416970863161 75.59715194400971 57.490759372187625 11.799228546084507 32.53648892472029 83.1201775023305 49.636761704505716 -50.51004062461819 40.50869724032319 
21.73411099648189 -9.083524597533255 34.70803961140933 -99.7523893645665 76.59381067967789 -84.71922033986996 49.71340449146621 63.680279795201784 -29.072662933241205 4.088317563020794 99.5828610009452 30.98706431697022 32.337538256454934 36.4235661013262 1.9627051808371903 
-74.07199045367616 -71.29618657296515 -51.031464484326115 30.734379169170666 30.074953674223764 -19.92566758144669 -26.287620294123172 66.07842574258518 -19.363879823438495 -78.09208428815948 -6.529638491771465 88.37706953708587 9.845822444226386 -37.12495311604642 -77.62295298041573 
-4.894345775343226 7.630309215495572 -83.7705408244662 67.36864991432941 -93.87886841679823 29.881786358530093 -98.08305363782478 34.52761100818472 -32.97154337438238 14.59292154229334 92.32509904463012 -52.37076561891079 25.533216612760796 46.44681182220464 9.353312375004634 
93.90198722836575 -70.92949966249867 75.40327304639132 79.39767420677933 33.67252013547838 40.25946189242106 85.80615197920503 51.30627497153648 -52.139938629756344 -6.0558753016691185 53.175396973774355 58.510021690886674 -42.66145660657359 -36.80585153581815 22.180480446877283 
93.243194589788 38.94224755333735 -36.4616207997158 12.433038456816021 -35.34992743645972 11.800946920204154 -9.424233279490025 22.645723676772718 70.55193215552424 40.00944882748331 43.80094165145357 92.42914294785862 -59.691878165551856 43.84046937769327 91.16309803133203 
46.33290866975119 0.8082437556343507 58.84076229030029 -73.99786131071744 -89.00870174942948 -72.79981689785156 72.43581864716018 -81.0716904142772 -3.8139036071655568 -77.11396578066314 -83.68372497626837 40.7924334437823 10.866042490587262 86.74015055746713 -96.07495507655845 
-76.89689892939029 -24.13885602954909 88.00548560439199 39.63012076718789 -54.65017307723172 -90.44224882620118 59.2433114568521 -51.22267487039467 -16.06573587014404 65.41795085372513 68.85319694391762 -29.47040290454919 22.970059969789844 11.84735931109519 -14.044648740016456 
68.36634041953977 -15.655203354681248 42.011559998188574 -86.01523010428119 19.72387659779112 -26.976903404574898 73.33537610498487 65.91255374126521 -36.59459749392175 43.224142927892444 67.92612553094517 -32.192633096688496 -19.656650221876433 -83.42715292649225 -51.917398635738785 
-96.08255745146333 -86.2229244881158 -92.77060216167308 88.64270664455913 89.39293693154883 -74.04396966119202 96.544149479509 -96.78591452314448 -46.331717742801224 98.23807232588172 39.122362051015216 -68.57954880444419 11.576268234234249 -5.44038405797933 67.77233029891588 
-93.88036179813888 -38.48533595479433 99.87671711230826 -73.06085679115802 80.5632641974045 -38.333984183434765 3.6115326893730355 -61.012102858227244 -24.39768105099303 54.86963093016783 -46.312927352728074 -52.362611982618134 99.36020648352391 15.863591718010554 -15.64483513111216 
65.02687182959431 -24.023181811382273 28.310131574342478 5.034295922911198 -31.97872129888728 54.114409824987035 61.70093927762602 64.2927070898244 98.19428436179336 4.794476998091611 1.4042417882583322 -53.70695840005286 77.5225780362598 -41.3695924158108 97.5003971800395 
26.26676862358434 -69.90358330246795 62.45154223334717 29.60008791075498 -72.68817183546908 -82.01049284433692 -71.49461165299601 -57.63916019195761 52.59339818745411 37.29231994039952 -42.243802481965155 35.34264977149476 27.526553081964195 39.19858116368343 95.13265910484807 
42.810137507859736 2.089706101749627 56.53884416934741 -7.983963566167219 -95.9082866332698 -70.13532605065203 64.84045984939348 -6.142995154651359 -83.40916018502038 56.77225105934767 54.599511630235384 -20.190587884724806 40.734712329887316 -47.80045117742957 -87.93175983073809 
80.10824915247207 -28.544104956838368 21.87165054864066 -23.852620192103615 -93.51210224714347 -54.77637097156847 5.154020600839786 1.749013763583278 84.99451480816566 56.601488145762886 -20.29937962125443 90.57512075273027 75.05383360109255 4.301723951386236 -62.49064356980407 
-57.90228619133728 25.89300855753811 82.63248999095018 -65.92368135547628 75.47859115895014 38.10226359267739 98.98122718778552 36.28714633480121 -45.5360029729158 85.73120963895431 82.88505306978578 -66.48480744996317 -32.485691559438635 4.6229291254986435 91.47604505253716 
59.25874035242194 -89.8549334408467 11.076043822433078 -81.96167220355272 33.08126580474416 -92.17359087960098 -36.919205886721194 95.39052062481903 -20.286535226374937 -89.0985783860554 -35.45185933034722 8.372969047396992 1.8930007637809183 41.93281709650054 -47.60996619525362 
-79.66287498693416 -86.34104471935655 30.509192170107895 -35.28489510224327 34.93851332896915 63.00526506495413 97.21752666630724 -0.14461846585899707 -21.16451685697656 -1.0065843616452952 -22.275719547079277 22.903452128476175 -87.49959500429574 21.269590715516856 -8.422296629346675 
83.59012896482864 -39.01253123021522 -75.09170920382387 59.30265011149643 77.33471909390173 -78.3033968319773 96.08230426628757 14.182894898739136 -70.9413234792118 -46.95536972611853 -35.144714260698876 -78.60500652662286 -80.01231882963229 44.893889714582656 99.27638704763041 
-1.8932851087000415 -57.16019353544182 63.67823243091436 76.99555781545337 -93.09232421440828 16.146178551395536 -41.59316435694287 -93.11420386968052 91.96230313759591 -31.904101563708736 86.72369699191847 -12.707558022539985 -56.39669267497711 76.92223053206914 91.67053577299114 
19.57233392468642 -14.530118473803924 69.95682690061506 25.49410129006864 -80.50377475187193 -44.76438235834623 -63.95121802304662 81.63495596717414 -37.70069611759204 69.16173026017637 -69.48271233934118 -6.789968070556938 34.78306250807256 -18.686420331538628 94.7736758499451 
-49.12113988242493 -72.47056761348966 52.54231555618205 23.525843470203796 -40.617976279359084 -60.029836068635944 59.57342724003544 95.65952815302072 -30.09568976502537 21.598385387582027 -34.70010033991781 77.1914622633771 -22.430821777916336 50.889367923704384 71.7996999442268 
-5.776801942900022 5.1987851085097105 -49.51556394238135 73.60240403935393 83.48524877783831 -63.37814731336597 -48.93384208118698 88.69398224380703 -36.09494782247382 53.934362698087256 -79.8383407847026 20.189983906138707 67.51521313950218 87.99442139791503 -56.15688912186765 
94.16128723523298 -86.62118650398904 20.141586953950835 82.28413003666606 0.8626885166763429 -84.11538796463971 -59.17080181505921 -50.44920695386781 18.53293127210614 41.44752666116602 -23.46686344270556 33.30303248462795 48.10631199798112 5.8116543768243645 6.078150741130742 
-27.359398893294397 99.14022682202108 25.31333213399742 36.37408661582049 89.49606871899732 -37.28327695651548 -93.08269155220223 78.6211428791494 -90.04375132512739 63.110507127656405 -60.23812694413952 -21.95476330315917 -44.96892089935018 62.464671223266976 50.209476227488864 
30.656554346938407 -5.688553573822404 -38.99069790899385 -37.97494700715009 -1.3990816240688986 19.99415474238107 -60.16700063496436 17.552854764510116 56.375441814317895 -9.413847343801592 -32.59704209783705 42.99553367023 4.650230495521129 33.13198491671429 70.61293982411442 
54.20835077399468 48.555749392753114 -70.50496882228568 -40.249919564033455 15.051198416810863 64.84010626342777 75.63057273978808 43.958373981881806 -19.668487419032914 59.004569878020675 -25.033261676741333 2.449566774971629 72.14396719493612 -27.866527511387446 98.38503552858876 
45.30138027023358 86.60881133931548 -56.085955574621394 6.503358024591094 -78.73978530990709 63.394041501184546 -26.182395694212886 68.56807393900962 -98.41500913232362 -96.76754446205658 16.186914487893716 -45.48660375846183 -58.93518165935738 -34.54485850475268 -43.8997471912935 
-66.43821144058825 -54.35126048038563 67.71329820439874 19.38169506292529 -32.73625482397988 -19.074245078352988 75.33657477506571 -75.85983346144766 62.12497480169537 -95.88953885164055 80.11080439219117 -56.00100773307781 67.0646991350705 -6.968548774407495 87.91396086112582 
-14.716101994687492 56.65235233802662 38.19131683940307 31.022020709436333 73.31553828995649 -89.24071276960142 81.21230944352692 51.793972166563066 84.06476287673442 -90.9638311504539 61.162533464085556 45.61775871199342 58.646338303020826 -51.72145318876829 14.445322869510278 
14.188234064530178 -38.9945237446836 43.97491565098363 -95.54930688170411 29.67389397344735 -57.10870527014586 82.02925771187 66.78065389825088 98.60024075581555 -89.42746225261999 -29.892140428544508 13.016288132666972 -16.845825144893084 23.592711226530156 24.782282641516275 
-99.14478125901395 -74.25285081251596 89.85296030177875 65.24889747720192 -22.26333152327902 63.24007073758412 52.97826160938658 82.77274081277648 -31.147355620707827 9.105924778415968 48.91377366505782 36.69470885066872 -5.831112415005762 70.53715042032653 17.78459098551548 
64.93050301977053 -48.10876453319936 11.382678012776097 -8.562781151044632 25.333684133107354 -14.011692293826087 5.28751522507747 -49.50363483843279 -91.11681491543833 36.01633888969249 -54.998697596132764 -49.5066144627295 88.85605923526234 93.49302279604984 -23.66864209305028 
30.62044234878806 7.9806994058040175 -85.82804097142768 -17.904180224802317 -41.58341173328586 28.17130359650767 -32.093995009384585 24.63372705193831 -61.10653607574588 18.89656309757703 12.857659216747578 -24.7873583030987 -73.43067647157127 19.518740698563164 75.67024364105063 
-55.13387281068998 87.94277129596747 47.86445950685979 59.04088967764122 28.55345542830179 63.491718035266956 -99.67233925603615 23.088028332079944 -20.814793190140676 -27.873300690520026 -71.85374611668408 70.42896965668712 -60.64227757072382 1.0694207322596014 -27.180032490699162 
-16.825476186599843 75.77199112808472 -84.4029907367245 -35.181570743174916 60.40563003635364 -38.3460255629253 50.22766936804689 94.38766101137597 -41.09791093267226 -69.29659659869469 -63.662097347853 -7.909727861491362 -81.9421695354218 -56.08191236769387 74.70174468740598 
-85.74681533040751 -36.393570050036985 -0.1641267402424944 53.14333562404815 64.66788500829071 -60.73018345332126 -23.487158801495212 9.08250855148573 55.33432878756321 -87.13531459013058 -27.83744057982524 40.605382677088585 54.46508112374485 -5.603107341103225 12.216275449107172 
80.44603553531508 65.73476550199814 -59.92647461537284 -47.74217835969334 61.31429332424804 55.36216915807478 82.1646739170655 -25.859447107334276 85.13332756920678 -91.33289348649676 -32.61149172264746 29.956288765170342 -12.878602551644434 41.031240910081976 8.003582999237935 
-98.41391737603887 -81.49604916149518 16.937369333125133 -23.063376405347086 63.4097580703299 78.42605434259445 88.97583106454707 83.27120016566329 60.337150859110096 7.778189950432463 -64.13590426849447 8.89310655146059 -57.60432434874983 -68.96483158265929 -59.4013462504553 
-18.19662917566012 41.73993540561278 17.16423674100976 -42.786499344313846 22.1580344879238 -25.51768660199609 84.67146688181458 -59.70775761440748 -14.227507898010401 75.97592820038247 -29.601119435602556 18.922241281167373 62.69289516395341 7.752226549585785 20.950549090953558 
-47.36911010216056 -35.852656955367806 -65.78147012927533 -8.013877566626576 78.14751893105353 -40.907613821774056 8.44965400623721 2.420527245385969 -87.31204397204446 -5.95494488753134 71.41262164424595 -92.26100550719171 -41.343579477493606 -14.383934671238109 17.830607539724454 
-1.1939782772565337 -10.67718201198764 -23.796470879213345 93.60678532984542 7.541650578405395 -9.447553502705404 98.85427377359849 -78.43180120793687 -24.47548745579016 63.01557941454075 -84.2314415512586 -93.16439629202982 10.533056380566734 -33.53856997570533 -16.742420121691424 
-25.051576021214686 60.37115859198644 12.27072281269352 39.72954713599631 88.08293908939166 91.3863398103448 -79.17440086823751 -55.168331032292194 -57.89521976072034 59.410892159345025 96.00359608529837 -25.606796894244525 9.636324673134666 -40.76869716625191 -74.09334024756771 
60.44646004600477 24.672967977221717 24.208448378274895 -34.35977450411936 -7.249075057529055 -84.24580198004855 15.558074803505733 -28.097510738432604 -96.03918697536251 99.8900789996236 17.6044099838833 -34.40803409653674 41.269180974167256 -74.26327121798056 97.78838148721684 
-38.646022914672606 54.84650695435192 -24.550059504940492 43.99596638576412 -92.76750948908183 65.5809926400822 97.26460402496059 89.64268179307953 -19.010662692015188 33.37494955083855 -96.278713840325 -47.733635633320894 51.41620588876654 -0.49206130293677575 47.26539695796282 
-54.81295964358883 -26.552612062364318 15.335221121384407 80.66175153889222 48.88590840854354 -23.29466565773987 86.87880163597501 25.32509599062594 -55.75694931897175 -29.319829507542906 53.3137271238366 92.38448966444003 -13.756329189762866 48.753909290156315 -89.75434527958892 
53.44860188277312 -13.051008620635756 -10.913667150448234 38.335693217630165 29.531482650833482 -46.652723528409034 -0.9208137725670724 -7.256630157017781 -80.36590550126665 9.296663753575984 -73.85817956955196 -71.4883222815704 -4.2980311088241905 32.70913584827571 -50.20316632785049 
-59.12139401091399 -36.220483202886996 31.41681336563812 -33.632391647488035 97.27610461338713 -52.7276789351327 -68.24161195350918 -18.97445792138872 -82.71731502595028 37.29769659407904 31.055594869839695 -3.371508468657879 69.19278329457163 77.62596437435593 47.69352106450495 
-9.242252000725955 -76.7889580634222 28.702542788847325 82.11642140845768 10.450050387122161 -85.99686230426352 -48.23702554337923 5.989026361794899 0.04216854771703993 69.67896468034183 29.977616321359477 67.04167578886967 -6.173507268035976 50.50095368533593 -22.3356701878906 
-87.67224719506498 -36.58683605509625 -2.9003074962331397 49.71692668663897 51.14334928004692 20.370111085695413 -93.19046770097597 -31.56283276632543 20.014941292523673 -16.443365155167683 -88.81717991661185 31.91116899130796 -93.60289765502905 47.897229272544905 -36.49103513929042 
18.637563310073517 8.86367823216763 -22.012826273922244 92.37517927578989 94.35575826131571 16.504650826301543 21.36922578618183 80.86346137349639 -31.634520923326633 -50.609451728275445 82.64650373168223 -51.26143117086159 98.00806490420112 -69.6289119184762 22.222030147755746 
74.86458780125923 37.64376031231208 64.28974252511358 79.3907513280165 -2.737858969235134 98.32028682706925 91.95661815314355 39.47979227606373 -5.397886992139917 9.780697372731211 -38.23049962669476 -92.04064143467701 13.35742031531528 -36.74162151348792 90.60595694113732 
23.742553951128002 -63.609632334343445 69.57854475557076 -2.363523676697966 -75.19086165206583 29.455370760662447 49.18884716061078 4.526356367296188 -72.9000561495106 71.7758210050473 53.886430260609586 19.190455736510543 29.928568537436433 56.673793824792114 52.68591874806424 
34.166746473253 37.2537616040899 -69.88864455061692 -41.0550927246601 -96.98672013172688 41.703230910238034 -29.012385079895836 -3.022355442558549 -61.6602769012127 -95.8037709028679 56.99487526207591 -76.82272827397748 47.998460333107175 -39.99603325433148 53.369552422117295 
-18.386448724797958 88.36768577676955 13.866483118084673 46.48411407727954 -85.02929789755858 81.47951225131189 -43.95464749630478 50.68335101996476 81.83494240509191 35.97997916557517 21.71138331883921 64.498522270042 -71.16629738100235 -62.66903154412668 -98.25382868136639 
59.56463413434935 -1.487031801297519 -47.772631674321865 -23.54333302468183 -7.314119091275174 60.43273971543647 36.11221994854989 -70.32916804525556 -27.699154267596796 61.951703804733654 4.548933571937241 -84.17432336985547 0.6540854818077406 4.9847997534607345 76.76021888193668 
-96.75151692016813 14.398615567027534 -91.11450774375567 -48.896767956383805 75.57328777936658 3.6215262510236528 -86.13987541557695 34.885486856768495 38.70220499692755 -16.06637393624044 3.957357418245323 68.61932013236222 78.70665908935842 -96.52360192240566 60.00115532640086 
-73.14317218688208 6.176800323548591 -56.73047680620886 68.0703063610801 11.828630381903892 21.53044109139124 -19.532540173201227 -2.960423713733391 4.483770704855701 -14.94015591113444 43.59997437817432 34.0185232413304 -12.392179437909263 -65.23791780047134 -73.10529845408034 
-54.953627274133396 -41.9694750623582 72.64583661779662 -88.98495144458477 -11.028911853678977 -61.476940036509745 6.992412024012225 79.49263127717799 76.46809198022672 -56.10584540528587 20.2813097349605 -9.847562669579716 30.242637356461273 -16.183243849247148 45.964059205341556 
-98.88990127791597 -26.374494225912485 80.09650621912917 -5.4923256973474395 -11.467323807589153 -74.79572606000724 54.86292790149102 91.60788068303452 1.3277589613614964 68.85322208770538 97.13990110884572 -71.5723773440962 58.63219896305091 -7.381355875069801 38.86740815710084 
-81.15661529777645 -10.679693376705089 84.74239753222207 -8.931454534468799 -74.37112694974869 76.94731821283813 63.57151397635755 -4.685977781783322 -79.6723412036701 11.731632503304695 31.957963401986717 -92.47409140143064 65.80479972375903 98.721098770743 -70.13786649268317 
-5.172668213226601 2.689080281412373 50.63368964992267 88.41064087412855 -53.70182476211718 21.765646745912306 -83.2079155304841 11.948562819325147 -52.269426065795074 36.48741818437168 -79.96541519858886 -19.31372539555302 -36.754306967888105 53.59995264356067 45.14743117462723 
73.36543162659902 97.9243515531343 -69.44596522977491 -34.99926160687595 53.67568899920511 -94.81889434443814 -0.6075459217696988 91.21357968966845 -14.051852330472258 -66.02935249398371 88.04728285337569 66.5285338636262 37.52631319342936 24.49141001801101 -98.31486494982344 
45.28762345430442 -42.64192282951289 -67.21887309188523 49.959491239054415 -19.007680245502783 -0.34273711462789436 -45.80085908014493 -52.75933893476186 -81.04410361344661 55.603837806756815 -96.97265597628859 45.95410790153389 -65.96152692634638 -55.70959619372174 -46.047647082969156 
-64.42938978230336 -87.29522606497633 33.033459485201035 -10.056139968466326 30.041176439727366 -82.54441915288535 1.683597376154239 12.224916035288217 -52.92921402342854 71.22942176834286 -71.18253447110831 45.357827530417126 49.3160581102608 -8.087909595812604 73.09311964133198 
88.60125494099279 77.07392927157022 59.63746844018064 54.65697765438122 92.61426945741192 5.771523144497067 -45.22374233595028 -50.89754276559093 22.646739384169905 41.40248325915647 1.7274681013814757 -1.0390488406244458 82.42054836506213 -19.92821040168525 -7.701610406925695 
74.20932349689929 41.50431132006412 -94.03074593242981 -91.75748308689631 -26.735843621823463 59.219877267540426 -32.77272730458671 83.67808683427725 -42.222491016496534 18.74102960757223 87.51039483396409 80.65254562908916 60.88841897761708 20.896934749057138 -90.96117639371582 
59.98859065786857 -14.938489689085486 -3.269044264320044 27.362503765201325 -37.27570502743254 0.24355545883052798 95.97775647477499 78.70018111555305 19.812356303640442 -60.19550204539752 -1.0110736557232656 -30.711244188400386 16.185691732361065 -11.91067675663848 -42.24408947047704 
-42.90339002853136 -95.77510111148315 -40.740156116852134 -6.117413030847871 10.035698621735463 13.488633472774268 3.6075713540271437 20.620431928824374 -24.04282433324174 -57.080577211324936 -22.90496176019488 -18.85222007540588 -41.136628559751976 -29.255512482601986 47.71078700529341 
82.81769219942322 46.40423898556918 27.284346372779694 96.8133437807659 -89.90322565539732 -1.8238488325311266 95.29160959324184 -9.389110685287122 -4.810131761338397 89.3583297572288 95.40750698996149 -70.72909267008146 47.371011425762816 -15.706094482429563 -32.16039073128843 
-82.94211801091653 -67.05512921633343 21.16423825084013 -16.973039056802165 25.339779470410065 -6.244980907484049 2.5330021946510186 -65.3304384627354 10.081110062318118 -58.50942265338259 71.05346152063291 -36.69918085073283 -39.53201122679258 -7.883708378427372 -16.016274048334765 
-6.321913485816765 31.36001385318852 -49.48271692816726 -12.078924933006775 -43.2522753924413 -57.76575834637774 -85.40872414374401 -46.846444726173296 -93.52045169523646 20.9015983581415 -32.533479405336266 5.057353015410484 -25.80604311296659 -29.815698929569322 -34.718657077307725 
-11.842915198309626 -58.485305886646266 56.82393695276505 -87.83872621042464 10.241581445999401 96.60000353840627 20.16349319388621 38.0408989550331 65.28394418841745 -38.23913999266884 30.2854102751119 -59.00999758198735 -47.59058786212118 65.22845348172692 -67.9056329418049 
58.70456944870327 26.39033717693593 -17.36394611786814 79.7266810435523 0.15897339107058883 42.55482661418506 1.6841875970363702 47.24167972280293 -20.007490447645424 -29.321401561641494 -27.937053881955066 -14.888326922188284 42.84472551219537 79.95354797100066 96.69886289953072 
-96.29456735224589 -85.92369309948596 7.945443886835733 59.228507682038014 89.97256099505364 -31.35425907042479 -26.179957454026592 -61.57098870753954 32.41279457796301 26.296437993865297 -98.05891813872441 -14.203071084202449 -27.969917801118015 -56.211229411991745 6.578131380368134 
-99.96347467612982 -88.2458978822177 91.93706561125006 -7.829318694711304 86.35943905611703 -36.709389153504965 51.41024362467496 37.39208003678428 49.00266279992107 -8.756354952005267 16.317121269527718 96.48611254273013 82.98551199986116 37.98077443053455 -94.93479508438098 
-69.09406312751365 -81.59668636034974 40.90706390824781 -44.11957628887788 49.67115336646651 97.9913911358912 60.6859638167102 59.4257256903166 11.875766438758333 -10.73049473120345 -2.466851797739352 -98.90160996284163 81.21414060258209 -96.82946304929385 28.099361834014815 
52.74081976512156 -50.053900372371096 41.510305233018926 -46.71729693554685 -59.148539341623874 -4.07491243913654 -84.47170535759929 -89.95611208377349 -57.477850329449765 5.997949808170205 -12.47348415564214 -38.497769282286875 26.527702523357746 76.03651635164573 -75.44761127431838 
-25.01145904755772 1.9681973447683418 97.04484925036297 -70.83346756283267 2.1354492866272494 10.016618350330404 19.18030231750589 99.34033870030433 96.93202455591427 41.525587477556115 -79.79204858493871 -91.61268842267552 49.28889332764251 -27.573894233347858 -95.63816955888036 
-34.25058290859215 -79.56684385430248 -55.03816371091106 -20.167906217275018 60.644340643385476 30.54987773527165 10.049971787847383 45.54601272247584 74.18611243258286 50.07272487363434 -79.36874321471927 89.86979093993523 62.90825424289196 37.54101438964611 -42.38135167754871 
-18.78712264853162 -84.6823893927636 -73.68595383535717 15.717949989918381 -39.07325079406003 18.392694986535247 -64.43993085664539 -45.93112095563321 9.16881049455344 -39.22219963998328 75.22472074230976 -16.554100639386732 -97.3853048972339 62.21458325288381 76.5597762171312 
74.28335204300802 33.6365747791711 -96.89353110814112 -89.55229389459396 -37.196845761938334 90.28625693476727 45.70634957956315 -41.96436902858889 40.77129394099296 33.68932662005574 -48.16469692679595 55.186676162496894 -35.749636878625466 29.184486594215542 -43.411505634720115 
-23.319430334476053 15.65416797718062 -70.66852929709421 14.820393100193627 -32.02150112236811 20.67049263169953 47.59506023021751 -61.97868462355045 -24.93673933114053 -61.02886469708972 98.57363028358401 -85.02600791948501 -83.55886368859572 56.97525048632093 62.998367382717646 
84.15815589290256 70.69300835481874 23.692226805787172 -96.92383711347901 -92.2127656639536 90.11397023003627 -22.721020153983545 -96.30285941948028 2.219773655099999 84.80823391497424 87.58590594220584 96.72627675660547 -15.383650802680648 68.47748233053866 18.27291438023333 
63.50006798225087 -54.26387692460548 11.549396977879866 -20.573892056164638 86.12621463651467 -66.28029698799924 29.548031400399054 -9.07210298755497 69.8750305790802 -19.95056295893032 61.8950492700026 90.53903376539836 -78.5096564850603 57.55254747846075 -36.84188370795156 
-88.63098774243797 -98.9735152916207 -34.91306174020117 29.565812496456402 -12.893969031706362 61.00910954679745 47.59069775612559 -37.196679745237326 -87.1559540838848 81.11264199300132 -95.60145424793289 61.69097065075118 -88.39559359416529 -22.728459875020874 -77.87076926972 
-94.45982416835588 -91.09743367522334 79.06501713672517 -0.9423353969834949 9.140988642558256 45.29428922869866 73.0013346879415 -50.16513615057674 59.13023854707248 99.30238467343318 -7.74022323169801 19.714568357770702 85.72129312355912 -50.04213497210009 -26.43535478231145 
-2.002357714303031 47.185962476744834 96.78925360301972 29.139747281837714 52.795156642715796 -12.054285317174518 70.24703973093932 42.57500206648308 56.97078625433855 -98.82422124696812 -97.53066264682289 -21.162000698271143 -65.48325793515453 83.01720190799236 -82.61329304821157 
-52.35553609951926 38.089595551887925 -41.368189275041466 -86.73098398327421 31.0018585503133 99.16812403121409 0.21453785040282014 19.87413869407193 -16.796318393735504 50.70711339037058 82.92970729758909 34.954846063690354 -9.580887554212978 -0.09090648327523354 63.199266572304026 
45.65495586131897 18.703654596220943 -42.293190329737044 -20.529757429163695 -94.82203422155615 -78.37749641403468 42.056902743677995 -25.104929054094512 -63.65091495537853 -83.6088148909534 -71.82487164348481 -78.31917668072174 -48.75149534631274 -0.4065996080919234 -60.227315033337206 
10.58681365834775 40.42930986959334 20.8520932194441 48.30157102074267 -79.11049499187797 -75.87983463559553 -49.34929779152837 10.844077639874541 -50.616392606502544 -55.89367101830809 45.54845322315825 -32.03896905855402 13.219096778083085 -15.682643590754537 -60.34153556272122 
60.38850914747468 95.6518740665382 84.59575580237282 58.57405535894779 -69.71771568279499 -26.29559835127435 61.54434484937573 39.059842976076936 -36.751614635928995 47.04387582248302 61.75314994972754 -34.59214601047256 -60.86594849466744 -87.73459893160268 58.538617101413934 
21.894225588175104 -79.4451274212097 -52.238493118873144 19.232430022215127 92.15532218491373 -96.8277550999814 -40.29281341287443 -0.5680143370659039 -49.58520329965008 -8.13369814464275 -47.908330696725464 -53.695783899858164 73.04967787869657 96.21443011137771 3.8440313824583683 
61.315969865906 97.63007472948132 -92.31257141376584 66.15533620993958 -71.63286802938104 11.259729734361272 93.63949009004585 -51.43599226289848 27.624175734635898 -61.004828372103525 99.40842334752566 -73.63554926762568 -13.60857814233482 -84.49515170857084 16.287188847919154 
61.227811495913926 42.70746762531331 -25.924225969897606 75.85299601879848 -10.287165881170154 40.891924790803245 25.30983767372679 -70.51622780164944 40.428444915598305 29.722060100758483 7.4568283134324815 20.430928387764723 -82.75787959520503 -40.817331781610335 -27.44694507498832 
-63.04635779050278 92.43048704992628 -81.25448987191774 6.952659885580644 39.75789035075624 84.75163474714503 -83.96460204411234 34.36497035629776 89.00427034165202 -6.728775687349511 -74.69331754166126 92.13091438797784 -99.08553263643603 16.71736275938605 -1.2431733078136773 
68.0598763876778 -84.14581256631422 57.66226468194685 -62.97095983313707 -24.324512598908797 85.08507420540633 -1.6382611654402126 42.9330557821726 -72.97231600271017 -32.01700032316117 39.26167304703117 -43.708111858166035 -55.603121714732005 -2.6646320169545277 61.77952813239554 
-38.794146930834295 -27.02859226596817 27.249332351079133 40.658555227360466 86.90417835534413 -99.16722258770092 -56.70785592589718 -91.65097401676144 73.64007470700423 28.92443603620029 0.45209287114570884 -45.69645617274469 -90.04556734241066 1.2974232852711367 61.08913783388752 
-16.22298703197933 -4.9474540870063635 -77.49979209564945 67.91034384304263 -62.92611608320953 79.8763603779137 -94.68476263362935 41.670604438285096 16.485337793269565 5.6194241806379495 -26.60405104115469 -86.34693984047672 -54.06076396117167 -49.4186453836948 -25.027055219677408 
15.3862693678809 10.345179211946373 -58.91491144152503 -12.931413785616883 63.771177465770336 67.0826782770906 2.422267806097622 20.015832221201094 -15.147092674570885 -67.88556675761686 -66.34525000671772 -63.84102308445936 18.254269997078183 32.74692956060886 -97.3932899615344 
-93.6762822370052 -58.64739386380597 31.911004585452503 59.289601673725656 47.76096651630618 84.94977160805831 1.238338302932604 83.82748082458676 -18.86963643680224 -55.126118806427236 73.11402482039745 72.74982614288038 69.74999171207014 -5.620890739151264 27.446432910851584 
-45.048243895599185 -83.648516803367 64.23947439781381 30.593547496570608 -84.86179731465884 99.16506508792833 64.14586504225966 26.3522148797027 11.98106965190891 21.562272614179733 39.36465427895672 -60.950134791033236 25.889051331297978 12.744393647650583 76.97054263966496 
58.11953361855154 -93.8763877111387 12.68366810918829 -21.76911175250835 -0.1599396793490655 -75.31737493784946 69.40781585001906 -93.16549225104238 -70.8588401914376 87.05102004870514 -7.240575409012621 -80.83928166810367 -52.61280210427961 -55.49261088773419 64.73794420270585 
-2.340171777243242 -30.135101542571036 -51.73495199630964 54.43043602207132 57.68585782441622 -40.686104118347146 -22.923451672349216 -10.836894521128883 76.20111683831843 -88.86390131797243 43.49417169348072 -58.55370434813651 -39.93973783277638 -2.6547203452668384 -9.46131989302863 
-98.19621563334151 -76.83099571268988 -31.034945172698556 -67.90727845683469 38.97689340676138 90.1727053435566 -17.720806662664373 -77.69815416533206 4.339940396750393 -99.17125663560206 16.44529494281369 58.47193185737706 -3.919809617278915 59.466565931521274 90.9755473944528 
22.96146641964026 -54.3411533384774 -6.143398217604414 52.10693996550805 99.8087785922111 72.01341195231029 79.93683758339208 -61.09095892608147 -66.14131809323634 5.127443764104427 -46.23476780839335 -78.66238613670885 -23.02167396745172 41.660095425573644 67.50294779303522 
-12.116285960991348 77.42731788126667 -71.41828573278255 -13.01517196544053 -71.462855997163 80.95373030374157 53.101828137451605 -55.60403018672459 92.61159755299269 -26.90143028694834 -85.30072284811531 -37.27472681414503 83.0777823714798 55.54851847451124 45.827571741137916 
-53.66566752440913 15.233720367464002 -40.858892053958144 -30.91382657500968 -50.9228344194552 16.666102437417024 94.88788425011424 51.045230487479216 -19.870916028623142 23.90105523484918 -1.8031365312165804 -0.5604011502925204 63.50490365374742 67.25774621360813 58.244286857842525 
-85.43075421379443 12.186224826165542 13.794245350028064 55.927991031174855 65.52106948511587 -59.534355738300036 38.32857390788996 17.366756171982885 -87.0163078358882 40.86521434378085 82.20921421659008 75.65999205900837 -68.26620925628468 91.39956721570204 -37.94470746945255 
-34.14619225679765 63.833528188241786 78.47100902886879 -76.15517184791909 -38.62117869884767 57.65573076965339 15.470547039717417 17.43362543069327 4.825940266136826 -98.14538453643395 85.88287201704082 -80.53085161086756 -83.73149028940101 -91.37539759729896 -26.243190399300232 
43.422626188412096 -36.63153647425954 -31.40016698064632 -17.150034838588212 60.91705613576494 18.32015223922457 84.23531568071317 -9.774331100763419 59.10784962098731 15.499315566125034 63.757447900454025 -57.82573842491552 14.691644423888846 34.197733150391684 -80.82537353866465 
23.56544510534384 69.58149445092559 -94.49229191633354 27.20231633351291 -72.51928121886206 12.51586497043013 -48.51888291423712 23.063786049364182 -9.023253097009373 -91.0531098968847 -69.86780047133409 89.427513519759 -54.67024432675065 31.50858190550815 86.61305419526605 
73.05076019817989 -93.68645439941312 -79.94441069397588 89.9330736135829 -58.28175973335912 42.62134755648856 -43.78197048184391 9.348222042365833 -29.648606033569465 18.095286560454696 -27.133325372107905 -18.754002561896343 -19.463014004793493 27.624796684693393 -55.32072592253006 
16.722661943943564 80.3730291144696 -67.97011192994545 -98.15347746141636 -67.469762737149 60.81679983346697 12.708635422113332 -90.21432470570723 99.554652760522 -66.64097884639091 24.02867308926662 40.31306604930333 -98.43201293426279 28.54416369030679 -75.3669275700918 
22.650925787620665 37.27360149947165 -90.59052379261874 36.34344733951207 -74.98640325162086 51.49980788325507 -35.59875545126221 53.72402269971428 -28.02334874933746 -21.016680122528314 80.61586666816729 8.820678281805996 -15.938801693093168 -64.58264381628726 10.274443394426356 
-39.677480278473645 -26.469347573953385 -46.83737673329882 -3.8259125362886124 -41.49961463904297 25.80490848868422 -16.23465836297595 13.95419758982628 -23.273710254192423 92.94942471700699 80.52002314077458 21.643158960585467 22.971566911312806 -78.73406673514518 -24.07126457567857 
27.544599558537058 -47.69120096353594 -3.434307374691059 12.61103394446998 -39.882108152855444 -73.0234512240306 -10.469768049093787 2.814693796973188 -50.45303768873226 -7.5583402755118385 18.857836995743753 -97.38018389157833 -60.88501851270767 13.920361586761572 -11.378696196143949 
-2.157432403843444 59.39463701317891 -67.40487644657023 83.01026700565106 4.047666208286785 42.07503922246758 37.160093405581534 27.637689844409707 -51.55810958916327 -55.882168669418995 94.24613016193018 -75.37341255400283 17.887399203184827 -85.21520384756832 97.9899810948553 
-93.82974170266188 -75.65475415979247 97.26559450866114 -60.43331035005994 18.879567016675082 19.842850847996502 -63.972205127262846 -86.29224531714452 -94.48278865987501 33.53959633631064 37.949611759296715 90.3841818343596 12.15030949303511 -6.256874283620121 -95.65255981761676 
41.51651609536256 -48.95519352992268 -91.34492176815003 61.59463595767667 83.79676595257001 -69.24034497219992 47.17332955704265 79.81899065742317 91.23482496804138 33.14461257037357 -78.76040504700319 85.0867160128677 76.29161269723002 13.28832917300953 -43.37298033334158 
55.33564520347389 -8.938588104819686 -39.46007803841931 33.25946747668527 84.97959850615297 -55.20104754722175 -23.576275395692107 -40.32093015124125 95.9315570248178 46.26901621444236 -12.571619420111844 -18.40177781147338 -79.18553931317949 10.351474814830652 -23.409710495269053 
-8.065113549834052 76.68023355486153 -23.737830397670166 -42.05777315653889 46.26429821486809 42.28707825560335 -3.581682155233338 -50.06385715908617 58.39400514053142 56.16567660452981 -0.09479441573296299 -20.779743015294926 36.45255771472168 19.197214245540195 -92.37362178339106 
75.48214705613304 -50.6524160657857 -53.189978210539365 -25.425656232148583 -74.35942227280322 2.2390981886496917 47.34482704299717 -91.99739523470032 25.527431684184407 52.57045340786283 -15.70398844574197 76.80588450022273 74.89406484962959 45.07896298758391 80.24777560771699 
51.92660032320754 -97.52157629586277 8.621021651587952 30.402929105820988 -96.86186893160563 55.45372734417717 -20.387952997758745 -36.004745020328045 -59.31766441380042 20.51714874156299 1.7593726477340255 13.696089678875893 71.93477095284274 67.73384671141335 65.90757533462352 
-31.534504888714565 -81.70187589997526 2.6271185102825285 -57.30922559899607 57.73500922392145 -11.36564448437609 -84.04398079872735 81.94480003980746 76.05621282595268 -71.87901334893066 -9.814563674850163 -14.603961834730072 40.21440893170737 88.57954192879279 -74.98933161167456 
71.21468459257292 42.25090885198429 81.19135797563132 12.098656890334425 -72.96333810231941 63.42215072957978 69.29684985548539 44.25888279474853 45.39886649981625 -37.39776504293633 46.139038833941555 -54.91288248565749 68.39494433558079 13.885105488783253 94.24496097113825 
-69.98437348317177 -16.583909142675097 -58.09738490407936 90.86028061262087 42.440239340306306 -99.05424023052775 -82.57947134110904 69.52820789462143 -82.7008083212138 -82.92098290029679 -87.034765759342 68.12234647857781 -36.228676258635794 -39.02160390690588 80.61044339499153 
-88.8897596893149 -2.779961819137739 -36.212152128365304 50.141797788622654 25.935561298922323 -30.3596037520729 -62.690033398235556 88.97523724430732 -4.15844590184588 20.27569827439848 -12.08075015644279 -56.030849920339065 70.0517459488832 -32.4196843689932 6.471674363397284 
215.67124860105653 289.3078310115332 242.44822864650413 210.69562578983485 291.79189860527646 293.59653465034614 268.593950876999 233.56120633486 213.84864409154477 225.54877578486844 268.2005283513121 210.4212823858834 205.07950441145587 282.68294810659495 204.28041011307099 
293.9398730339171 295.21094689581184 210.97937647425573 290.9040394390058 250.00625873993542 266.4349827444199 236.04805779729833 288.29822859910166 276.4950844237538 251.46036444056386 291.94981680685345 207.45884822907612 229.86400659035928 252.29693539797597 241.7753990710065 
215.09898810560756 211.69871316521025 273.5748113108381 242.43435714924132 214.92395630626353 276.93688765057925 245.66029807637887 273.23387962993263 217.30076605390533 259.9753073521451 218.32415221072645 257.4803030308749 255.47772711405662 292.13046913144217 296.7503819276507 
-200.9426148302565 -271.631423447407 -216.35458444195677 -255.41754666119613 -298.7099094323144 -228.69462732758126 -257.7048614878755 -261.58097037160246 -258.5765733692056 -201.58395760178576 -278.1438227637829 -251.0467026460264 -269.6094651638807 -282.40338332359903 -268.2720456732692 
-270.7858417340796 -268.56590393004575 -296.9868891427693 -217.2688160514477 -211.94627370188456 -234.91898534487024 -276.2512772178532 -274.21070903790377 -256.6586892561537 -270.5841261194681 -227.85448015053706 -208.07489020150848 -223.43141224333783 -256.8784282523985 -259.34819634903926 
-279.2114320257599 -240.51571072172172 -288.1612892261162 -270.0085028912084 -247.24757942732063 -270.7849347074825 -269.27143230223385 -235.26278105607528 -270.6066036433839 -293.76484247513065 -250.7084936004688 -221.02877707231647 -270.52883184321615 -204.88765891549633 -253.5256829884967 
