-99.28716929166941 -49.515068405581644 66.20984291746527 -68.3545001729303 -28.75579386484945 28.54636877944003 -16.423048999866168 -34.68551471215673 -24.028109457570253 -83.66409850317595 50.72458399478316 -66.45693596365362 16.312547758672864 3.7218861374511505 -51.454382940465784 
53.95015860464275 75.59230687991212 -41.47195438419531 2.94221924017657 63.491049475537295 38.597646562838804 -74.29476587299959 -28.417335771796218 -94.09117372057922 54.393305593379125 -41.40751937831144 -96.27019140899992 40.84686146574873 -83.26783280449233 97.01530038941593 
88.91641833473116 -7.660799124664223 -78.65110422558952 -92.65784956111303 -31.590975885847868 36.415271914411676 43.000346790674314 -2.5965378353695314 -50.309893088226396 -48.74546928040995 -85.2365412712958 -77.99889423592987 -36.34565931027769 -4.638930842004925 -76.3400023922436 
44.92596138416539 40.57922636219783 14.82201920701604 -57.982018625833874 8.771437962129355 -94.226624075441 8.539704441842204 -54.64451815716333 -10.306870759354723 -69.54268678735562 -4.1371920234114015 -35.4172578433313 16.831123632040175 -49.59190925211458 77.7432692735371 
94.08897968994384 -58.157583617065775 -65.65980690336532 -94.76991687559327 77.34713028798316 -3.705559604682236 -52.62810381706948 -39.2492467883631 59.88718012367099 -40.28316364171198 31.858362707049906 -22.61268577596624 34.684614469851994 83.57372433583939 36.538700745473164 
-35.13116462190587 -87.35195283553772 54.708584780040155 -40.58958747206989 85.87145996094182 -57.28693238388873 -17.111587422938186 61.10156235226083 -71.596789085119 29.289377527609616 -69.75826372246424 35.30486472552937 35.80187165882819 -56.494381328509235 61.02986536162385 
23.08050742953334 59.26325530082488 -94.9737712959448 10.783855130586844 63.352771791114975 70.35282708159866 -22.46398050154201 0.8566213038759116 33.782285154560526 98.26564897238 -39.84958998603756 -6.276251707334808 81.25783635654125 -46.343039869795355 67.99268012333732 
66.11498859649339 74.83499091531169 -93.91665000240532 -69.4315650928064 35.770642983861336 16.75141455680813 60.002619199629976 -62.83430516397457 88.80559282492916 52.04586144682105 -62.52498904938611 45.39925442341638 22.93357043407171 66.29247219622826 5.116849482599633 
-17.96054042393611 76.58175784336387 -75.12004562204477 30.474585989854916 8.286376257514561 58.870352434585726 -8.520180056795354 -56.36460532040126 -93.74145918837617 -48.33220386492947 -40.846745640741425 24.690426471922507 10.416456220544319 -14.898350182202364 18.15628142300136 
25.724303344949462 78.64147959363669 10.02526108182505 73.1093656267671 -52.22335634409272 -84.56189300040997 18.452506450313592 -43.051837659814375 45.472728471619575 41.74179202587683 97.46622508581575 16.92151875341719 -5.438828926228908 35.99217270448639 20.0952140303376 
-40.38597623972326 -60.9261770642443 48.33817813532528 -53.73119378266702 14.976360502879828 39.482638111474955 11.430261359314912 -18.381430860156087 94.57749750789449 -53.69153974820462 53.442197711013904 43.57637418523228 62.59403387704282 82.52938885356062 84.6243024501376 
77.4610062222842 19.712587043830226 -73.73786181073876 -87.24970818965174 12.306592589327892 68.29074567649013 52.87813301028976 11.899119386051368 -48.7675752726408 37.70253097183033 -19.85858876452913 -7.596297521124143 26.42313799423674 -12.30763003675439 44.622218411063955 
-80.27895611828555 97.63746123120777 31.054356913668528 -97.49101532580535 88.03191881601285 -25.135664798666113 -74.18002110549187 -86.10086157240768 6.419546180151897 43.95933594790188 2.291578223059716 -62.61964579101185 -91.13387808535892 67.77036208225113 70.82967374826049 
34.85716506751601 61.873876095406246 14.357836496583957 -47.68793349009142 -67.69171774155396 6.456960986639771 82.6767094975761 -19.005604169659193 87.16511858354346 31.223994109791107 52.16080781662936 71.39373935047126 87.89273796473489 -13.188707344654489 72.27095112289754 
74.24159755493363 39.208440244485985 16.796600329574744 22.48604981132945 95.2854800586286 94.76916876252042 56.008592519883535 11.072288974803996 -90.59116194264382 59.250647130069694 62.22427548955699 59.49292865667931 -95.75543186127571 -48.56675611751851 9.059076010666175 
43.30455576439846 74.43768864302567 30.493410756667657 97.8564027905831 12.891369875514314 30.959162326440577 -14.789903871990191 72.27773090767062 62.9436931312442 38.510714796440766 80.07187717496058 17.903513491962414 -35.554583728080644 -41.62982780142532 -44.89774217815836 
-95.23270004883369 59.770645565846934 -16.93710526003356 80.54543020872421 -61.200465896670494 82.87981819035858 69.65545067073592 -14.255964239501864 -16.874276550695782 -14.587137679108153 55.33201502514734 46.575679893086686 -59.2091715090679 31.553952551834783 -40.130326589650565 
-29.386517201357677 -18.324931762505955 5.118026041693554 -39.2308534125761 -14.812204463209568 55.53928926761145 -1.959802405090258 -21.651208142624668 96.10611087608137 -14.216812377720345 -65.28464201038952 -74.64106868484619 34.9736030473791 97.96568694923326 -60.942387144992715 
-62.69066300939603 -81.52467554216645 3.3730582893544607 78.12014317867718 25.456332945646707 -30.46936407502227 30.769336529119215 -31.786529879344542 4.855432613576639 -18.899323829739885 42.93160256210891 -47.157063600263704 -5.615324559360445 51.541601252556234 33.23845787760234 
-73.79629461269906 -42.8758635501614 -72.23464222290056 54.578156026373506 -53.80213464498562 6.537242039936771 -40.78766225145962 -6.092153107845917 -35.444148924679666 47.76936136832748 19.60742386607852 -52.76940194356212 -93.92541610323862 35.124112477036675 -31.367380792996443 
-52.3805421132038 -38.03385600879099 -64.33017663633044 -73.90110667091596 -90.86873574352066 18.332454832422613 71.13822558506533 -46.56828437994609 -11.361931494630113 31.182268864725017 93.55328730475904 70.50261501327458 -49.85478041530882 60.39022541514248 -6.223630319652941 
73.38735515279643 -83.50094896807623 -40.714595591982736 94.69302540365291 14.688774165580341 -56.76400846728855 69.18881740039043 -6.605516858419875 10.346019316193477 -98.15350961160763 17.046672593083102 -68.45793751797467 78.92397031443724 -91.77785073979581 -52.729539729042884 
15.189755822306239 -99.42105881313029 -76.59035231675861 11.530290643482743 -20.516504281540307 40.98963424401103 -37.906314692414014 -50.303577873630175 31.01332037725379 70.79980149080845 -3.7527348241667084 52.25568505139165 -46.205150879475234 69.52612700877197 -33.86693275080074 
-6.508382739691697 -31.992797251715217 -60.259641486833516 -73.1634700436411 67.25142911923498 -49.50841884088708 28.26031238067685 96.1234903700196 83.49363246487488 69.43726346997468 58.25839738035711 32.78795811171463 65.52778434239494 37.186807488052295 52.80191387108832 
-80.86578957409243 -50.2259912844081 5.035034925641838 87.46143546024254 -2.2581706362145155 -81.27116784685657 -26.234733766819218 35.939068801630725 -44.28376687811388 26.065161684501987 -81.56304132356644 41.83208437944461 -87.21900762054067 -68.5068773224796 49.98129006369672 
-85.61746769095188 -20.679123680805375 9.486335421972967 60.093134589931736 -55.601814230958624 -92.05114777905979 50.644663386778376 -90.13803676897369 -54.25364798032773 87.21384289034037 6.4220200369286005 -7.862041413194106 -83.94428410155017 -96.85095913964754 18.987008272736745 
75.55245454793015 43.92315878032579 7.546150888144254 -34.511482604382365 93.71985805813691 -39.57139512331451 -28.600986586994665 88.16777023040578 -3.62801525940921 86.72202871640778 66.60909815106282 -77.89981586054967 -63.20884264344513 -41.785216150629864 98.42225149392402 
-63.75428248680755 74.2123079088262 -13.484706359069378 -64.19785285635378 -48.61145648380614 91.93940834844005 -79.00766617037849 -91.4642332517617 43.975386150377375 66.7108183978942 -2.7650955368119696 27.83649454382713 -27.56730334484992 -83.03679237879169 -43.48461888693493 
-51.390055084834344 -39.51782713743852 65.28469078654143 91.2006468095781 25.327916714242193 -43.3933175598707 -18.63294298053553 -93.48977835354711 1.904089606138541 -47.190626325623654 55.23829824318679 -98.0130439514699 -42.01564271532785 57.22079440791299 27.5104829298962 
49.455233608513026 -16.583591302102363 57.627506934361236 -17.391077421751305 -58.41265908388591 2.3972433874537558 59.32083569218133 56.77664744052939 26.645381367076652 -4.435380910822275 -72.95827814904442 -39.94725600626619 -18.198647944503435 -15.517549662448488 -56.44568406004711 
-52.13526304866909 81.85080700852353 3.7942117755293197 63.944053429444324 -97.1463060017562 -26.10192573873806 27.1353019345338 40.44224107872682 4.285073761844544 32.59059664190343 -18.547424285163757 49.13613388820218 -26.60915952782173 -60.223024746712106 -22.323607380213346 
-51.90652315277347 22.682542491922078 -0.9411026016226742 -38.1036464170436 20.338397975453688 -15.750058818153548 26.535995111252447 45.803575049068286 43.970529231676096 -43.10869814763512 -32.23934449956572 -86.617013910572 58.652503275791105 40.56581863486096 -32.95403163822033 
-66.15800270367896 -10.607449453635297 -70.42503430306961 10.314965715053589 64.6575333330018 33.27074580201034 -7.8715249945033605 -77.61383093554326 72.2587658970634 -57.155242957624665 13.824459750149188 16.40364472978048 -27.29990493841632 3.5965714513658753 -57.05568907262859 
68.0158555666668 -37.843220998072866 -23.289788741530586 96.60710994672488 36.11598024665125 -1.1034319434121755 -13.932772585525584 96.84822282968554 -86.57707871051088 90.18714362426414 -58.666475621165716 -64.8511241172389 -73.16046519203726 -13.120038003822756 -4.642086877064571 
2.8711219117383706 10.098703444904515 -14.225340749392302 71.63837904629457 -28.11630264240344 -59.282931768127646 -63.2304584134483 20.416757651126986 94.37491810594548 52.1932406195904 35.03622372461132 52.732431123840286 -5.267105472053117 -45.09660384490397 91.71031892532338 
-16.462467247874727 -22.819022002724125 -9.996296164659 -6.383869150993732 -64.24465244461568 29.213311522134973 60.32369751055887 -42.430476666733405 86.74858686125117 -84.9513126161684 84.46756625027578 9.621541012538316 -19.71154345002188 -63.641088815792536 30.246074662914282 
30.599313926466436 87.86213836148903 -50.6813463315257 71.36642760557103 -80.74768492676417 -51.87492733550971 73.01412180804581 2.192408153060626 -0.2814957505357256 71.90538056978795 8.73475067501414 -37.60659334020775 82.99551482678979 79.45987602526088 59.413198309322894 
45.87229552984263 -56.17847303080017 -3.556970079013496 -8.413152325340462 -58.491828943735925 34.27968119705744 -8.792615957770323 -9.610395498010973 -49.038819922404706 -58.92038052819433 -66.02427024590469 60.204731669737924 64.4237470725528 22.484723896111802 67.81661215490794 
-59.18988098127193 -58.63337035248757 36.2945068194293 -9.817835847432406 61.47055023250476 63.13445995804051 -89.1335173992682 53.14560428484333 69.74215183252358 -16.46744147765446 98.57513329851884 37.14312729497286 -97.35241367911436 28.94643222536672 -95.13789506146355 
49.72365477554675 -93.46348702791336 -59.369894150295856 50.117644233987306 54.28527960969248 -69.93679502063245 -1.525404406599833 -13.6787797779415 -16.937127950322292 65.0836164954465 -37.96376834405501 5.098559034650336 98.35224096416951 -69.44561236060721 98.20670023262679 
-75.08644289341149 -38.74873264174952 -89.41508650293899 -41.583194229892605 2.770556429355338 80.16240906457145 -18.938886133886257 15.584176312008637 -5.409812041193305 -7.228510055582092 70.57787633881873 -89.12247975376727 -95.09085079015772 -45.821648296518426 72.56156041517218 
68.39461464352544 -62.49301424613955 -94.9784183258763 -1.0567456532605206 -31.65786852833125 -74.33456733182811 31.695162040847606 28.5624561830179 -21.29065075440515 17.667257085386254 -53.05633113332413 35.01248948508814 -73.13807463991182 44.12448344072399 -57.91726149190622 
0.7772987350567462 27.302706559049454 -1.0396247653392692 -24.112550089050018 -36.665779657905475 -95.10076105431642 5.499048896149532 -21.789214042523056 -66.60909892329654 -67.03000701911884 79.38414403853253 -86.41219324631845 95.40855768275779 -44.83961379287243 31.112118527092434 
-87.56771425909568 48.41471292376667 42.32978588553061 75.46774120135927 86.04575648499116 45.65663023514611 -42.12964532779016 -45.02009512435387 9.839362599330201 56.21372665510887 -44.19789771722069 -80.52445366968486 -83.22643114472183 -32.1291606601271 -93.64905774059665 
71.50372054275874 -27.86236738994718 -24.06221168940894 27.037020481753032 -57.32484788045493 94.58673870969892 57.50886728881787 76.04826467904229 -80.08141744872938 92.31289331230894 -61.43495856965264 44.079256747575414 -18.609523012382283 -9.36750688060961 -54.23005436155539 
67.90623665773325 95.76081048692154 -46.38041739225747 69.992105978653 19.570441493188653 -52.51300309748284 -73.20337103065401 62.95681315120558 -15.052666509041202 -63.829002427470115 60.814149212355545 -44.42059412102175 48.81916728972291 -24.401215929168572 63.54502673275249 
91.91694282989317 -42.40138831201914 20.624213038546443 -95.3706491198037 61.50205072862906 30.73826075318175 -17.2873933210619 75.17678003172347 -69.95720827463205 -2.1012136550036615 67.94730253270919 10.518596859297816 48.69502322617777 -65.31201569551172 64.0150671042432 
-23.20696714547799 -76.5890827004811 -76.91297846588367 -18.456653405957653 46.045042195216524 37.22359336591771 -23.76562263860518 23.14058477225582 -97.53419538022669 -69.15374409313543 -61.61998749554878 -94.7304237244353 -28.278325976291654 -44.17712326670913 94.58997696567369 
-21.723670696419944 -42.21632407080911 16.36998240410381 -10.161215614795864 -98.80073366353874 -74.10751145054175 28.935660109767582 14.401778890845023 -53.87580738894826 26.668791915774918 -11.913523703620939 32.612467024858944 5.043351166812272 79.14395722364554 50.86746876390555 
-86.14571805368503 56.92285133579841 -97.93037309240344 -90.56264849302688 -69.58553022647831 -69.69167781248433 91.26469595964662 93.21340262141243 -7.073701411256934 -20.363564448860913 63.748133011063715 -25.469289655764072 39.27679166388634 -64.81678129331797 4.98948875398348 
92.75821201018707 -94.5184008628799 -87.316955891363 -55.57637920783376 -45.94649267296127 -10.882143403262347 77.55859645379638 86.38183268007859 16.96727563391272 98.75822114458984 95.33862533175525 -77.5551390477341 69.25449748320284 32.08517338011228 80.49764146180587 
88.08312710868964 -95.6036028266396 -65.13193173741621 -12.092139570595023 14.899170608527015 -15.487349029346035 -29.720399487070665 -41.92058506615821 26.48779939586214 -33.209269383539535 -29.44148946744491 -86.6147959874945 44.54114612330221 64.43203543477259 -30.792688458182255 
31.15924949933529 42.12974093532091 78.5764328633507 -73.70263621809323 -70.23790407794704 68.14723296158687 90.49087461431708 62.545552242194276 -46.28042965944093 -13.43514349971906 -10.612436027851558 97.3636577347954 -51.4897603646707 34.28145844427016 62.87032885202555 
75.37309944244984 33.672403706426024 -31.324351892333468 50.12214594851497 -7.037646955909963 -91.66123421100056 -3.722142453890015 70.31574769932831 73.24604261526554 22.97732730262554 63.77559455406285 -43.529766341736085 -74.49342389421498 92.83217228825154 -93.15512249259253 
69.11135887834325 -49.236286967022956 -59.84752544164769 58.38220997450048 94.76003560497426 99.67810770930214 -14.032891993599804 -16.271759363407938 -58.376910101274525 -49.57474592133484 10.448033931128649 -50.13325744542012 -86.68297729898033 68.47635557355852 72.54537806059682 
10.21876104270602 -7.741743079393331 -58.0576888240852 84.38639627060931 -9.774231452081182 -94.13462997095985 -17.8650378705145 68.7466161962277 -74.00939036976773 -98.20319848089383 -20.776607409489372 -32.85957351898938 38.35495590818081 -37.82279358903897 28.04767373892875 
31.4654847020648 -4.972069566157529 -99.99099877911297 -6.325547310310185 79.71939274498351 89.60407059888618 -19.15448414197614 -19.84091176404472 -53.20053600167669 -12.924097872701125 -48.14162774859652 23.784853202745808 -89.95263499445193 87.32460827130316 67.44867181483428 
-51.68714397475329 -13.064762141197733 -10.512217655979825 3.126384566214881 92.63718684668433 19.10933183863557 74.73000580694858 58.27016198284235 20.012569488603063 -90.31243137932523 75.74050066954928 -84.47762769081864 -53.32769716926147 15.881691622498195 -8.00638166417373 
-33.65838269139432 29.811594747791816 -36.67588153781867 6.434839954583708 30.130514342371697 -39.664695382349535 18.01610010138029 82.6052276044988 14.657531741651525 -76.762944038242 7.867275732012885 -2.3277135749707867 -60.35164528344082 56.128725851629014 48.43321064600653 
-97.05518229413414 -56.983063334306294 -71.95517463526839 58.59546840320772 -55.10811487690401 -99.18719388483122 70.40605639002965 -41.86979668044568 -39.40871192039719 -16.397331440837178 34.13808498758206 92.15118646141477 -97.15241805325721 -29.377766945408993 -24.407144587499374 
-50.708103755410235 -83.94167912158312 -40.215514697242384 97.47421825104337 58.67953762244787 -37.40978385337246 26.16674514854654 94.30694784672426 4.072167827516694 -48.38706177503755 84.77547092119306 15.114300293378975 60.88415427166376 7.318626896401597 -24.280276105688543 
20.046924415775266 5.36988057442116 12.139352188109996 -21.64128937674765 -55.290288341063885 49.2902250080279 91.97819582759587 13.373491076519144 -28.183831470800058 34.97816903686487 -17.0085894320017 -26.467974387009605 32.25365212022601 94.38687540067306 1.87463817850562 
79.3762394012243 81.79799481915464 99.71796135556903 -9.706886207245006 3.9707082177010875 15.88545100115202 -38.20917624908739 26.393433856822497 -14.425565178777063 -22.345504169631496 -39.01110757379722 -82.41897648599826 94.33347663043986 -58.962004786860774 73.85800156729707 
89.17848062965385 -56.17202241190063 41.79362297816701 -0.4989695609604752 -55.99593980684831 -36.00618634203667 -23.035663827069158 47.68673727928717 34.83245721508126 21.24038100644121 -24.746454407779098 -65.3498358926754 -19.053663676929773 98.38708815666573 -87.12508391137868 
-34.118133917286954 73.51238400970541 16.8716857422627 -1.5234205541138266 -13.897098289359235 26.670142017308393 42.02762934426397 12.356644283952818 -91.94137640373361 -68.42209610564387 78.25831435166833 33.11545134707552 -79.95480924447938 -85.19467915758409 -69.63777395750648 
97.54044699225065 35.39862485036974 99.51190058810539 27.066290400309924 -49.49338450827976 -37.07278313981111 -22.037935697411953 99.63172513698163 -5.8961031756379185 -29.586684271516845 80.45084503409319 66.70541458506264 -51.4736161023793 -54.33754384403486 87.94118414377061 
15.134582660855926 -95.96682117055626 42.32126994765579 -36.403318389946634 18.686700936016322 61.489291709283236 -93.0824625891563 16.899881868857534 68.67590490437513 -39.53844058397114 -69.51855551119954 45.721519389516345 -6.957824547826718 88.3165351889948 -42.72968809362523 
35.39695968833104 16.08024324864725 -3.7636285533941845 -63.91224503397874 50.725766836711244 -13.492383896422737 -66.75937227617987 16.95344841999089 -35.79334692518741 90.77912433437226 -39.68431721306709 -81.02642369054385 -11.569727825050435 31.21822246162 -29.985575669119655 
-7.878726998927306 -15.365650402306088 -89.88190520903878 4.927875582055137 25.10133159020522 70.03771578380454 92.54497338959453 -34.644483244419646 96.40005166004048 96.88639047244462 50.102518810592045 86.11019778702223 -55.579674250363766 -31.998879846507037 84.61986974388935 
-49.070626083359656 10.31387941880162 -91.53913141368002 55.57871091898451 -6.032152769840678 -5.391256152790589 94.74946225778243 82.96120385631619 -89.77320653498366 17.17609613656876 93.49421689588985 80.13711006054785 62.242393894123694 -51.40777179275822 28.875192210281426 
90.45884244535009 71.24575791533246 -30.212458833802614 -31.961417553666905 -61.51299017229459 62.22968203698633 -19.07815582669528 -76.73087373191072 88.78938022355749 -59.07905978977943 -31.593182190321926 30.747913770657902 -36.15952925264372 0.6645338650824897 -65.28689521018038 
2.655654071312938 6.957928864091926 -84.07112524573381 13.61597705026476 35.919485489997385 -20.25807097193764 -63.95305705067611 -39.30365646741822 -71.76758955250351 -78.16793857070527 -6.947419465947789 73.43056989776554 36.78528827579396 9.061911882019544 -37.87565868798932 
97.45484742099165 32.543309817582525 62.14830628521068 -85.42205457549157 33.3245603824281 13.688673805476 5.188796145289615 -0.35067376993838195 -46.44343195496459 11.973166370720591 24.65442676064255 28.774408156075538 -91.95079287456178 83.96881924603713 74.74260159635281 
-67.32619711091732 -45.05551564783832 -76.60953989641817 61.386999844923196 84.03771767129754 69.78104951411771 -64.19769743368192 93.08283562369448 -46.81726792642553 97.993839392263 43.31658743619357 -68.00826480245794 -40.9272752307706 6.732643936867589 -49.17139979343739 
97.86779023861354 93.49252072153229 -99.51713237187047 -92.3166787694401 2.779744358383752 62.5862636099416 -61.318097497395115 -73.3874930211943 -88.19786132498346 -57.62961481646735 -67.58567423901937 66.73156149166067 45.74984010664045 -63.09971285315888 32.93106451251862 
-8.872299058940357 99.9830977325633 6.363575981445251 -71.81736477229283 60.3376533768876 82.58814565966327 66.46497919045603 -62.29585972674734 77.00411320807885 -45.36167305507419 -49.97228090520369 -22.50637677259253 -51.93812425180362 5.596595460210182 -45.489311783106245 
-21.068208039623414 -37.144644146115 -32.326568139718745 22.623954239597666 -42.15784940943639 -52.70904418525952 51.17928500402675 -51.54202224742641 -38.60399939868386 33.57568665251455 -13.42545003875722 40.4607341214228 -83.3383687547493 -3.6022447446235617 -91.58936225473416 
-79.12491386904517 5.1688413508985604 41.87503382390284 8.710565808684876 -69.73008818908389 -2.5403333249497564 -59.34561090310761 46.75295700172819 -88.08384564682099 70.12164937665045 2.289794708819443 33.55780352240322 -73.22769573809882 -35.78151741766398 -87.9218356142067 
-17.50398727608686 55.47092848333543 60.218523532767676 65.83708430319459 -74.74886118498657 74.51523471885375 -20.921148837710717 -80.58216700228797 -2.343126639540145 61.96884940366837 31.650219197217183 -18.226189320662783 -48.68383774133456 55.2655618553714 59.164258139866405 
-93.38035172989014 58.349002362347306 41.53256400430408 -28.69651304385434 -15.704876002952076 -66.39004659084742 -95.40459985190546 8.092600616771776 57.72243854727844 81.38996161884765 -3.390218903836214 70.69746648211941 99.6698370214904 -43.05462683452439 -62.33414270607061 
5.033635696920371 -99.2560971770861 61.4643559443013 90.18391314428254 -35.415727457091734 11.49822178892967 -13.649687889479651 30.279718069651153 -54.2866903826299 -19.55320087373697 -86.2728366612885 -9.403428348203576 -44.055849413469204 -17.08397840694991 75.15339184590658 
-61.63697398661356 -29.213966920961298 27.436677953938542 48.3159202985762 62.540897532823294 95.35058305375301 -94.48041677405217 97.08876932851803 39.95353212972461 -66.05143242985865 73.3283573220908 52.82570293790471 -74.67498169470296 52.84926612468624 25.237163649926828 
80.6067990056288 37.904011788718265 -90.17460907657433 98.43916014090121 -72.85177684561863 70.65709088959173 57.31058864911958 -18.298419597400965 72.60300312472907 31.058106880477112 -62.52520930190284 91.03744960671537 -92.42121775552829 -53.041753159095094 -58.67467421949068 
-66.9383001173792 7.953628859188626 57.687192252138175 -0.6628907375902315 -98.28156900604095 85.19846318919465 60.88127140796041 35.422699485857464 8.821286533967722 -17.272699735968985 -41.216379306167504 19.78099102316662 -20.011359161318794 -5.702531833431081 -57.080828181428586 
77.33347469165847 -36.94856821095196 -50.31051715074872 -11.63027115170965 24.476902020463513 -38.428112463030686 -78.68038568158596 -21.1279687809201 -6.679407606843711 0.16745447748695597 41.4950854615154 -68.4913928983292 -78.39419398052512 31.18815436583182 -15.388284863336054 
-50.203421573071296 -43.948681793169484 86.79521185157444 -23.02499128730402 77.57532979018441 -21.02240386725836 48.53106382682006 63.927341719611974 -54.38268859699376 -25.93286838362154 -50.562302752126634 -71.19678914105756 -36.92127038032034 -43.010609354404885 -38.72219626883493 
0.8828129321803573 35.569982949770605 -36.55970848162331 -46.0778218824349 77.4356796893745 66.36176498006131 40.020889517633236 81.6066021431377 91.7558020870681 31.953316423557652 81.15949385459322 58.17048535515892 29.755397824739134 -62.574323550134395 -42.64654380066793 
56.16559766235582 16.711077520857273 5.85629729836981 60.166853061981925 -51.82877955197394 94.36527939503506 89.19323489630483 23.78720070723459 -50.935476751390496 32.1625866285664 -1.98312046613421 14.493268295920387 33.823090181109194 73.52780603543073 86.4826918154807 
-63.75592535927241 49.384035085619644 -3.9947471949172098 92.76549279904535 32.00108231017512 49.26486306119898 97.47579446053544 -48.238587322792334 25.18071001410111 50.68645569636999 21.41662821179797 -90.43906128273021 -63.30091797906603 -73.65784794883785 -37.581932184031274 
-61.709824744010724 -83.57402708925996 -22.627990828864682 39.22852776616159 20.5526599720298 28.648321238427144 79.62495746460121 10.347188918593304 -33.7921373487674 99.42142301920313 1.8780975305961505 85.24038178599545 38.48274993875947 64.23427746182628 -81.0003971742169 
18.93574196806979 75.00436775319977 21.00496788439021 -86.83836339087551 -37.51640739092943 -15.789721095340653 -52.59100187740196 39.39345129780369 -47.37107152732782 57.986025282305434 82.7451182308487 9.038897686347667 53.18060999512633 -41.12991441455842 -94.91409431727772 
50.86196737804988 6.265760543116002 63.0787567053066 12.553872047662452 -71.32960370241219 83.72235598492489 73.62274389478466 12.874801615742541 -78.96473841044215 -24.12497666254589 -63.41219025473927 71.23077781182081 28.34782185293568 77.39708709067261 23.911450546983986 
65.96159656442856 94.36689560303299 42.1866660536067 55.778738756886696 -83.9339869994672 15.001069378987594 -38.88736589966175 1.421267428486857 23.84797147275583 -77.46857811531696 7.199710988933276 -21.92417430456264 19.89001898627913 83.70404744437377 -40.724404798285384 
-55.063518288361514 90.21387500278504 -71.56468973228812 -91.92461472125508 43.68191686068988 78.477129128037 28.989176870713322 38.36979639846771 -69.71033931119078 63.23902881929939 -1.49431194864151 53.66966997898703 -44.315325823729104 30.634644428020408 97.39125164622251 
59.988545599724716 -79.81267267868199 -44.97056762761507 72.83469134332603 17.246665520052048 80.37991305673856 49.4687805401754 71.00036831852063 38.54813732592331 -78.01100731081725 49.636389561420685 -4.7410231390142314 -75.71487449059893 -49.96072282687769 11.93086366846316 
14.127004308496183 -51.431969929724744 -23.45334896271845 -43.79054718599 -48.38254057416567 31.544636834039466 -27.994627514736536 -20.21054748833771 24.613725489691802 4.627420778497694 16.04959907711188 60.767603052568745 -11.114571124481088 87.09179211932539 40.15662851627664 
25.419190569924737 -34.65534234373004 26.62710534252662 -0.8023286669743186 67.62277452753548 28.562493319042517 -68.83288563289929 27.00892189351633 -65.88993134826075 -22.138509443877695 -58.90535343917811 14.738838840568064 -72.46990900492153 64.23059227957853 -12.449725207114554 
23.5062999867516 83.01034888605926 25.91411019187126 -19.862695589268185 40.47701590342632 27.373611892017948 25.866043957009907 -51.82679030663482 53.770268302910694 -70.63424373468676 -21.923616059313716 -10.38395877306904 -75.57687683869602 35.20188727364584 39.11933470522828 
-78.0036963803328 92.56857068225193 -73.26063688353268 -10.06628129298501 92.23202098045255 -6.473184133967962 -19.015078855454462 43.350806115916754 -15.139930083926359 -42.73068742456192 -74.17687242169796 52.32742967495628 19.478648016655555 10.92748535193509 52.28804283770734 
41.43110305513804 -59.61945203441241 -27.42674925967485 26.390528477809582 -50.9788698939126 55.70412087432018 -34.95438683792031 78.137264269426 42.92374311367908 -23.40498390566519 -43.85194280582119 98.64416207576912 -28.456155430375716 -94.41740578185991 -31.250165578511698 
-48.174884011313864 25.58085604806348 -30.385437906072994 -18.510282083885144 8.609952529113258 84.10000774730545 6.059859256125776 -11.618568801465685 12.168450804829803 83.15587802780084 -17.407042623923545 61.95082516764171 1.0026672359618942 -62.77164026221125 51.84304435218374 
92.58725492288875 41.38185314006441 94.35400794528334 -97.43831921425436 99.38245019486226 -1.5650523268020606 -61.8624372463932 87.9301353227248 13.876096401372394 -28.53890341309706 29.97599730666269 -99.3719747704348 23.905478802089846 87.5365770247407 19.806551213927122 
-10.230179082554798 -1.5456350810097774 27.17280471983132 82.63611748958948 -29.46856981188857 -84.96511819486234 -19.459068947451755 76.47308560263446 34.53205410279995 -60.59765478670081 39.21508388061625 -7.678867912553983 58.04467935788108 21.108029374892823 -86.79012833806297 
-46.379952096925095 63.67494252276455 -9.952400794679605 -74.16786355773317 59.784996056078995 -49.88408446551571 66.94939440119538 -99.51248756202268 23.90693721162829 67.04692254512875 91.70460909980542 15.592083802266998 -79.86410867450857 60.81483405742233 -36.29103804815328 
43.82432735567028 31.82480254058737 -31.255216990107712 76.96741546366161 62.50189922551243 -27.09339759212827 -49.26980039081796 41.802467751813566 -96.02290682339272 54.07299759803104 80.6095515438002 77.9593049456245 -44.75230837711859 50.53437098129331 -1.0487745695035215 
60.44458036817812 49.224436527566155 -12.401049241371084 24.63732177146734 62.7056835263962 11.507923387189251 -31.77253989670203 66.26925946862815 77.40435275032436 -82.02309542776393 15.092093462495185 -97.85359282675543 99.19482111756628 -60.680643376921076 0.33681425945646026 
33.37094459572589 68.48691782920321 11.187422342002407 -78.4640318477521 -41.899859405660635 48.19298399913902 42.26628899128079 49.392648587513776 40.38691970027867 4.2283091267385515 3.8367875527539184 -4.431945457274054 6.436806926002063 -10.452393014355408 0.3622359382506488 
54.7866500332791 -38.84426794183051 53.24208085415066 -22.84536768755585 -96.3146811544789 85.48056518613228 -93.007782520491 -2.6557126542244873 -20.382207734932777 76.91212480748791 -12.621755080511036 -28.54599877615165 39.37044435580964 17.30186279836292 54.41730365303053 
-34.49268202395919 12.990350627229091 -69.0733570211749 90.64202968205475 19.53893973952347 -47.59016038105397 97.1888745067402 72.39363161476854 -47.83173180464293 53.772167811738626 -19.557990119119182 -99.30704867423479 29.335308079418382 -85.01690150771171 7.2651309865322276 
-3.2809411238885104 45.724161339604024 -0.9213942891747422 -2.8520454268140583 -71.50846524444302 49.05405936035666 81.71931029798952 25.31955701420658 42.16602217087646 65.26113977338517 32.43920874525921 2.440852016060745 60.52423650903745 1.3243373554129505 99.64313235923586 
-97.11942439557319 -13.03191094072585 62.93421311783035 -55.03727115253054 72.91803528714246 -8.367579258289169 92.07106076073461 44.10643926304385 44.743168624982616 -12.355484047330208 99.63731882087313 -57.21616905276514 44.47977230802036 94.89296104905861 75.5658114076937 
-61.75235881223124 -74.1937236649431 -25.41128275209732 -64.43348641394508 -37.89942196391265 83.38190394787736 -8.898334969568864 -78.50013539765534 -52.21499971583417 23.939910394185944 35.287860120355646 28.72833163171643 -84.13491198832341 93.02783533208847 -92.1102297504181 
-85.94883020769848 5.69150134970522 8.887230301733567 -21.39198104228845 22.399518960909234 35.20163330599357 89.38061586389878 -74.93055395012027 -71.31282547593123 54.94669153266901 51.45594763977837 -16.303368123706477 -38.57937249239676 -54.73142465522578 -86.6177970435466 
-6.3837079178655785 86.60895176845307 -2.309331365217176 86.77765186863607 -1.9147196022174455 16.126814225252133 -36.686009091886596 -6.57663682842049 -61.17641739530675 13.675980184186301 -53.33143744031095 40.32604130442817 88.82514563453609 17.35384764937082 -56.64294317102294 
-10.980634631996395 99.49548810659428 68.93502594699902 -79.79863302705735 87.28971738413566 -14.199079858261783 -23.05288474086163 38.872860607151836 -52.24434733820156 85.40071178945598 65.7011362371183 10.796543199159501 -9.258137698553057 21.618192637073037 55.341105218586364 
-27.406016306970542 15.304323817950944 -29.233687325197266 72.3486166180549 4.753745766438328 1.225433879634167 -67.18096444553146 41.67180101677616 -84.21459560973506 -49.440853303943236 -48.92350784428279 -51.305819614879326 47.35679053833488 20.21592266714937 -84.4849986131565 
96.47072458499773 -91.96070290828415 -84.5850723941288 -82.29132303604334 -42.0802719488389 -43.78988783027688 37.408254250631984 18.24397551324833 46.82985770801042 -17.43738021302697 72.15092389195351 -77.59727757204216 34.800199767311454 88.54186225442402 12.827341333727688 
-59.510399298329375 70.73293230208824 84.33948179989517 49.02409145639689 -10.948815941791935 9.444506038399084 -84.78308953364237 -89.31293610727926 81.0624810231543 -12.29141736246578 24.366489652878712 -68.31017753095732 -90.22254246365907 41.17024727157735 -85.26395728263468 
29.226949209054567 -57.96013221878322 58.20559238970475 -75.93890147710081 -33.41273094904808 -5.42061106350846 24.475657235760593 -10.61000061161306 -94.73478526015415 -72.95281628096448 -1.154221475762867 15.717043003232462 27.987648351226426 -35.98724976387766 29.04863257227069 
-33.83216513765892 -55.963871127450645 -64.57834081573222 -29.615155571416764 -80.60671761324267 97.406219583275 -80.39510657330729 54.02867426225825 31.047800962837954 -24.27214794951618 -77.91092986010028 48.93639975716644 -8.797293860024851 -57.56891792604093 -41.31808583171497 
-36.41116886756275 -91.11684917634182 71.37224435515174 -43.57613660021165 -91.28685050207974 -5.649425709786897 28.445063190140843 -16.904512489454333 -28.961766953186597 -3.966414210715712 77.84742392800737 -38.97850481011731 -58.27948713733417 38.21155349605209 51.902886605104214 
34.026879689163394 50.62887042622472 -40.306409434725964 92.2503395436801 15.672826192609989 5.173464692410249 88.10459635081315 -52.76533185758898 98.35835979240798 -24.96110750000517 -79.28724971057454 66.57893694607256 10.892571734738638 90.75601500193468 -91.76909605937249 
82.71426863365582 57.78618483841157 -98.76593847590436 -98.57458852656009 82.93069616359398 68.7999556461385 -27.55663511220871 -76.70686160038684 -61.37613520912766 77.66916610202765 -7.243722250811402 -43.01236647616198 32.081458169881984 25.760291890639863 -5.277534613232035 
-63.24291755446083 20.43231296648696 29.02702859158552 -7.389529768362493 93.1407664663258 35.09359920164286 -54.84750673635415 21.74738169980637 77.95966300633276 -64.29512664912424 -13.97149268207852 -30.690517144921458 -96.2798453305421 -49.00993986317814 -1.1960119973834793 
20.523666689096302 -92.63158336603556 -75.01467160401545 -59.661250776752 -62.017713318617275 -65.13826754831646 31.909670804843074 77.17590397376549 -12.233354590405 2.1564500425410387 -68.15448127024648 -82.230127753643 -1.8210366320488873 15.260702626744376 -7.582713772053779 
53.91004567102752 29.977386553436162 -32.46402387536868 -62.83353951818271 -36.779626189944125 98.40285739984446 -95.15705306936435 -79.96617056231652 61.18750456197765 -99.69750205189165 -73.80598916791587 73.54366638356268 -59.32575954863195 66.62743134893267 6.965564039339171 
2.421357317587564 5.972035171168528 57.26063706531983 -50.67172811163427 43.723154718016076 94.1451830980269 -34.38215828178261 -65.12797114320297 59.46211315527478 49.53176005173924 94.9976911388413 51.779875195358954 26.191972274840964 53.09197109187966 -43.85656538113152 
-7.74828395702238 -76.25308472258808 39.60237655798332 4.38179354494838 17.43141802508991 43.7585938120088 77.88802475960318 57.03188432040693 -58.270226016718915 -28.918620656230743 27.984895030088012 94.28450814748703 -36.00715121143494 -15.680901033301737 -83.93010809352873 
49.417392303376374 12.220812591139051 -48.8192020848679 90.97611975536529 36.437649285614896 96.7834731752933 31.338107772071197 -81.32260311557722 -48.33084768773672 39.52778656236174 -13.075098192226008 -5.372640060767992 -42.56303545551563 86.81558114539473 -80.87163522665266 
98.34862696074538 -59.141897858314564 -91.23979884622958 -2.316026432983847 -37.20060528123233 -42.673992960725535 76.86436816747658 42.33439934194604 43.48899669555914 37.84260486406549 -31.62357092656943 94.74981535039063 34.352663361978585 -28.867473460754184 18.327470998572153 
-84.21484737351157 -77.17047135956443 74.83327445055474 -10.489940984213703 -19.876835574095736 45.31791824434802 12.61597123873166 44.654849838297224 -29.132547820715928 25.28844226183493 57.4064804935208 -17.59815742508748 -67.70538075304401 -77.03616382563077 -21.50386026593094 
-90.5882401913304 -91.57375960165666 53.218892616511994 -40.99569087965498 50.71099018256638 -29.849146219878932 -7.522108795039557 24.15756528795434 8.316083478481744 90.74159368226674 -21.93684285122788 -27.72303789487441 95.95125995131991 -18.47111019877093 -79.73003038048722 
-30.4112290188242 -59.363846845491544 0.17310544036000408 61.78889210206779 50.5935543999492 88.16295808629187 -30.834223543646402 76.6790495066158 16.75088918718825 -87.22918153848367 -82.17970924936297 -92.72248799788679 7.82957061714238 96.52994288945564 -28.59923866575184 
-55.619132280467355 14.232416373135436 -37.77154581671949 23.753354059847467 17.351153916625563 40.46992356482451 -44.98865146545859 -65.61421397978613 91.51731054044717 77.03064991307227 -89.00376909738577 -86.96020526929587 23.44444211328556 -72.08274623517622 -76.225121161771 
15.182937020916128 18.098470437927276 -8.305561577547167 45.79224125899117 -30.22657987362969 -26.510239690679 66.49905373622263 -40.1184685957712 55.15332902740582 -53.66976203087053 -38.49280028742639 70.78527248169314 -84.65703248545913 63.30393967798986 -41.34259242603105 
-1.3431954244437492 -16.376027562391982 -28.362033764741042 -12.765141221610094 -67.81935243604403 -92.79062925951469 55.58852170353475 44.81566513530012 72.54713039462985 -48.81257588147072 -65.3906092597613 -65.40422364309072 42.52016939574398 74.72711744215448 -94.1663512873103 
-71.25600796626102 -3.6631615645362103 2.2205937328051846 -10.852020966209693 12.468211910753098 3.1033053130477697 -44.70527498249404 -91.87964850839107 -63.214384266782076 27.241777355213188 36.69638107962027 -16.316739328158533 54.08725499235911 -99.76008673028083 -53.459128556179735 
88.43901592288765 -64.21707104782772 -74.8665688957016 88.70835715150949 -79.54817592634997 -34.346820088094404 68.35990037622835 79.34791440596973 23.873495358393953 54.52281066475345 -4.989290288435271 -43.78117499388472 33.42573150350589 22.266475920125544 -3.9016927605513416 
-74.07505488117012 -34.980925843864014 65.82050498915771 -60.11725886102779 42.287867173697066 1.0548523871212154 70.61786665487514 78.0308867593179 51.356104914598035 -30.626216307517467 86.82443183223191 25.95965886833571 -71.90569589976954 -76.52233568718273 11.565779275287568 
56.65437891028077 -84.23805748873 -51.19798675710605 -28.659182224966955 -44.35066540487416 58.28293944839339 -0.9263207545490104 27.981326629511088 32.710394913475426 -62.97416930073341 -52.57521201287736 78.30192509983371 41.14052483690983 60.82328855613494 -63.79738265295663 
-22.392795808569943 64.83233348315562 73.69535704458039 -82.21390821617034 -17.47892076378004 -37.000920597548046 -63.50793358801789 -28.424412456359136 90.3450969834924 79.61410008157571 79.71755252001418 -76.62160736352546 -28.692274743053602 -25.576912191556332 77.21203329975387 
-92.08880669446766 40.73908485908575 74.60813293138312 -49.77148900479052 43.10549280023247 -1.1712753222172978 31.880065196582564 -79.26132744798554 97.26572096981297 -59.14983608519297 86.50132258505582 15.832203726646483 80.79475021770995 65.30083863984188 42.5838627142619 
-85.15191619389944 -14.507107078321326 -59.427070969906005 -80.95957166288987 -7.731335692124503 -45.44503691918251 11.137680230210407 22.563589330323992 4.126440026100411 -96.34752246270659 79.17964529649711 16.62469412550429 64.17985474500946 12.893410679285381 -54.249425439809016 
14.660278726859872 39.832685902045085 25.933359146665964 -15.146378933534479 48.88371838634583 -12.021030926870793 22.236867408763587 13.438617256015448 -12.415712190483873 -7.535479963765866 -66.8880868214251 32.32174725686309 19.75358742333944 -64.18896092227406 -59.81794202653832 
-83.11247963913154 -35.364043443956476 -13.868337388334666 -99.22229725133258 -72.29863201203652 44.827671444584354 -14.747215564104124 95.44624407396446 -34.0629449331346 94.72858943173546 24.626536074847706 20.28646356918111 -10.500127717975488 45.54866503336285 -60.64158332725087 
99.61393530317832 71.41998591450863 19.87222450083354 35.37538313320613 -3.762840070743877 -75.48100413561241 -82.98210894842384 38.6658555850932 -68.23906946556559 -52.1789847840128 64.11021519983697 -76.80343692850109 -94.59797110440402 -59.037025960475155 -52.27731826105697 
-87.27056239982889 -49.53814634354714 71.92093684393365 -48.8791759544319 54.99929556186228 70.4203648944239 3.9161109331993202 -13.80586930036975 68.54969250243775 57.1945642286604 20.489818954839123 -3.2620838626974376 2.644555983948706 59.4021245588161 82.31400000514336 
-92.41517050514025 22.689106028861744 -61.71813489388678 20.56434098627851 77.7044111464788 0.35974147380366617 94.756882440325 46.98687222248154 -28.71237500650308 24.857449395551455 -50.158271899758745 -70.45198935923244 -68.2829174033543 76.35859816179578 97.7468229161181 
-22.219102889746196 -52.05253747303329 16.566860012345373 -90.97418548029927 92.1969453227662 92.66321525920407 19.419102254359743 29.426858016474313 25.597327472434216 89.92798898215335 74.88855700855521 -65.53793651088489 -32.884028899141796 84.24560814633614 -24.65171315758927 
2.931028752855738 -58.00210647808457 -37.85946722079749 -88.04935149180989 -0.8784643001394699 -54.8608167254165 -38.33660914590542 -58.962702239786545 89.50493541973918 -86.33712569114826 -85.61059306938452 88.78298166507378 -14.9458206949284 -17.904183290689858 -47.4061197239767 
61.80223595922959 9.752647596326497 -45.626508495535 -47.068262217702085 87.89354927076721 -65.35131407063204 -71.75484462273691 -94.42777709046939 -12.66480352568739 -64.13591231641729 -72.88105822290302 -36.26599169569176 66.05114785703273 -11.869614313441687 -70.24074792551323 
86.79398971122737 -91.24695687352033 -17.808149719822765 -8.398376003435587 99.95052162230164 29.744788837148263 -52.54641612009798 35.4018259312185 -91.1313666933877 40.47083900068509 -33.652501582478564 14.078690221026463 64.55852102802169 -94.35484646484771 48.20067908458941 
-11.943422038565643 -84.69683099390414 -96.54458324421687 0.40583168411956194 -33.05360086449767 -99.84020332253695 17.70681671572558 -98.36310944356252 -28.002336263179984 -55.3222450938236 -91.66735446773279 -24.160880550921988 -22.025949135576298 73.13090819692275 15.437238115764032 
-90.51758827597087 -24.3738220992757 90.84882229090638 17.790369199122225 66.37397214358452 -96.16179193071994 16.37250897309599 -33.735599982128804 73.08149850654686 20.564574529517316 37.34778277043719 63.09363118481133 -46.396097642365945 -98.78409260359528 -37.17839603390096 
-51.77516139223031 -85.61027439344531 60.082630400693404 -20.106382006185996 4.959511681555966 -98.70411958963201 -81.69245479900944 72.94283162335492 48.34227469991956 15.94998699390689 -35.77686479562816 25.12642182770594 -37.404520906821205 -16.66252542671613 54.6892981967155 
35.35993279062427 24.234141382591503 18.53769880101885 -13.603289455532504 -90.99782758868463 -7.623477068624922 5.928237723621692 10.868050446847775 -49.034772297483876 27.218264864343425 -46.96779142033538 -47.618356103773095 84.8862273764467 46.16496796931645 69.51971853938466 
-51.67354505916075 -6.521598226732522 -28.032335573832242 -36.882811162260154 96.66107890793455 19.768561720962396 -56.695202532490185 17.559822158831224 -66.37975792913778 -43.057700690523994 9.679372792328934 -19.604256902267636 -84.13894841545637 21.654791563062275 -46.32811927153924 
-49.01453596456202 -60.439522449828196 27.192241661405234 14.444132503255688 -32.72883426118996 -71.9121392170891 28.571081062941175 36.63041355679047 -58.086216672786726 -13.670987954869233 94.98213704517102 32.59156982198246 32.46999640429053 12.373232979035492 8.99160795821308 
-24.395746359604146 -39.26544053689432 -37.84760753716518 49.850605689355206 -45.51921643445023 -22.168537820090222 11.741577818732623 39.35411890620654 9.220874877344528 62.145638743162095 -58.08691553101608 -62.91395971467697 -49.11184126226444 0.00870680606510632 -17.946970542428062 
23.317894751515027 48.053783530569774 36.326923867765316 99.5195608041868 -73.75375989753081 45.431838445906294 -65.84439734871174 34.882443716412524 80.15014540350981 -35.43283006333364 80.99299783492867 -84.28104025334025 38.55751066099165 -56.87195459284 82.88553677223146 
-11.505727427299007 -80.09120635232694 94.41780139046116 58.669283569414205 98.47250135449917 -31.181998767368995 -86.52465998330565 -36.68558767511758 64.68650556806338 -46.06159787320827 82.40737521729889 44.03523508868568 -25.300120060964602 53.87416824589258 -75.31606408271874 
-56.33351961813613 -61.62208423889286 15.136430060439054 -97.00146453907354 60.91013078071964 80.81734182761303 25.9621750953319 -37.978797635559914 58.66492340933627 89.30287463170595 -54.085152197843044 25.893825265180055 64.10297665874654 14.044983767272413 82.9380122902082 
14.278527381071498 -60.20891747549315 6.870635652510245 -84.91697345700769 -17.713120292202802 99.70894353937697 -78.06312304541873 47.59445395547027 80.00214629899992 -79.1622636905321 25.92132466790396 96.97764393536897 47.007622354979844 14.63614627673661 22.561467893389135 
88.22259655717187 0.35225467438041846 -72.99111637840849 -67.3905660914049 30.061687711529174 85.67422684337367 -12.341745974438666 -42.66943981686913 13.924845911865063 48.72526023618269 -75.70850494458954 32.45936574324733 9.770454504349928 62.46618276123459 29.713972699629807 
32.41246461359913 87.18351448658413 -81.67738957839934 -39.01864085638926 18.98011259552308 46.43562304532787 63.78735691750927 41.32271014804303 65.74966338580117 -92.60222676631366 -19.97162541553101 -78.819368005797 65.11986489378623 10.283435638397592 -65.09649591883593 
-91.43175351975925 -64.1639337251417 33.04502518650784 55.13782780489592 -56.49153441476209 46.63714213137402 -64.79151023441815 -91.16381448774041 -28.656391353339174 15.744098832058697 96.8141214873828 -54.398487504814554 42.33060501094448 97.42252952154072 -40.69352816136398 
97.88818328154221 9.650342931123276 84.22965127970801 -20.74667833732218 -4.036601031442146 -36.164682158274154 -24.55414670158045 -89.88441361639627 52.67789824349228 39.91939769348164 68.67288336793291 -11.133028218291784 -42.234080973019104 -59.0092724888631 -96.63967383296715 
-61.91967317868874 -16.23637495397692 -10.105411880426814 48.09769579330617 77.28044127874008 -82.03325469193912 44.54447148731933 29.9559858479478 43.823092273078856 18.453881342605953 27.603270060931663 61.62527414703683 74.79571591371717 63.496758465131194 -65.52756251824694 
-26.160362921433247 4.536491638854372 68.11192056777361 53.768884720531474 -56.6363038740719 -94.2504370794467 98.1466276466897 49.31292202863642 79.60278216515627 -4.280702573296736 53.4285705281292 5.899706033623218 4.374420796785117 -48.185354645016766 -60.439489390538 
30.098324687037262 86.7516013659203 18.401521462522112 2.3377191917882953 73.88117531353652 -29.424059683346655 -8.159039672005036 93.68733697098631 97.11210623616628 52.36059983845175 20.74407700111776 -68.34315454663329 72.21815244667167 -88.52977171667749 -80.80064090209824 
-90.40901952698799 -19.622425273633496 13.507682153448258 12.939317363651568 -34.37403027060569 29.230996539899877 14.278636091686408 -68.64608554958073 -57.29438588258533 30.672360632048765 -88.45606534895339 63.713529354387646 12.833043169677481 56.99219407666163 17.879434581499254 
50.058982460517484 -65.311296374345 -44.87225903071823 31.44028187369213 14.328374682630567 98.28392495786537 -19.013259685709016 96.88870300320417 -89.88928252247679 -66.30211000031585 -19.16446302258923 -51.61058090333963 15.349124699143559 -97.27173568608795 90.73698180163444 
28.97085298807906 -88.92890233822754 -42.86253254911394 -64.67270380078243 -62.25216356306979 -77.75132258332162 96.92354734058912 49.79206500458292 -83.51496467970955 23.252443591744438 72.71383809176334 88.75067049554656 -53.25106713972922 70.26391952386419 -75.90867089972892 
-90.55590861054131 -60.54936856148909 96.23243439566988 -57.8164320127383 69.83508989466407 47.239699329875094 94.31507375376606 -49.45131039566759 -3.903414422601898 -31.095019549340236 -34.59325756543359 -12.41555698546361 -90.76809831148546 70.33205525035063 74.89010984546144 
48.24930718945262 70.04827638097879 21.162342538526715 -5.166919253821206 91.4526862979958 22.98246737185434 99.6903108006122 71.03248521077538 5.059938040101343 83.53182702894753 60.396849872725 -47.03262006848714 -17.426958196466643 2.6496363595686745 -65.7862117792522 
8.173863996706615 4.874058506820546 -5.923279446956272 90.47256650552023 -86.9793177358824 8.177536650004086 61.78085987119874 11.223176406133234 -3.301832891863853 24.872794227364096 -26.745992053134373 -64.45143717274213 -20.97928250454926 35.93196977331979 88.23190523614088 
37.95487830021119 -44.316725047351134 19.754294864182526 24.652569399482886 53.19082943967001 74.54943761259258 64.48315060221307 18.702859112322884 31.92279430526878 -70.20976550913356 -6.05934338032182 -78.19619921916762 -97.84906888184508 21.945879352749515 -8.101685042305533 
-63.89879189177077 10.85260274862587 39.06406794488885 41.95924488385316 25.990446866766035 -87.10975117580978 -91.50939111675362 50.852321847467266 3.5769094331814983 -63.59689069346028 -17.503316455996924 29.048041024141725 73.61375580192987 -4.5893416113031975 49.05731468875214 
-99.33705270084685 92.19061593280003 45.25582319557202 -0.1170304389942487 73.81107522187506 67.68965938735084 -82.84501977717514 94.51253623594835 -24.08767705595625 64.5694815575938 5.279868600142095 -52.404533355260405 58.77389441961023 85.98287298289159 14.03137201600562 
65.77631267167828 71.5637314771997 80.7727941858266 -74.84685542076261 -43.873502649376725 -2.952602661599684 -9.082654152356739 -85.84705098290264 54.8732231465105 -21.580200448480298 72.05974033200607 -15.891593899617945 -32.34149229131036 -17.137672035589603 51.13048308604871 
-10.987669160266918 -84.209546528096 -32.2067746580794 88.3514979840534 -3.2348017486780094 81.0026333465232 -5.435937168700704 -7.905572470385906 -51.686435128298044 -56.68541719529292 4.685614137641906 65.53917197506752 -19.342193486192414 -44.32395408128655 -5.34028616302038 
-62.146025370585555 44.32468419404205 -88.32855293383805 94.46770455511967 10.755695201988019 82.31100426006316 69.78842058621711 -53.62340745691252 -99.08413869640825 36.70808187113133 -41.33742807126119 -36.847822781702845 63.15086005349869 18.78037424720563 19.0551513571928 
-80.1353968178947 -3.9014717712350517 80.28784214792145 14.648200492895299 61.07781183506765 7.023619409348754 -24.86158188347467 -73.89075263492404 24.818536229087456 -99.80137326847436 11.027816392848962 -89.91429050731676 58.105282474765374 30.60412357542316 -11.078895116387926 
5.705973182355734 -82.33435385600072 -98.49874260747058 -15.012344951998188 55.39329760651256 -8.387903909590051 -76.6071649921944 -1.6731312846210074 -85.29051016945601 98.95880806278245 -16.569793325590453 78.88017284669601 0.46729347199534743 -11.512941303816461 -22.656549669315766 
-84.78270030568478 -95.18768535976115 68.30192371450903 -47.832987435916216 -23.98365592081997 75.26782901292702 -69.39938114927367 -48.277366400797426 0.2407776560286834 39.060152987287466 0.614982090594566 56.7630935243474 80.4075414314346 -49.76046520507191 -93.09554798126433 
16.667467845771384 54.568942913055 -10.839277495851647 26.1418577184088 72.76734149042937 -70.94743287998836 56.14805327342128 -9.492520304452754 77.58168322193058 47.49454150108218 -78.273989286655 -81.82015176820607 66.12797747888635 -7.824690220829382 12.111254113205888 
-96.58596499310038 -63.61280375213867 -72.41425279132517 61.23465290982958 -29.77438086991988 -69.37899331947477 -37.697063819777156 -63.98114487481968 95.25319595578725 14.92254276866123 80.17894833813068 -32.38995775257152 -96.18660603606295 88.01832227446062 -24.96962736562935 
83.49257213896368 -85.56812226913569 -66.32542863497957 -62.59097121073045 -46.20725232717038 -3.0362901196329375 -28.74052567027765 -72.20530744109402 48.386973421251014 6.988846098471086 93.88867960254345 47.70279013765352 -64.85445629802703 13.558575650848098 24.881802381277552 
85.6868003373306 60.52485105132689 87.37831395962664 -82.33965618666838 24.401606906378532 42.173415828538765 71.0166220834322 67.05368303968916 67.00507809340647 -19.451196823774538 32.86454316354707 8.492286883572888 -92.4174175961672 54.26856439745458 -48.26978969857312 
4.892935891611046 27.650058489108858 -51.532816484223545 -52.05212567566875 -36.94530509977596 4.882993207348704 -83.41027689377141 -1.90130877426067 -14.813278942106777 98.318291034584 35.878671856648594 1.4436724856020362 -9.720155056824069 -94.86566869401274 83.68679596109209 
-22.880691043256135 49.66417213542181 93.51368056694665 -52.21851855105739 -21.082462041494935 -52.462528169593185 11.542604489715117 54.848721068903814 -18.586914256942038 57.23253423785522 -98.368593092377 -9.817459715636375 -39.88876283969374 7.986947085516533 55.11351888793149 
24.741254068878547 -97.0196372215185 10.463235440914318 37.357887855418824 -34.159329213361175 47.31912126808666 -77.84136005650875 68.88807673719771 8.169086281747795 -88.05981012462378 11.97734297009849 16.12853781234122 91.50146916564572 26.29693505676886 -63.17655058121956 
32.0283824533912 -13.632650819817599 -78.2104208315922 1.6745662527341665 -36.10244361032342 56.85986927116173 48.259547558513276 -97.81031153477409 96.92381813362945 7.345762822606488 -42.38640232991706 -78.67250038724112 60.561377034216264 26.324010493823707 43.14495445899274 
83.93558790085504 60.85223823148905 -19.23143458287339 -44.87885203397497 41.466380282182456 18.473570469949706 -82.59201392067688 -95.8239769531704 61.11128957036277 51.12224078837778 18.081781865072458 -41.249237004787176 9.558796232183099 65.60740451347903 31.710154337124095 
23.569758499166383 87.41942460155099 99.69419661429336 -89.98504284337317 60.76975774029384 -65.44636774496797 -90.30239467480439 70.29115651706314 -3.0104352346022694 8.468823819316867 -0.9988083546538746 61.70147651476296 55.0117748080055 10.866534733697478 62.02489105183645 
-18.079592473608642 65.00067041165198 -80.6789302287968 -12.902115393799022 -95.96769940769356 -97.19126809550215 -35.239221611226995 21.578834352298486 -52.568449155935056 -65.04713888102027 -93.17609717444144 8.293161810949016 36.66519986248346 -43.362798829359406 -9.414810314241535 
26.11595334367331 -14.28400530714022 63.9214897699793 5.016084476318227 60.566161597811686 -95.63204226579774 -57.893163774738014 44.10047448612477 -1.2427131025370528 -11.888330353667342 -52.36256364642813 -34.09593787519766 35.43854016920221 27.869938783840738 -19.863833783479976 
-68.51778991873105 -75.07838391746593 -58.07697034224564 -83.98619265938525 32.70838832195636 92.099046492989 57.87396473081316 -57.59040569431375 -77.21031728966369 45.250713586088494 62.05394227829183 -87.29142765486073 17.750377814472486 94.96203767005127 -90.89091000704843 
-22.941035272293703 -47.814033004818924 69.42601872560064 -38.840348586419935 79.68692597363295 -74.02567517482102 -42.68093723217321 21.172363481768784 -29.831178415770054 -52.33385321827608 55.19687908727556 -48.93746235341199 -96.6089401353459 -54.980531532708966 39.093895051936045 
-80.51855307532811 -76.68261210960215 -25.894389791086297 87.96365895276907 67.06262839042716 49.44235852460619 21.354552582123347 10.478402507566798 -22.49380117188531 5.723349813071039 15.36476841451693 -2.256601849119974 -77.46972447183065 -20.95891878161487 -33.06032614089702 
10.390196693023654 88.22955372088518 99.80828445843227 -67.71668200532412 23.287443278079238 -65.91641938197591 -15.00569474668842 -40.00793825561977 35.3719681147015 28.244238714471436 -0.19331505506401925 -20.87388795681666 -78.44860782187007 -55.057676910281494 -97.2832783416733 
37.53507608843779 62.177884234625964 -96.40993369728268 26.53436694157037 -97.61007688851222 -93.81922147538226 5.959001577356872 -33.6593346529084 -67.9647886327154 50.97714573113669 -79.89785148068162 -53.50562122527662 -75.6723132502926 1.7870782604761644 97.74786415099936 
-6.438089298810937 16.724480660560488 -61.8908110702866 53.63435900438253 -25.1466557137435 80.03144875588472 -35.067739464482855 -30.317373091532374 -74.92850506542274 -66.12122735568983 -56.37899388055485 99.00862763683887 1.0532591568629215 31.409655684169678 -84.9932512414805 
11.261309495771911 55.57340347874302 3.754131306422991 25.775513285916134 19.246211897236762 3.6812398777349813 -9.853315337893946 13.69467372435804 6.295033316184259 -99.78182890080728 98.21588788991363 -53.70354115924585 92.8685877571775 18.064743034155157 -41.640805808404394 
68.29716721121824 13.717711452031395 -55.09572893391172 -24.24599121843758 -28.1264237549574 7.65831648322164 -65.40938941731203 -17.880718436394716 69.21703447794275 54.81755499254058 -91.34607352501942 56.216302474947355 60.4195084689712 -79.13495210331723 -57.03495321192911 
-26.53979991332642 42.98200537282764 -58.0843313064479 -57.76936302734712 -74.10767178422164 -4.358036496826472 -88.13312961381618 -91.75884161391654 -92.6994174018257 -20.272407523043043 -57.61077772646861 -18.41427030946545 27.312858127079338 21.693923013957857 -85.42210127715799 
-48.758834464748446 38.788442347417 82.33633261047893 -57.589754286025126 26.54422860724803 -79.92849235681291 27.737204449638767 -57.164102642521605 62.5195844573519 -26.79151291442045 44.44211736773872 -49.03727241297007 41.67180142928183 91.19699639704973 65.3753506426317 
86.89932859158208 -18.615031103225704 -86.03389280360834 -36.28432280232794 22.433786909238208 33.01090768295836 57.45653040495654 -58.00979357681661 93.11086895252723 -37.62643698394395 4.122865329563922 99.59707582091127 -62.59591373997995 -78.30911206267288 87.25748135182789 
88.35371939767128 79.85267641747976 -48.760788559086166 -53.20731833537133 29.283657849085472 39.45873173804242 -80.02196290858015 20.182420818243415 -97.21559463890559 75.5978647266025 48.540768958410354 35.00752612301551 11.24738463406834 -8.462011276103397 59.47335436774438 
-22.0491694985528 24.25276445877438 46.98467840772662 78.75768824557468 -98.91226702646372 -3.7126873254343735 79.37975335538025 55.17002015448412 79.27300455292755 65.56544480547913 -73.65356490231656 85.54422912940541 96.19165141253859 27.778930609750603 -13.084886869093907 
34.37152806623436 84.24258222422088 -97.29318049684896 -17.143735535334642 -28.759361385770106 4.990388691879872 89.45409975547273 90.1610292700959 -30.752660711476125 -88.75383072354137 94.42462596171771 79.00675354844918 -84.33725831267056 -57.37304792452586 -43.27127880405608 
79.06675431062837 -51.90421995405416 -19.613957078228523 30.61316938247748 -73.42488206195964 -90.07320438106674 -85.39397463710378 80.45715984799739 54.7028175239694 30.55959685623668 -26.269483220512143 -2.3467987097592697 -6.707722977608427 69.0238997085751 34.062676330554694 
-28.972597032006917 49.286956110400496 -75.01093157963737 52.53073193141566 51.211056951196355 -23.7743214741637 77.48076912294493 -47.05239974181534 96.33911587725848 0.5676479850973664 -70.12059476618504 -8.19637614954894 97.89065606590518 -52.30822667274009 -56.49518552625603 
-93.91932347984483 55.56001751672261 -45.23632182661758 -90.4241796133189 -63.17070048776643 75.24951835682228 94.67510541887364 -76.08981115016189 -30.36005902675747 -5.599841532176114 45.6855588852884 -20.663606096910357 -28.98085377432362 -72.07795905879786 3.9136824501351697 
22.019083458416148 -93.93380969874686 -90.29622891178366 21.093507317808374 -46.973054378134634 88.49976809742395 37.665651434171025 -91.68731185182459 -46.937736565765455 -16.913193538053832 -89.75625516497647 36.10158436385291 -79.30181910365938 -89.24136179350424 -64.72336299587853 
71.95931152642319 35.968910330842505 -24.443830981497626 -11.691338992187212 -39.59830003267408 -22.705816729607392 19.345354801840557 31.740652292818964 -96.17312189339411 -26.32758619780728 -18.993012322433913 -39.443193851240686 -27.088510515508716 -49.87565080547098 -13.336859555783562 
98.35424848376982 16.65682087097676 60.55466249383875 73.12494255493505 2.417772072022501 12.929475352591908 -74.38391593239082 -8.431956125087765 34.44341646182039 15.475303947127813 -91.83393551907879 -54.06172605648278 50.827347254438706 21.397698594427595 -93.51052461857236 
80.11286286585067 -81.78668802527403 22.251689202533043 -94.60886745168504 43.25035600448885 94.23832687989704 21.5691143991628 53.320450364410874 40.643818233823765 24.57402043985546 -16.302662192057184 87.99461865512004 95.84022942759483 -47.646280454758625 -83.83283706444004 
20.183215493830488 -48.23713204258786 15.527888030960298 -59.108047166613154 18.47631978773356 -42.180281009165135 33.89776476606369 -64.96432917114899 4.071869363437756 78.46349266383288 96.74064097262155 -30.427167164657433 -99.84220852302275 25.272086882845414 -71.60490365188824 
81.12987844969936 99.78886064556096 -77.71982383748144 2.3152369561571646 -24.637947575439043 -85.7864807743044 67.24216326066701 20.603030329145213 9.398912322226977 -5.435842816912029 68.33221540809541 -80.24271626392235 43.38547357523973 -38.0473765402725 -26.577286601583538 
-88.85828551588995 -11.871451304346408 -0.18722320478757126 -47.34907810517592 -6.043462747990219 -32.084867839183644 90.03432965696607 20.222337221878036 -84.52776300097027 -63.16317819145476 71.43026039270731 1.030939191107592 84.62077989998213 80.46939221181987 -67.4973497874678 
-37.44064567085783 -58.09458878619142 -90.45449458720361 -11.87452898212915 -49.658355109627884 -51.08955007359275 64.1701023267596 95.7913054253903 91.08834255377141 91.49335590912426 -80.89141500747186 86.24740893825296 26.39485920813773 13.792928504426612 -43.08133631923423 
52.678021493556145 -61.169383923812724 -20.253502564210308 45.809525810624365 -3.4369139573817904 31.938312238380774 77.08573859613358 -38.01520819653312 52.357159290427234 82.2156135375144 -66.14233425409124 29.96637480487678 50.40041771665739 -36.34066635013278 69.54391182918604 
-12.180056467019412 -38.29758841027158 2.865974161506685 -95.5247812869569 39.425261073289875 67.0668639824865 -66.08279287400683 86.59252920719302 -83.1596469844895 -34.68883186767613 37.00463199773796 67.01050671996524 74.13838818934477 -89.1564232080703 71.93835718517627 
11.248099637167556 52.144735972885485 36.6165246103551 42.930890142123445 41.697786642656865 -45.36425690703203 -32.457904362904785 -1.04877175450369 52.90546530424891 45.45593259469993 49.32733570321827 95.51646222090454 -27.81705349586244 17.082651137031263 80.83809669944026 
48.54486055751167 -67.85640568863263 81.35213084969075 -82.24583478452747 38.90920409537759 59.90734678226704 -12.844958656119104 -89.03101522280352 43.687619877587224 54.10867107639865 16.492023785176542 -11.359525537828262 97.96085888772899 85.07544060648706 69.55254845225292 
-28.619659219746296 85.02540173554266 -22.824108263452487 -37.28724528104854 83.76949913888612 74.91069981495389 68.91655796726292 -46.44822646416675 58.32621076607259 -11.759852634903893 -36.837387056569646 48.005702803380274 -31.37093823491459 82.4374581228891 -12.516864920520959 
36.81801439625488 15.135449469737708 -35.99526590357513 62.82057166697763 -11.181873851931215 -17.168999883115063 30.915303492578886 72.58669096747963 -64.17779043460848 -92.55123859527426 -85.29102362313634 -86.06507399187444 24.318403377204973 81.84432107336715 -83.89078757189404 
-8.082258266850715 -11.830025163772632 4.326924698637498 41.01997242710101 91.47050412976924 -98.25440359706963 92.90683255595252 63.79832423208066 -9.44684768074407 3.7422272748684975 75.13567725064135 70.61374841101514 23.11583275913445 -84.20431836889735 -50.945243874712595 
-94.11296581759001 29.48453786578301 -89.60381924832983 -15.027429691194811 -14.188524251509136 81.01254252067514 -53.98282631006528 68.81962722909591 -80.68158434840615 -9.519883187462199 -53.96756187692957 99.2949335816046 83.39754473821372 74.94820659829185 64.26969836293401 
-48.44823443803832 49.31977705661441 -11.455272836649797 31.309794451365377 56.960162004376826 29.307242562956674 -4.800156306096113 78.42591577644268 -52.12562724981995 13.382133084034237 51.9398116412564 -11.611862702532889 99.45173371038237 85.77844619278633 19.484732291440523 
-23.553957557057956 83.65577482818267 -76.86872131381779 -14.091984728539344 -60.49121934463948 -82.26757186407295 -49.544007169904944 -60.96036949397845 36.62902533486502 -10.227217607939792 -92.17859784148197 -72.01365699994665 -29.557325783886128 71.74199753085395 -46.46321347283637 
-54.25228585182782 -97.14517994060812 -76.01478159026152 64.41337484356436 -47.77427835035748 -74.86644714927777 69.45133639424387 29.542999903987265 97.82442595305389 -87.54389321447553 69.30029442390631 71.62000745533206 38.65965377096623 87.41276439548636 -19.674154509810165 
-44.04046406073281 -64.92893124450708 2.0687084861112055 -19.20767422845435 50.71642765552525 47.1354432918705 14.995568369261207 -37.276261678941005 -33.96683535050886 38.76494528103126 -85.17691864618963 -33.27670474105811 -96.0923680878938 99.74272235104755 84.84724948591261 
1.5506130764592996 -42.006196190958065 -73.04735416547805 44.00147081032662 65.87607067886503 18.545602801434995 -33.47696480165942 -46.732816527538354 28.83968165235902 -5.282537375321496 -20.484165056150715 -13.352632765117932 -43.83224596302493 98.77157176422531 50.827124408418 
87.57492630222578 93.59409931287047 -29.946763525537804 -88.2104973805514 -31.39202751744608 -12.728381524592635 -48.176934969616994 -85.46896333275404 46.81523806500934 -96.86375547562551 -55.361063736408724 -48.09560860144722 -57.073238963437234 -3.3482508337833394 -47.43405289276448 
15.440342461704361 -39.223886043729685 95.62790045362487 -17.862808772969927 12.105416221639743 9.329261930610855 13.90368213318169 16.44614037571084 -21.002719948024605 11.132459081196885 40.42668627906281 30.767831734695164 -15.759720316041808 -6.560665284349199 35.901598024922464 
-54.23055098280045 -64.44522668717818 27.109864414536176 -71.1407469212146 -78.10756715746564 67.3282520172998 -1.4894003891763532 32.08055494733472 -26.041751331398984 -75.68312336904009 39.58225499826116 -83.15670263549097 21.83333849951306 -18.64315521077873 75.05675964259831 
44.19370692405778 26.21645784626942 47.85379443485303 -30.538174748942467 -73.0286313583666 -25.00453749519653 49.0877707879859 88.01998108293574 56.177681325633245 48.914974856098496 -88.55214943001748 91.38975944373962 -41.78192636061668 -3.0993895602277064 -43.87946423178377 
60.81992293381941 -61.10808249852651 -49.10720991241144 64.13539323927603 -97.3269696735013 50.95531022274366 37.50015332593679 -32.40008738864273 -77.83856526462516 99.25045678155021 -34.97894269824246 98.05147447517976 50.528616222511545 -60.988720086132545 -8.444419723842529 
71.5217913445646 41.282298844052775 49.97853537928816 -47.007241059866914 64.62621636431982 75.67523546928277 -87.66247867396955 83.59198730114005 21.20186650665083 67.26319532576477 30.321371081878567 35.07905232818541 76.54572392049977 40.449116694033336 -21.11777193457978 
80.81181342982327 0.7245488104272226 29.825042375924653 74.50098356455226 -89.23476836934469 -40.16002708877573 -52.98877385465141 93.32049190772685 21.647561347676273 13.760306356919585 42.20582448798703 60.44036248066661 58.338567546569465 -80.9238582717186 -25.29775748278449 
24.034292603024838 16.301720492434995 7.0932151276271895 -45.700573941221734 -3.7947239868011025 20.566374789016024 16.29397584850507 -19.282342862265708 15.921362345342288 -18.14017984142444 -22.516911703001497 83.09580647185513 88.04752942579381 -28.69755499362992 14.618256097119058 
29.46796680286397 -96.28845833187776 48.90716556531521 -48.45854021329572 72.88304683847844 -24.270695723964053 39.33864700582441 3.252486385114821 -42.85498059899484 20.086383663722657 -89.35208782550616 -45.603571526541444 46.17465572579823 82.41808199275056 -11.59073181831016 
-58.82227416369841 -45.3884190869428 -4.154796890071594 -41.149287818153304 -74.6870531353592 -79.66133216832456 -18.415244250920423 -94.38391235813286 2.5317727387140962 -72.70766680167495 0.9223607785907859 34.460911170165645 68.23562216639979 -86.42254174403656 10.576410144688083 
84.02486630218894 -69.48643854501368 -87.87771624476748 99.48433227246409 -74.66711493620662 66.69800130833755 14.613978723460903 85.21492524920288 16.528398838096408 3.814912178404171 -65.43824305922575 28.40288757044206 49.136680463365224 41.70442944679206 33.25627651983734 
10.053388422613025 -51.40787237227773 1.5437987251636542 -86.50029194773721 41.23916301799716 27.679997277357288 -21.525583718181622 20.01605043272096 -83.14835190624714 5.4196322326996835 -44.994334704024496 91.57973906435393 -95.78814244015201 97.621242027276 -4.75127973260021 
-24.176782122736796 98.29953055165785 11.89193373187382 -96.884327461283 98.36917697486498 -37.16533099125869 -70.31656654386876 53.16928274642456 78.11332059495874 80.21973724022274 29.365257432234614 89.3364846660854 49.74216310906729 -86.07848818080276 -96.27846284663413 
1.7638634370870534 53.18610706535887 -65.46329347438385 24.201245384794305 -24.789733991268776 -36.374637236479714 -6.7696286240183525 -81.7896454825592 -17.413874112816117 -33.994054362179085 -83.84955215767513 59.21325585760434 67.94852738073837 -5.2271080894838065 40.43003172301454 
-93.19961988814045 75.47326169826877 -5.527914242478559 81.59676295383082 79.24350130044309 -73.24756459336183 -66.75710147122493 -10.91983822496347 12.426994137430142 -19.46458165156659 -66.94167258664223 16.990396419349096 -7.331824086451391 92.1030618479744 -19.038808744814446 
-6.241485372664243 -7.191764261264936 -17.383506003845596 -22.097779014712742 -28.543724207840057 18.940376057160677 9.152380342546039 -20.961142089345316 44.198492703150265 -77.78999191210825 58.950308149899286 -56.28980110226036 15.315030031219806 -77.5463958368838 -35.44712764676423 
85.32319796087731 44.83164908324798 -85.34291618141268 80.7982525425312 -21.245684579435803 -57.20920020402951 82.7387132875073 -4.063477810228861 -13.33655972862988 -12.027726560356584 -7.73184376845532 89.1372143156091 -7.1396383686983995 -90.43227136457826 9.570862147191377 
83.85742168014426 94.03037913634412 -80.11328026816975 33.56911471982653 -18.70102358234989 8.146409300889346 83.75086296022263 97.41718992166142 -95.84165384297405 -25.64287664154716 -93.37501928304148 -22.21987990143181 6.489106911709214 -76.80352805907467 -51.202482216592294 
-88.21915908010594 0.5663864958586515 -14.717396104473622 55.67127994143243 82.60854230833763 -26.468545083751962 66.51665531204779 -45.644643882024496 -2.3912418842770364 -97.49958432574513 -88.70043335106908 8.099190317615438 -68.42718250992013 -24.113879986554878 64.78259050066643 
-70.89887444425361 -92.20625396547746 -94.29928022638 7.535091027532999 26.660001790176466 -87.4811644201912 -8.136516766221021 8.282933800773094 -25.913235306645603 -40.376836404990726 79.88517879043448 -38.94747165090591 -97.36149006505086 -11.193638560146724 41.19026267377353 
-64.29200756744405 -35.98537238770834 -36.40079292496896 2.932698632680882 -52.00839167469449 34.503816648815615 89.08061816853404 95.72298177970734 61.23193444648564 -31.726313812020507 -99.64909002365947 -41.290726535555144 97.55269232803695 96.53661385948345 -56.41269854589128 
11.58977457917598 -88.16931350051465 -65.84550427435138 19.09337676337725 30.06869641360251 -38.81802457298542 -54.19157456032997 78.66867957439553 -45.5387846472449 39.185424689556555 -6.246048746843357 9.91905627762874 2.5553226057114955 62.44471825789597 57.05927233240283 
45.79482429399661 -70.69442855040175 11.94197192422925 -16.23067183631079 -58.48243185265003 -43.18166243260975 88.27072235904382 4.356389424742346 81.61932856023387 -39.43011790060154 -73.43105644917452 78.78803473196265 97.24976763188889 -29.237750850307748 -72.25137594440073 
15.86560264991573 -45.58203658382573 -64.34746565261347 -28.522914535995398 51.919340062948635 -69.1832948159709 -26.064229060732842 77.45064610575608 -5.400606854575599 -98.02487370014245 -5.561536213368441 78.63652490513141 0.10127602296951466 -43.12176064226703 -42.520682475346774 
18.999610349843323 76.42540971018053 20.616644150615542 3.6120802342295804 88.7120342950212 -32.46824056562494 73.2268614454305 65.80452753951164 -89.5262338269861 -27.32874929435137 -83.9922343559296 -56.55466431535032 -31.72986318796221 9.251870125445464 -28.442558395673913 
3.7794874169466226 -62.755491538760744 -31.70284677447357 65.904005481215 -39.34393158999585 -25.685712868282778 80.72938377143598 4.810223566276093 -35.9071067045375 -84.47599394106491 63.578618739270524 -2.287767797777221 46.11581964286813 91.10118719219201 -87.13954897603764 
21.765784177911257 38.893225200579906 51.83616139012602 -74.89245807564345 -20.828358283734545 66.98473254970173 -63.01673793553058 54.82248147445935 63.958695996587835 -31.850127495626836 14.088405424979442 64.75533990129924 52.423901578527506 -95.82708738590517 51.42301475438896 
62.45733412834369 -14.634304614505595 11.350396908227594 47.51837153894459 53.34027795667296 -83.78880669319923 -21.06053279501063 58.544237123498846 -43.950896380135184 -86.1684605356859 17.465294257461125 -40.133735086131985 -94.94487206611568 0.8879121649862043 52.809912064315256 
-12.275295423374203 -64.99062987530178 -63.8581896800277 69.16647351980026 2.9163772791029174 48.7445490553817 -84.72501681171268 76.41884319858397 -28.480451007749295 -34.386669330583814 45.52065840897822 -66.52623774452636 -42.548116959239145 -63.59594691685966 93.66846028041249 
31.256263789401316 48.001955140541526 35.66817544639426 -3.341288809748292 -49.31623452661349 51.805104070924386 -93.68806393878764 -41.5628639710258 70.07686768416903 45.10195949641866 -98.27532132991965 89.7954599241379 1.8197845863313802 -86.0631460926111 38.78809079642792 
74.53832623545287 17.288099875141995 -61.5463241418388 -68.85440090256824 -2.273282069006342 -35.66741269740588 28.736537027678565 -50.392998466869045 49.77319816907834 63.71361260799591 60.7574566511249 -20.19520104112796 33.53853487921438 -83.44357282518331 -43.53768741248813 
-44.34017751008308 -30.400376253540614 3.01851587466939 57.77907133254541 -98.95724413591415 -48.03243462793652 68.57266051695714 -9.497424971639617 -28.755990612574323 -4.124428152726736 73.82595895164235 -3.494545073033933 46.437066471014674 -24.94719952681632 48.20989111493836 
-4.99378004077407 -21.539610799529356 -27.262531440779924 -98.91391292415072 -27.206922922015124 -52.04636726714593 -21.423439941275973 -73.58196559540991 77.25560322562794 83.24099849266756 -39.175599021035154 47.568712288071026 -24.524895317635682 64.86785212307359 41.6015345999607 
-52.174692078539955 96.65382526200571 -5.234600330075963 33.61982063009992 -15.276080283629184 69.9799783917828 -89.33689471008562 -60.08507403586658 -99.93851136769239 83.72411494988108 36.0253516024583 23.36858735911214 81.29020046806707 -70.5494167545937 -89.67479977642539 
-40.46980100259714 -50.93582081882726 82.25811382322212 42.09695058093229 19.780551354690502 -99.03243416602882 73.92072698998373 -37.814128365395305 82.01537867193349 -50.29000350046407 -29.890684357286077 89.43472957934517 -39.72251787136349 3.5847397254790536 84.38953209661432 
54.51405588731117 -61.594854419491554 -81.73358344874717 -69.2884954018671 -25.921533765742083 -51.17982881757077 -3.088786869923581 -39.66424285648582 -98.7797383548197 -87.07517188856167 -57.0391050422179 -43.23091213470762 45.55881864144129 33.666779985466974 -9.68455915637108 
-82.37878351157502 77.83217276523408 -66.74957448060402 -9.722054407839906 -68.24416044839853 30.65688879688659 73.67770250812734 4.597724258400433 32.42307837502477 74.5861592977038 84.8317925537994 57.158283817925394 38.64458646188217 79.7668651525251 74.8157360998666 
-57.4869522663193 65.65620619288691 -67.19374136618552 40.136732128168404 60.601802850230285 24.146670561150273 -63.06970379953179 -72.42100222461643 -41.21529395161963 21.75313287285354 30.119831095115103 -37.53865178871094 52.32692889531626 -52.04310451762031 33.67315522464381 
71.23739793161778 60.38255230369114 -74.04382435042169 90.24547162545213 83.57108057034532 -40.04079197522073 -88.8579251341568 89.99812481691339 -94.01862993615491 -22.540639521204668 -81.59859156770148 30.980596382767345 9.100895455137746 -31.972344466681974 -23.525319514282046 
-50.715212285933454 -77.41757653933206 -16.04732247819203 25.570289635059964 7.624525442260762 -79.42332482596524 -40.807236403871826 81.8929471341786 8.161297338569938 -68.68777152323557 -30.450811743367694 56.70481584984927 15.234355536948343 28.5182676552339 30.50637578485228 
71.47487525990286 91.22281651929919 86.51468658355549 -81.01846721640476 -15.538843585733872 -23.3770851964221 64.78732441869616 -69.14077732844521 82.82363153318911 40.244758919836556 -16.271942388543465 24.993143898675328 -13.578486132573175 -13.793683982133757 -40.1206046345655 
-84.02545332661732 -67.28799315037743 -13.85012478640661 90.32334423349818 -36.41765591150927 2.153073551110424 -18.003994009786012 -99.04120710406417 37.96765234704836 -13.653575492708185 80.13512130614245 25.546681571787815 48.21385168729816 -23.845819939625684 -9.868923766975186 
-35.007988582142445 -7.685972495671024 -25.214188054454084 9.565062340686197 -99.24646406346022 -62.652947241458335 39.048435945171036 26.11558252032735 85.21212315922733 68.64871720021989 46.54161905268637 93.39478957223076 62.02981137183477 -57.42758482433954 3.903754034896096 
-38.71124777375143 -5.189152988093397 -76.96587641311311 -50.62394388464999 -49.00837116890913 84.93611411689469 34.82477735285133 20.566678813543575 -13.964101339061827 39.36775288993536 -15.571350569341845 80.18314794910873 -47.46959117107905 -59.95900102693423 -52.283661676721515 
-23.942574795011737 -78.22639088588454 -23.33997553088858 59.895697480225294 93.53841223581477 99.41061153488047 64.74357674296459 44.73059509385672 -69.73612275606476 -99.8592773528798 88.34123838825394 -10.814966506653832 52.46938776239668 -2.338413867592948 -2.4690578547198925 
-59.63889425657425 -66.22501834389061 11.671983074501497 -60.049381425643155 70.96952670562194 70.72639402093651 -84.67701966068348 65.2994645632204 38.20103079413053 22.19574546453555 59.52304582261024 -64.59147911878604 27.991276095729972 45.468169484341956 -36.71702976500859 
88.0806115599508 4.8820596583734925 -69.98283358789925 -79.3389424602672 -11.790254659130667 58.074542393222515 -24.775720645752173 -14.033482785529031 -63.78002923036823 -41.729900810353705 -15.418026851341509 -48.707635465669966 77.66402434101113 -36.10767879168924 34.66055430961751 
65.23707146046573 -44.32869790768594 79.14633752084941 -61.06619473337589 -87.58787229858353 29.350112535182973 -52.258190190144575 -29.91501795962857 -41.73524186251905 -79.37810195499885 -36.63507503632499 -25.94199143410718 27.053655490303157 78.17859461349096 -21.17982968002103 
96.98230085559615 -68.9773142790815 -78.15471444115707 -79.39083832464193 95.54708228938742 72.68298484821284 -50.42355868494188 -49.00073650574792 65.42455037417938 72.4687429448239 -99.42124130616305 81.85219152944057 -79.77367414835092 -8.340207064695605 -21.414613163651126 
19.21160547871395 -80.50586335024754 83.81350690566546 -9.546706107546271 11.009147027357187 -49.92844728888441 -51.98430636477796 -54.2928743655114 37.01408576043272 90.84594677337688 29.74160957143357 -73.66518755020017 44.684952105933945 -47.90205097401938 -12.474294272720329 
-70.84515823472145 -27.822210681653516 -94.11345451698084 8.959813949962324 5.513951151000882 -50.65385883621614 72.59524164495627 -4.565147827142496 10.709192976674586 74.19853247169735 15.118450824839087 94.00137328775284 23.692021806548368 23.34984097168244 -64.21591527791844 
-18.263824507970213 82.55950090212283 -19.72940476514873 -42.60889783216404 75.60121671838368 -27.84694471023738 -73.24879467303876 65.61679739737878 12.730319221065201 -87.3364220653846 91.58995399809194 -26.43647768897037 -17.772457706128762 36.53130108425012 36.66438445090998 
-91.14309883176823 -98.27613263973439 20.57133629219139 9.400602223068006 -57.44405446669845 -76.43296520540835 -27.34023018120439 -22.835275072235618 81.67255799767165 32.744815303280006 -62.17679535995215 21.83738632051049 -26.050424873416816 -47.00985143604266 13.116955958810578 
-72.30540213311143 41.52522940159392 10.174472862307312 -17.079652703626465 -34.161471734244174 -40.86218207290515 71.792337413918 -89.24587962506875 -12.546853501581381 39.56062775574776 -14.793256986465764 -97.72319349273188 22.951690404595155 61.219193228433994 17.117345357264682 
62.581799122661806 -11.660999463925052 95.81152702449609 -43.59935792582941 -14.038323933245508 52.05135340390436 32.23363659761404 -72.5308297711764 -76.75553644352621 40.66384127146833 -8.055811061294833 41.21858891700589 54.82548522135531 -27.374773488427422 65.05595710158039 
-79.53281563524598 25.153829259652397 29.40776363696432 -32.59801316462956 96.66519941088416 -35.88536447912661 51.25220520368063 -65.26487943060093 14.559988594037605 -10.15433523425746 85.99331310464981 -20.524212417990114 -31.33094675745589 -16.76027696119715 81.01871376936452 
-81.3797380264706 85.66950884193281 -90.63952278160184 -29.19778360015644 12.250334675189407 -62.917687727149584 -82.33892032290753 50.64863713380143 -30.349377440233653 -34.45604892079059 16.83913428315809 51.009931280446665 61.82341064291364 -5.0780357399907246 -63.48392208908977 
-90.84781238430853 78.8288381004437 41.690912389411324 57.70545759367056 -88.15015340154643 -11.602044480627782 -47.26771559269576 69.83717728109383 -25.712070309535278 -39.212181227293506 -6.099639931728973 -73.40466067268932 45.234742476602804 17.042965250917845 54.91822268799223 
91.06379214447787 -34.16154234127822 -4.355728205384281 1.7468015901700227 -70.52688325545648 44.36096580762214 1.4857040210498127 42.48450398993447 37.447300914018285 -30.72492697936636 -32.84310143417058 37.850899713537785 -84.0169171813371 -23.60886047888495 33.74253942458759 
262.78375694763815 277.9833937557159 283.8638462717962 289.75679863531195 286.1193582142205 212.68304689173658 239.8881349265017 244.71741400371357 234.38391154112608 297.3875168189746 249.01856826459368 233.41338089438113 268.5462366646665 209.29652357098252 280.2209941602226 
258.72885740977915 258.62506817742263 263.7895766349997 279.38409980695747 254.18753671243454 272.09024248559143 204.90056414800964 204.98174789591374 205.36304582149072 269.625286434865 241.98124796276414 289.53173886653155 233.10245517822355 245.26593121909127 291.82715855919133 
256.466087533797 219.0149548457601 230.22750707793952 264.2333573398299 255.1220252123768 293.23797051987555 214.18628305290812 297.5098401627782 275.4675251849127 260.3742757054769 228.15902055808937 277.9472153217093 284.19627574882617 259.4772707847154 211.73155168274403 
-222.80709750462916 -213.77786271514753 -237.29430494706898 -239.99810840631451 -273.51313616765816 -267.9068809179158 -279.4301677328991 -237.29133113043682 -214.74646307666706 -294.29537742786584 -290.2671386967039 -229.39727026511633 -231.39892418801207 -275.1284687038689 -253.90908629416708 
-268.8543109021092 -212.18590900686064 -272.98426992891814 -232.23845003824457 -207.14997181420168 -227.434836294618 -280.731199644129 -239.9229514903907 -216.90020172357546 -249.82306936303868 -255.7182665343006 -269.3099837612383 -261.3129275625525 -281.070757269805 -211.51111204699023 
-265.3673003560739 -228.50007759142392 -275.9474160429077 -206.17460236360893 -278.5076303363947 -248.10575810628728 -274.83321119230277 -253.99462057033995 -239.37562012704694 -253.00498385316848 -289.2688690908499 -236.01971449104823 -236.13799603148684 -257.428403327323 -249.30376810497106 
