21.15931061800312 8.831717803985327 7.617998432461931 83.04308986464267 -66.05195781156286 50.141985430452365 5.745516890850951 60.62770467273805 -12.169753512021714 -35.62505194106042 -2.3860460742930485 73.96654775305592 51.49420700101126 -72.26393851928547 99.69176887357821 
91.27486826973319 96.75243315408679 2.9478060804466253 -41.39336137256535 -44.65208415075128 -55.314973253978586 -84.62712870235379 12.990064777350725 64.46316972193785 83.08721320499913 -88.11380678154597 97.8540063815527 62.90408187478661 -92.61609445347648 -5.072984891777992 
-10.951081902545013 76.27099404666492 56.84868443867529 33.601180815661365 -48.309779222544776 -73.71023733317608 -55.119458683123824 -85.70208308845548 -76.0426074085781 32.8488499080554 45.48839718272356 -32.041771389493846 -5.326506273384737 15.307155131423201 15.575711595785037 
3.0550133778231015 -43.67914585067594 -72.83110969847526 0.40136588251411354 3.7344826530001 -78.98955730581542 -81.17747319208345 -20.398779940997898 -4.038850616892461 -3.158080644545663 -68.01566391678371 -34.328595586067536 72.03040395093035 47.5347959574685 -73.61648685152244 
63.415483841289586 19.54494451058173 20.537861853494306 68.65785861050941 -91.68140297427536 68.26372452312668 -80.38060262986224 48.929684491632 -30.77151506689053 58.679153666635415 46.73940981955184 -73.55859660257546 80.86132414067666 99.57027824032974 -49.70830227507701 
20.817632970885143 51.342935757599776 -62.80172096754861 71.03896777404205 33.83507790692434 -67.1009311634236 -13.084766146864027 17.5702513741618 -46.18462126113037 85.87510749273537 92.86347021661538 -29.77115803164962 -38.12124717853727 68.161180096968 85.97612031487668 
29.754281520196002 78.20649974709951 -32.28912487948212 4.581768525738724 31.33978655631452 75.56464446791398 95.26888025208046 2.3774439309026008 94.67797801541872 -44.36251462044443 89.36768084296881 -18.997074316479328 84.84709042968416 -63.84676652502661 -27.124161583228414 
-49.19034316939215 80.23935795706643 46.04179877316216 -94.04196169636991 51.70732654422528 39.247348396188784 81.65068243325791 93.40950325904106 69.00353175713826 -27.54390145884227 4.358551376013537 45.72080439700548 2.9240744635535663 30.870994597375557 12.116642088688039 
73.76180193140885 25.805717399638837 -11.94832895833764 -99.26120374497161 -98.08678481144779 -20.06246299537564 56.20108083110094 -59.065295971578394 -58.43191769243603 -51.69917422335206 20.708361975597327 93.71718752392508 26.886311469044927 -31.434863190213164 -86.53429729284348 
-16.893502302417815 -83.36543813504271 73.18294552497392 48.363896426740695 94.17017097511032 44.8726433014738 -61.915892011494876 -94.84399152577585 -20.270386007558344 -9.592821507496424 -18.53828657248286 85.54646034885727 98.98233041045609 75.26867147269661 -30.475725220820735 
-50.70118737798048 88.21811746893377 82.85875948061272 -87.60592403971022 -38.3073282561821 -81.20277578306738 55.56210924024205 -64.97023774637614 87.64328899317948 -24.418209328549764 40.03579382039325 -57.511647100740525 -35.805044255291136 42.23025599098966 70.44852563821314 
13.462211655185044 91.26671071019823 35.975642895946606 -35.092395707658824 -62.328874064381814 -98.94525593887931 44.45886711053339 78.6788340042724 71.07251871576983 -47.562254739414826 -81.20745416732899 -11.854917307762136 51.04661336386695 8.717998827090767 1.1977888583610081 
-38.00840679430419 91.19627947770451 73.16563100834057 -97.26605652162917 71.87048913846127 13.695063526877902 26.730553324229206 0.4726530019888884 16.541318237362205 -98.53070973947476 -63.63894814108202 -24.783697513987747 71.41487236453474 27.45710718085735 68.66648834733456 
-27.914796755696372 -7.0869205452382715 92.3836373288058 -54.01485779748811 35.0955009394973 -76.60631154378659 -9.567121399530947 74.16497663220946 32.99120448741789 -39.122451325366406 49.571338600660056 -93.43705948548336 -67.14106997270912 51.33519790273755 -9.101475395974347 
-22.919566436214154 -33.63285746886764 -62.311723683662244 -27.637019660377035 -44.79788787824415 -1.4158204521222473 28.814709610553223 -15.901780158411484 0.3268701634783895 11.243493488943628 -8.538742536791716 -21.777705419488512 -6.499994836566984 42.29158142285982 30.639517133753827 
78.9033614413371 42.70266447970553 -50.082398519671315 -16.29843529952406 85.73311570360335 -62.954903728097 98.97109185183737 41.54493092727168 -34.176838780236935 51.56928070966785 32.2365175912299 31.647281988584098 -30.66239269263791 17.220791471774405 68.01763479882575 
60.4109878113147 92.9183725972018 -56.1794912789237 -87.21120054609024 18.98864602442501 53.45816021900819 -0.6080341666901319 86.36048636154408 -39.13248852903681 -36.93440430692234 80.09486237446538 48.37785785964729 20.28513843815145 65.8558005666471 87.74857853490988 
-3.0378778850829633 4.126361301113505 46.186107640436774 44.24781308945606 48.646824702215895 -27.461742986646655 40.54381946920853 -80.39920959075906 3.9252342969362815 -38.64442608241987 57.82384100203103 -14.413874817688026 -79.66915155049 10.496249587117418 84.94849159573559 
88.55590763461464 77.68470098428492 9.093745311989963 -11.142647507443243 -2.615671981489669 -78.7170349669672 -7.500761353230587 -43.770987888539395 90.07676213871778 -78.65038597195384 19.570060365427437 -42.240055035984135 -94.77780341604563 -71.16317539908803 90.95796867436897 
-40.83277620105679 -67.31988117919346 49.5636236834288 3.508556609569098 72.768984512444 40.346285524346314 -36.42926862401643 -58.5274690421848 -65.30505703687639 -14.351471510857692 -87.40763238594624 58.50483387208919 21.376377279709118 52.50518230662939 38.534876758182065 
-99.6780761118448 -11.53667191777113 9.578931877965701 -9.526657618906214 55.73116720121553 28.62572315752928 -49.67649776114613 19.872214708806823 54.764650138911236 51.630647136962665 79.5820364996701 -95.00449456637767 36.59992659436179 -2.239621984373727 -55.78101850411012 
-30.62132446692874 -69.20767216119965 24.114953312923788 -42.58831342756797 -93.82424214370337 91.75732304783767 17.505890887069114 -2.300693087336896 -55.56690091187062 41.595928062201864 8.819520373413354 -70.74534317571397 42.046096377188775 -73.66680704618709 34.32427079020039 
-67.06215221166418 72.40468782459669 0.8268266998446023 48.54578267564008 59.27394975191177 87.34863118889007 32.122712809109316 -28.16815653076425 77.5533444848812 -44.286074544147525 -29.847198159850947 80.69278471405835 23.56346633962761 -52.082663352181726 47.31277160941855 
11.584228036281303 -63.07996755562675 33.21340537661817 -0.5003915279091018 43.81663202130213 -83.5920413892376 -36.09169543339139 -40.638710129529464 98.89021337521166 85.78985690483347 -12.685826738138644 -96.35827235548075 -79.25091792347175 -16.13328036385697 84.00081161716281 
18.172025317187718 64.93438106779544 39.19795184854058 59.81176579523836 -0.7173587716824414 21.716374198840555 -77.60951339173087 36.40368972964413 94.99797989070902 18.13854225633446 10.274203070603676 68.6487052739925 79.51720236391614 88.73256947993812 -77.8043452191885 
64.6188451593842 -51.02472598089023 17.474200435241343 -56.389758462526714 23.98005812239397 -0.29089781002970483 93.39508663037913 -61.04918420507141 -75.3369343383996 -37.67870442133325 -56.81249336636729 -7.129160566289002 18.13560921899517 -98.74845108170844 81.57136145517109 
-74.53770724097429 -74.54170830708316 -32.89339440517638 20.086944341433124 -39.743908064814825 75.95849148577292 91.93714335446762 -56.60051919013742 77.61220862318098 84.0477055926709 -95.85167659944156 -59.58554066030808 16.53859969053424 -8.753074775772632 58.019214649127946 
30.28848092020914 37.23046467662289 -75.74339034114399 -61.697210293596186 71.928698603779 -41.01090023869518 76.58095471226682 6.121735617108513 86.71591418511139 -61.803915086335095 85.55573307258544 -55.31123702132466 17.92285814300388 98.93547620211999 -2.2383583488029473 
37.40725163882098 35.0275270325009 -20.25328185603155 91.6438033056107 -59.10330312047245 44.14098154974343 20.05801634250561 71.93843642166831 36.95820104854576 28.506630659709913 50.73365013545211 -88.82841817007534 91.94293677425088 42.7304251653149 38.19450042147511 
87.64455705785716 35.68124049241547 56.69279902410216 69.19354345219733 -69.4592826057175 -31.114827807426067 -51.99845144992319 14.778279618640028 2.537665659504512 17.853015167124695 87.4947410267709 51.465383408836175 71.89639929040433 45.56964909257994 -34.87750714291042 
95.00771436921272 -70.64720916052272 -17.817650460935354 15.817947272460884 41.41898725631944 9.357176699691891 -48.56294029117896 85.18148963679707 50.941068712345015 59.64320306009995 27.330406014074967 -57.472675558864 69.2752637827285 23.215144308069725 -49.62499011104018 
37.67472190626478 -18.375697396678063 2.474257286739089 71.79266788788681 67.20248472675587 0.7300583902018758 77.33744717517541 37.213664891823214 -7.5717085148282735 -17.071157468195565 -21.494340388130666 -58.24931473713369 -10.009540259158186 -62.766914220428994 27.649798611777726 
-39.61344113737712 34.64051584785875 -69.1319514195975 48.39409861024822 36.83623996124609 43.92282467093935 -38.39349039256501 16.423121795288978 -52.627436510006184 20.22846224136603 -55.281285864626106 97.16486880027765 68.39307426693892 -33.778440465132206 83.67766203013613 
-45.53087936877213 -29.09581355555018 -88.88017769703345 43.464527978818666 -0.2489879923971614 47.991047356104104 -81.10255235053118 -75.81865035717556 -70.84106921589341 22.872271822141016 -49.67824477827696 -5.309145554263054 72.1652627050392 55.64612450625904 94.36056926430246 
-12.88273500492538 63.22967857528175 -39.944189660856 -70.037582901831 57.479325530842175 -33.7525494111277 43.95102463972225 -14.138704981548543 -74.70337681530823 97.15482018481737 0.6089810481163909 98.38161623063857 -65.86875707939201 -84.6629696023236 -38.32939875681669 
-57.141021310826325 7.450101766641069 -30.707102674522275 -28.339953244361865 -43.571666813483766 -61.78876908664397 59.19161791795423 87.9443335952765 96.71320834244847 -57.608692827957285 12.721869002479849 -51.69794567026176 59.49167030409066 -77.99486321836046 61.48940459584344 
13.196214188526014 97.12907702967277 -44.948714870566796 57.50509901497588 63.23061299769034 52.57414184283701 81.19746932375719 -91.59956698314006 11.642457982274834 45.58392586946124 -49.76972570530944 43.63570967558522 -33.91974689556368 -97.19124523086988 -94.4125047001393 
-87.20685494713187 -66.13251433365986 -72.96555609346373 5.292299090562352 44.3857624757174 -57.996801764780884 -8.546144383300941 29.320735465881512 -65.88176868534674 -84.31299977567603 68.24721113114688 -70.96778339434402 -40.99230505106972 66.74824340703802 66.53931237176602 
-91.4718649528385 -12.140414941966512 -65.67524529344517 -48.090409673172175 80.33916993352298 37.923423238910146 -58.540812836242864 -45.04647907076718 -94.68887923533018 -72.89110368681352 -6.236317771841968 20.021320972699257 -25.57595217116571 84.05834485754173 -39.31741439069676 
-31.527180082356153 14.376620639067909 64.34515504726164 -57.81335384131332 20.658214861734265 -52.630395754531214 22.196559790849463 95.02755309778203 -24.535151567651184 41.96565357829374 65.72049664925254 -92.93113154182875 95.04147618553495 78.04310058794951 18.589510227413555 
-56.28819561226026 50.00787331270641 89.12061686827107 35.988507030471965 -39.767924416921076 64.07646917951513 -13.790344404048966 14.161850567109369 92.51094909316646 5.46159712482401 -64.88907931096269 -15.512973265612388 -41.54674934252478 94.32263195137705 -6.436840434967706 
-25.250391829229216 8.463378750823608 19.757854533334026 59.366665154483 34.66279499069074 64.71096595341982 -60.5945217946932 7.034426808978367 78.12879479194152 26.277813500619246 -52.908297670648885 -61.249227780001014 -56.94027023612116 28.608766636824356 -46.85636519963641 
-50.9250889542382 -12.83486958993511 10.508599713742143 -2.7722024786789774 94.17120399485609 -26.862635179869486 82.5536663626192 -31.830970728415892 -7.325581366316911 28.15891289734165 -64.47946204813354 -24.210750643711634 52.80127432077643 32.26588217248286 39.4264219120343 
73.15635143312954 43.87480024082197 -25.78225852366458 -51.11068956598401 24.000305309416177 -95.08835007860274 24.361706259087285 31.621179496563855 -5.203094444528048 80.03620122264167 33.348067925934686 43.39401884429955 -66.0144666806894 6.428364035648215 -94.3422804819551 
93.61415670807278 29.915648300530194 -81.48472971434033 -90.25403904504232 21.159214253911387 68.72615227281372 -44.04297051127819 -85.84151755559984 -30.868789305580037 -23.887908132452324 -92.67947563864831 4.741368562201487 94.21819694508673 -75.02986532138655 61.139327927739856 
-29.29295012294537 51.58553730627159 97.7896442764033 56.920153356438675 24.760073432164816 -79.64178750772632 42.84180501788603 -34.18953707297028 -23.864384286456698 -26.91294550566677 -96.32606602512168 28.348881872940325 34.40036478053574 -51.689392638760445 68.44304906475728 
9.197689232242467 -37.67393117307576 6.031626324925796 5.5607509129846875 92.4782654767699 -5.283296350920182 45.344386588872965 -99.31358635148868 8.638903092096427 16.457241286675156 -38.47616226846024 73.66687397173521 -84.24259342722829 14.858106980982797 97.2243274983854 
-24.258220077199425 66.89548579057143 83.65832068038435 53.12335123554311 -80.46881610736934 12.386364686530499 73.54498152365218 -60.47058287336397 9.889605229146966 77.13004168260818 98.27261624445822 -78.19571598754062 40.300223504366016 12.43490540572752 11.658930628402814 
97.64359746164007 43.74230321689291 -30.842826652985323 22.1650211417749 -68.87538500917279 79.93930618575476 95.479427918943 -23.269701024639588 75.8968709550984 -82.71615642208872 -16.60336604205142 88.74136624782892 11.592390633692176 12.754344582847168 59.30795331613095 
-50.888426111334304 -77.02798165761553 -54.5851820773358 11.38927338564612 99.06343938593196 -9.715020925121067 -34.025408130244045 -20.166291795860914 26.419928487286157 20.59172604143926 76.90797312410754 -61.4217559517509 -7.277449077677048 58.96456710122615 87.36305797031437 
-50.48466823312603 -53.60894603499566 71.24695254516723 42.282291007988135 -65.52450259099831 2.0467017721990146 91.91826926360929 78.04789633979749 7.967044457826063 -94.45613049036801 52.51563790418035 44.96948626856053 -66.69500039074296 66.75890364374351 -99.96071833728072 
-15.40652303683234 31.25374814214814 46.30989258857113 -56.97975009440379 -53.04405811644843 -12.679142141591981 -21.518641281715787 -59.74755695756888 -18.12759360856589 -11.310709383714041 17.105396468143113 54.04481910975247 -12.082734597017165 51.51547323384773 -81.26434198165933 
-1.8617775023389953 -42.37713668896832 11.957600461690447 -99.3276127719908 54.622540769518594 -83.2981875835284 -29.15811934687798 -59.74290210389515 60.14245023851538 -24.56004232693067 53.139252376806695 24.82392940632539 -93.2927386261532 73.92459798091741 -72.82819388734174 
-2.468877386307227 22.619694388343078 -6.943987674280109 68.06139798175218 -70.18475897665297 -89.31925536609337 -61.66504695734889 -44.59504866688127 57.04536819155496 -23.227141911375455 -94.23375594746133 -84.51234033665997 32.92292684610106 43.521110054174244 -6.593826531756378 
72.62834713783252 -44.156863623641705 -0.32430786669790734 -29.15427127667229 -4.238749921071474 -78.78818231434359 58.91986512001978 67.1456903735239 -14.33397593021391 -39.00625084762943 -77.67848628893597 -72.36282667693443 -63.499541313540945 -94.36513751563893 90.33960346868818 
-3.4269665505718194 -38.83299443968693 -71.69060395844262 -29.83853354832479 -95.13702168652772 -96.10496400961065 -17.992564204047227 -92.3765723143549 -88.05762041231115 5.803891263398114 -91.97043148167808 -36.0459073257706 56.72810164033166 -17.892565417767713 -99.23562105579336 
-18.94823228334694 -4.7209928189996475 -49.93689512891015 -78.7073894675811 -28.65574834240246 32.528036402494934 -88.44329005286072 -79.8043022812681 2.7772767356958497 -43.47273731580936 -54.856198014953335 85.78533086588436 -38.58482189026407 18.822067868205835 19.525957763142117 
-81.62017801047081 91.51394041045728 -88.80133656996864 -72.18828167790814 9.60657837530465 -72.64354801752187 2.1324102139219576 26.398027304407435 -85.00570867052686 13.445550357918634 7.68729355551514 48.62187141424991 92.5185062947319 -59.25735499827758 89.85685680608074 
20.11348754715445 99.35190513792136 3.1097591272021674 85.31181527772904 58.32842560133804 -36.4820997296633 34.16218355250288 -8.232882293144385 -44.9141065107749 33.64701533807161 -29.15791168685557 -4.2190899188124575 -11.8866335245351 40.84556276866533 -7.675182162963651 
-64.85232960874976 -24.327455307320676 -37.23623495326358 -30.206680751039556 36.320871593430326 14.294168259826762 12.73644094198805 54.996095810246715 -44.873509009054935 -37.61512529658167 51.48591270758189 -32.3636851012329 -74.62107329319912 23.19009501314862 69.94082215621458 
-27.051564353090598 -68.29348952623953 -76.55739332115374 -92.20093215405534 -7.154170742260817 -47.635993576183466 21.77935888456517 12.922277746676713 -33.90897650389671 3.1533894658414283 -27.091206816704954 30.333496281918002 21.32426272752268 -94.56071324379576 -82.65206186985455 
-15.300383508111466 -69.68939791767541 -48.48906550257161 -14.426886383878056 95.53559127105902 -6.940577981668071 -3.203495096168993 -2.6984341172690733 46.71239199289846 65.21976251076086 -63.55263678391272 -20.11085055388739 -56.25808786731285 59.22921034455874 6.001437290100924 
9.75521257761099 -86.20571118968385 -17.47020471477765 -84.87728373709314 -46.853863831030004 -61.00528921399373 98.65189286684696 -42.63592101302922 78.79538191727619 -18.174310545291902 83.90734831283143 -20.320984258345163 57.53438281887429 55.0846678015879 -12.231602492868092 
-80.28320239473668 77.09513809422248 67.57223168527238 -35.746066009835914 -66.43836065071358 13.82140382017154 39.78252296532793 85.98946131152613 -65.81469893511469 -8.721004557895355 -96.15265485807372 38.792956689216965 58.58523615834443 -62.35675851446676 -57.66444770411843 
-47.080158427557684 -69.1283965192186 8.870892772578088 -0.19056223569293707 27.657099950660793 5.482567678578022 80.3924462123853 -62.08254566726525 14.061147184884206 -73.74154169736505 -15.529060128512555 84.98049942125502 -58.39327858286432 -95.69276646094038 -11.18995806075651 
-77.96519038049303 71.63064981588465 -37.302044161490635 97.3419633142588 -79.01050756345555 -52.82919049588772 62.99765967244625 -39.50014355998399 67.91140166126252 -54.51921856709359 3.0951487803054505 31.242865106350877 -38.59913703147269 -10.064272199688446 -94.54870228177022 
-57.214334819733395 -79.9792061316374 -17.95812343471914 5.616962133535438 32.85899892047274 55.09757450172171 89.92722038593121 -38.63195125365646 60.85328873759548 -38.6546842202566 -33.73681871760526 -75.46164092648067 72.06708651535803 -79.35052390887833 81.75170064222206 
26.770284630598255 92.64002366152391 76.48124663459095 6.598249616416211 56.89527934135029 -28.382876402825175 -61.18362635709455 49.72286040143368 -1.8672856742528268 14.407396974702408 -88.29002784310907 51.46270140124369 -77.84306006888315 -1.080571840907524 -34.38980978755153 
70.31646052090838 16.395364575831366 53.412518456356395 35.59880360350812 -89.1791689869092 -23.25532952744412 41.29216298522084 65.98138432392554 -11.9014682546605 -14.837138569040349 -14.024917850773974 53.113626935925055 -50.03856060748038 15.308164412812971 -21.556799651162777 
49.14865324406705 36.359232663631786 -57.94377304931777 -44.823192542819434 -32.26530166221167 32.174521248786846 44.6507251028074 -67.41633936447636 18.691085109312056 -51.57992403005893 -90.45790846859857 -89.05983213810227 10.468719931984324 25.342657224574623 93.00298603171206 
5.924747241726067 -99.54889177941293 66.85853419066603 38.166416198116394 -6.036354522272632 -44.623831338250255 -10.221172159945581 -57.480178657895074 88.53854750942241 31.916493459737808 98.27771406839949 -81.68959461775017 -47.429359444905074 -10.852056855895583 -74.06506560549566 
12.260164404622103 -90.57992586342087 83.83545603957106 -56.378124313442314 2.883394628471166 60.389076392598696 69.07340705539059 6.368615344080865 84.252956357844 53.59587807906138 -28.898244341027237 44.395255510233056 -26.315526625560423 -82.9390594852271 -99.08920735249663 
31.127312474506482 -30.00907423587202 -2.836501931777775 92.3810053524721 53.49571809685608 -25.67567405166109 80.5303295235787 -43.584201953818756 -23.91273298438186 43.743849863680424 -59.613068000594495 47.310725502269946 -70.78019088932994 -54.40505229243446 48.14999203611748 
65.59664002767022 -79.38891090733189 68.53870962651777 31.88891838987425 33.56680507926393 -43.06252863707867 -25.72213109073516 -89.14102392793164 47.25045842561636 16.342424009641192 10.953020267801918 16.110474767998383 -58.74751428528053 -74.15916288283543 -32.11544864569737 
-48.72948201141032 90.90000123525067 -10.3303447132824 91.25248109212691 -55.19097708440774 -89.64989156607814 -77.37045347746776 -85.37138649511655 -31.721261059478095 -37.460725496402006 -65.74959607009487 27.702904664000144 -20.065079688876125 -54.98070390209089 32.058033270754976 
49.258787665965144 -28.64000253741024 -80.68208539060171 -22.917752189133168 -36.709624533898634 16.806682538705914 -85.6789055728381 51.32610279470367 95.68442525866968 4.537331165490329 -21.399279926949987 5.262197321103741 -79.82968470587852 69.4492246706223 -22.26295760627039 
-3.7244168727632854 70.59153359416044 -89.49741318383779 3.940971737804702 -5.949456735311287 69.39282607450988 55.739284718793556 -62.1105012360311 -6.415347939229889 -40.321815137496884 -92.74545180187654 36.25121068659996 -20.15066179710456 39.64766070975671 90.42905899846653 
-0.7714904871957202 -21.610649663160686 84.59468947014349 -61.401631205112395 -50.20377042330486 24.615850453822844 -11.091563497003264 -42.19676241523154 89.02232051455718 -63.7920661384324 86.76262099431901 30.97693648654058 72.083566746336 -28.09324579144419 -40.830040454915675 
33.96712961624257 59.69012307812312 10.292427183472384 67.31496096890314 99.67954438041974 -37.54913016153498 -1.3948826475490392 64.34965413545694 -82.59319530718673 50.66813219222951 -92.12451282671161 8.409572198050114 65.22311348437162 -3.111612435063577 -52.028206638908635 
-34.19176575759364 77.56745601508283 22.894763377915538 -62.28295106233672 71.31068239932853 70.73705192009697 82.40410690555427 6.341498588615593 32.50171460377487 81.35180448387123 59.33647336712781 -30.45759698840571 97.11673795257113 36.19243910433326 97.77021441054143 
10.10777316831502 75.81012738507724 -29.57968301892076 -98.22437740201127 -18.30612360634511 -30.903143332189103 36.62150093881391 -62.685674347347465 10.791905155893815 -77.0937734553202 51.59024466682456 89.11186756636394 -91.94626678262937 65.37748954854487 -90.93533846731174 
-96.46450123279995 -14.265199493274622 97.87887664915931 -68.21615663051537 -39.726419088563894 -3.350911059278232 48.619806017055 -68.17558353299759 -75.52209025360719 33.53229468835636 -15.827147878057417 -44.51028405558171 32.44641973524486 58.50751026898865 -38.33447788725779 
-22.587517554917483 78.07314826322721 -67.28795191000711 8.586968832644402 -32.84970504847506 -93.90630647762097 -40.01409588256208 -3.739891137688673 -77.17822653386065 -6.957189764372785 -70.5981903463772 -73.8429761634437 -1.6149685695605314 -60.186099813902636 47.102707811025 
-94.99079770864336 -25.619836508659816 21.272967506925582 80.2922586738307 8.973829150144368 -7.040365671858439 44.7267235512233 -82.25501637700701 -58.8652360709298 -58.004279336772456 22.43133499874672 11.910211616983602 12.46386213809349 -37.042698894436214 -51.148818986421894 
-8.999765961589006 23.74988838273208 13.484357298515988 15.379935734864134 -64.39053936922235 76.20098798283746 -23.682551658713507 -71.43828275703433 76.63750000895092 -47.58478685624426 -30.605678700304978 87.67693022192913 -5.181695773084243 8.998820957806018 48.15330081883599 
-77.17935830599424 -87.59369309708458 73.10601279680287 95.698211662673 9.246642236318834 60.42190612692741 -27.231509111709286 -33.29756110064169 21.22838961433746 46.81898708562119 -88.81924763727471 53.455438955958556 -67.24437910274786 51.90367017274178 7.9033413450910786 
51.345319016785766 65.1003594456362 -63.65166857938933 -38.180823889115054 -32.24657859088546 -13.390767790545127 11.432965029549806 27.204283215009184 19.071795631563788 90.39421676627984 -67.54441474344705 59.10542981538961 -87.762440716608 -91.55200408061273 -70.80162467305394 
-73.56137952394013 6.4807729045949 19.769551883452905 -64.27834779838386 98.4829348923873 -63.58402020106277 86.09817272566173 40.99412233170611 -99.71801935105977 48.01321663490336 46.76101385159512 37.22968419786463 -57.212163087891014 -27.839555693651306 36.859268162896655 
96.4767952187928 99.84323851532025 45.31562445094502 83.41505211038535 3.670599324042726 32.00998038974549 60.52246133111322 -86.12565082510089 -39.314738625987886 47.00146741748287 71.60822472751929 -86.90432502611034 -20.026196189289976 56.14305705342579 -4.6384927574872705 
46.55109588758853 -99.31602812152023 45.9336142947823 29.437017663473227 7.4889579300375715 -83.23482116021273 -1.0858605969619646 14.771766556693677 15.91233897075061 80.60574599630178 -86.48751738147375 28.637536215264333 90.30738748856072 -15.554171017513113 -62.10496606705884 
31.024004476886716 43.481098290123356 18.35678615675134 32.655454857823315 7.722715258963035 -10.242768343079007 2.1647272134296003 8.08561052943007 26.49001194211911 31.260688620407876 52.89503464391504 97.23699285979103 -77.77411017493611 -22.26451485199425 26.19694327971625 
-74.40405336556123 13.665432191846463 -58.29003118967562 78.30165086381834 83.5114136453252 20.733269172489614 -73.24355417180419 -4.259431372433681 -89.10486037613816 52.16481127988061 -89.7735124196771 -47.123595518836204 30.7715811049149 -76.75515763302492 78.71350622699072 
61.20835327830426 -34.02760699651127 -23.63727202689813 -63.25817589305829 -50.52416062847058 -23.92823197234 -68.56212311543726 79.57224638744322 -89.61726909243626 -72.094150132168 21.448250602099804 9.51096132261793 99.17867420136523 2.895638142404806 -40.373008773785976 
99.87784762925435 -40.58543145567632 -3.580386215607035 -9.767348710634607 -35.18319679327165 72.7573503628904 86.11408741800278 53.885828750152456 70.3475419779027 -90.60940573594813 78.95395118341389 47.88344138579046 37.79339029892489 79.64715148967343 -54.64408379186829 
60.41588635099524 -95.70882087517394 29.338615958683448 -16.89747290166548 -45.82713970596679 84.66268104312468 -0.2576313108052233 -17.306347821516965 63.26907926730803 38.296179118799444 -99.12894231436972 53.57977008737623 93.12668241679103 -90.28843760431968 87.06538273713409 
-54.616685387172325 -25.875575583540993 -23.679822240052957 -92.5863027613377 -56.29072609775974 -88.92897312314463 88.85255522795546 -84.13024512949596 -6.4484753414526494 99.25124531726905 52.792064211205314 27.362704176728144 -20.63078449729565 14.129800890731744 74.93988731269673 
20.497848884619557 45.13928780960319 -51.301223325961786 34.917281145325376 33.87670612704392 32.31825214839296 20.360151670904187 58.31918299370892 58.73183849936396 88.71396359359528 -21.231978735968354 -15.983963266520988 4.039327899299465 -97.22874323062238 -85.74103627656974 
-75.6740833787243 -10.169621440565308 48.868837301101735 12.161602226493514 52.57850412420038 53.8375745197533 13.105377238318042 88.77996891137366 -13.609679581993746 -76.53112761281136 -77.86859979276798 81.75644249460069 -35.90572120463409 51.18615928528996 -71.11457125026641 
72.77415666706648 -35.30006260355091 84.23912383010344 15.675273536938207 -94.83091910739027 51.98599751553397 -91.91095566969084 -88.25752064506804 16.00010819248581 -30.19572826426149 17.711736835817746 46.92240162927121 -39.0858090214085 18.03726786849016 -52.85195951735568 
38.13454832760226 87.05206074893303 -91.35792622450059 -49.43904120959961 54.38559367170831 60.09134151442376 -9.418063302862095 49.148839183639154 43.90407891236606 -86.81642668265701 -84.79785857511722 -21.948139346658138 -71.0742050944183 -4.270361468656489 84.28722127020404 
-37.902679702508024 -31.369533026962586 -72.89874624405968 -21.626431706875522 85.16595249170402 -27.208737178515378 28.973190860018804 -81.493979952319 77.46097704191934 -76.65148943133353 3.8811214917341914 -66.10658005496224 -28.459680894123736 -18.37045696294497 0.5614608196786435 
87.07517377036814 14.186605277533332 71.88146416348599 20.634955175033554 70.94025975302111 23.52632571473437 96.80783293793075 -44.20060143212454 -85.46509601666426 -22.941562107073793 -84.87812471694993 63.15260219690623 -92.00999314344189 -56.974873968100525 77.52471314484123 
36.800502156673105 -67.07444866220868 28.86374401977102 19.065634408118342 -97.4150236332122 -82.08776918395586 -55.03991969400028 35.53253370977302 79.0853061608911 -4.636074689999276 -31.58599767522506 -77.99608867174626 49.6448815374433 -30.965773858424257 6.289077973671553 
96.42514505009916 13.224412588347562 90.53815837039681 -2.7754846634972665 -57.98889147540418 -72.62951485404656 -48.938067853061625 75.1438742581083 81.49762394756806 -68.48513717413329 85.15528118109992 -11.335569391996842 28.386606008949258 79.67451700963247 99.9549512865513 
20.722803289279312 49.33728501762985 48.0506811994137 -94.45729783993106 -92.58075516067372 -8.385665897402347 -95.10639060641857 -53.33111480328092 51.86512711847092 -91.3577799867387 -11.362132182397474 45.4744301732938 40.38386617061934 68.28493643116974 69.41175525124117 
-29.15963203666732 39.42412936268386 0.5034225396245375 55.19583654022202 -86.97002019644069 84.11424322141713 -32.17986709593413 84.70726430658405 52.64327231238866 92.24922499927118 -86.40461234831187 80.97294740677518 76.78773509728703 -24.899819796175365 79.09676972175865 
47.995165329823976 -19.597739951995493 -62.959154470032466 72.44390252345104 41.77369464247653 67.49981722992015 -54.969343795243745 18.560686961623247 57.958649816765785 -78.30279170267829 -72.33071396440005 30.75269278033082 -39.76012740955346 -73.95809212246354 -15.752873174434768 
-5.347485315400235 96.34786741525602 -36.56088237611031 -4.082454299590154 -66.64969834313797 -50.3754595587802 11.083350510426854 48.76734137976274 27.7312887289236 66.21060326914787 -22.80285150840227 -0.2524665689583401 90.90105168092578 -82.13302980398498 6.768071088313789 
-67.45911034840199 38.69691329375863 -88.42423430388051 -49.83176287946225 88.72614567538102 6.841809658645786 -92.92101674757028 -62.61344620516183 46.917852532249015 -14.596696813505488 -47.616959039534336 65.69361851479061 86.77213856892274 11.344139449182492 47.38900525453181 
-74.00519995079193 -12.395751684135362 -84.37458210367095 -97.11166797621453 36.49038539952579 95.60069479373593 58.2583220343987 59.93829321757801 -99.06372321394288 86.98270593988047 -35.1761611740195 -22.01436106211885 68.24264473010376 75.40877779757224 -19.496557611798465 
58.436192801221324 -38.37613976573788 -97.58534645518647 -91.54501226176785 -50.36608400717086 37.237485648740176 38.34797997307135 -52.541106940399104 -22.644020092724134 -47.33846226970753 -3.4194198072430737 -70.05305962998354 72.40819277184536 -26.75326592493954 -38.902288641531825 
-82.31907150517239 90.29655855929417 -76.24876162247647 -58.83504822922585 67.32138184374475 -57.90991808167569 89.71978571138769 -61.84093465597347 32.35125526046613 65.91173842804668 -97.36783017902195 -85.26253046284702 -61.585408841765485 42.83685324319674 71.19809176111048 
-46.70806244454047 -29.764013878046057 42.691510012660046 63.8734848324446 49.92432321818188 -32.300142572486436 41.267533997784085 84.81356565963708 -40.571674791077484 69.61019928718645 42.65518605519594 38.51069398739875 -96.63863324413991 -11.261378132728666 90.0433075376153 
92.99885942015732 -57.586055386955515 -61.820862308509916 25.576018326504425 98.3817137338416 -68.95858286352802 57.156749579383046 -36.69458981559946 -37.5804607080199 -99.93697043094167 18.404698843989337 -0.4724413529238376 80.31169736066462 -51.84135902373881 -17.73339434613071 
19.761538140055308 -50.635903816921356 33.542968846714956 -69.59465027533633 79.39633426649078 -66.42396699879859 -56.90123724413054 -32.70342068047458 85.281346188985 -43.79718157236356 36.00318518503096 -75.91185357409715 6.886301745985662 -55.01466072057093 -47.61311247727782 
69.06380118563894 -44.04136757354096 -20.466556583424193 66.17498997062052 -65.3922424968393 -95.37553827417122 -49.501199199932856 74.64158369122976 -9.773657073863802 76.57982362731528 -22.099467269340067 -38.882743287802725 38.30510963085868 -16.464971233669345 -87.18561454955538 
31.61472922967525 40.02869577534952 76.8698815750725 -88.82259395424941 -1.997287803272286 -78.94281470712292 85.44261986146725 -18.23266267620373 46.352939720842755 57.30404879136003 -44.66772696298804 -46.09514047219492 -93.79390934988912 19.958013176110924 70.20468044104155 
56.239794702805966 -51.07621487084815 76.27465998393401 -53.55152767644522 -49.14813759754182 -10.263050980447971 72.94673395899264 1.0723279868937396 -32.279356913032785 60.89556937598647 12.016288564930406 1.581448733150495 -86.60068954263855 99.34289751573598 -35.66454037716818 
-14.723836524944574 94.77730211452842 -69.56739958580101 19.919578612992012 0.6522064284608433 -44.54090965156061 -29.652234644274913 29.08439564657465 -40.83658051885723 -93.9842668732406 92.76667402180976 54.0697531682105 6.386197506922613 -7.913698465333738 63.88551582122952 
-92.36405665003709 -57.82864324942531 -62.079110619594566 47.23388697104966 66.2173151278501 67.07406052672005 67.77363335571843 -13.996008553347721 23.651642532535405 57.87002225811037 -40.636609409971804 65.1922392742037 83.17442553186706 84.26192952220885 37.365782165364465 
-25.892671011081745 59.172511466184886 14.412522283180863 -56.7796022758817 -44.40645071443872 70.79428242491969 -83.32220031146645 -71.26188889881917 18.80077779292108 10.61704816280971 50.32850673571295 2.249059379615389 -99.08306142525625 -61.59036480495273 82.81727023914709 
-25.528268819158612 10.722995233925175 74.11523158908747 -44.90601971545443 -60.96685351143742 -28.76193838990619 24.405811220567927 -72.95230032688669 -0.08329542253167688 -38.74795954285262 38.0857958355482 -66.89293346146869 3.470895704570353 37.647137574975545 69.44594973465115 
4.791375925229175 -36.79427913958604 -6.580888000184785 -15.335849045528718 -65.3420599696962 -95.0482866228184 -44.3921190926519 -10.985019593049756 -86.82905764558313 -65.15573137108927 23.593390899804945 -78.94839437616226 71.83404417718504 48.59266192108967 -27.15565396044029 
-35.54310964019972 41.17495953752322 87.53733572728254 -57.35029063431825 49.76877252926897 10.331202723251565 -79.05565101863644 -93.98135126830034 -89.7565980935767 48.26560271253217 -70.0172457636865 94.1304618562838 55.70485748778361 -96.80870319824231 38.577241386708806 
-45.758858531113745 -51.65325358110571 11.428122980936735 -91.95057014809561 -56.970280261363904 -65.25864211028161 34.22069914321841 -26.42166918410767 98.6186317817002 -58.48599661585465 98.45814643276887 -26.347832590229856 42.842626470102886 -67.22685965174664 90.17308148204603 
-86.42062244484228 36.75067714270085 -8.666425745598929 -23.287263399379924 22.397417367629885 -26.771970604926906 -20.12413759236253 -20.18922512924391 -41.13156010787862 -25.034866813501438 97.7081500452741 -51.66904498170006 19.262140272713395 73.9137741466337 -76.57253699807079 
-15.86872952936767 51.6567612860822 -49.11652464869609 56.228265030812224 -15.359565487124144 30.101333175451686 0.31409491175185167 -31.357699641768264 18.651750518978446 56.563732608098604 67.07556395078976 12.59901540657333 59.32346772373063 10.551653020705459 6.804636234956817 
-50.17963429145536 33.313617601174286 71.85341423464072 -12.67530033469069 83.08705270806712 87.55754030703244 37.761704973491845 -38.793611161778884 46.52313156190229 97.0770390003197 -90.89339049137118 72.53471240197297 -78.30659420962358 -95.54796005334003 95.00130096673755 
27.870792790642838 73.33491167391094 17.174748358446124 33.535786474922446 22.859396152971655 72.85210921360644 72.7668722673792 -8.375199815325018 49.699436271033306 -97.90093462200748 76.07227771698425 -22.146981282047193 -33.91231386821478 -89.3789913630571 -9.590789428263719 
-71.16124607550918 -53.105859364821015 16.915895116399156 65.25947720680202 84.95872831566044 -72.8796379995755 -37.93471953940253 -54.100950062940335 70.64158065913492 -54.248562162295656 66.03221728570395 -32.892554596852605 2.0552847079501078 -6.3896301893989715 -71.34126217773944 
82.39948745192254 -44.81462941347441 63.697940253536615 57.47477732815659 35.98838161363781 -22.718377903535412 80.45002337809805 -3.4118563082301563 -57.450782249730125 -53.4730541535063 91.42395731464492 -3.2909055601944033 -85.78640801522769 -11.417113802493745 -13.948822210273732 
-55.160284099261546 35.82048244550077 45.068089693725966 -74.43359199561132 -18.535671855147655 38.313342475949895 -92.95935642409438 98.75557697176984 -95.82343080765128 -84.36532410801006 53.44898150194899 -86.53966895557575 -90.21261328171137 69.99922185705293 15.49068611572153 
95.24337539245732 -30.856933303977627 -88.28296028242035 -41.54751801056078 61.259474654650944 -28.81592375864308 -11.110710962326877 22.73543048802989 83.72923859601019 76.65493828000768 86.45368241411236 -70.53422650409897 -58.573542936802326 -53.160406120448144 68.12971224142831 
-12.613571933867277 56.373975425798506 -66.57381099916654 62.47170842563915 -49.912109603940365 -33.41653095483048 -43.64244995248907 92.68524605307448 73.15987418957405 -86.14029289222623 -15.599487201048063 73.1015296524406 -61.0866508071201 -40.57029252376161 -66.99787777792602 
73.92164973930218 -73.00366064315543 71.25587182090581 -92.95357238687627 -97.41730079106432 38.440367454588596 76.70058328099634 -0.9641271009000434 -58.54018398114509 -85.30281944425826 -4.030878191388737 49.930087362207445 -58.75433409552511 72.31273094820634 87.0604574752104 
-1.691968007356465 67.78219395343496 43.06655276084436 -22.767133034894556 -71.36666937082595 -19.3131012102278 38.45058915407546 97.46507833356114 53.972969802653324 -50.783788948309684 -59.28597905474804 -48.75325671851301 -52.9377087157695 18.871106665222783 -94.18239854543084 
-11.140374266171222 -62.85634052164559 29.775762241677228 -31.816064542176917 -1.0826241212850363 59.11067375779601 19.835946779824297 24.376797121634695 95.81689608900373 0.36637946866855486 -40.43652289443127 -28.70297520145087 -92.69975844572109 -61.72890783305027 -80.68953113690026 
-65.02968308140895 -39.465239985907786 82.53771008952981 75.52657917212767 62.523484742326644 -2.508944750004318 26.210215256046027 48.46017115319606 -75.99518310060398 -74.4882234146743 59.93969558061346 18.439020633307422 30.815088008290672 -89.05490653365477 91.14134654940341 
68.48552853281853 99.96883137705638 5.457813447270894 -78.75227579410966 83.05489089731876 51.75748320265856 -20.665688209454203 53.856244982343725 73.3573578495467 5.399792875794333 -25.939893722423264 76.141923598718 92.11628549820381 63.191816922146074 15.048365965498505 
33.55124362834229 -13.240003809799788 -19.427023274643233 -74.75579285815076 -0.1446246622073204 40.70929740799187 22.104554407968905 24.75481686578935 -38.832462807057276 -84.58704440722393 91.36206782744114 -17.97683098748439 51.92243217516176 -99.90491795609742 -97.56122215544185 
58.56879661761704 -79.79774198214315 0.39920238366721605 67.82773593349643 51.34734320496338 89.82331946043485 75.15320161152175 85.68553531199456 -79.0120288534664 93.25806054385433 6.538447034391311 -46.63392273714242 -62.50230259434386 -23.115888444909956 -45.363337794967684 
51.454448969300586 4.474222891575309 -53.24700497358552 26.34092565345145 20.422401420774833 48.21839093494509 1.0319249681823663 28.89560665916474 -9.956330086438044 93.88722369706701 -82.19574100715118 75.9019921024587 1.5696852351283894 -65.7430820927765 36.11976277351803 
-7.4564448120257225 -71.03877678008686 -87.31577472886998 63.446945390047745 -90.91107764991347 58.31819174889071 -96.61243211333996 24.22701899842056 26.368339974126485 28.34034537029055 -1.9422165461027987 -15.089438012560706 -47.873204993837405 -41.332865134648756 -52.15979075713027 
-60.46196262971846 -59.64881049566557 -34.4232335618927 -67.78942937800102 7.923670645036452 -73.25847518738347 -79.00946297839113 34.35341702483461 -95.86968483286493 -51.944406100745425 18.766841328776863 47.326550430908185 -27.920679735145185 -37.63667016605845 34.63836787639568 
88.05148172252632 -89.55626853756469 -44.937050482603816 89.438747407448 -21.190946277817986 -15.38871612832429 -69.61531039273395 -32.9515231337969 -34.19500182283515 -18.95161936386465 -34.75464762109617 99.17020854254929 -0.15326738126253758 6.689020467507078 30.02204886556126 
-25.392396126971732 -13.373593193789944 56.05095903706217 -61.1554941821626 66.77899169699356 53.37369459289397 46.11975460962029 41.38343542467487 -13.544004901156526 -57.57789049331248 -93.19515649227561 -72.18727000223558 85.32212737415921 34.25322034008957 61.8524444396123 
-77.71366521910726 21.213136953718376 -3.767457702815591 -50.16961711382457 4.126641380045697 -97.1427960827923 -99.6107853782644 -59.667843611172835 -21.780424292426275 59.56032892154033 78.56525462202231 -95.08952230121339 -29.882820705740286 -27.652665109537992 -35.16713841634598 
36.453858314109 -3.5850085512509224 80.0060222781255 27.88351263904842 -16.27375716748152 31.025509811731013 -74.80435291527634 42.54296771319156 -27.895637165623484 -75.57432375268289 41.34001241276951 -72.17877103331278 89.38491845438949 -64.06002146619127 86.35360998096351 
-23.822673677475265 -53.86889334165244 -36.90963690874949 -14.478246785667977 -22.138955653094456 19.92079121447003 -71.36610630609204 39.68397036748743 23.418981607704552 22.699878711410875 14.311174199356216 7.015080980488619 -55.50378438758059 -58.49998725524219 -7.322463904620349 
80.55582638867125 -76.46457721842508 -29.607695036633274 29.36291697155977 57.9470687771219 -52.55599884379873 15.644844206383723 -78.7020574599462 41.55451974147658 -52.188650862255436 15.021178387291002 39.95909643256053 -7.076704750591361 -19.090660485549265 23.432024972982845 
-41.33164998791696 -77.55405949915044 -59.78416977485907 73.22837073766249 87.26738235618234 12.70696894553187 70.40618125739888 -38.143259547243446 -47.34828963392319 -18.58926199158455 45.72257902772486 89.7713664736076 -29.246062573785153 -24.31002427108622 -33.58135957869723 
52.427265045073995 -19.18582127988637 51.869078456050346 82.81515006834806 -37.73253729076775 69.31002712830445 -87.03075000705196 91.91946604022061 34.121706373357995 -98.04651902750754 10.2595181084192 94.56152761214295 44.643924311274645 -28.847108757172066 -62.69359180461864 
97.04385904285476 61.93621599111938 3.3742585310413347 21.988187408870388 98.40924736881422 -93.30138067051561 -76.18178326907001 14.638331692554843 -95.48243841495712 -2.3459153588405286 -98.39698367340786 70.92723159033406 94.90582453137034 37.19419715279321 -19.72182374244997 
64.47715818709904 98.56744224076832 -52.56874875072866 56.91984664318571 6.2071749172487785 -67.3618911268861 -35.72169279604891 9.190273473632999 92.01467863553475 -97.223549088485 -7.279967735515086 36.89116190508361 -57.81002764822934 11.262851338078875 74.5600196048234 
19.283558600758482 -76.66707169247049 19.219025769128436 59.840890549840196 68.55329226161174 -50.845982629997735 -63.27452117519932 -56.614230747886566 -88.99866964606514 20.96937332836299 -15.56148414739205 -46.0611728312798 -40.25338962362519 93.01784170364905 -15.107530098364009 
57.07395304086066 -49.61740781353361 -90.16634774459237 76.10924513361002 23.095206890082864 -58.676038694346566 27.18586429743999 88.70950119938138 -7.568028133016341 -27.740521493836212 73.56710091301429 -94.97788510066023 87.44167890687825 -75.57315524161066 -88.44353717384065 
-48.606715763095345 -52.40730060717218 44.47836989152961 76.00389184367026 -96.34987045599408 75.09192441062135 -36.02648047096444 81.42671757869067 -32.5524887660151 31.97983422871019 -3.4152498019513615 -56.24299293515742 -34.2907754069915 -92.03515493245592 -54.68937932177831 
-94.99360287127658 -87.88271104304425 -78.04375472297917 79.90555577737103 -55.23163746113484 44.99499845726385 58.46351440031984 -91.79529730035536 -57.76906840456731 -15.545178802250149 -23.274535357617182 -83.35848505262913 22.1361845308369 -61.07813398350051 68.20657970245321 
-75.67160931491358 3.2733307345648797 62.64928173655383 -11.503292635688965 -34.791564445130135 7.797270450589465 1.8509824959007375 -37.76447033174064 4.525654472951942 -22.39522324090484 -47.891794636111754 37.47024242945821 49.040993925888046 0.4651490240536589 -7.449609913008359 
-84.16153445356949 66.15516282860841 -53.967129091085184 -87.72156237119387 -31.26797571685846 73.67448864072898 32.63288461919075 -47.50780438380511 -72.27729036102231 -88.99889284140727 -27.86362726430977 49.16950359891311 34.841455801520226 29.439249369781493 -87.40729007576343 
8.396499645040237 -82.88942404946262 59.16384116761424 -50.71181299176957 67.24546645223808 9.578820528530116 75.80132017994958 26.626571395769048 -11.075602019597582 -46.54967122498845 62.74028029260103 7.853615758526701 -48.11779662857067 93.72994971234056 -4.697554411150435 
19.842411034148853 1.5422550240781163 -49.73300381080441 -50.545516286732116 48.05844296540309 49.29699837890965 62.54895070207644 -44.35225322534399 21.01483188189907 -42.09620041535842 -86.83843168596049 -58.82018914227951 -8.033427835092084 -56.79199919751652 4.997900096043949 
-51.850443300194996 75.18062443686614 -32.73047472808115 97.77015507726253 83.37997715953847 19.176511130557074 -71.44420676279017 -28.614977833706007 84.45149224598583 -52.710217798517924 -15.383342653178516 80.45950563549579 95.44375458686335 79.35736950820876 -35.43225850908374 
-81.19890426652128 35.30495457109953 -24.20646724220181 -38.01266163192851 37.9623104583404 -14.010312343430485 99.73206696722082 59.63488367740234 78.53662951299444 50.69008578133008 -88.46682098738859 -40.65444632482953 -74.99027186656029 89.49607939992683 13.69800337384956 
-83.27597954234125 13.592891277972313 -91.24799941333225 -67.24821716875195 -2.870390367346957 62.86492101596514 31.629676988743654 -28.642136554461374 -24.48207877860507 -64.9483205656208 37.996098025836886 -18.728485565120437 -27.639753749290634 2.8384337082113547 88.5352409088747 
-0.6558095261416668 87.5032153549501 -2.016847851556321 -84.68943787619381 -55.30845920764731 72.0325858563694 -97.42883648936677 77.14286263830141 -91.52241986095746 22.544307872797376 -48.38909369443738 -82.96028147999348 -40.83458186800384 -94.94192574647388 -49.63703717966017 
7.090522934696878 38.838062445508484 36.39696279885209 67.52536987710278 97.53248560599451 64.65375786352035 54.15162202864016 58.63005419434475 29.385664603077487 29.870438256887752 -51.98316924367952 -48.25800376816078 10.881847626198123 -82.71847472495126 81.08844695688734 
-63.83168322570938 10.291877750949197 85.61613236778612 50.58902027623196 79.42793855439874 -32.85188707918505 68.29577490230565 -59.25377108702865 -46.03863491477351 65.11081044218417 96.47894325955878 -43.09618874113765 -68.51659226992615 30.605659186856883 50.20326504845934 
98.23976512690183 -83.78771542966356 -78.8318246960348 78.78961581562024 30.402028056421557 25.897135494584816 51.936419364568195 -10.00397120256254 -81.48077998141522 -83.48436287317509 16.898831524611694 -53.30975430702984 42.04880003266328 17.348091637480408 34.289143777044245 
8.224827910275849 -89.38110051434607 45.55701361781871 -25.52441783714228 84.76392701901082 -35.826682234863256 -73.82886166249203 -49.48399083929134 -34.47241248949173 41.05768060898518 17.137723749732217 19.65320973642362 56.31335847582264 -14.752315758871546 85.405386391761 
-18.08284137674451 -86.8990904009252 -96.68613478413764 -4.707736778989769 -13.348466367540766 -12.620628925078094 11.923501352765314 32.140895059386594 -56.28247242747655 -9.50731653855344 -82.52085035166326 -92.58678790494001 36.908498630026685 -65.01810299882918 66.48899099884875 
86.1093253676382 -68.86759118684489 86.56562878622148 33.88913826912591 -97.31223503917433 -24.79600373264985 84.4733180308198 -65.36010735522662 -65.60154805957714 66.1306572837322 61.83005250714436 61.926860336979416 96.24936801057288 28.653266149968005 62.92446868840568 
0.4457317688220712 -80.45950538604131 8.93380264922044 -4.8111700462794715 38.847597072169236 88.89480227663503 67.80383299720751 -94.44947939334047 -41.456677023008794 -77.28586230834773 35.67714013640676 -75.58359349395178 0.5349932104897732 59.70707906362034 -79.8319846057274 
-74.47821292972519 -94.31857477178033 -59.783289579724894 41.20735848899528 71.9224759699517 33.08686707485572 43.55358615221306 -95.18406847530973 58.5803178923766 -83.91660461403279 15.553204290350038 -36.557856598021644 -99.83302510044412 -43.08648737238092 46.08784763731461 
99.62183576331117 -5.886389899683067 72.47934545901023 -37.769309618045234 -63.81212292055876 -42.83060438319235 -17.23217831247146 1.044534899379883 85.62624637476966 -79.97205829680362 -48.70019786013267 -54.898191005177836 -42.52776443449762 -52.49862975185764 -47.065984296304244 
-90.50745636752654 -57.73345742747142 6.731106308370187 71.02948400227245 80.0252311927799 -61.164796772007634 92.84767825170036 -48.70553932056198 -44.488333319836215 77.37624215203763 91.65673719305255 68.90963223413061 95.1011479355349 72.72249420819352 47.168465720028394 
-77.4769921057539 -69.64717675803126 39.03736163246339 -94.87563567132638 -25.034553407876132 87.2971918017846 -84.60793483403901 -42.258578845035586 75.04471942698771 -82.85637544902764 -91.22821987130163 -90.89019816124157 16.53230325594855 24.26961531402479 -63.812979971391016 
-16.183499615201995 54.703745666013276 -75.62119635429308 -80.99348254738099 21.711671651894335 -36.595251687402516 14.554159215217595 34.87418086671781 -78.11873787469237 -0.6623013745970923 -89.54137575420697 80.04292153776984 36.38945530581893 -75.1652197029415 -72.48194114229867 
66.79276515874719 -32.0476848087705 -32.49053965631998 -11.307864919311996 54.631333788388616 -61.40716715008263 63.96564563312228 -90.36745383844837 61.007444049816456 -95.0124663812707 -68.12680838278162 -41.67057733140973 -13.821216248075885 31.47297344763294 35.368045853599796 
52.71410859856621 61.871902926375554 16.191641350393013 -95.36686214743642 -63.9104611631087 -28.259925653857223 11.695283479005795 34.93983545594958 -1.769662972640333 -2.897139594219979 16.11345917099385 78.43948045613104 -75.16351502812242 -55.547408445053726 -46.1142080871944 
-96.87004799035526 -66.6916977714863 41.79133019253453 -47.72646249700263 24.47171084674413 93.07004348001664 51.70306961140804 -27.476389506611525 -75.07383832926975 57.791429581426314 -78.19369022244085 47.463504845040745 -87.86183573681232 87.78775094498127 -62.10839470805362 
-8.889540873927288 40.71580144959367 72.03386078494515 -62.39338059751278 66.65905765341003 -53.16415057590464 53.63580630264153 -96.27988247912455 -48.074528791281715 31.117331944638607 -93.7735693153102 -40.39545499115249 87.4957108860323 7.389024932295499 -93.92428430138506 
66.12606104254596 -51.30482134905245 -96.82664902370183 98.1575708470823 20.59176593653514 45.83671350684318 38.23971080895768 31.21467349701632 -15.27796086985218 23.131673989290945 -68.58277123981773 -3.853037332470379 54.3395833307998 51.94110189353799 -43.97740681857041 
-0.7741199546129565 31.786044087491803 -97.79668589672063 95.48678363176242 -95.42310061657426 -3.3168048624268067 93.34914334208656 -90.99920628809599 94.01444600798308 -44.51095829510074 -93.2245893280656 -26.369297897632876 61.51338420782622 71.19180651017643 7.442740352595976 
-51.07260297534755 15.25499540162032 11.491225380992958 -18.31445761791369 29.572595712117845 95.657069899095 67.21091433137616 81.37963875174881 62.82766543630561 51.357702859871836 40.537075604594236 -3.216439047001799 26.695127835847842 90.2451068453284 -3.3434476228180188 
-12.963725581162251 -67.60775358478581 -76.63916034833531 -16.350419838252776 -63.39787644049646 99.28164738746449 -62.13396002642231 -42.66738972909534 -89.68642958231628 -56.651874401159866 5.336679912992693 -8.095927716400553 66.71261562311412 94.75869109989858 87.24403603965328 
87.42208238536588 81.5502843740909 -74.15615569211343 90.13254342712344 -14.171037135011659 -87.7006102614424 -68.86186547979082 13.145663562219468 -22.95497142345488 51.23532257413993 82.1341377410254 -41.47127288664514 -45.1223966488709 51.26613289744148 98.08146343988287 
-84.7668156615725 4.1814872810161035 42.40255152918476 21.20820009848697 50.78219038925883 -93.87681957331205 -31.619395539792293 -95.86103039922371 -88.39263963480906 54.46231354249235 37.81289737972793 5.723792617286307 -17.282560157239743 -0.27529427337593404 69.80653802308188 
-27.852007223315283 -24.755597163077198 -73.31134218950695 -31.77960811811458 -63.65684293632681 90.68365837198817 -47.89939030840149 24.670362468264102 78.33376583347896 -28.78338342437081 -71.29845282353884 -54.40031219454606 3.968440121183093 39.58156394538753 53.95156644896872 
48.45153079507844 16.41478701127761 44.53721850048191 96.40370789210283 14.272367210709504 -30.794660226088524 -61.143063853891654 20.09782009096864 -95.61401212570928 -45.98716028783536 -13.891835483861797 -28.360932997128828 -82.16762921945991 -82.99017214327515 23.950424687659506 
47.81692139791275 43.697813868252325 47.0962155774493 62.2508128144992 19.194871048230738 12.262790877499413 55.13993876941788 45.60186791320004 53.71372534327469 45.89626057872874 84.44711617088973 -52.04177768389191 -35.983341974656696 20.627770048481196 -86.8738468124079 
-96.92724893415607 -15.959420974924285 -55.346181796973326 -63.369491625521945 69.80124819614625 91.59884302129961 19.95180155254262 62.28720963110615 -68.62881522475546 41.17449132784171 -70.36065664129904 89.42177249731168 73.08133400881982 59.22714747741878 -87.9966129354194 
29.404250415065945 31.39660148376379 75.01750751453076 -93.71571447239056 31.879673391836008 96.5647371875873 11.79424461352454 -29.60664998212495 -15.655789303612238 -12.005706236610834 -7.911330246661748 -26.580672765488018 -13.063939321027277 15.091293542139113 36.59177427750399 
-74.95695722824638 86.80547723065757 -88.95719288294843 77.4269331092039 -3.889293162296113 -92.74901847126749 -39.37760119763529 -36.44360149992241 -35.94899591292311 91.90000443541965 86.40764835386753 69.00463860422553 87.00686399351454 32.23977621920295 -47.396251970821154 
95.1375804696199 39.420230037865736 68.66781016572253 -36.41865378775644 -1.8270511204963498 97.29675534508942 57.91039389481895 88.6567298615561 67.88460534376611 26.03807594801313 81.26577362398334 -95.24627214217722 78.62911357293564 -14.713895958310744 -63.83337871424135 
-83.33993245120365 -2.5443199581081615 66.11663256636416 -8.7851463852314 43.39882629148616 -64.74455490583419 -6.066263293346566 94.68251923571918 -49.893063125642676 -80.00193676115768 -39.241201743781254 83.95377360526925 -73.35271716059948 51.29371815678718 80.80001526766296 
21.35065953084272 -29.99521667364992 57.05938539823853 15.184588170026345 -99.21390920238605 24.999673830085527 18.262654116740322 19.36685991519795 54.98746426521396 3.814384626721562 36.95298265813065 -35.15105612805516 -61.37411712406888 -93.92183811977246 -83.2148547039094 
-0.7696189261474444 82.85080734370186 -15.432263708955645 7.801194411876722 55.865522132343074 -11.287599008832629 89.37304295770357 90.09987907411755 72.39798494636867 -18.385894817110398 -11.745872416969561 61.73090466850968 -26.890315936136048 -63.33803958066082 21.169432025395025 
58.45709848104704 36.558115831197426 -99.98082073226907 -20.399787444356747 61.903549334645135 -93.83150145470526 -23.677902311132044 -84.25092356234771 -18.12953533293691 -6.382491197063175 34.82693837498948 -89.9018996908233 70.39699628890165 60.19005234760721 70.40989335866777 
35.948301715692935 84.55690703010563 -82.99083852610865 23.838278441379046 5.516697262485508 -93.9656644888192 -66.54508988931693 31.055652417651913 -10.403705342468442 6.221285215461194 99.4643346282254 -30.690852543059705 11.873147059881319 -3.009521217937788 -56.52171819809821 
-25.684527923710007 -40.541763709132226 10.543245639925189 48.22401696567573 57.570787094484274 80.72239177038114 21.270676581440597 84.222250109322 40.8025658824088 -30.467949957121604 2.040722502922975 -21.726019776981786 -36.33623944552931 70.00315291969198 37.5700776362514 
-71.10344338084936 -41.12601085443024 26.41868437152948 17.83602110418974 17.49290088991151 -71.7743312041853 -99.13008913339105 69.58063221569418 -8.732250337922551 94.15855958561144 -82.73956010012076 31.631133141969144 -28.288524235926914 -71.87721804486046 93.06896285216092 
-26.313941357017853 1.4090395911292148 20.242535735964424 -85.57442670160222 14.079254151993808 81.56433100629846 99.16484275791376 -96.75354171298093 65.15641887220158 -44.39375241178931 46.05031218628855 -67.22843796235011 -86.54752806086967 28.436042899411575 4.544459728825956 
61.84650969905016 -92.6061960710744 -94.21143592507319 86.52455314572919 34.29956790364312 15.546934628130288 -57.97913710397526 -83.20391236803474 46.142717726326424 -52.58849695375207 -6.347069925014168 74.67402851196155 -75.21326091517817 70.00076686693868 -36.802610315551235 
-99.01146112352744 -21.522879257531955 79.11737799273124 -16.103404382056226 79.33356400764308 14.848533813801623 -8.333991696902075 -85.7984874665332 -49.31929517335452 -13.356931985691077 -44.13623655112278 -7.576936369286599 48.93570570695866 -94.82528851940243 1.1998362197520862 
-13.986841029148422 82.97465910268738 -94.1189549200059 73.81101579853214 46.78383212455162 -18.8418713719349 -7.643179292793008 60.721342100858124 64.51672290311379 -35.34807778276799 -64.47298401810586 -28.47171615136348 65.57920578151558 36.260180894100785 -42.29835747965931 
33.13824256404425 65.48729702341703 58.12604751380954 28.32030189390747 -36.42201687945739 -58.8310181549762 -86.68207632036957 -1.7693896508955476 93.37873061062359 -16.199583030734416 94.52007696316386 41.399087479765655 72.81233484702102 -14.256498174627467 -53.66279620592596 
67.2012424890589 22.455852224883472 36.52234534066773 -42.71924918555865 93.20688906954211 -31.772082761201332 76.04838852671406 18.684075691610104 16.230478534485385 -14.931813151475382 67.54969422612245 17.50085953990599 -54.90333081175751 -42.98649647897046 -8.437375545280702 
81.55799695777682 -76.26319235384366 0.9607502215270642 -95.14614726900929 33.92208046301775 -4.195175482655955 98.46888543214828 18.45977302759229 -19.270735762054898 -32.4343960051594 1.1221881316045028 88.78715910223815 -80.26479847523449 28.717714291943906 54.92750177700145 
-87.70666602865779 -86.05992605458515 -6.643287239383056 39.008135782117364 76.87402714330747 61.62782554910106 9.061721366571575 46.79906635862375 53.33410243724546 -42.733088838973465 87.7996446785886 -1.7594801736039187 10.602385454292417 -63.288626427428675 33.47958307783446 
16.832258263561755 15.595813996470227 -91.40380041174589 -63.022373367707644 6.951480959496536 -7.368517433897097 -85.3401209393154 -0.03450501138257778 -36.49521325531801 -8.95904983565488 -22.483817977759358 -66.82624462474146 86.58912927956652 -39.98928600396929 -11.229164717522792 
-26.595837948496154 69.32388388777704 -73.84428359586983 -71.4766353849937 9.890867226278061 -0.7013162186503763 -68.76704286375654 -4.571878193177795 -89.89984782082216 -18.323837729350203 36.992600572121034 -28.211731665391213 63.78321755373247 93.75253649618423 -48.66195428518374 
21.03777166848586 -1.0821515800119528 49.410307403122175 5.424943162063016 12.36757392472407 -34.767401791370986 -13.636675372501088 -75.03645755911236 57.8309474525247 24.596115807563763 -19.626514044480146 4.5441091667011335 -44.73420623640698 38.7881353055939 13.846342663924531 
2.4472054583392264 48.557194294524265 -31.322773482207424 -39.643301533267206 78.32915990564018 28.97181733188171 -26.645172551240776 82.38130559489721 -75.18027248629554 47.73804887560988 35.265320508162006 40.85295550799387 13.749318669347161 84.75731722597172 52.643951552520036 
-85.19803146664024 -78.4574890583452 59.799121325905105 -72.75759152048728 26.300111770564726 -34.28058653743811 91.93059537947624 -65.40841088134002 -87.0208885583446 76.77590845154432 94.8357529117809 -95.47564945739153 50.91174878560864 -72.67074294169451 -24.044645574732115 
-69.96894041624594 -68.20043121800671 -86.31614135118724 -32.790341529689584 -52.56004840699937 69.41357731137575 -91.25316425495387 42.72390570766305 4.861364162294947 77.25187780711644 84.09793890871546 4.576294538515114 -58.74082072220499 40.578222106824256 83.68499248475584 
34.344196035626084 -39.77270571354501 25.46481598453616 -82.959914329538 59.34970562695213 12.117682573262712 -64.24511713607073 15.748103619904441 55.155248780884506 18.435730104394096 -88.15101639356853 -27.3331740294295 52.05981124789375 37.13334596506209 47.14147113423189 
-40.00740936314489 -74.3128025535448 -47.28448803192893 72.40065994093536 -78.97345613252631 -69.4928224146937 91.92210200658911 -47.16389496613929 -23.86261032260623 24.71524541647996 25.67692629232525 30.49160100866115 86.39140903906087 47.29772037512598 49.644510970602084 
91.93810202824727 1.660367141741233 99.33740633531244 -24.67268212358431 -4.521598498516525 76.45665288526786 40.71875293505417 67.04978538218035 -45.15683125659593 -33.71910372393117 -51.76047083734818 -36.73987105351371 15.664736926088139 -9.754114652010927 -35.79910777918394 
4.936131699125951 -56.92025283406365 6.745574496458801 82.36409350641611 72.18215965330828 72.94868636757127 -9.532783805701953 37.254520381530455 -29.152183414192805 -75.69817048965561 -46.88183379552664 -11.407327027767593 12.370153188739664 93.78313886463127 -47.398462167639074 
-67.48008562443817 -9.950383745034316 7.489522331695582 -68.21789049526075 0.14419524493966662 57.85347895339646 -51.9948047605381 80.26506954118656 22.190415185962735 -83.47596688624661 -88.47172709165483 44.72275316149171 66.86616611328256 9.88223632873266 1.8308864140178684 
-78.15056156312627 93.54274096603035 77.8367850138132 46.13174765013932 -45.08118689363187 -9.501434510280632 45.74458672109719 -93.02578766182555 49.60057869782932 -94.05989127712336 92.37750147601031 -20.827330343398543 75.98486225203416 -20.957831641202645 21.93672593264988 
-41.175663570553446 -36.24977630177124 29.620650022636283 -17.707435901795947 40.11698102237639 14.49180155209875 -49.06118524497223 58.07427982144421 62.6145753355616 -41.962751572532774 91.92715886367642 -60.69681000582064 72.27115335717892 -14.243897569508462 -61.99855060873365 
25.822696335803343 82.04324327407164 -25.726479873791106 -11.660751249619807 60.76618191222349 8.580153551267756 -52.426211475892615 92.9415027138931 16.078239242424416 65.32199495011625 -95.61922285918827 -9.357625230777728 4.824275732848761 -34.96451146752794 -76.17915397607345 
27.206176734673335 59.199767206768 -13.47689070577654 -89.30571717433733 95.9587612728904 94.13326747325718 21.754684192049268 64.2303401954467 -65.3916117391154 -95.190367263341 82.40478065538483 0.7950172502863921 38.52010888835869 -68.02377554207982 16.196779637576512 
78.52705068119715 21.58888566318589 85.41545961404032 93.42776328895675 84.08423639658281 11.705831619046265 41.065262302998434 -87.44650410002632 -77.78744274145129 59.36933561848892 -26.005870516406276 34.40480808971478 -86.90870518937493 -8.431751874394848 -56.3207831953433 
78.47816004655715 -46.58011956142065 88.50431450315887 -21.14212721661086 -34.7321980821452 76.7551709132793 -79.90795970122588 16.8884625038838 -16.35452672148638 -84.62092571269521 56.21963267929607 42.42948804765078 -0.6454978026782214 12.837264770709965 0.2597055655235465 
88.8509115800255 -15.13104602733992 -45.39775265686843 -97.9170702334032 -98.25595520867896 -15.093655944370283 5.543467242389639 -51.11776731635776 -10.545131552848147 32.84950676693333 52.19038423486339 -68.61963328402554 94.67314347066812 33.050799228699645 85.13215724860572 
-25.2187887713049 -19.906459645441515 12.934483849466645 -30.50771990548924 -41.418841931664275 14.406865000062268 -24.799368729401408 -86.31862518068701 36.055490747389825 -45.877671426493684 28.224471273102523 -33.07559206300911 13.644191840307968 59.360332649462634 -33.34909543790478 
-17.3158818019717 71.18183842546802 76.82539717666336 42.550068077184335 -43.978321018452824 -39.75941239272443 16.292287079022856 -95.33803597271053 2.871732938634807 -55.691768188644254 47.16600853687109 -65.72394378102354 2.181929304023612 52.14275551394462 -10.834549687796382 
-44.15075209019024 -14.094526337925899 58.11663416174969 7.36715022021319 82.17342020921546 -93.06907762205397 -92.74026941301823 -69.3294473167829 -70.33133004922601 -67.88468135787767 8.95160046259835 76.7123533073918 40.19423077058241 -56.28615678434776 21.70816648065366 
45.24694239492413 -22.610888587614085 -87.71147902830849 80.84524222654429 -16.363197908397595 36.091092931642436 -8.178250622027974 -36.66732850128158 50.23700235962073 -39.522323422041005 55.40474900769081 24.714127870264264 -83.43498593913104 -24.62653058007453 -64.09212975293572 
-61.91238945487041 -43.38273748313397 18.481911445055516 -46.6054584939275 -13.028214046062715 -22.56268402420163 86.14207712716262 72.21972121377635 -74.89462186307225 36.052430563326226 81.31731703239382 -10.897059011505306 -42.466030015805465 -86.65004771152988 -89.38831902654877 
47.7793889207116 68.99478885927337 -15.499913184190135 49.8279356180835 65.25581255385913 -28.42004444236781 -55.18454518797113 76.26070446841513 -9.548596715142963 -79.61451863747052 55.17916098332887 7.076583268598853 -52.49890587235686 48.92494420617467 -61.70707706293162 
-41.2390671989002 28.311404629837824 28.725770901824916 10.579816186518286 -59.966197939848385 65.55116225324446 -92.16149559728233 -72.76864997925125 60.27883948050129 70.9529661602885 -56.48032337180737 34.20064598692721 -54.122275540998224 -53.64141536889606 24.97747599447699 
92.6393482562209 -89.02904969861991 -11.683447736388388 86.53296768682884 19.042654937558837 7.007536099310244 27.010918252325126 -20.062987235774514 -56.110414776311515 -0.8135119394260641 -98.06171535898905 12.825616339491845 67.99357720411226 9.48185450744532 68.60700277946563 
-30.09079381591573 71.87727598150079 19.240538140240275 18.90346341308684 87.28999928925964 -94.30992814540618 -67.08636890908559 67.2055602662098 -52.617667898030774 51.771987656549186 -95.87111309844146 49.85528959800084 -59.724390372855666 -45.58209300060383 -33.538441456409274 
69.5772712138868 45.98458392770715 -29.547343031133735 0.37551055573229064 -50.357493260179865 4.544523218227553 63.653306929817774 -94.66859393594301 61.25505523057947 -2.7689863096849194 94.81303632387707 -5.561749118557358 -0.8171816819604345 -84.25158671428605 81.36093847372535 
64.03861307587835 -70.30146491882843 -46.451216095613226 57.885799069172776 8.5867529687403 -98.8085562614908 -57.646900086254774 -65.83511832523823 -56.4176862330777 -79.10451871591862 -25.206210556400805 6.546643078353824 -99.62935596784932 -1.4474670458366745 -60.97244706800602 
-50.32740910610536 72.41655523011988 72.55617657305112 24.76745618387892 17.208841101537047 29.424353360358367 -9.083080325242321 14.668980888746745 93.6724002985826 -68.66523480384626 -96.20014333572576 15.678228977168885 -84.15614139243874 33.56350706714852 -22.47247520535167 
60.49712716036885 34.82834439567526 93.54354919154017 23.22616314290771 57.67233501151813 76.35452163435824 -63.93493376805666 46.4835745660084 -7.768714126566479 1.7998278361161226 27.896934390194033 -4.690285285884926 32.68034336577415 88.1562415912274 -14.130709214399673 
-62.63863905946634 -3.971442384869107 19.73760852172144 -27.513360087667422 -70.00148341896389 -84.22747952344902 96.89928342860566 -3.9452467797747914 30.980812929780768 10.955096413870109 50.124914872905634 77.41351723587499 -88.55282401804607 -42.334312831417535 -46.04475192504205 
11.633950181155626 12.094917497024 59.671760522274525 47.10348523577241 33.51165715455332 -67.48341159251919 -39.44057619418289 -95.56609452148757 95.10889145050038 29.61495839746641 34.48868710366466 54.36185911841852 -0.30130336742564623 -42.48175780166339 66.11166498166813 
-51.03017992860113 -65.0127825706299 70.43322554850849 99.40450272098528 -20.251889686779577 9.530226248639238 -64.80761691612906 -5.210851938461687 17.788847852901952 36.08808737978865 -76.71638914991348 50.91513892344935 54.709937428078916 -11.082004014589558 -17.514429298378914 
23.000336901084736 90.29396609299712 -73.49737120711126 -89.73885866974287 -99.31499338014753 75.75689478999766 -45.26664174106132 -86.77939766327971 45.323988813501074 -39.99249431461735 75.52334576946063 -28.76907073661563 20.057747021072814 38.580072800997954 32.54132528891259 
-65.87378246813054 87.24682247479663 -85.52085036913786 70.63877621709688 84.226978596664 26.16155418390713 -76.3388821387862 76.50253914557703 -22.075906517354312 -98.84284807570644 82.20178671669854 -95.33354179028164 -83.902750870135 -38.63595480439648 -37.06444839251586 
28.29730719532847 34.39565333973073 31.81037459189696 -1.26997366191857 38.64976728345465 -31.793226618342743 -8.015548712806094 -51.56635854159117 -14.818392466262907 60.80361917234072 -83.49377466998 50.651223998123584 5.235579256413118 77.0841845041202 83.3594523778996 
-53.579279755194584 46.17871474915373 -86.40570872684756 79.7626654672822 -17.217196921634013 -53.59806295459486 -45.413882304105925 -89.3354381306315 -49.20466148383813 30.608421540666683 73.1394318846589 -12.634352948949726 -82.19928920698052 -66.40375786026627 9.787198668379318 
23.91967128532022 -70.83903487889489 42.98079663730928 36.9468467738925 36.111223876228905 86.44350632908666 46.406741429046605 -71.39617284455059 10.597937829138942 87.41477519515331 30.033244476456872 -59.35743777595057 51.74193458693236 31.565016650687824 91.15824078245333 
-55.18410729569907 -18.570448997428855 -13.955649156719119 -55.04883877091142 -67.19402297659605 44.389607776831696 33.92925188082208 74.0594985612343 -75.82176434052963 65.2034750838867 -55.73382185971523 26.964359536489752 32.02768591093326 26.7077620567417 -87.02962153915496 
-51.46581600120974 -10.454921258721825 -44.763842401657314 58.424803843230876 20.82781247681791 5.132740736609961 19.091725793897425 61.30907467659404 -64.3162772358989 -81.35471148586595 46.74009312140521 -85.66304785343037 -10.711135693187316 36.02645400903299 -16.42674629303309 
-15.553341733221075 -77.53688432710881 -11.008960278357648 -10.429825848946876 -26.27867057070921 -16.23414479894319 -19.853367712239972 -80.65983382538484 74.45127167025959 -19.885997337770945 65.21966250461796 13.948197798620427 92.10656975168561 16.37534266047726 12.369848126193574 
-16.76371197382936 -36.93066902511606 -51.21626224727631 -9.29203051417933 17.777601953451395 -50.03737018805976 53.875432721663174 72.93373693994144 22.16939930922625 36.271993147311235 -83.95978083442479 -38.43665851028084 -0.5267407227507022 39.684880210786645 16.468072340672293 
44.046611111900916 -85.16968362490991 -74.27997517146392 -36.37646296025967 -57.572537052642204 -12.008129186808873 -67.73760867112733 42.80203002346755 11.277333494794874 9.604718109358899 -71.01520669288223 -80.79772680678172 99.78009464252477 85.68112063889427 -61.11508428429606 
-29.873102440041976 -49.36207449742616 68.9170299060084 -55.84674762335313 88.69593775819723 34.62862785380264 -69.24509154542464 -27.4835786014239 -89.53157396495264 93.0357412638584 85.20524694331246 -96.66609091787126 -11.507208571863117 90.66212394330046 89.84967746495698 
27.92116224706514 -6.4574227136213125 79.70901786407248 -34.42126456938112 -14.943541330396144 -61.81616949765765 -97.26666337361026 5.94357373132172 42.83662388444748 82.88480023219057 -18.384764286179546 -25.169982638870138 -66.35220124215115 17.874373560099272 -35.93999041366129 
20.591605313451097 -26.754750379487916 -96.09867068980584 -1.2129607849600887 96.02632792208283 -35.36826230089527 -2.9810372849115225 -1.7966381867793046 -83.27668532522725 -60.455458180476526 -9.4341710567315 13.358347039662704 -65.9018851573767 -28.001623390052117 -53.58773567887503 
-13.50476057637728 -97.50315353660896 48.31116975599437 -10.376249149478994 -2.4309287700644404 -95.58638061693998 -22.238866979393677 -83.44220956869879 -22.21936120306289 55.58030331491307 71.00786040277751 -46.65308864389062 51.84315363433524 17.244640359505496 -38.542772503030996 
-36.218892912927636 9.417403767996717 -25.773766291459935 36.658727956979874 -89.21923887083445 -18.48826279222557 -4.813406753136547 -39.23507046273858 -30.03206555316595 89.15633189713103 -60.30806805253122 -3.954676903315317 -25.270395055438 27.795218367535938 -67.3503875333522 
-54.47795204597379 3.1852729291429966 -81.34044547584463 43.838229517750364 45.06323256384542 75.9156131392779 54.650037551845486 -77.64093559119036 32.716933815917315 96.06812952903252 8.675926503069988 -15.376698246635101 31.236022230116816 38.0913883625324 -50.59027678493146 
-5.960183873861794 30.427958359277824 67.36429880410651 92.87495732960156 52.064498724912625 46.522466956918976 2.3621869403460067 -82.13978777035021 20.838910950782036 -21.815607067243192 56.757571138543 45.69572684041316 -60.52262617369975 -67.76757370285122 19.81758632762522 
-25.32962376020258 20.195336463191623 43.62155473826738 -59.70127832495713 80.14685642054212 26.96146859232114 -72.81608775903192 -43.66798341216877 -15.660429624292703 88.72925999321575 87.020800813689 -25.542346765410556 15.472130227114917 -52.13133746743019 36.88665944303716 
63.180964015533306 97.61316041551225 73.650293197444 62.824833314478155 93.14047941086113 -60.86461119660267 8.779837817490105 16.09946221479528 -44.18042000516276 -69.29756566423688 -79.7699017299845 -61.344356846722924 -91.60535107946404 -82.26916584608793 86.33321098531502 
-46.32689108847428 88.58064940201115 -9.168689374136306 -94.30471996767291 -44.83090868852984 -83.57500114736604 -62.97634408797899 98.25363209796006 83.03427188435984 -90.42864283665952 92.478140183076 97.51642649557374 -26.691068393869628 30.770308927414447 87.58074135639063 
86.07559405456948 -95.88868358788565 63.520898284199575 87.67408342480866 4.304535525365253 30.334488909635553 -99.55396659309197 -93.35569348849961 24.696504863658816 87.79352578257385 98.33894339915943 94.52230318523218 79.36245173827302 9.835853206022321 84.57174005860924 
80.62228477143262 22.98705083294172 -4.621656187114368 -38.76144715242926 -46.92617641328945 -45.42721183827587 -36.43871971661186 82.63116287816317 -12.536751256609094 22.026492617906484 -15.549563251259912 -81.031264110463 -44.6486242618642 -4.530731465957885 97.14726695958365 
-39.011759694784544 -47.97276720765502 -48.90468491140627 -32.214648650671535 39.96610707940485 29.549343396301907 -27.207482614851372 89.58990230229901 -38.912651308212396 36.8409568053232 58.059299593041885 -2.32446135031725 -14.456247936218645 3.7832244502490084 21.921343858347228 
20.903466539052644 25.626168674742075 -72.58508218287966 97.10535230447587 33.9317139400294 6.881636251720465 -56.36755624269058 -55.85865348139269 -52.195119117919965 70.69726833676884 14.66417090633125 99.86368921672596 -17.705682617701797 -95.27270259051484 21.370480070443065 
-44.109894417659824 -53.031713116999256 -70.35046442722418 -31.659466163174116 -15.32934555326635 36.87148733932787 -93.67739627149783 -27.9335362059731 23.89201176145768 -75.46224131598737 93.33044799564686 -89.64425876433432 -26.040948855122764 30.715517000684827 -96.96865174661791 
62.80830673559669 -70.35016279778739 50.72256233463034 -5.946381220501834 24.146621446928535 -34.27079972178235 -69.5614393067687 63.456978075943795 6.671683494703814 52.40279332206518 -42.348907413787714 10.372763560473047 -45.55941397480456 43.83368477719165 61.26558006356407 
-35.63985722179798 14.814809335593154 3.024483966126624 -53.93468415686178 98.12451150214258 41.40023371697578 -13.984666719972026 8.649187721617537 3.241375440545994 -48.83718427039898 98.21513848455012 50.96897882632706 -77.47818032344851 81.2220256512424 13.618134798730836 
-62.893675215652145 14.60494999763668 63.7665975607722 -83.0969109068117 -61.01738347932248 33.08891012089336 -79.25538488629293 85.11214399071682 -63.04828671942862 -90.48847052472861 29.59635759454764 -34.90773944132202 22.171205424488605 64.03986451789422 15.709008098136266 
78.2366159115447 82.28720619908916 -34.69106847545223 -86.23234679784679 -1.6312667581382243 -56.79003037224126 45.86208713822549 -95.87154092938542 18.716518695894365 54.408128315948744 98.41523402595402 -59.61609780300638 2.1899233930635233 -83.61283992588284 18.081529029370188 
-35.37389927448726 65.09883502640602 61.484207998778174 -31.581757964045096 29.371782840076435 -72.56200289565308 -84.93963001452832 -6.656286239729809 -5.342493221199177 35.94682934302065 98.67538619984515 57.92302613308428 -58.92424641300338 -67.0728951541698 98.68494419534281 
-11.147638342426731 64.96782354765392 85.40315307513367 63.98013492855827 20.262585318417734 45.791661326549644 -48.84411601340497 -70.65435690882552 5.399181422188519 -29.432361983911363 -30.092648893532854 -98.87674352059759 93.8069630561516 1.78675434526167 87.39532166376293 
47.793838099569854 -66.8554772934558 -28.542861533506453 -47.967394754907275 -89.63625685317524 97.46796460084971 37.31261106037516 -7.682357535921639 -12.484459059579066 -51.11012364884671 -91.15906575037124 27.511570586456415 19.52364282259566 32.96176157351485 23.328053392105218 
77.97785337862317 -19.400956737797642 -87.48089562308117 -25.472896360209262 -1.758866423155368 53.057851826380784 -68.79953699612848 70.3957750614313 65.39910274777253 -27.19329274843649 -7.751117064075046 21.659907303670778 -12.221891935169253 -86.45686298635162 36.751899739386744 
9.161696960283365 -46.494087471409195 33.280063208366016 91.05500119514147 -91.28053975967154 -36.40883380985181 -44.964069828164654 82.76234608605682 10.914195605809724 -16.168241653836418 12.32964527955518 34.75186413433377 -13.975777518510938 -59.605866017070056 46.97768654043284 
46.09402378137298 4.517319602837745 -91.29596139047527 44.62344674291893 -28.608094493735805 -92.86556757469167 -41.89185471429096 61.990582005564164 -38.041143481884966 -21.061768001898514 -36.35900718621177 80.72888407981173 -62.271464758165806 -67.5152788401735 -85.60417207677014 
-72.03595698353828 -84.98454597227993 -15.434232191542534 84.6727450663276 -16.280096810342187 38.59798918672689 -70.29042611673788 -47.538964177282935 -87.55759951056518 -83.75687569121641 -96.95097442561635 -74.6663309304445 -68.07863673125698 -11.411542232151149 87.62178071787727 
-0.5585226291649832 -83.46155360487319 28.221351730106562 21.897058365032905 -83.58203386048926 -3.0076225519344035 64.35509366104594 -80.10164365829458 85.11155184178546 -86.86252733409607 69.51384743357218 -32.025224448337 -70.68856592713274 -69.41426315673476 -6.822496522885487 
63.08935028016168 -41.093469789079464 50.25021271626983 26.73633816225947 30.481805019098914 -58.85461423710308 20.64092282031457 35.91609149396851 61.14496719216865 3.4757021627465576 21.803997341920976 -43.77425160389494 94.40258784897875 -4.406162389412202 -46.209458249248094 
-83.3848377400421 -64.19502645267153 -80.06683968962682 -81.97219277057017 30.020635791122174 -50.0354296146621 -12.374519867444448 87.06759054143163 86.30584871639192 -67.41074175095756 11.986429503949921 24.51122690040802 97.27491062540375 4.114601345915787 -31.151281827954946 
52.521232342208634 6.011393411746127 -39.59378443242749 16.90853115713118 -5.979362947040599 -37.65865232859085 89.12928949762795 -64.98896425552164 36.59101335800946 31.152611387686335 -66.51125886328187 -11.508398956146863 -62.08044922029761 -95.97744588778609 -76.05396146531373 
-45.90126724958423 12.035182350213631 -47.98917235307991 59.7545297278279 -80.38519933820089 29.509316564344488 18.049577406103793 -72.83962778839062 -54.112773123591104 87.50444682927753 7.457971740693353 10.430880145486384 -95.37752943947942 72.1847568373885 -24.922986589743516 
-19.76862195214622 -53.10401001791991 45.1633898739471 -96.41181584516589 35.68398884258991 -43.110963938911674 58.22305790920831 44.01452532803097 44.78531563911611 -33.31772865470282 15.102223830509004 -46.230181677964374 60.90062290434807 13.38526392028865 -19.50459148933423 
14.406154239327762 -21.585329082170432 -87.38247951458935 -87.00718432834071 91.86235961363175 33.36573786795495 -12.573613645744402 -34.19581633329594 -75.3964988453294 -54.76188062759495 60.399954718625594 66.56545321706488 -4.5612437540354875 -21.751914758165427 87.67189585866905 
-90.85857203261642 -96.48167821508622 -68.83866600923317 -97.40744752420683 66.88178562766086 34.998107906170986 72.85658445376939 38.02594535597345 -78.79364912444234 55.33909708184183 5.977534899508868 11.045876763085843 25.455646912871586 -62.76548487858993 32.52508285478527 
-71.86960546621684 57.363750022513415 76.14224654082608 -74.825867122438 -81.80836539165452 -39.63936540137543 -33.78258300168248 -95.3956694642329 81.05269150549427 -64.96666512772715 77.01200801572855 -56.613606201771645 68.46596815730672 44.32248590257194 87.86430567748619 
97.56965247937251 97.35939878485979 -86.38528569237987 72.35412184404402 94.54222925108647 -76.959028727222 -53.72119835570881 74.47894029615392 89.15353944131525 44.74197403891708 91.5788102612475 -37.049405558487415 56.44589303423231 66.80697956788077 -28.180207182157375 
-37.25215560990496 -86.57383700015502 57.967414833959396 -0.20584646456029532 -43.79198620439795 35.07946912603387 -7.768560183987148 -29.035056355369207 -31.891100625722515 -46.88108606469197 -69.08457642303433 77.4207323490887 53.120041687999674 97.31457985398521 71.78692144124577 
97.05667198271149 18.932485737194327 29.691189891039926 71.98361943674882 38.333228408706645 -38.91006567432322 -23.35200688218903 12.000093262489813 6.231020387919557 -76.12948920711383 -11.151904254788889 -15.530634367914843 24.826222110192603 -30.57139300523572 15.714680623267924 
22.213152313861855 -9.95994283173789 -69.10920201582051 -98.01581133347813 -58.67335785855434 -74.54338973678504 -1.3963881495056683 -11.04191547971709 -75.12165218269244 73.84386901867137 7.050022133014352 76.69998813040817 53.51541673681538 -10.272196540661227 84.09687114398753 
-23.48379858330945 -83.14052065596753 77.56030264043542 58.16557783033031 5.52185660121873 94.3610053865221 -16.87214907452001 35.35990466347164 71.08193919893102 13.381621254220306 54.139025349571284 10.080258819791425 24.029553825233933 -13.425680446084812 10.696186751219997 
299.51148745885547 271.8472222251337 277.5838382086969 297.2807761557174 279.2288813054603 211.06749271254472 278.8940669964433 286.35615461514607 236.18999774020344 254.53443285216156 229.32677181861843 237.89072462261743 265.7407206579786 227.85924636258798 286.42994075499905 
217.00853389930128 257.6777972214989 214.82495477508726 294.7702232689288 299.32649781452926 278.21468162539406 279.44609568567193 205.07508665737677 291.4557284411522 223.9246952314357 250.98451832077467 287.246468970508 266.07230243882543 213.08592915317095 265.60638140504534 
210.92658016455744 275.94655332243843 211.8680735614052 223.82374888948004 216.5558636158153 250.8398877843594 230.53470088427403 275.03863901823246 250.19763882302306 287.88604311180416 274.7462395518851 286.0097447002103 259.6973104217574 229.23442658520577 277.5583882388177 
-206.55829884687532 -264.12169219554994 -203.01289560221286 -207.45917847532832 -202.77204120136946 -227.21349221727127 -259.1938015287107 -276.96168472070684 -273.2282754842341 -211.4597037208946 -279.51999485726316 -225.78074426132417 -245.3597094393026 -282.86278812864504 -258.64491973806287 
-295.20615555248963 -264.2945499578632 -230.17574811548548 -298.4241089910193 -273.1773518972105 -280.04696281869684 -297.3466117714996 -253.17179012563992 -299.5014354509393 -256.4141040705571 -244.85045829922967 -210.4497770306547 -243.2327425450977 -288.19054322323757 -292.40634475854745 
-261.2255724285383 -209.32941759771938 -239.63122446851338 -257.2136658658162 -204.60031654345812 -297.24141842235116 -247.24252812445852 -200.94936007259435 -271.60924008604434 -231.75517334438686 -228.45117026230042 -221.1190633025212 -207.90901498575477 -267.5809231322352 -256.1697036994796 
