1.5166937915558094 80.01357825694711 -8.361477727122477 -88.18264833703515 -64.00823684548408 92.25797441941566 -65.86009297937997 -61.84773493083606 12.789591259626306 93.57102732631344 63.73692026344477 -27.668917145526223 14.164160905343493 -14.646115351188243 11.33567188149442 
81.46764204087654 -31.503604144808378 -55.86343269846354 -26.092722807976585 7.2332466881937165 -76.02399059146936 74.63539175226856 -74.04800314847024 -38.01690605813137 88.04278760409505 88.61322555043799 -74.83165994803649 -88.63234913256159 7.5052597459307435 34.19084891505025 
96.35892907905955 -64.39030121952035 24.598392573368784 31.83419824416501 -84.79581093248085 28.08550551139814 23.40482871505567 -81.56775860653833 -29.340609786861435 -28.948716054655236 20.64407944265767 27.41644307549413 81.25432715269312 -0.6695820552150167 -37.61228943114212 
-54.66038502029318 84.87392282069405 10.01278134135029 -86.53130065698089 55.04528811459522 -15.427819186806488 -92.91685502810361 -51.146661283575526 66.05084037311792 -49.42492054111454 77.90575852943118 28.786548181458414 -71.55216055366952 25.54459678551062 -72.12490563012987 
-88.56207775955096 -23.425351265661163 27.524585008115892 61.61784930871724 54.55030309266547 -6.169141978214256 76.45199799853975 -66.8306338548184 -41.439437167022476 -18.229120016798703 -38.583651633789515 -23.4386922500571 -40.38511538982679 90.79896852264415 59.27909503175974 
69.34165720395654 -11.659067412830225 -28.700904884532363 9.888664877805638 61.81267361484595 51.93695934319595 -75.46505000237511 73.12130953200821 46.90159187113713 -63.636667546617055 -57.75354546239462 -58.67180593607315 80.57603389416391 -99.29913057211695 83.28113784107646 
77.34647934996033 -27.468894713229957 -28.644034130933107 14.567640230208 -93.92197758286503 -49.927088222781535 32.64464940183686 -48.18285241619649 -87.46604614778401 -48.84722201541509 -98.86171445014213 -0.44130809192954246 -50.4962104947043 -45.13036978760287 -35.1891258223455 
63.1532287892513 76.9791794952499 76.06229317319892 67.48756360744608 -49.00985612798976 68.90253834487916 -18.380730827478445 25.760092858262723 -61.45815698430561 88.71129085085275 -76.59431598122801 43.15025198399505 12.8710240560642 39.79109403710561 -15.018911337520137 
-90.20931271574098 54.59819008506011 -53.05164872694621 -28.191301683743504 -15.315764657134864 -99.83651673364957 -21.602054081432584 70.61383704739498 -88.47935026760562 45.642155044551544 -72.35295996858858 95.54787195455606 -27.14826931770817 47.20896609534921 59.66322506895895 
-73.37848029120747 10.611677318868118 69.44260780364243 -48.25995565556445 11.803083977568065 -76.83806709467669 -13.695452911100588 27.301648053714118 -45.38126153716402 61.47640876914838 65.53637505737223 -44.92524722970115 -65.83289868306497 -94.5801397564206 -99.75475998164498 
68.12593094778148 42.03772801728235 -47.45646559992798 82.67164311585265 89.03994394473864 24.696776769307988 -30.11207565635374 -24.969817768699215 -83.88916142618487 56.031337698778515 99.55072987900871 43.56022526428589 -22.612098659037812 -65.96766987787305 -86.03985487408805 
-98.46435145004536 -12.813378767340481 -10.860138492107964 52.93398442919869 85.18637672411302 -90.93877316518137 -82.87720147752665 21.415824705196158 -99.93391826876683 -59.35810667475021 48.83940153638076 11.25193803266464 90.76272872358871 -74.96591588009447 83.36407805972038 
-87.48704072528437 -73.8924874033851 63.300878270235074 -20.031000135947522 58.90639146238442 21.423131214780298 35.062690323255225 96.2115684821652 97.86158248595197 -83.75651233795443 -26.489775840160746 -97.91850697336935 -19.050504550791842 66.41424700005811 38.12510931241667 
59.84825393588059 -35.79698123048118 49.75761894061449 -26.67898459621098 -80.67134665090691 75.55332474011641 -50.62688074346284 -64.04158824923991 -66.65860589299433 43.233926866623676 -50.10497829971039 -8.085898186251555 -44.82856259388057 42.86953739452625 51.80466738007766 
-98.48004132607862 20.257431014289097 48.91075444907307 -29.184640687065993 70.39654487494269 -36.72145381079459 10.481448844998425 72.97482154650191 62.911498336241664 -47.74594359475726 16.518937213324605 -83.65039675042784 -93.66724277913423 33.103260000567616 81.50472236385139 
-77.79597486664353 8.107034311439534 -49.7560270284032 8.273704764945379 22.153225293558876 -94.24187426558497 26.151187873730947 -41.66042976483182 -2.295845280049889 -25.5391132505556 80.19759666986951 52.6241272869558 19.616462941423848 21.609715446788783 -82.5683085975669 
73.52113368664394 61.288262851937105 -78.04007619232367 82.17561833591168 -86.4070391083845 -44.616554829240116 79.86932950697988 65.50475330244444 -43.20266021917847 88.82054264507366 58.004238624284056 55.40296246676024 81.5914939015527 -40.43826888418687 97.36001794348314 
72.95866382925092 61.93108495530666 35.13150241266078 92.9707484824994 -13.98418880595662 -78.22215299147368 92.00576689316188 11.9526254680342 -64.90270728221608 -52.990392154482024 -40.5713621080273 -74.03107791276109 -93.5462024618574 41.0193651338287 91.17921688012976 
65.89344207980946 8.58668031474501 -57.63062271416261 3.993716647070201 -54.90084820274112 -98.99134136014867 36.54712649724746 27.880491659369895 -34.207111570803676 -33.19697770155858 -92.5662584047165 -47.54744973662808 -21.71678905707344 -2.2295341497999885 67.57379467239312 
-9.604162305220541 14.49818960838391 2.369693510057999 18.36236705806897 -37.90646186960436 41.89278493996892 96.9565896737416 -53.549997521688255 -54.27156156405542 1.4966540358911686 -22.928990885357095 -4.140423861408138 2.975980336294853 -72.42534060688504 8.470619727055364 
71.30422607512065 -63.50750650057784 50.286872894572866 0.00414928343155907 72.18743929676677 11.77040363944451 5.143431816371049 -54.968095919754354 2.293290478841598 44.860881748772044 -61.13410441974172 38.42648266199461 -97.32877087192209 -23.093062778588205 -5.537813506032506 
-27.489977503771783 -56.779532985864535 62.32326175315072 48.61534054468956 92.31881450398512 -72.34188227754697 19.503335279437906 -8.67231159896049 -85.24528857874915 -86.55918522056321 32.674579328063004 -29.12814506062287 -88.41373968702302 -2.9119169146481454 66.85637003975984 
-11.510884862430657 -51.49217227371503 70.85906164810527 47.3439053159301 -25.06399861955741 -71.64390779805474 91.9135757884774 -25.122992106152893 90.34330509365279 -58.35639349922974 -12.894313881477302 87.38730838827732 3.348603681161279 -20.08021941632481 -57.52510634373695 
25.72002565780444 32.03368440377318 -6.781022077962334 -10.968991761948928 -56.96614465626788 44.278050187614355 -26.186232182060138 -1.2948881923511237 -37.70567573565102 3.4662952820034576 1.305591954153968 -98.22824052359806 -23.489785911740384 65.5036084475102 -70.50800724435186 
62.372836085071384 72.6453902056709 -12.310888883317645 -2.249965332956762 -31.414288667584174 39.67986562589357 58.58164772605164 -95.77317325060825 -2.728375950728946 99.08248864127259 -70.92393239850179 -9.611675985229667 43.11411003291414 -96.7641140962533 73.00729886389843 
90.12506897666367 -75.39670069483302 99.95158840569971 4.587309805767205 -95.3646815529306 -71.17494737991697 18.407057727197824 -90.82398398693519 7.5608515878223415 -20.31240810833617 -26.179626160798136 93.12411493540307 24.42214808079906 27.955050386382084 -98.36798760507088 
97.70795364087951 -58.39599365148893 14.948601536768692 -57.01664142197163 -16.639148941849342 32.403278853985114 99.87489195073027 -40.258488629248454 -38.7379850683302 -42.52498570214183 -92.8574775805943 90.64579339136728 -73.52619273635929 6.808134125488834 14.33262722863931 
-7.96397374325754 49.71941641703174 13.967014350134278 -96.58061271106175 44.32850102427335 26.575934204950173 -97.11225132904875 93.17119039518761 53.449014319604856 -53.124059805160215 -66.9975606316332 40.709962049789965 1.0220196159810087 0.6025804634934815 -12.819214216020143 
34.361303913544305 -24.56640934258445 29.47052092182713 56.521116780906254 -96.46836658883093 -58.84377147412503 -81.26474871983567 -26.507303718103586 96.69648789127857 23.858196607492047 48.40268749755501 -95.25458757138519 77.77535938769586 18.320092219295333 97.98449938477862 
-48.40006426742151 -86.80568995642747 75.14276545295468 -10.432170305147096 -24.479576705161563 -40.369778587641505 68.9333829948909 20.086911874300938 -52.57862302427683 41.48544614510408 -37.97787002355679 62.985483626057146 -85.00223300224958 -53.922429618979486 99.6704315507373 
24.533858280255785 -61.86247117758001 58.34121709197851 78.34741103104207 59.53783404583453 -68.76090911991002 -90.00952891473872 63.82283410884423 -68.3641705168416 92.75240682503352 -68.84845634976462 -11.586159500197141 -74.28369227089829 85.47531466687721 -41.367618116975244 
14.622451265942928 -95.60417795527802 24.188239032574614 93.54218702575247 -9.17542503280113 -52.90773779354041 -3.973053159054956 -8.658549041837034 78.76004958420799 95.20443458315103 -79.53175421577609 -54.18400079294343 -19.788115018551693 96.57191001525143 -6.211335941762044 
-56.38033061206416 57.083405870511655 -18.312858302000052 -47.54717369287129 -56.39193009369659 -32.70773318621325 44.19581266464823 -85.04033433385159 -41.88568278194127 54.54104637437814 -17.516885827032496 50.09264403508001 -30.012009360863743 44.98469346163495 -23.345095236724717 
79.26968450269763 1.1781686423636586 18.752462655869692 80.0127396019511 -77.91204376294883 -17.470283440330192 18.664067216442277 -96.95165589846924 -94.26681132799544 -86.98912095226277 -69.01928710096199 4.778091730537824 81.7656627288616 -71.12373082439552 25.790393449831754 
-31.09377942633344 -89.41130770999386 54.180816937131794 55.950335443424194 -36.968007277489164 -13.355528701658997 -75.15863362268438 -61.343184618644116 -82.04274934299158 59.04407355483926 -26.002295459488607 -90.27956693846153 96.97198117026588 86.2901649205013 92.02719025552153 
-50.0157549868705 -40.03519101197857 -17.889606203406075 -99.64288938561117 -46.41438894446601 -65.03439009616245 33.59252973374751 42.794181331906515 93.47958015677963 85.0733347205882 61.30864865351782 -64.56740989439615 65.32107757773048 -81.85599131678873 -91.12639402887194 
92.17266370380159 80.64422632608853 77.53089997310545 -14.101181509492108 12.808691282717248 -25.74025458363907 67.02078408342962 51.7558209044206 95.6729357504313 -27.2179800879224 17.88621957811536 58.03591950807959 -80.37481600864788 22.448493968257054 76.37714897710774 
-93.50702723702307 -46.05100043167045 -69.56941614638517 -28.272770386409448 49.09148869357347 -77.34127602533772 55.69798339263417 74.59436320352978 56.8999264189076 -81.70243871859608 -67.51898535954881 67.05239346333312 -71.89904223095562 -96.9870975752899 -4.870552150689392 
-49.86401500680901 -96.41227363825952 -30.272543411203984 -24.003982823304312 -99.53562196957499 -63.95445641786761 3.856009201322834 -77.60765428946425 35.3153244800921 16.029700922151832 40.93740385601049 7.465735180146197 -63.60816234595372 65.23026942592432 -4.0259112192111814 
24.02990683436343 -4.517943867442952 9.318779855191877 -67.11648012197391 88.72446457433904 41.74787168304283 45.17710658067534 25.575198352281234 -84.83939510476102 39.22345809911579 -88.81765119260831 -65.04807402566699 28.87304983612941 7.796559786329453 -93.33911390306223 
-44.04380206323704 -4.902569374220732 -80.97294138281197 45.007506565105245 28.298791405700342 64.65188138064121 -19.741614962135444 -47.53153005478603 77.99435961479142 15.548491741178381 63.68597743554551 38.0004874319915 -76.25570508215127 78.12615969145128 -83.33006942626912 
60.118730948713704 -41.091945487504546 -91.4529979367978 20.513608016281083 64.84403282678414 -78.7401360635503 3.3497576004160976 -93.57422569130027 78.15918452899376 70.92527370103315 58.277750879814874 -77.34409247321162 7.900817014420198 17.06789868596583 18.040194579007633 
67.66922267028397 73.8371579478742 4.67752855246988 19.558031122082383 91.72655576622427 34.16540320041449 5.927774254697766 97.7302467842533 53.331567195291825 -24.68184831543114 -60.29455833665924 -57.32455249858812 -67.68680900062043 17.666775005800005 -36.911281555330234 
-13.736992895103512 -92.6031720752073 33.03363256779522 53.987925392923216 -51.29296707773003 -8.391461861104688 94.20125379798242 73.4644108422188 -17.605309158865495 -52.31859880802252 -2.7122920020514556 -54.72204942636232 -55.70297553161596 -15.958420949499839 -53.4614442976725 
67.94514674447638 43.053422374432216 54.04639236828072 -88.29454981072308 -83.83523151751751 46.42561495348201 19.84329571110149 -72.02227100585101 -29.968711060372584 -8.121766897237677 -64.40387734784784 -85.06745004474183 56.12142283872501 -12.925406924507683 52.10419034368462 
17.441898792151278 -50.52255618752124 10.170796346653958 70.9755134988458 91.05357607167102 -56.008937085660435 90.0963006859792 82.1038968814029 93.65221311046398 -28.167053025588814 31.845407903653495 -92.07448701357275 -60.87300453886477 79.16744589071965 68.33870942816779 
-61.70849416918542 -33.512988293911675 -78.14487466402365 98.90023396421813 33.54226284652054 -21.793737803632453 93.88465769025319 77.71279433329522 53.081603768645834 90.42619238210176 -38.72085337955937 -87.19132588913034 83.4908908092691 70.9104682726163 -9.44096689613609 
84.14428171777408 -25.599612949051192 -86.57920389404845 -86.16675845158093 64.19608933874116 -76.35521866543633 -42.056939525557404 -44.93184274655076 -15.972879433677889 45.47018689155357 11.864320021481262 -31.678733934176705 64.47148015216169 80.6623138240534 79.76822506392557 
-76.51169174760035 -71.87617955150841 -33.99544641651238 -99.07497336704824 -39.086429155813974 -93.33346510204159 46.91038992591882 -61.760366839135706 86.89207827375623 86.05409367307192 -82.60299349734439 -20.991856501663946 83.26543734353805 70.52015180412732 88.69621983417579 
54.99881770683015 51.63009285848429 24.25044428059782 28.312354275478953 -20.085558247968848 1.3478752499510165 32.81741857282634 15.055781983112553 56.13071707724745 54.83582603005806 26.375896441945955 39.401482706302374 -13.564005434118442 72.7056328621091 -24.543982993931678 
-10.989936780941377 55.019066348595146 -21.419412522259734 -97.35103911799825 10.365642072049923 -58.50568024051266 -19.22465477190933 -3.5977458258020363 26.14926344031356 -68.48255580624158 -35.92933281691681 80.2429405684118 -55.78293455522743 22.437298116941818 70.38314076077083 
-84.8467901846494 -41.703071571471554 33.33750618064312 -16.498362112813197 3.7740510969070016 14.319920206038233 -84.7368646875168 84.31120309140763 -75.13165972780327 -89.78778321133785 -20.578148785823885 -82.08375763756588 94.25209399715476 -33.53348268255519 -33.368951658497465 
-56.65302984944085 6.44331970710472 3.0097854285179153 -96.00790219633357 42.18796510436104 -59.660090046365454 -8.894918351487163 -71.49941730995548 -0.43816851300648807 -57.129263544869225 -27.807448330555488 9.815237452016419 -23.16184312647742 75.06406565668652 28.297731664398185 
-64.22836971285207 51.230144180237005 31.209127003321157 88.9036169900543 -47.60202955320825 -86.36466519083885 -97.80742192795415 -5.286358831847096 91.94107188053437 -99.40909219290945 -58.85672605881807 72.76318091985286 69.62465856530741 -21.306593922345883 85.98128518982972 
-73.6230566331769 -60.95546617067329 -41.56186045124903 8.776127444911722 -64.83790781207671 87.31545289303205 -64.12920496955681 -32.65417094086685 31.083627688343597 28.568993244553212 -48.96241052285086 -31.87200595405733 5.490083326845593 2.017646494336404 38.0348004510644 
-65.68373604926222 -89.86588630867134 -74.57187961385408 -54.76779879127363 69.0655505237265 -13.622249842086376 -78.83127281155336 5.965186661092645 90.38125955384493 92.52035548702838 68.39580800216646 -29.015361994965346 -1.9550928250506843 9.250466604085887 84.39802568645837 
-35.22640421438862 65.19082071077227 70.49722113817185 -29.75609777976223 44.09276468056777 74.07122835250723 -60.36922013169386 -35.18470976372224 52.35293132731215 -33.655025930547524 83.3664519825195 34.11270631923122 43.93535725280066 -90.47131521362269 -29.64843261939123 
-90.52182198930095 0.5153593916756165 -68.21530585217124 -66.64566608907634 -48.871168814104294 -42.27141006134221 37.07103316705866 -27.07006450124183 64.41851575632572 65.0430041879896 27.47660293847059 54.47686340301519 -29.061127827819888 -97.36578289141784 -39.80627323141077 
31.75021475928409 66.4126528163292 -75.62559321768627 -99.9956614621063 -83.05017499163031 33.39210266012057 -4.517172622882811 -21.89724039293904 -40.04224937880314 13.361195062789449 -94.6451812981381 -38.68776362355555 -45.00417617553425 -62.483371288497636 -5.235322686785324 
-4.305090046154717 -65.2071268025431 -58.76118745624615 -90.21457813581588 95.92174340296745 -64.85743035024068 29.135688895761064 71.66319165715288 7.848139621431187 -41.255582336695774 -56.70425058814208 77.3969217418715 99.9324354742063 -61.45128017590395 -64.06702425409262 
-21.427959012571577 -69.656627791266 51.05897522799182 90.56352304691353 84.68536128381879 30.33030829273983 -88.56945610971721 76.61201892277342 -29.54099797199315 49.38190937613322 41.97465204468568 -39.01039344888093 -3.600834542318836 -52.861614201282926 63.29259582450612 
-41.0229082385331 -38.49149906708955 89.86342314988207 42.58632127278955 -25.767104722485072 48.89653801647407 57.60762704972359 -91.65250905335142 -51.132916612377535 -7.277241144244286 61.664945586606905 93.05579471030345 65.81423709017301 32.48330938335474 1.3076969248729569 
26.59142709002009 64.37153849731928 36.65447768018663 93.02326942969628 -76.55102269917569 48.06015369247487 -34.5906162595339 8.557385961240698 17.0522003994529 95.68975154916609 -47.95427676628952 8.24890023394677 75.39732850605355 -67.02616533339534 -49.51004521715363 
-36.9854551381201 -91.50165084320284 -65.16989420843286 -18.911108614588485 -80.45728211993143 -81.80718752955147 18.61637476124332 -39.43649100090414 25.31974629667222 70.30715243116867 66.15401348056739 -0.10772241280906769 8.265161392606785 -86.46983707026794 13.650138228276589 
-14.641533443390003 -97.65869574525712 38.55096889445343 -6.9130159527517065 -87.1868320524555 -7.636948694799472 -79.37591458770714 -4.314367207395847 -8.852938467344586 -85.57304335552998 -90.83427542976841 58.28544426583511 52.51643734872363 -90.48168782354962 -7.548379990722992 
-59.59795224817013 71.39258854713384 -26.28723557285504 33.15509327413491 -7.239570443748235 -83.30922668946734 -43.958512562490704 39.379433885858475 53.338751162376724 60.75969301703532 -14.20571231935783 74.62505567501444 -98.32711209369769 -26.403254472578013 41.89570617215915 
55.597210486634935 -29.556460486107824 -42.44616004935195 -12.670669111674385 -14.06717175412058 14.473905187102872 57.345401952399754 50.351872530356474 4.673260369163216 21.518781437286137 84.31543113467941 -35.324064266117404 -41.13064894336791 -53.300150381348566 30.82937753925549 
28.018904954729948 -17.89216874418385 -58.37661177763973 86.7784128842186 -52.97120049776467 -56.03100307174509 -32.43066999345241 30.668882045493945 30.028077932275636 36.22835879042583 -33.481000153914394 23.030714990423505 4.991453729331624 27.525113388173025 -88.22929842119754 
48.15963613435105 -69.3612967746382 12.428378115215338 29.86309301579155 -96.6518690471335 -35.58749669404102 74.52405492078091 -25.932326465304172 -31.112968830079296 -60.478884707425465 -44.42056926324316 37.375966081263215 69.26812291144654 63.21898454160427 -96.5715142397709 
-41.322740999867214 -27.21587205275162 7.444091993507101 -29.043999602748443 58.84342361355763 -31.193339123598747 -83.81372073043181 3.915564477141359 -12.202422762082136 -74.11745873590112 6.0380910441433 96.8051629014517 -39.2374840759256 -59.81766350696116 82.38733854908921 
-83.03045423560343 74.02967340812907 20.25387229281641 24.63495206684621 58.26444527834519 -2.2615738809639083 -28.025610617933154 48.926695337928635 6.0589277718535755 -28.02898972549511 -70.38731229103759 97.66997100680209 -88.36860076825121 50.90751794684644 52.06665773573877 
4.142604585101765 -11.670145349024665 15.0193251769674 75.73988142234398 85.1199468979139 -83.42580922191512 -22.994651636337252 84.44638786748237 -38.474570211560774 -43.405700203687104 -32.69742175699051 -37.053596940098444 59.829726358744864 -64.57693303879498 -82.2853108967918 
-49.50233216109774 -72.92237408042655 20.30019245543768 -92.44808115936547 61.1862450113326 82.91178439571644 -47.83915684978899 -8.507000441119288 -33.773461086427474 23.23570232670113 29.187589374870782 -70.31676199104726 -99.45236450280235 72.03140181417126 86.32133202303737 
-48.20470622009418 -44.22058033734157 -83.85174460416984 -63.59276951163844 -41.376522676975114 -10.579451315685233 64.20674394186315 -86.63964080579898 -75.6353648301324 -2.2302880835130594 -31.24861600239622 -0.2458677269957974 67.39136618628717 -2.5731053718030807 -41.74922702342678 
-63.11029998366238 96.52977951315589 31.309287426856258 -12.821461690504023 78.34625261350143 -47.69728710597714 37.819145140210395 86.36591519287401 31.29248507338781 -7.577867791154077 -41.49805090500291 5.755205997838942 -55.874363477178825 -81.29941461478161 -3.29557387536272 
-31.769366578468563 -5.607061199777121 40.41681104217855 28.12565922367915 -21.800909575063997 -74.44146311271285 76.3829932820729 -16.70840106104822 -43.62684322224004 -6.363989794862789 -21.844775370985943 -36.31076211760884 -1.918380120571058 -58.928262853241044 88.5709366308692 
6.261944425914166 -77.54174012717097 -86.59314615528612 -6.318023456460438 29.114209465116062 -1.3634522062301784 25.703859941608087 8.51579308760347 16.16361179768697 -22.302088129869645 -52.652959755153475 13.807010518709887 -1.5288857895744172 -27.25889368790348 -3.431474696132881 
-62.331692810956206 -10.292357803636449 -32.534288222680985 47.715664334193974 -20.776481852098144 -40.10163252595713 -76.71888023874448 -60.26123679455488 -41.3533220887345 -19.179286551176062 -7.401906441755131 -28.897121634571363 -26.814192119291064 -35.88712257731528 -66.7134570642377 
-2.8531663399690785 -3.4049356326109006 -40.07947294494465 -9.79739172387815 68.8164898142586 62.50579449611158 -6.687177840686843 12.556782307861752 39.12761635957949 17.282270695629293 37.42296142184827 12.386543262187885 -88.86040448192017 -4.53476578810627 76.38796124364904 
44.970518725043235 -61.838874163314614 -45.6080696712015 42.3195393005027 99.04948785764194 -96.99578958052734 8.660736907462848 61.40436810844457 -88.17481059379915 -39.074017462496194 -75.52758311141356 29.605463478152075 -41.702651470999605 -64.62628355215176 41.29006242525534 
-78.4064230510701 33.65678270268495 -10.953214226540652 -86.60109585563471 94.31491865259022 -85.3734481388017 90.11973245671757 60.026205901604214 -39.70067164805613 -47.68445243937875 49.280199869475894 11.416341043681456 46.00186823242308 -61.608212580775714 2.1390704190111336 
58.828930994363475 80.41025362112799 33.81398953945876 1.3583753056025643 53.35652442798255 75.70568325065244 -57.30409055604333 60.8983457067371 -27.211933017523762 -57.96646295412992 82.07317135138464 -14.859053648908315 89.6785730024746 -23.699881527143305 68.43104759177234 
-60.3677702693095 2.2466547094235096 -47.18496462042763 -11.772254078246377 -50.249410441894504 41.89722098190455 70.70546911162896 -40.12058048393734 9.500203063694457 94.81240318566594 72.51120060061959 55.69052604316019 -66.06090078257579 -5.2922452912721525 37.60265420055276 
-44.84509770172098 -75.78092233687283 -79.06952694875291 -8.703952111439534 -44.47605366260399 -9.610627129346241 -83.17890264563786 30.44683849714454 7.660670496211679 -7.240831510871601 78.28027122026444 68.61744448275618 -79.97905678671009 -29.76935640564507 -63.35770873620559 
60.588912485213115 -27.682892465693328 -0.1662372275990549 41.23528748769107 -75.88271121687418 59.790699755541766 -89.56621861632567 -91.81528922742528 -39.26996921433181 -82.88542765939424 -69.25731156867101 97.34029211205021 46.55938827790149 58.15589342664754 60.52227851221076 
3.0470049433880604 75.1851777829221 -92.79241168231142 79.51379799152579 1.2928857519103332 73.6996577530636 39.84186612831613 -14.830751904184325 -37.85762516898805 13.108744816647473 57.97814590583408 -17.91294105122128 -45.107805142492595 -87.54503309197594 79.67683169154753 
90.41773519352316 -40.934977310169614 55.74280149007137 -56.48229622101921 92.34849436800903 19.544984561974687 -83.70733447165797 33.62460977474814 -55.95531598418981 -32.756153973110244 -85.56253268228484 12.360140135846095 57.068090749162366 95.87194233235653 81.25680466373689 
74.73061996241825 -68.50936722542427 -96.17517928256119 86.53785388149137 -68.09065142089628 88.49102262700717 63.83961194276134 -6.386927578420725 -83.20610452512129 26.561257131842936 32.178957001130726 59.286153739689695 67.58017612579238 40.459675904668046 69.49464319022985 
-91.49962721623027 -46.15697069341274 -97.27641688421586 -49.38672739082188 -35.44015322479356 -74.93781700666777 -6.569492940567898 1.3745114582688558 -13.137820792502495 -78.89216913808514 15.307918065221116 -71.43223434944406 -13.445178872387473 -27.602814554771825 54.8894225129157 
-57.40362996162809 -88.68704669413732 -73.38413543195108 3.515186338023369 61.02461259193308 25.391395024155614 -18.55172482081771 19.68815162604372 97.22884060952364 -86.00926710450956 15.522653747336662 50.30170159887794 96.67988311854819 -29.19316712002879 -78.57222900448208 
-32.555033312890785 -32.30756935491057 52.382567121865605 16.643235189416643 83.20188332262381 13.183381944425832 -93.85744028920115 30.3970482071297 -13.403799787251856 58.26422462861086 45.91737735254273 -31.414306495416014 -29.872213085216174 -88.8126455489091 -76.85895483985084 
-80.254695721859 -12.431449188482844 10.651662688249687 -32.857009387254465 99.3302514382807 -40.405511907740824 -40.14205731009357 -21.841486614854787 53.41595110558134 -94.77327221344814 -25.81221341321165 12.849121899120547 3.0539041466584536 -23.192330598133054 -69.60118149368711 
-43.135462072736594 5.153037367828901 32.40262554403958 -10.956197339327801 26.99306657253034 -25.27832223342257 -40.24155221308317 14.8165850501166 -85.28807525058002 1.713162939100357 91.50209578994426 60.04122410711008 10.901829878542642 -24.933732770016164 -59.771498835535695 
-43.93279008680222 -30.969408844423896 49.18939641032566 -34.06151994321647 60.800372281632946 20.858168212453208 -35.7212728787395 4.999670726498053 65.55367553557332 55.42532797094225 -86.84547846806868 -33.72432884828453 -33.376478722773115 47.47608837733728 -11.225264380162557 
-60.57950418342788 35.96825896023083 2.470492246976349 -50.95828442529333 -55.63359506962207 -13.372264546530289 -63.90227706343865 -61.68354925226678 -70.82842181432912 -92.11483252040458 99.99541947749958 -53.30117971655361 58.257496313025 47.159077028147465 -42.596685012738924 
-0.7059354269840981 59.71735935990935 28.97953413792723 58.20476227599525 -6.361998557995264 6.605857088252478 89.51504704690018 -20.099547687957525 -47.35846195260132 82.53774804270552 12.350643671740173 6.680654209881226 -66.8489187892454 -66.09072799535485 -45.00799390198744 
14.108804393859813 -92.70527446974543 -6.9911279463300815 -52.27428657856235 20.439875072097635 83.21606674301205 -49.582936995812446 48.08031394215482 -15.675506261096544 -29.322277834877127 37.597949064866384 64.64768810088967 -89.22771184397851 58.73365306634253 -59.66022677834872 
-46.93992743436299 -15.180695429951484 -55.3827547601061 91.72456550819794 -59.48570895448684 51.9115132499 98.97055086874761 39.229065898851275 11.5701259771418 -13.562082202310947 -18.871996549794986 0.4998804166517914 68.60860288682048 93.39770702415382 -33.22944545197713 
-23.331018178277247 57.702490409733855 67.25292379252383 78.06570750106684 93.83638129429445 -28.24599002973929 -64.53536733685218 -82.44349660685417 -97.06417850497083 84.97067719696219 29.886261862303996 10.53879555328831 75.3426694853971 -94.56311107830466 73.30729194452422 
21.43369745337462 -1.2265533053210191 83.62615107904031 -46.42514701538507 -38.15546786170185 66.54585367648073 69.02507834793383 40.58042098143318 59.4146497839447 -74.49529744088245 49.17590498719565 -6.699211339606521 -51.35241293748547 -38.25153424526335 46.70867889675924 
66.19167355680315 -99.87723651984852 -49.172631138024634 24.438477698734957 92.2892183544885 4.329032594401696 46.21651898382743 -19.84523254600066 2.0018668196271108 -12.375154071784394 -33.489870757340114 71.47270399481519 0.8589025028240371 69.96570388298272 98.55088235229175 
31.525162508932482 -43.85811404537807 20.056348283634676 -25.363517113345495 32.892010785830706 -98.00794816986738 -43.16601340359421 -89.69691815913458 54.9924962721293 97.93380261371928 35.685558948856 45.30252730220653 31.61182711662954 -22.400235501262117 -59.213988801025174 
62.414776855431455 -45.906551373108684 -77.84631466324686 84.4459071071928 69.0281402361276 59.147597132721984 19.14646130381253 -92.48691823663977 46.20013143202908 75.08566671062226 -96.5795161845759 59.464792204720595 3.1382298870984897 -69.14039194626378 79.78928234697699 
67.78582012382512 8.912362658765545 18.090130531748528 49.207096022989674 56.53670504803296 18.923493731839642 -99.90879645271811 -77.4166117647278 -46.73003140396281 -65.75131020559341 88.22992477017704 -44.62845222442231 -11.6635940688044 18.561522177190426 85.87839065874829 
-8.594955361844185 52.85832382580361 46.78405395064996 -47.044248668445746 58.54335129955243 -17.703618573739902 19.641838688981068 66.41883893531298 -17.577074710251722 -16.6436076388796 -29.463590067644915 -2.8932330512632376 -79.88007288589878 67.40367122152534 -83.34449370595124 
28.07704965656859 -90.8209195590488 16.894437993408147 40.93124765596494 -17.769728174934556 -91.93330901246115 12.453139688695273 51.73515649873295 92.0391537545193 -27.44546219703585 86.24861122735061 28.890626756674607 4.965548651228957 50.36451970478407 -47.99534127137255 
46.706851548592965 2.4174724437946224 -57.64781364341602 48.84960929065369 23.8675900043839 21.42315402480874 50.58205205766174 -63.29177428342388 -76.54748074737853 -47.74240936271321 -84.78089264317803 -20.30665468196598 -58.80600781671157 34.577759954012464 -3.8407909500866424 
-3.9087552610051404 77.46795121726174 -2.40049668209285 7.112135253483373 -48.026762917126 -76.95208204193922 11.327573666011943 -73.80429150836459 -98.61377517673378 -94.0603794655137 8.828635792703437 81.78975533179076 -26.106840876907427 91.24597381150602 38.99350355692309 
-38.92521946890546 -65.22424969691352 4.92597013034694 98.34755920172299 81.33616644684162 66.50568626896646 81.77473921935749 -52.24260409825558 82.03948149318518 -73.876427836923 -62.14666745362041 -3.8395161060092846 -37.59880064127974 62.29211833990655 81.59354958590191 
-40.73275156155596 96.32163378929005 25.507317409508474 3.8839341564121526 65.76532517274555 10.944804004459911 79.72370554005991 -32.3571126585736 -75.63793006241886 48.652701372187465 7.952722420301697 -58.01496348493145 21.338307009689544 72.85180579012584 -29.420613964367192 
-97.5433910054444 29.206488074920827 72.48027169113612 -31.622971827963937 -94.39552221244828 81.38423752400269 93.76014828392434 12.900870070894243 -1.0356621393365657 -45.948178498173476 -68.1646674893931 88.56216203585035 -87.34810299885906 30.13832810909932 70.43652116049083 
-83.118627000766 12.557239371851026 -31.58633968020878 -84.35986624481944 75.56699071833972 45.30978106173856 -87.18122566126065 -20.20679226113451 51.18018988292954 -51.42942684431981 -44.66156808546815 57.699876824233684 74.58531092055424 -71.54513210937887 86.16492020971495 
-23.719315909771055 90.91945270887592 -21.441692897398525 32.059123764041146 53.08334512403826 67.22983223276947 -21.913992472345328 90.62206982563524 -91.98960613093854 -33.3767106864302 -91.97298189293323 17.13357649189797 71.44312512011317 -13.578939279177973 -78.07279608214306 
49.06017948905915 -72.98106197282266 92.48095150506694 -95.76823083055098 95.45863226615415 1.778770769432498 85.08311171859563 25.134641037120957 19.160887009709995 -63.697553649899284 7.019071369216164 -26.85264755533565 32.3077638526286 97.85354357600471 -34.47966906642981 
29.82611820995129 35.92234864175015 -18.138377832053038 -10.213104339556665 1.6904691584000489 -28.862953164055142 85.76367617759132 56.270194610565056 31.71664605049699 -11.451958822167612 8.59422209993295 -34.59834956074894 68.06662369758234 20.032180027756723 -72.60028236424243 
72.49670915265455 56.37533257124426 23.140652198815488 59.95946857590087 -2.3404006634178813 -40.61165430935585 -73.97349631950125 -58.48367126694176 -38.77481039314661 55.90300964041381 -3.2857262047569122 18.123449295152554 25.364695335924765 -16.903955723237644 31.318089006484996 
38.19308337999655 47.527683385609976 -61.059067191448825 95.65150475786692 -48.08959647959619 -42.881979576840614 -60.89549221102102 2.5228487663922863 -1.2924759681073539 -76.43771988706906 -94.17738015636581 -90.6981668127397 57.50332527462501 -89.34678390887669 -11.753894910029345 
36.77196229810201 -92.73135779853207 -47.85066893471941 85.79561530522622 4.34300571340664 -45.423822332448125 -55.05586511462332 4.452081597155285 -57.04906910108931 1.875432988213447 78.51267464788125 -36.89167443811006 18.982561731330023 -14.42947345348098 74.42149610419608 
30.492157957294495 -78.55787376829008 27.427973623393683 91.35700203952123 -28.943842498715583 -74.62361833171198 -48.11809096956827 78.01878994576222 -69.20962550611725 -89.87865251696687 77.94951484051734 89.9413665527473 -50.83789187850667 75.32987080228503 -93.53655971281523 
42.25196575249447 82.72458039104399 10.439996366156336 -84.61047680495017 92.72639464404818 -15.55560790084975 -43.87611072960742 49.8140220277329 42.229083552044614 18.86342913393119 -10.398399449163136 -66.84915667871267 -23.061480453580316 79.78417380743753 -61.324958045155185 
82.97693101375376 -6.630862763167443 -74.2516086003514 43.25274152386163 14.328979001003248 -31.706444347047437 97.53747884149976 64.52970923350239 65.50455354444159 -58.884381718830035 -24.601365923947014 -31.655135686216113 41.806920555994964 -30.94615038151713 91.36420598930633 
91.09667715526882 -25.96030637146231 -24.16663097284018 23.265534527868127 -6.723945986236245 -77.5289213903307 -32.41318985380501 -1.7624506121878483 -5.45148440234027 -5.0493624232135375 62.39463912590861 83.56654454902 90.3535714400522 39.653478706105574 -1.2140618231225204 
21.195659047341636 35.72990858110134 -40.4524204145652 -20.833498601609463 -3.8716176429786913 -70.16369420703536 -21.986193986542446 15.489573467227146 5.021953369486212 -24.448435620590786 -50.94097197428413 -1.634942646685417 -16.98707123868421 94.2855985647345 -38.373696882202466 
-27.956986490710705 91.82103816965255 -43.01122810691342 -33.16610909467887 -97.79282093030865 -48.324969958746266 -55.3655053365004 86.11775831414775 -63.57519729572256 77.81025598969819 -22.078518845999213 98.01027488314298 84.13613140545422 -29.195733568574838 -19.628888032360265 
50.73000185703782 -34.74296943875859 6.7635772121133755 -2.520618918561297 -65.1523167765265 -88.02846020166814 44.150773125479645 -68.844700634053 -88.09971436043544 -68.88438951261648 -2.1113335680867493 46.16678844736066 -24.040777254345258 68.9450425015971 93.09721649567322 
29.226340735968847 -77.93737594036685 -73.85745664490315 -87.6635601410211 45.43837080899223 70.8980781438145 -28.062013219465754 -81.42961420619181 -79.35156164220523 -44.585954853541175 -96.67509609215665 -47.201342872912576 67.13565136247107 -84.67502659141506 -10.19223487400123 
-27.69722325635486 11.266916853429748 52.82845685790048 -69.49379400428661 7.704591579583493 -23.181031022731432 -77.52579054842828 35.436879957311476 61.38795515068742 -37.77462513611491 -36.005602438564345 -55.60217761705315 -64.94098700467437 89.87480886360603 -98.24381040977362 
57.92352409869537 4.57896379492928 39.06349536121914 -2.6679633528105455 51.333664787136684 44.67284180164279 -2.222551901776356 -0.6658664419892517 -83.1956120148731 60.962693505946305 -89.74409994045764 99.26467235607078 92.5163944962143 95.10481798888574 -31.156399306287085 
45.31966370188459 -57.16961407562191 -29.775497366830805 3.0078097840234364 -33.94293095366439 -93.20537154616531 -13.380853776939517 -65.78556055931004 88.84773379539001 37.66369760076245 -3.2119411306557026 41.28057906470724 47.67395477206594 64.77471003226626 -7.109453858848113 
96.07907541761557 -18.410045802032556 -77.98551668128222 67.95066204783166 34.288655961761464 46.35032891544853 43.131334108379434 -48.28147411382704 -56.38918635016199 -20.019765817641556 44.68993287970585 -52.22206511433314 -7.646548759978671 77.15656621296998 -67.57283979917219 
-46.49857192897046 -9.436937487208368 -31.7828243139154 -30.26823997293772 -7.850548963818895 26.25741860612571 87.5578502994459 -93.7192606937541 76.69149783907821 62.07088470103989 25.564236171738514 -54.813878243565185 -96.82177490430675 6.189630222367896 40.84912479744486 
68.46560464575754 77.13280632793405 62.203449888919806 -77.37437577615182 83.0221236436031 -37.452819611356645 -53.408302760732404 9.627791659728956 15.181602358943053 67.67543299656776 82.80090095280246 66.77699922517445 -18.29362022536354 45.346333134213694 -12.83739466237239 
21.6319264662165 71.377368287141 -32.686537208521614 21.63443326139138 26.109132771691264 -90.35133259733648 62.50045343872756 17.661427050227687 18.047062323511852 28.553089617625773 -37.77238848054314 55.89696607380665 -72.61033030753745 18.074332362663085 -59.512713145475175 
1.0813882044729866 -77.49624813186979 74.68593317707882 -9.938649079299907 93.63567758417233 59.340580294678176 45.73223053177617 38.874621374438306 -55.668678301192976 -52.20120635193779 -94.85750601451561 22.979094725924895 29.083784411532065 87.0361786835847 26.44251246209612 
98.21262529178378 -93.64454286299309 -90.89668556040039 -47.03802073287338 48.10307289204687 80.25027864919355 -12.378609012198922 89.82731671358763 67.73552005087197 12.327514998453097 69.37837538616887 -89.24364960416642 -27.803291707239993 -70.63092226813544 -77.6151817415934 
-96.70914988903267 -32.41429601374692 44.29181793281356 77.55849083100324 -20.7468209617016 50.19177577945183 65.43772841679086 -21.897021709518285 -99.91923777004263 23.785625130717534 84.41305474200865 23.8480684200576 -29.67008618580556 -4.713784177727405 -88.26435317300528 
-32.292950724207884 -30.674048393195193 -91.3625002251583 -79.41120348459538 81.69378493544122 -17.558635702010662 -53.09253316115097 96.39696499630341 28.304376211785467 49.887119341350285 -49.20965823796828 89.81850320045424 -2.815233139637158 -51.78449370906071 8.929452342621374 
84.58568168709854 21.14704117092188 -29.539652197930494 74.46810735626056 -52.54189531033009 26.19357180215063 43.000474479703314 -61.04537633360634 -17.07970947349702 -97.99511562334224 -51.032493490443365 29.815403967649758 -9.686816869048485 -44.69500997995037 -80.64791304526007 
15.431752215740687 16.909059805522304 -43.012547269479185 -8.112240351905115 22.245994686643584 21.350552737084683 88.44034542955964 42.26411864604211 -45.15468977920116 -33.54329155195647 99.3501945392814 -77.07766744956788 -47.73287528853003 75.70136105803101 -37.1508590259855 
74.88448209342457 31.700645160246808 -77.61090729889273 -10.175521529423406 -1.7408624968950193 93.35877947650445 -40.77727356313239 -76.0185235055248 95.07874125178046 -80.11011218018791 -54.627457189610084 -28.634322474012365 0.6845620533088947 59.957770364743254 77.94326997474073 
-75.3093307271188 38.524972002441416 18.877346829257547 16.19340133740647 -80.54825945093526 -14.85479804069098 -29.85920357379375 -56.333134363181394 42.40285588213689 -60.28754389015438 -75.2358943269246 88.61227435026953 -74.49007873620698 -26.323832481340602 47.99810704275191 
-60.82541813883113 -76.34341277525476 98.02739150435866 63.704270834014835 67.12774080252191 5.075321665545161 71.6393271003644 4.210336216273831 -49.062417108224274 65.28225752880144 92.39138641742298 19.461514519394612 -22.65876816396117 -13.695721529624521 2.877985253769836 
-37.422875715681684 22.10134169839722 -33.65651900151683 95.92660623103436 34.03570058229781 28.070012976833084 -67.08763309063177 -12.482396743966277 76.86089729930274 9.186141064911737 -81.06022334117561 97.89248663901017 -84.05396797769757 -23.169419746424097 -89.75859493525829 
-72.91079194237886 45.69680266080161 -73.01455387573436 -70.57225080479337 -85.01652820817564 82.68271690794927 75.24427400140493 -41.784384432495195 8.494503515695826 -47.371982397084444 -57.92533591559397 19.69271181147188 77.53439614052465 26.85188904744126 45.0597131088343 
-49.666864385617984 -44.3645305435844 -46.194292053087096 9.610493352384026 -22.573268229582567 -49.36020767665323 -18.382082444728184 96.4088611508015 -83.9060168619211 -8.92337949822408 50.18211120924758 -62.36048782980643 72.7434923631925 -36.95104163781093 -59.48984267191586 
12.80727819611873 38.37807379127162 -18.48231938003724 -20.414817873484935 69.34772907309 -84.14093595909628 -48.66454615942351 -99.37509731992967 54.31543375941317 -40.125452336421866 40.68859266512587 50.70278470439922 -70.03163739630145 -62.749861709282094 -9.088155683635506 
93.99481025197244 29.452363162113613 -25.8621314475062 -72.07627153215756 -77.79458763425708 34.268856950212864 -27.322576123701353 86.48666685105161 78.0542598153474 -61.79721957958036 -28.419791488339357 -25.62402171744884 -61.249496955215974 53.790871331314264 35.90958236385654 
50.48591609119407 -3.0260245627361115 -83.69034734174488 97.68465105962252 36.557363128819475 15.15561267262619 -4.139562193348098 46.09372439435933 89.1556305106293 -30.944398817435143 81.08403469745213 -72.69691211049366 -77.20762849735425 63.89000032833846 -33.07435483633539 
-71.3276846997158 -98.46283532417957 -58.975662002460204 -21.60211826579703 -16.667563178658824 66.95519909760878 60.52420820174879 58.98965716381005 -63.2961101938764 45.044993162083756 17.571382382527574 30.94995411289969 -86.3571629358625 37.01564555553222 -28.080949106547664 
-92.40485228283195 88.74106882915171 -76.86636632767065 -71.9118817703003 -86.00899787533909 -62.80790604957216 26.75076612729042 -32.37439981841686 17.50497427659215 18.298434161748062 -20.145728974229755 51.99749749344761 78.14150267922389 9.890622892853472 -22.623289024115365 
93.00333889166507 73.49783155736108 27.293313890544965 -73.18723861225249 -3.026365217626605 47.24793122751291 15.997782800683979 -12.79905274238726 -64.86593213778373 14.481720779056047 62.71855848704109 -73.72483832856646 -14.615029673637792 92.56769773099319 51.39129926272216 
-16.822942669167332 -17.264002406457976 -93.88707608266836 -8.386762254077865 -12.632238448542935 40.546344741023404 77.9402795162934 -18.798296392115745 12.860005534321587 -32.51072343806183 28.07701469890256 70.60534039548003 -4.505458151595192 87.1943793603979 -18.692554633757325 
-73.14043846331265 42.973115843199054 85.36672985506641 -18.97209268015108 99.33244537554285 -81.40187704768628 -61.34271045442332 68.67949685739978 75.69385305916447 -75.29272554863462 45.160771792688536 -71.52539659707422 -6.538907584826774 -34.19621990030228 -10.88622053535822 
-19.748178543484045 12.323324156191376 -77.50345862365744 27.1952764501646 49.98406186627099 -75.7491884112894 71.98186820844322 84.2883361933007 12.802285408212171 -34.45144598176391 83.64529706235024 -25.42180538242627 46.61957535546483 -86.575958193932 77.62702099669224 
91.29589042935282 89.05602297883615 99.0926641857219 -75.41170828710312 -73.28431941945365 20.442578794464893 14.583985906611048 43.62061098339558 -70.40307050375844 58.69985844677953 83.52103075510283 2.1777849138767493 1.840131935850735 -58.974732484802004 78.9773009086517 
-89.41096829729693 -97.0581245452091 83.23861944999106 -67.50056485687583 10.256448975553837 5.595098802984381 -61.499652665791935 44.31440068984119 92.6081143741483 27.13832605777027 -6.237325516623642 68.48232078409904 -87.80358966363013 -83.45759489234447 -70.4321118693138 
-72.98176639799311 53.957963029529026 78.80423733267668 -59.510612610562276 48.096191697654035 -51.66104370978133 60.11729035357726 -64.66929024910769 77.94720921148931 -38.413186240711106 -19.54801186771911 -3.2274642191488283 36.03619861128578 -95.15741222843035 8.555009542700702 
7.34896902642339 90.5754604408439 -10.759390988423064 19.995007696199323 -41.256565168673085 28.12690287185663 85.3941113771138 31.673318669439652 -24.020671675051375 87.42623216179538 39.02589008218203 -60.24790666331901 37.38667513163884 45.89978929047345 -76.94825693661653 
-50.35892443374574 13.62995690276965 45.07915671667109 16.02021151423172 -12.932355973421622 -73.00160505864724 -85.31662663212443 60.58423164390703 -6.426402882296387 42.9278323414444 48.22147540850503 78.2430271395016 6.293199974324764 -88.57593022885234 31.50473928402147 
-82.23849049256313 -80.6738930598188 76.56373849780329 7.702689081587664 -35.18422470495506 8.148842468819367 68.39032495008945 -75.56719444525694 63.453974746929276 1.948709371560824 -34.74021286420317 -94.70644171517102 48.18305888867903 -52.53315197185415 -25.031890095223417 
-28.5403786947938 6.903535605648187 68.6769496657428 -60.34434576060781 30.328903932599474 77.48571144217286 36.49786888312835 98.02668125613877 -40.86364217638712 -13.25494298698527 17.60401557621624 17.07273191146288 38.23218156794786 -6.748185306690857 41.75265646516206 
41.23943134737533 8.373801908077354 8.07618893993795 80.71008725951759 54.23029550478347 -83.19002245811782 -89.98504186971874 -8.244756826411972 -60.11648059870447 81.76259534099123 -89.35089938964782 -27.325922475336313 3.913281730029979 60.404686085676985 -89.577138882619 
-12.657693264356908 -45.38417396974253 -27.96795246583133 47.127994505251195 78.73039971613761 80.28142176019645 18.516210732506508 83.13868085943358 70.8466450647928 -33.07087172481897 -59.646983665653906 2.131458575164814 65.2320052315992 49.557727691142475 93.97669274905482 
-78.20932881684047 -28.413322060362262 -80.4198588963894 -32.268134885588864 -0.6459521972165305 -89.09712082776852 -9.356786904317488 -43.10204844736638 66.21267995771433 66.43332704236335 -9.328855536735418 11.477142399882268 -88.78496659736652 -31.311131381894782 61.8108905728177 
16.181786338091925 -29.660630576072535 -78.96288449741526 -59.86196186438859 28.17411650112288 -2.187913958939646 -78.31116648749767 -99.50492614994353 -4.2640270803121325 18.70359285949388 -9.42566759754287 -17.871436798870207 -57.3572824962717 -42.50081074842551 68.42585624702278 
-28.02876171344022 83.5117203530568 89.06007660513956 53.79808290861635 49.45270112116788 59.45300642650403 -40.11679896644922 5.061980820913362 83.03132611993885 -47.64150807049663 45.20048045657455 -36.25961655604573 -12.328933174480426 -55.20725154245025 5.212651379494176 
60.79693369171309 94.49214738694488 48.34793452138882 94.72057571596775 76.49853157670623 26.34698620358482 45.782991107885124 -26.167930308424303 -92.27753739736913 -94.73588205804822 -5.773891594095005 82.49077893363236 -10.309198750162722 74.97105081514417 67.87533708390646 
94.23784698346219 -56.065953957274914 55.002453782238035 87.51700359349962 43.76366458316974 -67.74386642874029 -10.784836160218347 65.49021770425426 33.82277248275361 24.312080387107997 -53.322487910967475 37.59806136334862 -81.6465460288003 -75.42486551578962 89.10816919898713 
27.173826829151196 -35.55244418769554 9.186090579108225 69.28699071204761 72.12078349862111 -91.67958007212007 -46.00093715553173 92.73502407664697 7.066560162723164 16.887904157485536 21.82272818494691 88.43912933822978 -32.96318496991337 18.433354949673458 -93.39205034569382 
-89.52570321667062 -47.85234854857472 41.697108480847845 -2.590195566966841 -5.147220475931817 -46.31211675298603 -1.3676927238115155 2.9225831159966873 -55.71337397038185 70.21086780869697 -41.25890903413429 -43.75298133384331 -30.436871357142365 -45.65507747957571 15.163204560203297 
45.61788111544672 -78.73371454533817 37.641362403551966 -11.661460589001038 -50.209815319376474 31.83898326440149 4.1598636148748085 -94.64542642633933 -64.90309709334747 46.716946581046784 19.72575489150097 76.94893328427483 70.99428271077971 62.34513694306352 62.151249210152116 
-33.874338906007395 -8.682862006448275 -80.86245467471124 82.71422936736383 65.35543616038794 69.23354292874893 -47.494521904944584 72.79115476385172 -35.92589618529986 36.162363918226276 -63.216808257667 70.57959296031297 -21.245121252090698 -19.761090444021676 65.06792962220618 
82.45225591162452 33.59636319326927 -44.851879658687956 26.227521579422657 1.1185836689121942 -55.12451861570955 -85.88983401724816 -72.09351444040261 -12.208743229109118 18.598432973418255 -40.65688953577842 75.97010904326703 65.34953012006619 -71.38368169507274 -33.33689980806669 
-11.752488891783202 -54.853273486414665 94.07318937962054 -71.56774240249597 -3.9461702456091103 11.366081158088818 59.9837253172976 53.07826693927427 82.69964227533768 16.669512048534642 14.095686795560496 -31.861218015050113 -38.149063194991186 20.99254282711334 52.13619815805936 
97.64267815412924 -59.820581278273146 -64.95345220318487 -90.35598491777314 34.25660552021097 56.4866876750757 -65.09347982678482 -47.51005724963537 84.23820444408173 93.61210864172358 40.30417900426838 -69.09814763892048 76.05678977491942 -95.59589858708424 4.830588034758307 
34.06692308998112 -41.6868355275263 -70.54803931615514 -75.70258457674205 5.78737482150116 20.80956089180144 -88.68628157173413 -35.58264970891909 40.390819847888366 63.00999038103819 36.88925201490915 67.46687191667931 95.45797594708648 -89.94185518845272 -39.824765137655696 
-78.0717787718656 12.334421690428158 46.05866581895148 18.100177094058623 -58.578086769131254 -26.181312887855725 82.5210932978159 -29.025990243769996 93.50313182620289 -37.56788680338761 15.393279567512124 92.81459098065653 57.09892642817718 -13.865736298073145 -22.61622684667563 
29.661012543285864 -53.05371900883853 -92.66718360270589 -87.12069107701498 36.281232561435615 -23.61003419399775 8.642323579010423 -22.35552905470692 55.84326471909915 -51.22482893423037 -85.3899466606427 -63.88277353876721 -36.340711415319674 71.08967334957273 25.026977369319624 
-27.878845916979472 -6.178978249025022 -45.98447651017039 56.64925821716102 5.173504823864533 -83.18376630869133 -11.085377848477847 77.96035059104781 29.873060424476876 99.78633586120523 64.96817315065485 97.02516303481985 77.42826727471774 34.4811032571651 37.423929125187215 
-55.749923334908914 -19.34552014609332 80.94188880292938 -57.70824690762024 41.03467434824441 64.62310721465508 55.85743821467847 33.15950241571298 63.81954413035561 47.02353633461195 -44.76632468902717 -99.20803539034553 34.13665113935903 -64.36707707650075 -11.674044223365328 
8.52863498024648 -67.62993970431899 69.40004594727873 -92.9872735335242 -0.8352418627767406 -33.794898056672864 -91.83686740154093 17.794883312451717 -3.291763658365852 -98.33845316958585 -94.24631313312659 9.496409923165757 56.240605940595714 11.677182831203666 -9.768412886252804 
-86.31160383224746 69.57506743767078 -44.971019949040446 73.53824828533106 53.30085771068366 63.121092865260835 29.6155412499034 -55.87434962081408 34.54686718189768 -79.71590360779498 65.48212380670026 -81.45604764638168 32.70680867894353 -9.8643933909498 -15.379935345753879 
-5.84310216077985 -87.13403866233675 -57.65812915540671 -4.911299527038835 -17.474822515816584 20.245514720222175 -65.3312565977666 18.178603461087476 97.26063073024244 41.55698486465772 1.6759062791809782 56.62657189782328 67.59611754275576 16.0329118861047 61.248396127818324 
-46.27765779339206 54.513294876455944 -60.33146603130979 75.5941781352565 -61.953972714067305 -24.304956828525718 84.39726740628964 76.44520513479762 -12.689325071967644 73.64263013999326 -5.562761467457818 -35.61631406447934 79.9229305600285 42.810924796193575 35.84318424477743 
-40.14603493962588 58.91593355928424 33.61903682626337 -78.99937958970932 98.88087421326009 49.154920533840794 9.752942740404038 -63.33353442587302 41.30188528128775 -98.1125043311002 -59.748877941226674 -64.25333616585145 -71.07169403704339 59.538953849200084 -78.84989243793699 
85.61783491550545 -38.81275300990548 34.37528610860511 87.21533062395957 76.02060327312904 61.10268612721302 -52.03370006016148 28.61691695525846 67.46089912450213 -57.459336234508655 66.46719526189804 15.111287166610182 -70.35430317341311 -78.58737729200125 91.55371017426063 
49.20745188829787 43.61222698439775 -35.65687481059811 -28.364615547473022 87.94386084389592 -27.76174155492687 -52.56359528697874 48.14882455584558 20.705309160777844 44.69306123183125 -99.94049746877447 33.36020901570632 49.79122264955649 -70.89125192868278 86.3967795274483 
54.84292922018611 16.3250164124606 76.43900252585908 93.47960586867629 -68.54935831565797 -21.38405332688862 -77.29746108864765 38.275193821456895 2.597731178616172 -90.5499220829677 -68.22676810621516 51.26450007022777 -30.712115522774084 -52.863936999574236 -1.0226611846025406 
15.807757418041362 -91.0635541141935 -36.601497442266925 -78.8072907198921 58.409421735792165 -10.689439435707456 -88.02066828371491 -49.864402920509754 57.0502525566217 46.160060394749564 17.215265534015373 -53.13824240958254 78.39752176686196 0.5579207794449701 -78.93710971244987 
-83.6973457461604 99.89875152107663 -20.37914804349566 27.213018714192145 -56.451500075637014 54.71316227870042 99.50154915847031 19.4520232879336 -97.04298174535657 -50.60271716409193 -70.9094497201046 -80.31180758276918 -49.66380642920536 -62.721015519200506 -61.24554340309955 
-66.6143214748214 20.811995286130312 85.88364780324301 -34.98869970269527 -56.73314097791435 62.18482951441297 -31.971504882655054 9.985733070168436 48.600318653090625 -9.852920233503397 -42.166444587346085 -0.8474445460026345 30.969643166261136 96.34433637966117 96.65911971388724 
-57.39444807459107 46.528957646188275 -87.00369781847675 -49.87951197190412 31.16440550109877 -79.38032184810086 21.731245859007785 93.44764861515387 16.64280972626287 -62.64147799997719 -49.349334248272655 16.45037850494124 -22.138392093355023 1.3440546423053377 -29.80615131397775 
-2.6460147671594427 1.7365577088006319 37.97553992231266 -13.305090906441848 49.217601021879034 -55.49177682486841 -48.575087034400966 -13.329133879459349 93.91521393215507 97.789111440223 41.3829955076136 -49.78676153324215 8.380090348159655 88.36928167942798 12.192657035712045 
18.646152684752565 -86.51778731869408 -51.102421470335145 65.97252480309447 62.89292414808429 -74.38248609481404 91.65010628614087 65.8839064775581 -60.45652212428627 39.123636817752526 13.382447561605645 -86.57210791967688 99.62396100104507 -49.87012332302299 24.86018317626734 
-8.331967099649049 -1.5627462037465705 -82.53238430367475 -61.13031823332822 81.62511353846565 -33.22468611382041 35.52578708276272 67.32496932264829 -84.71875205873549 -52.9586080607086 -78.12292563315037 91.49972239562715 -37.07713652477036 57.373426051252835 -20.982053927777983 
-84.40154362350356 50.4043942069346 91.95052025924431 89.74707648034794 -10.314800425018973 -38.92012453344922 16.176077618125333 -53.32731991431685 90.02051561093313 -18.11657541233241 -94.88609495510386 -5.485133777689953 72.16639949191733 63.84961616599736 -20.945282724872527 
-15.914997867954355 -39.59883519104639 37.53418717845199 -62.719014940717074 -23.910361644024377 -80.82803949597078 73.6057320439273 -21.706450296531372 -92.97721772130762 81.16543268557567 -63.15215075527168 -98.84893410382985 -99.15651654815629 -27.70017390223923 -42.94713571286471 
-61.91078516075117 11.077882511764244 -94.0202495644485 24.30730678662289 -21.031056022869095 91.04663877867259 83.63210736950452 12.996426200560848 18.90094335640873 46.84352143825393 85.18140404372568 76.97700949860874 2.8104816242594524 99.83609712073073 60.70685429801253 
-28.49190341983126 -67.09129039265491 25.228719550166616 -56.855938594264366 68.14482233424513 -80.92310713421492 29.944305859058716 -8.372428403333302 72.29954099209252 -80.51745752044918 -16.448479110603515 -68.43123913110148 4.354981365163283 -55.90936774556587 -23.951151804561064 
-8.90037079869785 90.16159639837812 -3.708583606858042 9.26090299196376 -34.84944166047799 75.50952450135105 -63.16331852579849 32.06546930143955 -75.739589056246 2.3029498401940742 25.712223104392805 -99.40261548701133 83.72348714016127 -11.489583572480484 19.906047045673517 
-6.189709786469265 -2.131049865313045 63.27347776116139 16.87367400542638 -78.03637365417755 -38.63821671970984 -31.717581573045337 -53.863302431330794 -19.6753178697806 -33.97095931369995 -49.96442163591526 37.973079329452986 15.6127986177123 58.20598166517945 -56.24895435002979 
-10.195494788726194 77.41011648631718 87.08110518736794 77.31633867785098 -48.48630885904359 -97.1067657242 -96.85397220633298 -13.381332606907037 99.67562136194607 10.664329552193692 -91.861704565201 10.982734456072677 -76.69929025093356 27.784902799045597 29.546970011221106 
25.870305412461605 27.25938338014214 -80.9570834742855 28.152373177674463 80.52018293991267 88.33542674850983 -2.737957215225123 41.46896173971504 54.89596616240448 -6.779198082097466 73.77162338490314 -68.4150520526963 -39.99501443023814 -61.76693303709519 -2.2903849965631764 
-47.28054795578096 -48.84293572313503 85.43045182746488 94.6874007454004 17.30255865426298 -17.26992676607327 -31.112223721809684 70.06446627504809 31.884015780681892 -41.02624342397056 -93.52166628950671 15.113365822465227 -12.66879927661553 -16.889790468592608 91.28140447422038 
-33.947393073337324 -71.76979264204743 -73.77918224328586 -0.37287049031591835 -29.92514828055475 -4.651543133382049 63.11282137808371 -35.962555498691955 -37.48220234536546 -75.25226885760546 42.23561003312673 -10.527755592120556 -24.971255177901682 -19.899573535203444 73.86211944065681 
-52.55116617364717 80.15602953271238 8.486471591229858 -96.06543771808407 13.449031090137836 96.91005751220007 -40.961987886882255 7.794643650045046 -2.0382964253023346 75.43947100031681 19.01110843649532 -15.391673314558687 -12.81299657945938 10.323780210013993 -38.09373650992527 
-57.28459992732824 -44.080849464292584 66.90214820752178 -63.2012191937521 10.472808579335705 -47.10030890937842 -20.859432426735935 -22.66682192672404 50.690461927629485 -37.53424441931481 -48.446658563830546 46.07359049143483 -54.59507943940998 -26.787808196038853 -10.012732369101059 
-26.137146290075776 34.99391756907576 27.185534517207955 44.79304438953602 -98.56441687859162 86.42655458690155 36.357737719799246 -19.497258688668722 42.62822736388043 -57.17662252256797 -48.27368311654734 2.933669637559717 -14.663678066871384 -8.698123924337992 -2.924185326279158 
23.350556294454677 23.981841035804834 -10.363940001153324 -58.32655314968107 27.709364759042515 -8.685508065408087 14.855772650889548 -57.578675533995764 -13.084477676705745 -58.38626662629633 15.011352485600838 -79.54090569285782 -3.4809295875147797 83.58849955874902 10.701053004305933 
86.09320992365247 -40.59426963364925 -18.040587551444332 -61.84870210790878 72.1266476791923 -6.306923469267318 12.53240361043531 -99.48631393791167 59.6712353134028 85.22360171556556 -36.79467201066831 58.10262724433525 -20.032389802463427 -25.951927656156684 92.09721904998881 
3.0886939638081543 -92.88717534502531 53.68763323211681 84.46314628227336 77.57992830816724 -27.64113864214856 -23.5327692141544 -58.22558261251072 -56.96050227614899 25.24226504653528 56.630635733567914 45.770747786681 17.650893907139164 -66.90150412911194 11.146795265944618 
-54.57565970101905 -50.226232022725426 -18.34852076516779 10.133836429700338 28.633074264332237 94.10195664553896 7.598953011437885 -38.54248506652023 -98.77516660316996 -15.509750243872162 78.89744111772379 86.13942503984197 1.2893235986722686 -67.3321040794381 81.55400232835987 
-13.536747200307843 -95.20750804777353 92.8425387683711 -51.530330976057634 -57.35295930003621 76.46790756408168 54.77445521304534 -60.63774986396388 25.553240266010306 -77.30211106963765 1.56738889105074 87.64981482603022 -99.53926364485 38.302910098830495 -48.548192261636956 
62.411693538839216 62.62015231054494 -18.838822544655542 -56.03931960493642 -7.8920342681822575 1.6944964875764015 60.144813533793155 84.12369622244583 38.60945487608595 -57.364050668319734 -8.315214466381676 -48.94001229373968 -63.30324329267276 29.824697242154627 -37.14109047651319 
9.956316333609095 -31.511016106210548 -60.66202168587252 -59.265423686335986 27.934377786004845 11.382730420669418 -19.648354833880546 84.24905664070008 -70.96980764816145 10.639522341392578 64.6788199506974 83.85262438341363 -93.54420819985478 -59.47000059978773 82.4669895959326 
79.51127768141316 -89.05880908366817 -47.35537513981942 -30.434826521554356 50.8752431723085 39.6268314273467 -20.107595502215858 28.782920238009012 16.172808079869043 -73.59699966952896 -51.015102661510745 70.50658382842161 -22.39550862798012 -18.329425771406235 60.219155230283434 
-98.93351949022279 72.24564349812556 33.57384115417318 -76.58417803490624 -12.962638681486169 57.405958439339855 6.357239542754115 0.16415400631240118 -20.045760740870705 -32.08951815020056 -43.89531007733125 -6.668419602769006 -1.5356312763501023 74.7257367947607 -47.71425014133654 
56.22119601922569 -13.006544831542755 -12.778448727158363 10.971730469420905 71.17075939329317 60.65455168095272 20.837242997464102 -25.186978016500603 -99.02180692283686 -69.28532483454177 26.82310609214953 47.09393341962394 -46.766300304580355 18.95315310882677 -27.377212336110347 
-84.03308087392867 -97.36330753225506 -59.197374869940745 52.396590443674654 -82.8591598468537 -44.81110173391096 -79.64393040560671 42.202813933094404 71.66980985607023 59.362500798959815 2.124016444398194 43.099946655435105 -78.224263799627 -28.35874053025627 -21.985462590188476 
45.27449249571353 11.26301007201262 2.1342695932050617 -28.739934595875653 40.473466682725615 -13.859861550366631 39.59336113295811 32.50443752290073 75.32558290098254 86.61876428766996 60.715063761198536 -6.445405675545572 92.70711407383754 88.00470320758899 -25.479613025848295 
87.14822984753573 50.7877033494903 -36.95152234924117 -25.974111547333962 88.63001216422316 1.2460715047344877 -57.763954157190156 -25.202626027370556 -88.07151234986712 4.270505070923619 9.428925672514694 28.138296159515647 10.765349360219062 52.3109285936207 -65.92355389799758 
-22.570274494603353 55.47270223928916 -79.28291919413255 75.57865624708657 -7.471560788221069 -34.77758740700506 46.18900659238568 12.003885724952994 21.377130510507314 -86.5011599087072 66.53082961992715 -45.20114436997504 39.39084061428423 32.11660497390244 1.3673815232287296 
18.302244916386456 88.44823357074844 -49.921611018206356 -74.61941282490794 81.91620736786015 -95.10486858805834 59.098387267972754 -87.90066604710962 -80.71338239449778 -56.62802851499158 -81.67801251857534 -56.37325631886152 33.11126206194325 41.517574711352864 -63.252735846657735 
39.20811505314049 -65.84536606854614 -25.858952165137467 34.25555141147268 -64.60044521444459 -22.803395235244707 -29.40507533173779 93.24978710862604 34.38632996331651 -1.7961806091200998 83.94379422701658 -84.39468113550774 -32.89887731576506 -84.94310798216196 -0.13348885050817216 
68.18743458584169 72.98063018487747 72.27098870569085 38.474157379701325 98.9259950025521 -64.63592498821404 -85.50058028698888 -80.31116019565876 -33.36451064925596 -96.37862681214193 -97.91465207808034 93.44140223746061 -71.5982521208339 -24.710542180357663 -83.37840681385899 
-0.1177953166327228 -46.13512464072089 -28.10995968014312 17.859030906959703 -1.4353131550770541 -41.85299931551432 -44.090004901720036 -4.080729729444556 -60.231961048563875 -75.93378082062574 -53.90735437423473 -11.98084851262064 -61.6230897580502 -34.51451028686816 -74.83818905245477 
-36.660412937646015 56.542960234334515 -57.33069496953711 22.107377493288354 -64.75270219759355 -13.140790074224213 -53.142683048257645 -60.21891550882308 73.07300073256934 54.067633097405434 -20.46127099634269 14.01071806157799 -66.30947755441466 35.98218763788438 -15.700135790080608 
-90.12734211911409 -49.319257063934366 2.7512122552126925 -86.50808057381695 -17.56674965566181 59.93390123078757 -97.9527966756842 57.1465409507166 -33.173107122579594 20.84647743117951 66.17699328982587 90.47939376156609 36.7562966180779 97.38865594108697 47.22036267578528 
29.560882176473513 -20.35489385707008 98.91144203670979 2.4782920627800564 80.7512517588033 89.64951517003433 93.1588519472084 2.8261400905502683 -82.42031628918679 -24.744888667033422 -20.043827292549437 49.27986756413398 14.873715907510515 -38.11890607902508 -12.101600551869794 
-81.55710913240404 18.98159149967769 33.47583931157146 -87.13706475564555 60.77845511390498 78.62099509679734 98.93873944608379 47.766437778332204 -39.41922684832833 71.66943875990825 -85.05627059855829 -68.30321612243935 -36.20760800990277 2.7016822264942704 31.880245379096607 
88.50475991470171 -3.287711404393036 30.627066692648867 47.00776841763769 95.84516784074145 -15.183723363699286 25.55587431308308 -51.63879699704026 -62.48196377990656 -96.75408722533459 -41.626866390402874 -88.65531258772603 -74.05170828228609 -0.5328321969308547 -34.931145045301065 
38.183519448180675 79.32188589310982 21.741438248996303 29.880307947575204 71.74878728230155 -30.70028673857665 22.263821786797664 -70.03648560443312 42.10436004666923 -31.204007751901884 -19.987674158711982 14.170556427184792 -71.58118936983428 -81.24913754407117 -77.82068378790738 
36.94824570388698 90.48108210216213 -15.764973616941134 -24.37897914626018 -28.450627065620026 -17.612149390166778 -16.56156973479854 -20.460827397140278 27.86485727138961 74.70134790233669 68.20175351989067 -55.66062952041211 55.57043741017523 43.745684278330685 -13.218177876984953 
57.584334842217345 -16.047762019344233 17.034458994058284 58.52453140595432 20.147943340526254 52.74852584186996 32.64624542951617 -68.80164069024872 -40.14283438898947 17.42348142260451 -20.848629319132343 -84.87319509415093 -47.33844776171554 19.43634047812364 -0.9092162042686454 
-40.382612996317626 -83.45792104346255 -65.3844104679535 81.05609280621863 -60.076535312685245 -21.255394736689396 15.981892225527588 22.66479317495663 7.193227564000807 -60.030928876204584 -84.28502688068616 61.877597767065595 33.27615534931772 59.232366299144644 -80.74535407033864 
93.94404707178464 65.06963578116222 -20.966230802069546 -58.84712308179394 -22.59688205003505 76.4076797169466 -79.94817768089133 63.541769059819245 80.35398043363566 -66.1685861476919 41.578347345902785 84.27500236466878 50.95089961751077 -16.83562397730212 39.950574020657996 
-92.5595456948811 -41.54894276790691 -7.412589228022 79.40495312563127 -11.880718861920656 37.419514600239324 -31.810079760232156 89.07247801354342 -72.63700459807066 -33.268055612646634 6.743988479313728 -72.69651919504543 -25.449748686048352 68.20822821806306 76.9957756440746 
6.447958015768691 -98.0940974644309 22.2053048885422 96.99282540887117 93.65810243261862 -89.11155123761758 41.34917815897464 52.20366877839328 64.10347398922445 -91.54928633653552 93.27313795480737 -36.94114394026751 10.206053922718468 -39.124839294292315 -26.8538288984129 
-43.550865412577245 87.87070112152293 81.44963919626952 -46.121966275177975 -16.792737988652334 -50.31981830699805 84.88411958109094 -98.58909236156363 -30.820929279492404 89.74479621962871 -2.039254661739534 60.117445996941655 -4.162140124893369 92.99376182157911 -62.8455239222562 
-56.07699096012539 -21.828100065629457 66.77814974145531 42.51948233692684 -63.51219575636322 -75.38478901076671 42.328751015018696 97.60097172402632 38.78083759982101 -50.58407311795368 24.237223396273123 17.855160845826973 44.31953319176742 24.71067582314734 -50.39697447460894 
9.757610991354142 43.26679369598287 -5.87249841088429 -59.06255359048514 -48.3094638075038 88.16457615802565 68.26454229498262 16.2577796149463 -75.22219482329122 36.997633111656455 -92.64885134627366 -65.00726616279333 42.30851444514596 -84.49668074161283 -96.24648652461774 
91.73172165678972 19.46589368166751 79.93339363362776 -50.87502036414753 98.75634209309206 15.919066374172914 3.271949000147174 7.732677086028957 -41.099948995128855 92.36748239536695 -10.48595456282888 44.270918164042 77.25733596518532 96.67001654671321 45.393348051873915 
3.5283231112884152 32.47909057459228 -56.849516355198304 -14.135078055989567 -8.50311531748629 4.900336553746669 41.57171119585874 78.87103526942417 -61.997776197520096 51.50204801729734 -21.51799684874854 77.7569606847079 19.464536211201278 7.258766535052018 14.6427462683899 
-95.98850064596935 14.53110698533959 -91.10979892733049 -63.247752358754774 72.21979853395527 78.84082794408198 17.331545501166218 -66.85156514027778 -37.0891384180261 85.15093285940276 67.88354301566562 -14.668472571699255 2.948067155489781 55.56385911620552 23.934854431906643 
-31.26351213157878 50.71226867165498 -61.47931840206277 -48.5623874504681 -6.2810072468068086 -0.374116026041321 -73.92193423821543 46.40309176739976 -92.3766759250918 29.095507645666714 -79.52838445065154 13.54187340728295 -31.065449723053476 -51.64311173743701 -46.54727787603794 
-96.41092605245815 50.22402560494851 70.40363519849979 96.30488784146061 -91.38868415053143 -9.722118795351449 -9.633308266790408 -65.98887767305214 63.8625226236141 88.79493127304727 92.56440302195674 -10.882066350063951 -5.5988311404386195 90.56454654699968 32.540530034082025 
-26.284607342033397 -21.67299460370002 28.20481232089739 -44.37647664038078 97.39223305250695 37.505258902495825 -22.69632674582911 95.68728078444417 -52.20716942389605 58.759041813691 29.806379309384624 2.0034277511692835 -83.95076341905593 -91.50378961095163 -39.09102107530691 
71.50105255232094 84.25923353013204 -91.94104666254574 -23.443363631624607 0.7576367658110712 68.11984163928324 37.366519895042956 2.7806962156612087 -38.968018535322834 -62.35421259432934 -96.26017660367567 71.32011132124597 -92.13680600079574 -8.241868872705965 -13.74797928410041 
80.20842729999106 80.76807239053278 -44.8875470731426 -82.49803832575913 -49.84009530465245 -19.581864876151343 -33.406294689803005 -22.88409003705847 26.951637174042858 97.58104862462616 14.527511352111986 11.8421374997193 -36.2310406234533 10.900530401482044 12.679014228477541 
-32.19437504066033 62.84237893368331 82.67169231545267 -30.877956146415684 95.26180198330331 -85.39717131669565 -66.80459280607904 -57.824743097919026 -78.11222780730292 52.036493696040395 2.5251698614509763 61.4360149056329 6.63425426682555 22.58121434513167 -50.52598106132897 
-15.869749146966242 64.67424785377995 63.94952619643536 -40.67376593796308 47.43928112710012 -42.468625078702146 18.19104525863935 70.67402008751745 21.362085320732717 62.773244880158956 -80.40538639449342 -17.129528364037583 70.61915020532646 -1.5622342947566779 -91.16584615817563 
62.80483736175421 30.867800284128236 -69.59044408464472 40.53726881744052 70.36868525275338 12.417199456889037 33.85880638844628 -39.653463140547096 79.14891013093066 59.166712579109316 0.30438359317592756 40.21064393451644 83.39497881330627 10.39149687739409 65.7538551602527 
-15.807496449432207 -81.11547936074822 -98.9053817541399 12.210902995209551 -74.77392610335284 -80.4526266350901 4.657811304244149 72.48956787854667 -96.48581540046544 -42.297325543600635 -49.52261992893663 36.38824065152863 54.254751343862864 48.61390141465159 48.20506560535375 
89.79760443862065 -58.4089240973205 -87.00494968731948 -68.1105467707723 13.31324975260317 -88.85019117325545 18.594404789111124 28.371426314628906 -9.276073282130099 -10.248251836477465 53.13127262043167 -47.91019869321291 23.71398304230958 -31.2160180983784 -32.84942461173175 
14.939583288681632 -49.00478737011129 -40.35325870025774 45.211367083316446 -29.612924503046244 75.43100912547601 -87.9698100129813 76.33711534352281 28.645699269173235 19.0814988105912 -10.668374972783894 -10.114731352160206 99.39171017908083 6.567533095457193 -89.78664071833842 
94.09509838329043 32.24461895981642 17.945539828977203 -49.75506727340255 -73.1096531063657 -98.35420825336732 39.05547212025277 -47.08461222003017 40.545285918021364 -7.08785013775784 -80.83732204128609 95.5454388774447 -61.034624629005954 76.93709625763441 -62.97717135180767 
-21.741263447079987 -5.429732820520968 35.70466361684697 28.789358932735098 -64.67498762080848 -78.2811105279078 4.408641881594704 86.36626176600046 74.08362751412258 -36.86454999529205 -73.86119920579213 -80.73041031108909 -55.53662726368109 72.93270716003809 -94.4763070860454 
34.98667127848418 95.27548836741917 -20.704951898153823 -23.35113090481154 -34.97726266149772 -0.0306852851369257 -86.57812124007201 0.04076953219839652 -39.63088941220458 66.95157683259288 91.0818745899719 -0.8234731793688184 45.993911368662765 22.430518711620323 27.598473766527192 
-24.251235680418716 -73.62193045496497 95.89433757150024 7.520478351823186 91.51076138048754 -21.372147735550186 -60.22531775781632 -80.40744187561998 -32.12390784995054 50.294490047381544 82.7185296755205 94.61161824947575 12.281351817454961 -82.10001454789762 -45.655055396435465 
8.134547082894343 84.30714984191923 71.38320471882795 -70.32823380193861 95.24828452288298 87.77271773198407 -65.70013092349483 -16.282925014498446 -70.48999032192387 33.80788209540947 -32.50014398718646 89.63873683565907 -2.08103085110028 34.88129891219944 20.76797864507796 
-3.9547533562598147 -31.99514992381016 -48.84577636492813 20.873379307024933 68.85040878533968 50.1729227676598 5.237276163236345 36.559452276953465 -83.72882063335886 37.3133588109354 -15.582663092258613 63.107342598075604 16.62543205635562 -86.96460867145012 -49.16455353052667 
-32.72910829638221 37.9295370474299 33.122071578141345 45.21433333403567 -29.71204204111612 -9.862814126056762 7.393412953187806 57.01704879529973 35.98970705976669 99.39535990965621 82.52663550372128 66.40734326585414 -13.957033343005136 -58.63558967897935 37.764953228218445 
19.07350512993989 37.826488877317416 -77.20075569907057 -34.431852112872335 -26.92682557364317 82.75552894482055 -13.731442438988267 85.70805537945944 -69.65795877730419 43.30516119485657 14.376675276491952 -49.05930717767686 -52.522809371967114 24.05142300206097 72.80187796212743 
-56.26496966481267 27.42310714692391 27.372586341798268 6.829766123020505 78.43403396852221 79.34598115050733 -44.51896181237216 -78.14365926940448 -27.143986609703987 -34.15382836658465 2.0505001589856278 43.56503740500733 8.953461003129576 -33.72775219141555 95.83277360841453 
-66.24621692215322 74.91545872936797 -71.51236122345969 87.01411899780805 73.55029202826117 20.710611140585144 -85.53819159804199 77.87220453648112 -67.14927356981272 61.712329721264496 -97.1791411667289 15.043585810581632 80.8748288182106 -95.48013207142583 55.095781950468165 
94.2899388770667 33.71248737010356 2.448765379060532 72.08053184038727 -46.97831756116446 -6.091538736151165 -13.686522438919951 -32.9996700495456 -58.76221015707876 1.8598593944386437 70.40963233316569 -78.42817307603784 92.63280478768152 99.61103816913086 -84.99268562103134 
-6.65771276025076 71.19734933898911 17.99190158718642 2.5452494360440454 -34.41499419635802 45.724951413430716 -9.973462810805572 -80.03148420290837 53.57383121651674 5.493769782017409 -33.00163690853269 34.544899302719585 80.44380494134441 -60.16639190760436 -46.36434825519893 
-84.33122961707082 -23.927287600955154 -76.43009356421203 78.63876646290032 -41.85128277423695 85.42871989992321 64.08232051891807 -59.04751766452128 65.68866984815656 28.698220218923268 51.5113905477769 -44.58892850643241 16.998943612360492 0.5439427877242764 88.2008829405045 
-93.53128038819017 27.765635412698472 -22.200049720601655 78.55667324222847 84.73209093466275 20.531823391920767 75.73346584422023 32.97180303031428 79.8158506626115 -77.89528537499268 -27.95171137816108 -0.3369328596394894 -46.42005773183402 -90.16941545442742 42.78397153424726 
-61.37454481013334 -58.505852363189504 -35.78817546501696 16.114244178327112 -79.58264996446214 -56.4545086891455 82.13273481062734 49.45719228231815 62.70916078403343 -33.849272875102216 76.2315083930325 -9.123820671642818 -62.628091535368505 -21.198927057216196 33.10595694147409 
-8.330714299087091 -68.84591170271604 54.06937720743571 -49.87611391341946 91.9964204873366 99.921791250779 34.25481580653704 -0.015408351587382185 21.974128467729656 -7.748759953425434 -2.7084124314667974 -51.88638503390906 -31.258793885742037 -48.30446262326811 39.219924384353874 
-9.642751709667635 -75.35663268634056 -22.819855431471908 85.76236206238147 -80.4572666770602 80.07409511024787 -65.5323938690775 -37.18297460292259 0.26097760189485086 -19.217214504491793 -91.38056812372928 -83.26846404340067 -47.51704512861783 72.42452628087602 22.823027973419215 
-31.860991837840785 -40.352955638731224 50.67768485593518 83.67507469684188 -20.909377687154375 47.81356034169704 -85.50584968212904 -36.302911162653764 -91.87091921439283 77.01748595539556 69.16494620166492 -46.483596872398 -92.94980247353142 41.12931630182186 -66.31166589214072 
-3.589824066861965 -11.80289452935304 -64.42147595663994 -40.58751782393559 65.47377586588703 88.61875919786777 64.17664781561157 -57.58288156937888 48.25357068077423 9.775914093438033 -49.434229365793584 12.781362674310841 24.455113818502966 -70.71816696426573 -39.60662793905212 
82.33111089238577 22.213262864029332 5.93492037279313 -10.742269044854424 -8.322345096647979 -84.97282232836395 96.25473354344331 -7.3043033935043695 -61.94550195577682 -18.20298447014956 25.31759332687085 37.9415438020844 -11.497436137705662 -3.57791720325622 -5.328643669596005 
70.99050256601438 -85.21162074477537 43.579730588748674 88.04147717405405 10.359120124973089 95.96133313483216 64.41742821922128 -82.61250822386779 74.32168003561677 83.39889260014635 -85.50624353328101 -33.35050027893081 -2.2498020691507037 -71.59919697602872 -78.61671513609625 
-4.10513563106494 47.77880725309342 -24.7571316878646 -7.321404662373794 -67.24534392451193 19.475444067686936 7.601235899672616 59.65048762496659 -5.824658923683089 41.016617891594194 77.31475033162937 -26.444774161948942 -0.5205458192242105 72.4109173203789 -20.631666495110593 
10.185820176549612 90.82719019927376 -62.71880645709158 80.72887052647664 17.881658115840466 46.24586509272339 -93.9154616436481 -55.49420342476539 -38.55368248130373 -59.83361953491202 -20.79167943602451 -8.996323284079864 82.560815568212 -28.228456901466956 -82.73138293500381 
-76.27537413335594 -48.31055243168139 -50.679177315641596 -89.44600321191756 -37.13791898700642 -99.27602820074193 -81.92557438100326 85.69455162642555 48.891567335766894 -76.01750969466701 -45.62259625992346 6.457345905706987 53.551783122499955 94.42077159854273 -87.14545233927286 
31.13520871820873 -81.25050633290604 -41.716360576047286 -78.13177281688328 81.03688616546088 80.83598438642798 -19.26822838132125 24.5140125005896 -51.2953344426192 47.472155182381925 -66.24750355608043 66.31712919041186 -15.755271098995465 91.57375418004685 6.478706984859798 
20.603063742200533 99.47724287350707 -57.23898573510182 87.16585068408088 35.32013320262587 3.2358675830156614 94.919944367916 53.95705126894356 -95.24375638691119 -97.30107787853248 24.7607746930765 98.37297634548909 60.75997075741046 -73.2260896794253 8.657707367504884 
-63.967082772940856 21.247445601381855 73.40301414126392 44.532709646330574 -16.35705074541272 -68.04257804617191 79.49159226868179 -30.30257939052079 -59.6842587639189 43.69150893384895 63.870223679415886 38.2359592885351 -44.50619063137906 -89.40595613177464 -96.40795141355416 
-37.68018825819157 25.300546241554827 -90.40449859514143 37.2391631750271 18.302404218134583 86.54535703414453 -91.88387044216037 -40.55599430991577 -62.11024936030005 22.264452156779015 -21.27211183545053 -90.26189060250502 -33.99055926007526 0.3165359603797526 -87.45390664212285 
84.87270835579096 5.4748463498347775 -53.451354383330155 -58.72609385777614 59.36351696807762 -35.18621520737548 41.406151060252995 76.48653185661692 88.1540736810947 23.573625652433734 18.23041830901097 40.34848504915894 -17.070996848929056 -26.016434873529874 55.471658976007035 
55.07406722499624 97.20700943338352 -37.21599123796801 -3.5423574318078863 -21.07550164189537 -6.6270501954586365 -16.986930618297606 -75.08931611075019 59.12275843168888 -43.554155610340906 35.01838133345473 -13.27230276799402 25.1585218219992 -8.194287472156887 -94.02300738903853 
36.874862049371814 48.059259028766235 98.21108272833126 -89.89174807666478 -51.97967570128566 17.300247138210835 -45.66384956560236 -87.93989059903602 -20.891288049912404 26.89756934172378 36.22022246949152 98.6665428480226 74.02144368229696 -5.175730734043455 -79.50051462196876 
-30.946200577321974 -75.67842759401964 65.28995533526461 8.821378618086825 4.146770544435924 18.03461928133288 84.92608314006375 25.584965896678497 28.533755389277303 50.307582061585066 71.13311994892811 -99.25698416135987 -14.550450177259265 -32.2386843854449 21.31647541032386 
-31.246002755738942 -93.09988830177878 32.3195715440302 -78.17907492806926 56.993332594064924 67.1691265734168 53.65861523035497 60.98396519370769 -19.690124341377796 46.22417869241576 28.248101534404015 -56.96069873271039 12.382184048305604 -84.49659870650159 -81.83103158184275 
-83.50431225164685 -86.54755745841942 -20.822959039918246 65.676703644838 -32.94063425540628 87.04353455081605 -70.00271925308377 57.79535174885203 81.73515246633406 18.328428667040413 -60.477466900208924 -8.180452985696846 -11.467000329982994 11.94411999302973 -28.617525914511205 
28.99227472745133 -82.13415126430472 -56.520621129799295 79.25057936452959 52.416262569992654 -2.118446931111734 16.419370481628178 96.36291788985338 -10.370626447402103 -15.594896737117423 91.37281314745337 -87.6276921031577 41.73438824844163 -17.89669835958931 48.519618250502674 
-92.91275787031819 -43.39416980170152 -37.255640143837624 -88.8837021797015 57.502399698502586 -19.578613100934717 46.99790324092373 48.48932327402753 -85.55878592138204 48.9218572074131 -8.872241826819561 89.82322384370798 -24.719199161042553 -84.1630824799916 72.48964175716259 
23.499026644654847 -30.672098227378555 25.015195397264606 0.45286872591799465 28.549022045428387 -64.98863900171477 4.686421153945446 92.60579305624472 -35.787146601780265 19.726114802295342 -34.61681734209559 -45.95736246098063 -63.593334641185436 -61.644856792140715 36.202675654760526 
-26.266565710396065 90.13034570909747 -7.531319783594867 87.9957388187899 24.035206068103236 64.70849323444321 63.04320133290011 -96.83498787463793 18.394016438076278 1.4561264787963637 -89.58278622704333 95.25306073153419 6.409620414675899 -73.18833190459478 -77.54815380550231 
48.61893053263046 95.8893077241272 -46.16331635999749 -30.782457027471068 -0.8859487361147131 -45.586699875250346 10.398998088457915 -67.02454184470344 -32.164895235183465 41.83877760925108 -59.919409769456486 -55.96152022765231 -74.98094721527778 69.94161882862713 64.36623003242369 
202.19981081532444 218.02954933956778 264.5277664103336 220.25040623696572 296.2248837787807 268.8090625878834 224.98740543736022 273.5800757624151 284.00288736132745 218.7462192978611 278.46135654110356 257.2293036901148 205.98908897889035 233.31773640639562 241.30225001245503 
207.97831344912885 294.59326477129537 259.81489236277105 287.3938988771473 201.801083947337 289.27074440340425 259.0361225877405 284.70750294628397 299.1071447091665 297.28113156711635 222.9680375459984 222.30457969184448 202.21428995427672 217.62112824371638 241.51493160151162 
201.44734334582353 202.824364500356 255.98466158877147 239.88032399958018 295.5032538077577 239.0803407844318 216.23881481785176 239.57892587866982 235.09547447990974 240.2798459448466 288.55439341420737 267.5758666029369 252.18994517616258 279.5496439139407 200.2801569085322 
-276.20102149643327 -261.6554955236765 -221.1950765957321 -221.01331312969637 -234.33052214575417 -292.7089942847755 -208.6285386975104 -223.82429657028052 -214.80615442600362 -292.00523753573793 -278.6075132796988 -218.36066882831255 -219.0803864984001 -245.4823510922156 -209.5856203290675 
-201.40805019541293 -250.02107974594182 -219.65520622869596 -238.8558213991283 -217.51298235507812 -292.6546528944325 -289.1134091064481 -202.08466881357052 -237.50317093517157 -263.16206722849654 -289.2269689986027 -215.3936393081666 -292.09150786118215 -288.8454859219758 -261.10086242728744 
-211.27339698387874 -236.42570475348478 -283.23097747775114 -286.06358647763665 -270.21674648621877 -291.8202786029156 -200.31227934144755 -274.3245115275464 -289.18154996051754 -267.7039334889768 -238.10279766385412 -216.90885856989095 -231.47336087184635 -277.63975003286197 -221.96090800735757 
