205.35402049156386 116.77748344060537 
187.58913279930135 104.95163532270686 
198.10494509907704 102.48156188225906 
208.1287860071364 108.9038168490053 
193.74377467315784 95.62555150688524 
201.6110399057791 109.11647220057874 
194.45182408304456 109.7202603591135 
192.54951139352934 120.0318100349222 
197.79522134050396 98.19287291483656 
181.8531844515059 121.98159098498783 
298.75344133122127 76.94632748299357 
281.51933777448045 71.74445163956588 
302.4536517052119 57.111133732732135 
301.18513988332495 79.05538826634944 
288.4372678763121 65.47068040514989 
287.7301204621352 62.367982391033394 
306.56737153759644 68.42373091101139 
302.14063609356856 74.00411821660842 
281.9771995605394 75.52521787204464 
291.3832581081275 57.250781116464076 
146.94649462789332 183.59339454410357 
161.71909754602325 175.1584430932619 
152.25229070232322 168.71723930591475 
156.7813381386252 163.57219598210673 
172.97691969211922 169.88936658669857 
161.50055572184337 169.86935735573596 
165.26158177004308 166.46694096027642 
155.4707813777446 172.45353911811685 
165.76264853998694 190.44522860917607 
150.43574716195494 179.34301314206726 
191.12587073876415 107.27103477782944 
198.8193419238669 104.2695165316322 
191.2027125762693 93.35284671173635 
210.04854256765765 106.95641138548707 
186.22310292601358 96.37276576486644 
201.13437657640156 89.94563699770562 
208.30544237807172 100.68279394608157 
207.58685365947687 107.51926889368434 
203.2275824113204 85.49923356710715 
213.55111176803922 103.35560344594802 
41.37972506652149 127.00176636575489 
44.82110809939937 106.83458996042135 
38.25798526757447 121.58041764671015 
36.404821556611566 118.23097015209883 
57.78743761546066 103.77384581346747 
33.580560599920474 118.06624446586692 
39.218077697934625 117.60521540882763 
53.855186511267945 123.36197848258136 
42.90827979228634 100.27151047425325 
28.888095552092977 105.24899705695113 
189.03955497653394 226.1740473724999 
185.4557897997025 221.89239630669977 
201.0621254061628 209.41608064785495 
179.5716910614833 220.23929303460943 
197.33400223231547 225.36068313299094 
201.1225533202478 205.77580338428615 
179.71888725450412 211.034997033096 
191.28608487324163 225.92040916839426 
191.020298254824 225.41543981798014 
187.4660397235418 215.72715496086758 
69.85684531649443 252.7391487908489 
87.8249543189644 252.30824984536582 
62.81204968345574 248.15002605146637 
87.09070417677735 242.16448437941114 
88.43785545284834 249.7585119836311 
68.76121630380057 233.15825706502247 
61.66547887092011 241.04011460286233 
80.46073317444402 237.96290554529895 
64.99366240173505 248.5086986915087 
86.51226983830426 250.88099475252181 
204.1550119771218 257.5581929074683 
206.4104043990923 255.10027101180108 
208.30946793694622 258.57439215403303 
206.87232407959672 265.9222420042251 
219.78986014500342 264.3703385444867 
210.9663861265452 263.0686223298074 
222.76284794582722 252.32617948274105 
210.50646076964108 256.03650669535483 
213.37626173028434 251.86837167126333 
215.05244062506887 263.76414123787646 
30.279056983756277 266.4852616646051 
10.192762045634643 271.9658320985068 
15.27631219137373 275.07756260665496 
18.878059119036855 283.24477113592474 
34.427614631718896 269.8660493286661 
30.895857378885086 266.6781324672625 
14.980004564725652 262.3715521218896 
11.612508980721955 259.98431770900663 
20.946970480323063 268.8027949620191 
17.480803153013113 260.26009466125237 
236.99460893869062 198.52101013798483 
232.70782045190128 217.4226133802148 
233.0179884747246 202.75644416659708 
233.16843816628838 205.78862698810548 
234.5761764310186 192.70648063159376 
252.62903531221463 197.2369748598764 
231.00214351197852 211.64430337289693 
232.30519214519978 198.4040568385723 
257.3204174415685 210.01033653409564 
237.66009999693708 194.28733015886965 
87.62973955142778 139.02825540967967 
91.19094305471211 150.59241898383456 
85.48639939236735 150.01904999292913 
78.52391423536982 142.82074143349888 
91.19592767924401 122.37215109751004 
82.24167185202334 126.07400582919598 
105.43280979472117 128.64508134299652 
85.33195687283988 149.2634515887301 
84.97526480998937 146.80599947286902 
92.10460753899218 132.75152642106607 
38.8345054800777 85.83732302388576 
47.39754991780353 76.71193446356412 
50.05456030175564 69.84179453240725 
57.34947652170595 84.63453549157386 
39.94702389759354 89.45719083075012 
39.21163251917221 84.69353815973079 
38.13113249139311 85.32653269454299 
42.927650124551576 63.66213033416521 
60.800353491819735 80.20487415581728 
40.252395797570784 81.13461487033138 
122.88454577133248 274.9137057063868 
126.76445077018053 286.2693677121854 
117.50222839107755 267.7944263458036 
127.67163684638521 291.2309864602983 
121.61203752710372 265.1465823377346 
126.93935531954928 278.1577540652953 
106.8065067164313 287.59266265736494 
106.8594686654972 284.4794137995605 
117.1099794862681 279.75865075499644 
119.26757242494126 276.99631670684863 
98.21041413484059 274.2828475298948 
101.39682005297865 266.08242517501674 
89.36466694564022 287.8056553047328 
116.7748058674942 261.98516691289524 
115.06452845066211 266.1776477547258 
91.70282815369961 284.05867693225713 
90.33627224169271 283.7172536307169 
107.31667137949411 262.3514589739686 
97.56026367212883 275.30117746705366 
94.72691809380834 286.187136186713 
151.89446836249022 41.77345411772838 
156.09415457887462 32.02962002327615 
161.07123203957914 39.94194846886172 
150.73864679266066 33.08351921354364 
165.01191935579268 22.82568575859549 
159.0816756314955 22.83989284860457 
159.95089941940486 37.69108938590194 
157.10929764311496 22.922625949222798 
170.52372866935593 32.75797342036117 
161.0197067674312 25.22598237648876 
233.98397036981524 283.38155604624603 
217.5210526225368 269.7403489204346 
209.85344962567814 290.5367321782018 
221.90786098412957 276.85496656399005 
225.91342252975684 276.4834519972382 
222.36938612632707 271.08380944932765 
217.49014665574842 291.9923580764371 
208.23031428609056 290.9898820705128 
229.27469496053473 273.1766520798753 
227.59457724334501 290.2213795306959 
199.65853321220467 82.99434478612142 
196.8525560358843 94.35206710014424 
209.3402753991366 88.21758540467796 
207.2060155722444 85.89236252562227 
203.89531115440812 85.3990672040329 
215.75702871359425 98.2695776350188 
214.35600737609715 86.144389236383 
198.08785134773876 86.19072471050973 
222.1087576456093 106.47817899413818 
223.27632274508233 97.50457813555064 
229.1168154474898 254.0589388787304 
225.88804954291777 251.45454052920175 
226.90888958228606 234.98425329518767 
240.8938415234708 234.25664450268195 
253.73319885976127 257.7906883087713 
229.34505541575862 243.7089622345635 
230.66129563476628 239.235352525709 
238.78264574502805 241.64553488608797 
232.52153977815777 242.02793027902632 
232.33175329564426 250.15514947365958 
24.851562764623548 176.5409003285177 
8.678592149888182 164.80651991897733 
12.239798609802063 161.94761939808936 
6.610336650383898 173.42799153379184 
11.52465183680439 178.8754635521599 
5.18864906922846 160.68794665140678 
16.817056886775305 162.0879462910391 
4.544211598817691 169.80687392294203 
6.849984139265303 171.31480833891337 
28.517539951214005 163.54449920214216 
171.6675413821714 207.80204930130066 
170.91005359978718 193.48432401350402 
195.3408042920315 201.4652470551096 
190.29052979797967 203.078260355498 
182.80264624926372 214.54923124440168 
183.03856574163044 219.47068680620202 
180.7025366681786 222.1827746484075 
169.4768975404583 206.3848535608118 
166.05006849494367 214.27107553069328 
169.54199056181895 209.7646756779326 
226.4131087266344 259.5816466557382 
205.4700708954353 236.43916289590905 
209.50973391728945 257.26963405041397 
231.99602217700686 256.815935530623 
215.98912348409206 244.98367089790187 
232.46664638766913 257.4191399158149 
233.09592388776392 232.00369003490292 
215.03336096022213 255.52943670217806 
219.63905681046913 257.48967016589654 
213.97033713633564 237.275481883818 
97.63288159411128 105.08950925558877 
86.27149523150231 86.94163479423601 
109.40633744057828 111.5087881894674 
84.85142262563315 88.25067912303271 
93.29557127351053 103.49590366757387 
99.9074692785018 97.27444197974586 
93.6986500623682 97.1205296918649 
83.94532034697104 86.74033929263643 
87.10399852849001 106.93427225202292 
100.69046117912282 108.75694193777362 
103.83343601054972 165.216788249616 
116.21491516132016 149.8405642263857 
92.57693134608996 170.6137050025032 
95.79584205759559 156.42438267059103 
89.75572588245231 170.84964108167037 
113.31449427020351 160.84603876450137 
109.8626516083413 155.4912483375533 
112.88813057179712 162.99253068352007 
114.54754803652747 152.62190566660183 
115.54785738194425 147.876403577519 
237.16757020879746 258.3972113721672 
223.02292889994652 248.41211230849677 
239.9642454422671 257.07437379786717 
237.04081643726144 242.75771244226615 
237.61005578326441 243.88423429803413 
238.53283557540104 234.5362657564471 
219.05939045916733 255.24901178815347 
225.59060552359225 249.41548222022232 
222.346488789142 243.9128963987812 
221.12787103878958 243.64530447350865 
221.04168937237898 107.54542849277881 
229.54733436751178 101.19291641138523 
216.70515992973193 103.74337423153628 
234.87317748150872 103.92198867161738 
213.31026830459547 110.98643974002894 
240.43962296882552 125.41952275014486 
228.38254944808355 124.48265732192358 
238.4867347004871 126.19083714750873 
235.76928518329294 114.64437183608165 
227.95223536496258 119.0952945918601 
114.12048207068986 250.51702890607433 
93.89825841155843 265.05627475851304 
118.80019976122385 245.8676029329675 
92.33591401117796 264.35384599287266 
109.54038289945467 248.11172430155992 
111.82646390839167 253.3635730892194 
106.05368590107787 255.90117435184206 
107.4696187543045 247.17910482418645 
104.20170466850826 272.46115052570576 
110.4797540047745 244.91157052105595 
291.46970401351945 123.34046090345979 
297.6226734365228 124.32072158794685 
298.70793881610774 125.89329002497229 
299.7345018233244 110.16553244648642 
312.7258653969023 122.16337443158373 
300.62107992764544 126.40101724639946 
290.39888662130033 124.68161551124909 
307.16909722667094 112.4522340293412 
300.18642726725784 108.48621738574849 
287.3804018881481 130.37257701861841 
-0.23338225763931142 122.98924156272383 
5.233569622147995 104.76554938733616 
10.537069240023008 109.00655617503065 
1.423219462075334 104.01568333290645 
20.461151223775357 115.80188871640694 
15.50407510072813 100.51196006141296 
8.052662165666682 127.63049222262251 
21.231047395250027 116.72387371259958 
19.277775814502604 117.3087506687024 
-3.6500417094727586 105.7911055339605 
257.2740978210174 36.775326332389064 
247.355141328678 62.885254542326464 
247.58652454732004 33.35078158118794 
259.6124550481845 57.36997154833463 
244.38163889583262 43.29714848568179 
254.0262730278699 46.89474836727094 
269.70176930830786 43.88647835334747 
264.20364698270924 38.91583386503927 
257.3157988618963 60.62233708341086 
244.49613324670273 51.52959295726981 
26.088927327036966 253.84721902510023 
38.45615807594158 252.98727963697644 
33.86507996671772 251.26088478226302 
52.484634000630386 236.26197102632491 
48.65388789351238 240.91195502001267 
35.84116394831464 236.99751589864957 
55.61603684045767 236.99646752243063 
28.185033118635065 252.07724533486285 
35.019628492444056 259.6434031398679 
50.67776874972125 243.05189359781136 
