293.5388854126821 48.326517500429134 
305.60733543716566 33.52860501665698 
284.46723900063597 38.263568034756766 
291.08929170322364 48.62316057927694 
313.2822564991502 38.77798584718169 
290.13395046468133 23.77729954853677 
297.066418575372 52.34480455200681 
306.36700068200093 33.39334667158201 
311.2258797139193 25.20892516514596 
295.0495076384147 37.2015614189053 
114.14635952111944 33.258303337013075 
112.47140132755271 24.52633837331227 
110.9805181222879 28.083199235226296 
136.79345289787395 28.90035483592092 
129.53845972859492 32.087502339732026 
134.8726677583374 34.94080398134502 
116.40936341026199 33.460044055016496 
129.03766640036025 24.55022440417837 
115.31141057496306 18.27152921819345 
114.53117919860064 20.192675383118328 
200.67795994818326 255.38011192876013 
209.52476525458718 247.32130967356153 
213.22640017052527 270.5225039587007 
211.88771764239073 261.27734295811575 
213.58768306649833 270.5977006511899 
209.31703189755808 264.87903146116804 
208.78967014637476 251.2566099437904 
201.465592415963 269.1941706247135 
222.35726293833423 253.25209488232795 
208.45158288235876 259.4261188747133 
259.35799475856527 19.95836498768987 
244.4625911624477 21.04067884728247 
259.20945862826517 14.065535687046864 
250.12151298592426 -4.0107094609925475 
256.69704060745784 -0.8067118425312376 
253.70689683057816 -4.752131581176224 
253.26106902588913 10.289404853139313 
253.05856204944016 -3.995593595290277 
242.93471368624535 13.110071487203822 
256.868059551024 19.6760171288592 
132.8318029572187 207.53531193634473 
143.53833304979085 216.15792563195404 
147.0615736924251 212.79311582680265 
126.7380632682513 194.16451870949305 
137.01588296421968 194.28209887740186 
128.3712793967176 211.3640153328053 
145.99310019216384 200.77318536379403 
122.65862219146622 201.2959820297865 
125.49050503609338 190.70053599675467 
137.54594178126106 193.552651178367 
117.00994260903785 276.92385338606687 
95.85915265598753 284.0894016616047 
112.7985523191445 293.4968511627579 
91.08313825004731 286.91677227944 
106.83767890020931 291.40624928794324 
102.12757356750885 280.1367770189166 
99.13133286256004 291.6314367544064 
111.434509129111 267.40751342020917 
90.69752939586506 290.82081029625954 
93.83976544585455 287.48123965098137 
158.15550920997876 111.89446957499763 
137.89425398207732 114.00377956373909 
158.77080234824018 125.49456472720742 
145.57932084142914 118.42279449537045 
133.55679696787047 140.51448192443186 
130.32631766223807 126.55254358720615 
142.52254047406296 118.26983330992532 
157.53460576545987 129.37174008745038 
144.6823216362775 120.5399140706771 
136.66709734412586 128.44839613653085 
228.53782300490485 201.1048511953392 
207.17068375139496 216.13714348309907 
224.55777268253001 221.93723353169057 
236.13752363311582 195.10482530759873 
228.67995995555674 217.8630345173387 
231.0049162644923 220.99575570509998 
223.0681324400186 200.46246075516189 
210.95361789082062 197.08308795729732 
221.73434230364063 195.35736678043116 
217.96373405134605 198.2591534413392 
197.2607426672224 236.97862034431992 
217.0204859615332 244.713450290202 
213.78972646019196 232.50465316369875 
207.64454009669544 228.0119666168258 
204.34053174141073 242.96380536214158 
220.93149034507925 240.7845344550704 
216.41477357546802 232.04129727794236 
195.57799717373513 237.882253571521 
210.40009405174652 242.42465472414403 
206.273913498733 238.24550422511788 
206.24984551832256 157.64739626227382 
203.73794234542396 149.58479152466833 
217.86581390359504 158.0101916917746 
205.29806439343247 143.6649443479157 
221.62462589228576 161.46264374514104 
205.05314133587436 153.77369458644384 
205.75316542895695 159.3188948269436 
224.96473904283306 173.61760485411662 
218.14523218685207 165.5724427995802 
222.5685504729719 155.13282968328474 
308.9532411290982 303.52387858221846 
283.47010029636425 308.46959259720495 
300.67526984329635 293.825732373789 
281.7949139407395 315.8972624968567 
309.90699333236716 319.0458744503002 
303.7555931474531 314.709721622713 
306.86874664060656 302.25733427411257 
295.4593702287844 303.39262234852663 
289.66750144829626 302.34328907996314 
291.01514418088686 292.80753619188215 
61.83817898289115 251.36032110241783 
65.28875854203852 264.205097749765 
59.172243218927704 270.60026658306134 
43.81612820114246 271.0768759034101 
68.6834035578731 255.85349891732244 
62.45793447276408 259.7485717095978 
60.085148978962394 260.82338261748407 
49.80065283682322 260.9125089078235 
62.241838879535976 259.83227830836955 
44.25574297876663 264.9984333601528 
72.86751875832421 198.01358670822816 
56.26067118101193 204.79285625555383 
72.57348128818639 189.67514952691232 
64.38545434407263 202.9668410248403 
57.875536507833885 200.2132184320795 
55.14746810307845 215.44116157802407 
56.21792050022765 203.95116192536724 
55.866876432821556 206.4232040584974 
62.743997577051424 186.72662419775276 
79.38594807070879 196.94175185497048 
267.55287265112895 280.6400750978699 
266.0079659991109 288.24425750974353 
270.95824038938804 262.2829921021261 
291.92035570387486 267.1339697478913 
293.01057766693424 260.87482794178993 
269.16677125898974 262.74095670447747 
281.4600784585215 283.5736859115664 
274.5756391815122 276.32501872718865 
292.30571512842573 264.49223346836817 
281.283452022159 260.5334074709353 
219.08633921319432 249.20645023169288 
231.80738791558727 257.8963297166117 
230.87418693352865 235.79847291743576 
233.82397756486142 257.1867798701656 
224.33367409751705 256.94429144191076 
229.37581905247862 238.93804466124905 
222.01067544599525 239.79833645019986 
244.24579718890158 259.33947071883557 
246.75438211058383 257.610778517309 
232.30718324861022 262.6382908562138 
185.1912649920999 274.44763449753066 
187.5550615447126 245.97583920050295 
170.20697103264024 263.54774847960067 
161.99227327749662 258.495315288752 
161.25669243482858 259.22520811851155 
163.4837198966644 255.32270065488393 
161.09704312361458 257.5352488348615 
180.04752195259505 264.82760766114757 
178.21657107770463 274.28276805840443 
174.18931972735373 256.7246809095069 
54.598983265445455 26.32042216554949 
50.32548720467386 41.47152667181298 
53.167430057885724 42.7013508158781 
45.635018103896556 25.68084215982027 
32.600395216935155 33.132166519353945 
41.33419488708155 28.71485625256864 
53.50404555811172 39.81173745651343 
36.03232947374289 46.584265444782986 
46.14315478985229 52.676699106554395 
38.50263094924659 40.345520508239574 
293.71573439641685 232.9038825929564 
301.99813621736746 232.1758256754361 
293.84840357712244 237.57739743804018 
284.68861320482023 227.75162499742035 
301.9985871547127 245.91973986705815 
305.61949498952845 236.4208279196657 
306.21703676753424 229.80056762783755 
280.9551038412888 236.5388709781796 
307.4366643964002 228.7140898216839 
295.71637964047136 247.73886043839516 
221.92199636044322 241.83067820682075 
224.5326026486952 264.0194349211599 
229.0372814785352 244.7716657776971 
215.18676646764095 258.9697326144361 
234.38141382619668 261.01421015104245 
212.61489181246432 254.13687562193826 
228.25937570938638 260.43045198789116 
205.9331226563491 260.4174912241223 
208.93937116938787 257.912768717096 
215.43173612176776 248.35976099787538 
248.6274104441119 10.67581223859527 
255.32848407192728 15.3945780594979 
242.63491702719654 8.225854428209635 
240.77493751571336 30.905772235759542 
256.674103484044 20.42779111787916 
254.44383832046267 37.17797105611133 
251.39699516216254 23.021347089137176 
244.49631941937542 24.78625674187263 
249.57726423941153 36.70443129237 
238.307954545103 28.63765848730644 
14.514502451189317 161.44464498673136 
28.431870030240866 162.7361931355248 
39.854600809303925 147.58456994744998 
25.50457382204071 158.26853852094595 
18.276062452073 157.40643122673077 
33.91877374760065 134.3273923774305 
36.64866249346895 134.36205415003025 
28.706194623955113 155.95406451739026 
29.90262921148416 156.57413992865963 
41.20036867806371 162.29605589053594 
203.5218190440718 274.5014724759062 
207.70544108125998 276.77299818397177 
214.30153698064905 274.74434466522763 
215.2167352598699 280.71125045151837 
207.6108225310612 293.76282041582675 
209.90425784825055 298.9561547151838 
218.60328730980197 279.31027690734413 
221.6785129371938 273.5379176607185 
205.77514246986735 298.644276809941 
197.28615028607175 298.99790396410395 
87.67342490150327 225.24395303884808 
83.39619477580946 223.79996133221118 
78.75956146670723 246.61991095531997 
88.6907209463283 226.0530327308033 
86.7388158847368 222.48160397485336 
89.14084371862228 238.95514771727343 
63.45545106401175 221.0350314100946 
83.5441081230728 230.06616337051332 
69.12415749351614 229.48582364643352 
65.37080381643969 219.70810078217332 
22.839056124108993 274.87611618160406 
17.072945159188535 273.05958761164726 
2.84438881256297 248.13477615868004 
5.635323791496319 274.2388207451892 
24.881852695424172 253.65349365690412 
2.9079216075659167 272.56215321455613 
-0.6513838837626218 273.7076336898614 
8.34419055948502 265.9184638119766 
1.122953896576309 274.0368772371294 
-2.0277267512520467 274.73140398312177 
263.36573818634565 154.1103396939343 
270.83167619002216 162.37964784039713 
272.64619640208446 138.61669491207908 
288.04474885186215 139.90190242788702 
265.6997396802044 153.42015310147636 
286.7813515253259 146.65269252540864 
278.5981206153011 139.6887998096437 
280.7513118673528 145.5311392379456 
289.1575579749938 157.53369597808825 
268.08481316680076 154.60609035302278 
120.13489534454413 220.58680261286543 
122.7126319304891 226.66305647681904 
117.19099761598659 235.78427990226086 
107.54044139465532 224.87776546576708 
117.96950949027686 228.21236956748237 
104.70811620927931 245.96258530992867 
114.99104521477159 226.86661895745107 
101.21370215996399 232.8282412811387 
110.30447867772834 226.49674065633386 
103.15709039107776 241.21204528254955 
274.8587061634458 152.44027960481202 
264.39816292219956 153.83503848695392 
270.55364956041774 145.50697162568468 
271.71957276289515 136.8990339106567 
267.73310472000514 159.96698948194899 
271.2510853835801 159.1246601156928 
274.5751298848386 158.41624946071576 
268.9748205083298 139.4402458854421 
261.09967116717723 137.8929159438948 
250.6101181174081 152.82028176384057 
226.80883709428903 143.13684519579567 
224.33201767562295 146.3648000653953 
220.8170642481315 141.21781453975262 
228.01272722673565 149.64626869520035 
241.96331530849335 134.9726249961437 
242.50616459997914 147.09504662431044 
219.77640759821836 138.6854847557298 
213.93741407844908 130.30766231983685 
237.46056807759638 147.50396842647052 
238.1815829984736 137.2018719314035 
142.95699772365137 150.18476858203732 
133.12730089667988 173.4455972520055 
128.1865158123224 162.99508819760007 
132.76772270898402 168.52016685706099 
141.62390047130324 149.51485864617555 
122.56823938127958 173.97246491908106 
143.37028709742424 169.3159654137518 
140.09430341758375 165.07277679105744 
148.49253444134092 151.6765260765697 
127.77499563793059 152.50410003576442 
218.2753044553676 50.06667929927535 
206.62863718465908 39.851058905217236 
207.15182457069545 40.97360466879226 
221.1442893162166 38.97010121052873 
204.05550213210907 56.312149645450134 
212.84441453735482 53.81980050213936 
205.0923833200064 44.58227965744302 
198.2059350262762 55.332037046690466 
220.9828439059325 38.91712282507222 
198.40743971710796 53.360600524152574 
