238.25960230921442 84.6720870308623 
224.16471379376284 98.53879809853206 
243.86837736755785 101.41815129858458 
232.5181194358868 82.00294919541457 
250.02105735257754 90.78589786622686 
244.00391277392566 90.95094171578074 
238.039557446883 97.64154908416313 
223.8661328914425 84.70310413384925 
229.91162637638135 107.18831443891098 
224.97863457059847 91.53597582099493 
278.27131811449084 108.07483031225718 
280.7680581589878 96.98251079282554 
292.5767262347293 103.56410870395206 
266.9884254969595 103.1009719399569 
273.47597997314006 97.34819750044716 
280.78731530675657 98.40210812807784 
283.82550847552955 91.4464732364088 
282.6953056175714 114.70164966421916 
293.2839799938381 110.40022339246417 
293.30768355885436 108.66443912613519 
183.7518122545749 155.66866688790088 
164.16204017414782 152.98813728071786 
168.88299527329306 133.94827376944153 
177.8284091794463 162.58979221320658 
168.5042083588633 135.55730037168772 
189.53362112647704 139.71137336146484 
168.494061277477 151.94193006910635 
184.2731246950012 162.05743927744794 
183.88537038278096 140.70788968440633 
173.91258042840653 151.68886159111844 
246.9176368095723 102.67422209133497 
251.59513723021925 93.39126739197248 
233.49584844423416 87.14632658887636 
250.19946646889161 91.64884366045526 
237.15929652546635 105.39983441319241 
258.5556391079449 97.27584349306989 
239.56566413494292 95.13128457861845 
229.62124762139965 97.03422590509437 
246.05177026888225 94.38056726893255 
233.76313344101627 90.98838655712784 
93.30216662410083 60.14603406235457 
90.38824933121214 77.96679394207723 
111.84813886558427 75.35898148090594 
98.1493264391104 68.02778669625047 
91.81971610507978 70.58236072074664 
115.2018220958187 71.98257399798975 
97.87726569004413 53.7685322043117 
114.45333618942199 60.641117404759775 
105.78365438955447 55.50773234717262 
96.49866344777537 73.9456047042078 
146.84622019039168 45.19538361371727 
154.956403649855 45.648811900902004 
135.3698294198463 38.70067458829898 
138.9513682099912 47.2615525112644 
134.59703631997274 34.70779381645725 
140.34976943174107 39.12850134934156 
134.1868159074532 21.64674992383859 
145.93786561392704 23.433549203816128 
142.51449149774248 36.438797321551405 
146.8276382432607 22.582939250730327 
297.49377485482717 137.76481717234824 
277.20514495065174 132.51667447858532 
301.49659080524555 113.32018892064954 
285.0785909433399 141.1268565169928 
293.5594262379855 138.68333357216133 
277.70832833771965 121.46613604405948 
286.9840460151969 125.56512204862506 
282.2920372534002 113.36617780116718 
284.5576883679725 128.74739833156275 
291.88953671248635 130.2129196529907 
146.9405609837123 81.11357769182862 
169.3611458086858 76.94853337165104 
167.53626952327403 75.12056675152347 
170.3289950663927 81.38801088359892 
158.70853665870527 94.30588927309756 
165.32935026151597 77.51799122875904 
174.36092119703716 90.54602790481138 
166.00462591780746 100.6202844603341 
148.31752801909786 92.19798010313016 
158.9760374823577 80.64223000891181 
302.3630190334284 88.94781152882801 
304.12040341200213 92.29478569785104 
309.31789827309615 77.12152005151799 
302.05796121442734 95.04216577526186 
287.8131195863382 91.1810953755703 
310.28705798255544 72.85080978042117 
301.13436040754254 72.8968981794965 
312.10875640972546 75.35064147811308 
291.3779132335489 74.41983175520188 
311.6934662781358 86.94706658597872 
58.87844129519764 271.62410223764635 
48.87721406542049 293.8190367878544 
51.73755867892352 271.6968838249441 
49.97677602493367 288.8814010822796 
34.62835691417249 277.76078698004255 
36.50598082249134 287.50876332077814 
44.738438898328575 281.38592177029864 
47.54426511339265 274.39901876632683 
50.211245937684744 286.3028392009987 
50.83513861480081 281.6482673007447 
148.55703714104922 246.50374759198715 
149.233538374565 252.3899926609872 
145.30366831663895 243.22484422828646 
162.04540172403463 237.34047317801023 
159.38798182807156 249.27945189347113 
150.2466694930453 235.37757579933168 
145.65901044766062 232.73787095554638 
157.59786039735852 243.00047625216632 
161.7443972378789 228.43242146663292 
169.26285421883662 243.62686187002868 
81.63721801704335 167.26530248593315 
83.4488223566893 167.2133126779746 
76.53631419565993 156.42952786965165 
70.49136001219235 140.30282747346328 
89.07622781539186 160.59005868795256 
76.43395479648477 146.0038722299703 
88.33121485255813 153.12681520904255 
66.00254374975005 162.21346677252964 
76.0864287896734 149.55962445741594 
90.85332088349587 145.81373299564106 
239.30497775367473 72.87547799276271 
223.383165270887 81.63221619651445 
236.1101359680387 87.18305933961068 
237.36860427885492 76.37285513026463 
239.6745178059179 87.86792976802803 
224.35494372053864 80.24044297511067 
249.74365423822576 88.16692825385725 
248.13036153011348 67.58883188097089 
241.68223370438267 84.49633066858785 
243.54362654502745 89.58567490053842 
154.6641194006396 281.0042945150037 
150.00348254056973 287.11368648946996 
170.03032596276108 285.23025202060825 
174.2008328567793 301.984488531946 
157.48491597043602 281.55055983588903 
156.78701737396833 302.49038449237815 
167.702797918201 293.1192106497532 
162.67012873708896 282.887625029489 
153.1874547408578 296.9709932487932 
156.27770424596991 286.30656179413614 
45.083238488380374 34.19426261552594 
26.555434786116134 7.333222399632586 
38.04543586139161 12.649825113195451 
30.54793476306066 19.82788555784272 
23.300729189380732 23.855973169064118 
42.45759516111628 7.78548501468497 
26.70653625319535 8.312733623988192 
40.35471239820056 14.104575337110862 
36.96029406592868 27.00345064858611 
27.25540443461307 10.411490429204656 
146.1536780551206 220.2821177756024 
120.77318593786626 223.66223360846567 
144.90364205629993 229.98829692241242 
140.03747063080647 242.0154532581431 
135.10399535986386 220.58802278663467 
130.96421676862303 232.50719334603644 
142.98492848494655 240.35641598759662 
126.94656817086968 236.55695382767536 
134.9418045102575 244.2962581288543 
140.58235258929017 221.29265540562423 
114.292595754767 240.21860201062128 
109.76423343861534 235.7961116124667 
116.65919806655008 235.75896701274297 
97.81107174442654 233.04475846680526 
115.02600187895794 242.54453950427714 
120.21364342428305 242.17507195198735 
95.72652473216328 246.19035845383536 
112.87241106439322 239.8192068478866 
120.23611064784669 257.5137504177735 
111.97727784798646 254.5712230268604 
10.179661136200904 137.56298727411462 
4.624362557355399 126.47646132852036 
5.545846387026499 125.01396847526543 
16.372672418063623 144.31563330953543 
11.28012604227406 131.2150567875989 
13.574434460798647 121.14551500759076 
13.279737894375854 144.18402999261264 
-3.226617940229456 129.81969821396208 
4.001229424148033 122.80124542298186 
10.383110757156908 126.30719732164093 
33.18467237326385 214.97438351873132 
22.50542982029548 228.05378137665457 
27.934938705459523 240.38674956919442 
47.41285571641297 226.34906358109671 
29.69255555505945 214.67536588428962 
42.963208835323435 229.53113545835396 
44.783871047652966 242.5205893953715 
37.83367755976049 219.2224509935452 
24.927119002960005 231.55306645437574 
30.622080752347713 235.7887185733496 
36.41574505524468 289.21979680353354 
50.20188657263214 280.48436832737843 
49.70430733784502 283.9965856562465 
59.12305453801483 277.2433627020513 
39.99093983760764 290.06958545387573 
60.53349249183045 302.18410313004404 
45.536074602914475 283.505895266841 
40.2427168619613 274.0217174114726 
52.98164443870878 290.3944671627937 
49.68417979388063 277.42895843334196 
128.5243754614833 34.65939334322051 
141.26768207598874 45.17950825419955 
133.5379385427349 30.040780211920907 
124.49327163989473 30.76644246054466 
142.2346822378725 25.653870796804153 
139.06438793613512 31.085807336516165 
132.78863635427473 32.613050085357706 
125.50759912352652 25.38325448395044 
120.68843281146879 39.034450987691315 
129.6177169437792 44.77611372378932 
223.27188814073676 252.57890087477654 
224.65917979801998 232.28437344315867 
227.29538419751182 249.6904202958315 
217.3303019573999 251.92474497512032 
213.59435791862032 242.4177851351702 
210.0859393374848 230.2248476106074 
217.0450527217645 229.21854097937324 
218.47257465690393 246.34746352739555 
221.8960290914332 247.43161706988712 
210.62043597422303 252.98529335296055 
71.42353453363188 85.00067299446712 
60.11862867449558 90.88297224084302 
65.14209625065382 95.77012461055132 
53.19655473669561 84.52084217969845 
74.4619080985734 90.26694626698684 
73.43004866883041 94.8928769064281 
54.38065435459438 87.50604947458716 
58.067440166603205 78.79399001163179 
64.83998729258948 94.0610400631469 
57.57766713018058 86.57484711016949 
211.8411746700493 145.49647918508916 
200.10445120466602 144.8584259366168 
207.92562669001148 128.76514100422625 
223.3612821332977 131.11627178394875 
214.9192369565329 146.23895908459266 
204.96257149745753 120.75805180319524 
216.25203053604577 124.78768663425916 
218.10316110813946 146.58614537842396 
195.0395624746913 135.15501966221302 
208.2986973560928 141.46731049912623 
249.64546816832316 32.985553171168306 
260.5179022979851 31.284745193223678 
248.69559739407583 30.15063907306091 
272.00297890336367 36.23716329570749 
258.28884491527356 37.49977617956452 
251.4161851354359 34.08278701793067 
255.89399471473948 24.730566305320888 
273.1138766975858 28.49548217343395 
246.97454580571628 24.48444327212771 
258.60777179334593 37.52062350816374 
19.83938449986247 144.6578308828925 
17.349379325224064 159.3661924296572 
-2.591498431019045 161.09256484220413 
11.675383209467993 153.74348307215632 
22.834339558748304 150.47890925892415 
16.39920600841632 149.442130660717 
16.94918387505117 141.56530198201852 
1.2602911237619487 161.00676358990228 
20.038297824332666 132.2332942786232 
-3.261258916251069 134.81173358890445 
169.1769650632369 136.419226843401 
171.55099552792086 141.7868787575134 
155.6845464387289 130.08900422108948 
166.57482716070638 132.995206828426 
163.81121337497166 152.17548251214725 
166.25771044966996 147.93762339472997 
143.45206053358038 157.20181626953098 
147.92174886320126 150.00358820273638 
165.239689645972 147.78785611230492 
146.82692829507815 157.02661092267135 
41.9620242007462 274.844660968767 
40.39888182754555 299.60499083664024 
35.505206090773655 291.57882136961814 
48.067952782554286 270.90554390869323 
54.85381835737287 289.1600822833324 
45.5684466881376 297.6516565969386 
43.82972474591909 276.57666743546065 
49.43943030224282 277.3738399320072 
38.96430960316161 271.833184090732 
48.168927786021364 296.86029406179154 
109.10702541077737 274.0605939921496 
84.33364315279591 267.8849021149019 
83.6922999699255 282.32287910542163 
110.08051215898969 292.5009499632877 
93.18070613581253 276.33619339786935 
88.0587944903837 289.3994383969652 
86.56538857349153 292.30836510487507 
108.25915136939946 291.5578162318875 
101.48401334671951 289.3120910710912 
91.28311377942741 276.70563307054397 
77.67672229365584 244.4225674603649 
86.60134828954294 247.86043491896143 
66.90942599761316 235.9297424485097 
85.05029307021417 225.4337155306413 
96.26139228350902 240.3129663444987 
95.48135463230133 247.07886203170563 
84.6512706189335 222.33080077755184 
69.88378615048305 228.48848983483714 
68.96164420049303 225.95529837353888 
76.01657347876545 234.16294879952073 
