49.51187758105972 166.53372807344488 
49.82247370683615 164.43813773414223 
34.067923536372184 155.21423728345275 
36.33360575951303 145.31382925273965 
60.20230713818432 155.28213982113303 
55.4579328595258 145.79186692568976 
41.989564893048716 155.43783979051037 
53.214674855704146 162.13900738453287 
52.093490188989335 172.70218235920686 
56.10547128060125 160.9020079594322 
117.08332217655511 110.1976163382098 
111.30680628248605 97.3961157492369 
116.07499350180194 101.79836402835616 
119.6462190867403 106.35992979254016 
112.02733005848488 110.1768762756148 
113.03973234372751 111.66862129432695 
105.2630954271953 125.50689541344312 
124.63541324715703 110.20767807807621 
124.22757305708919 113.77652084890049 
108.4858110918192 99.3264451249756 
171.4267043324507 271.2500506231986 
176.09501524539158 282.0485105401563 
185.55061150982002 273.26146989325696 
184.3200551553695 264.68245777461567 
186.28317878884704 279.933286393598 
170.54264905594093 267.6315134562576 
195.73839639862717 273.8276561231186 
185.233882305527 288.71956618129445 
184.090998449759 271.0686870529877 
176.19378314724037 278.2510805128524 
180.74665644881668 76.99576654186919 
199.8013122098071 75.75511680722416 
191.1366760925271 90.09050442681989 
171.76647950870526 90.30545089926981 
176.48903524313354 73.0630285057933 
182.000493668839 73.71268289920526 
180.51961253084977 68.95657147751636 
171.6518469332934 82.64626864691549 
194.03256491439663 77.70249151233365 
186.8303540904942 67.57858538332837 
227.26739998150464 52.4562777108004 
224.41482502880038 62.664112092128526 
222.7502591068948 61.99732694910444 
241.41723313803467 49.94224790236291 
246.83909330723242 62.854426474941015 
235.79243338652114 59.797146843961286 
231.06207084723445 65.87348156126464 
241.11960913930386 62.693176153481694 
227.81703086638177 78.69083859248892 
222.21080440242187 72.06585187198368 
263.7861387583868 46.487543283857875 
254.77601755592013 50.29938678838058 
265.23476084551555 45.69350052747823 
277.36781004897296 47.104398228996196 
257.83806569793694 37.420498452176496 
254.46891999752455 56.68485298122236 
250.60322561226448 47.643124646226234 
255.28447432203788 55.15779232782228 
273.54562933344556 51.230546605901 
256.9237841178845 53.68295664513104 
234.751854901392 186.44192567563903 
229.76352230582128 191.19289591724052 
239.29760256905263 164.27123124128477 
229.27385306225636 184.46324607993307 
238.98679110828377 173.16957048362397 
237.40197434994576 173.15012133963182 
238.16608643465352 167.5958620042182 
237.60359248537486 170.35644582301825 
240.9485846350384 163.49165274775967 
226.6263664255866 187.3554992464782 
171.57301535380535 192.27507431997333 
175.8246112749854 198.77853599675896 
170.22158480399273 189.64761873991665 
188.12840113321806 194.5742903670815 
175.58507714940163 186.50262667901893 
167.48293982803068 206.74239622513383 
160.39226234959673 204.56812735012426 
188.96001192542934 187.58430264798204 
159.3914189144966 208.13013965369532 
179.26518199647865 208.24421221701414 
146.4077018755109 17.019377507014802 
153.30130045043995 21.27063997769987 
151.74556847285362 35.54390589045689 
137.10548747971578 22.537480396249787 
158.21133963484183 36.43963185613595 
155.02947241815008 43.36812799852564 
155.5392986248728 36.244139485528535 
138.0603527835651 41.76049933650165 
162.08121162346006 27.09404537678875 
159.6801616791054 27.072900991400136 
84.15064916788685 38.742116628952566 
83.41652828323885 35.657641912100644 
101.3218455904691 50.417204281474746 
79.59604662156119 35.90093842041551 
88.02349829378697 37.10073087552823 
81.21886397630057 55.58459473276328 
94.14137348838244 49.29896897765208 
103.51646081081748 50.720857192946895 
83.14853715909601 47.28386950882938 
102.95932780459509 37.95668302546312 
50.03269220264895 297.14457615745647 
48.89516609187081 309.5571720164349 
48.33685967010304 299.514536646846 
55.33743320094144 299.38719023606154 
48.604156644727425 295.4736172706022 
67.37018846540177 306.4249122473181 
47.58728627623543 297.33989289289786 
56.555755487396446 294.6049482821279 
57.362243104898944 287.5608160237473 
45.57188135753263 285.8103178166133 
140.3494288108675 261.07173125352864 
137.94136067357206 256.8175179451996 
117.96654182210006 268.6080102876115 
125.6890357519431 267.8795556599734 
117.00675056290186 271.530313785521 
119.40159035626829 257.5772606148218 
128.84095304607058 274.1767847806452 
124.99063926461376 249.83904720030054 
124.02168841305232 275.9524557647384 
133.85422319932349 261.1323236935337 
279.0709893308557 250.41560261299807 
281.18230106009617 263.61314442101093 
291.47485620530733 256.2800702030166 
296.7387751374879 273.0709323338037 
289.3170982150661 254.3002754406734 
292.2731116644283 269.99078822372337 
298.3734871686847 259.182095362376 
288.9653208206723 247.88798822052743 
284.55790867496086 255.04460054391836 
304.677088582238 260.6398538777395 
240.97994752944493 290.3229276820903 
237.5402114002989 291.83410608408616 
239.99695581688906 295.68602558818156 
243.14992758945257 292.0009093480453 
243.29146655169146 298.0714504677582 
239.40687554421964 311.5451866252657 
256.26894625187555 287.34642343029566 
231.39844088054673 312.27435811489846 
237.8838289629837 302.5551392104032 
234.65819585457555 298.209711877016 
184.1755092488637 87.18307240810005 
186.51086115582774 112.07789673540591 
177.7780975399597 90.90861606238136 
192.96352912256594 111.86537314376525 
197.91955729953602 100.27978412282096 
183.40536966889636 84.47631511940098 
187.91317988953583 96.52864871293946 
176.44148960551988 87.92599016428888 
174.3101931010762 99.80479700947528 
179.20019855477236 94.93371252212044 
123.57773115781737 116.40354580098652 
134.9907647664192 117.52103208437524 
147.5685432800329 99.14268232608273 
125.44976681538033 103.05154302806734 
134.87195125774588 120.44599318236145 
148.13522077060009 117.55941553414986 
125.57344472932232 96.64253301842892 
140.35301943656447 113.65306095544635 
123.29724535187079 113.87819944639084 
133.85072526344746 103.54881285912751 
170.81146741720698 131.9135993660483 
172.44193207930599 117.61653261288512 
166.45942639153137 117.28920883742094 
185.90259284319765 112.8081756261346 
183.22643595941372 124.64756767369983 
181.2786217723489 123.10036406488679 
178.84354094972304 128.9042364279737 
169.8583597148838 115.64784190344737 
179.9411141433251 126.39316644350548 
173.32785054541108 118.61289856258342 
240.40460025993917 33.95244884755646 
236.61597700714808 10.559994975702372 
257.7249193735299 28.159082340189357 
250.13513221083932 24.160227724203416 
235.37263465350276 21.486092632937087 
235.84471090355572 30.011724885749956 
248.51258871738543 37.17097860089159 
254.68316859336304 26.289413079839292 
245.608806466251 33.4609330016592 
247.68235760661173 13.898112479655829 
193.0699676516604 34.42731145827835 
212.4778929896634 13.930068998261941 
197.53827740147923 27.386443970212692 
193.5897185436075 30.93765816630914 
200.91617039900373 36.460266553339366 
198.23287686279707 29.275508980194015 
207.04012585784508 21.6246193551124 
212.42578113226946 36.086370608858914 
210.64049470193214 27.53321039989012 
186.3768110242588 35.5031419133843 
273.2550545435883 68.64055926708443 
259.11567017399534 61.268331243046845 
253.50897272758573 70.03608958259547 
268.8493886390577 72.4254493797216 
255.58007299013153 75.37290010377825 
255.4112573048069 79.81212291293762 
257.47799855774656 67.13592923225526 
253.31635837338672 76.86703319671037 
254.2270836168516 54.78345692321092 
258.48131929519803 76.412232781374 
162.14569122423515 73.75727705808909 
146.72569297312037 88.47182877963706 
155.9951248676953 67.14738487536236 
144.23581756591318 71.38626319336545 
134.5038999917374 83.09424662738942 
154.33290679706957 92.15776540350559 
138.5636407589724 95.17930638074083 
146.9546027261706 69.28470595938037 
157.768384990867 66.13040380854791 
139.42549374225982 73.69204602280674 
85.66160469630756 243.1516653824187 
70.9625512438123 235.24325167930795 
63.222312195204 248.4940741611192 
81.33956895225563 230.09709864080952 
62.013498770968525 229.71471460143053 
64.66983478412644 246.5439952798163 
69.61008419426648 241.97332405116552 
77.76250448260791 225.05926838571472 
73.51245829328306 239.83613808826038 
73.76671513869934 228.1795401126714 
196.7975687170415 240.75338362019983 
192.2264481641643 253.0160949743186 
207.55654070159974 267.7923604493673 
200.11312012761869 260.8239727965308 
208.33683290360472 263.91936085846805 
196.9652741463317 239.66483957248377 
221.36628541471774 246.9055714876452 
213.01193365991602 241.5782736079814 
221.52082131917587 251.02778375950984 
194.20839465693035 262.9300190900125 
267.4093524351961 180.89582502457372 
273.857351138821 184.68856516628048 
265.41156404139736 191.35682555996377 
286.8247731023397 204.5765666621813 
270.43986423077627 183.28427098977465 
258.7128591196182 203.19052871222732 
284.4404390395423 180.20089261036517 
259.88067990580305 186.26460339031627 
267.42994535244617 209.0449769110878 
268.7101527864626 201.0018427517405 
166.25416785955503 135.76773574366146 
170.85374979158792 137.79425338331262 
163.4660818059725 140.55924706902525 
155.16518880907026 143.9534743336668 
175.30071516243234 145.4091219307659 
173.34822833005623 120.50677142885847 
158.69022750742127 130.1081158296446 
154.01812193215346 144.1198390376849 
150.98853221205187 126.8528314909218 
151.54670775992378 120.04724490815065 
101.21478788174389 224.92118568239533 
94.24342472551693 234.57134573736403 
87.07950297077949 235.80036679676627 
98.68175287591974 209.87454826929402 
83.07224742469985 209.1579422973436 
81.0248231723459 224.88884323541274 
85.84525776549016 213.49346648882766 
75.59637573997821 207.80698942873371 
91.58090845429177 219.4678016214369 
77.28725784544606 217.22394746998154 
181.09927683454245 160.28679633975838 
163.75551684500846 162.95398344005977 
179.58162422689674 136.88537118728468 
184.21915647805022 141.01321938666266 
178.81047255948457 156.6604501916919 
166.8628697128335 151.00210973410367 
167.98724582750225 160.99659097673614 
171.56731605640746 149.65908964076783 
172.99910840526047 135.9912466396694 
189.46513905449882 139.00944635977217 
205.09441886521574 28.558813689565433 
213.57779486204163 48.57064293426626 
221.6848051690212 49.077531764667235 
220.7861910870871 37.988938732032054 
232.13885036994105 44.49039392381114 
215.39879337381018 34.329048950215174 
206.17612009842776 45.032720362728824 
211.11364551922836 29.560694886063715 
216.81321837740805 36.64433609811918 
203.83622208934878 33.60726675442105 
286.02034851547296 233.86057997013572 
289.5897081040426 250.37546980593942 
272.80247537835373 257.48693047298565 
289.468870744931 250.9207438841299 
284.13423940974025 246.51162443678865 
279.57273479265456 237.1448261411445 
293.41581676403194 254.1125179022356 
288.36450357163335 258.27474554828933 
296.66113478230324 234.0802751947451 
291.7512226738111 257.6846151643399 
101.94058115850002 149.90779704458703 
103.16285030304842 161.35096185412704 
111.75621642651905 149.68444971328273 
109.21804906898993 159.03445501860108 
103.95370874222354 133.70330489860225 
97.28886652109114 141.01751158050655 
99.41724022360007 135.30078162695534 
101.37153798170743 152.86093375496534 
89.43238840998036 137.43724585203998 
105.318998067087 138.26493715827166 
