97.70452339070452 64.26976476044287 
100.67393075712477 50.907122687007174 
90.36011095155406 40.48165658255181 
84.6601363689107 64.69692363408389 
94.30951256366696 42.047356908149034 
76.27122870255621 65.88950219536665 
85.6773573206093 39.99220014586832 
73.40534424418834 57.36090402134074 
82.18473681600007 60.91546263579454 
102.90593028960026 55.054663558457776 
249.25273179588655 46.19555520473236 
243.91707613674762 30.025617710978718 
236.34506299238694 42.085368461202975 
245.7147888308628 29.705254879388896 
264.15947920973093 27.450595616005415 
238.67888207816625 48.57960968804284 
236.26620451744697 32.90668373485824 
242.82608544264227 37.60971321880949 
250.19943190648624 50.28709164673185 
235.63959091994727 35.693642626392936 
93.81166590994768 81.35950928915285 
102.21520999037773 86.92588647909676 
116.71019229569012 69.13747827182982 
111.77331841900225 68.040652039215 
116.59025720926444 67.32649345264386 
102.34601750875758 72.2960218057049 
106.44691170788371 91.71796615388702 
97.17561497341593 81.41648484022728 
97.63589750742997 83.7026960246114 
113.35393489122185 70.59187143349787 
112.05247635064525 19.026795469647034 
92.20867167177661 32.42317452636737 
110.03245135330404 32.69644143685685 
117.85481612427233 26.18485574645547 
115.23839643779135 40.87171209036477 
117.31271406952433 33.922042051608344 
117.24025516863134 27.695513502264227 
101.6531937597216 24.561174173568865 
90.33926250962838 37.6794978889292 
92.50245559767505 30.681767627209407 
265.6967413172093 117.53702129727084 
285.9002313089712 111.76295233258304 
257.8255540871116 112.50825240572513 
270.339668241019 91.91078778284543 
277.7123896626511 118.59748929755445 
259.79791706677054 118.1131858987865 
268.9282943102081 94.41563781106211 
261.72168957362385 95.670902907272 
278.3444536100101 117.88147323047444 
258.03898812929754 110.5209404368551 
200.18824574268524 250.31436143191036 
200.69147526639154 247.6922183372195 
207.7747844021189 259.7297494549914 
225.56677794685686 251.5043038764532 
219.19996019312896 246.07353386232984 
211.80972397864633 261.46455773751046 
216.65755667392256 263.6810976958476 
220.9935628637831 271.90296070256426 
211.1146893435279 267.5500025543668 
218.71957193411018 250.20702966937753 
106.57879174844801 220.52904375742813 
93.48054972327313 221.19656937587348 
106.38814761640386 242.67024236903097 
80.27342961972175 233.19961133827843 
81.1390980917558 229.57981893809273 
80.77192490270869 243.6181119690202 
85.83559046555419 240.2168132989765 
88.56257231448642 231.99371579739886 
76.73911547674943 238.25505586222988 
103.43359797739785 216.96844594192808 
215.67183904140228 182.22295860806096 
238.83644210532466 211.5793372992307 
227.67155984122817 202.41078122059795 
233.49503217869778 182.71840485526224 
216.00898571708365 199.96300704744584 
232.36788614933684 193.77620673353562 
218.91024837617178 182.1761413298959 
228.54824989672056 200.47130755623715 
235.05138491834944 204.57909851318263 
226.20978968869164 185.68699788594685 
28.96657333163062 102.3617599321912 
0.5756997628703597 83.34722129708848 
4.1373536063481176 97.32566743081568 
9.144181487285993 88.23370837921573 
7.557157547388057 88.56219108203159 
17.40693199717671 78.01932201426376 
5.873923962359902 88.16740896267086 
21.745110695014265 106.33922869699384 
14.2441178976253 103.45063100178203 
13.220613003342613 105.43404144392929 
274.13871737987205 160.60276204909596 
270.2131041192825 160.89978514287677 
294.5005856842786 166.53764078441253 
272.0107100562621 183.30478292030892 
298.7749950813463 173.59884894143948 
273.3112683032161 162.76014925751593 
289.45639281537524 180.8967197907237 
273.00969956459323 158.66655420628703 
290.59790679804 157.58206615233522 
298.80011725686205 179.62968163853827 
126.4322477143985 237.93476433106085 
122.23472321564577 217.0978427112194 
123.82065366006275 231.398106818859 
105.0896875936919 221.76748111687616 
127.66187171917318 237.2029916882054 
107.91773336290561 211.83939547812568 
107.22557975289155 222.59832311856718 
100.88352382909672 238.1894115384222 
103.44310004546668 223.50492242900944 
112.68396429955058 233.5062270187741 
27.52329128397558 292.62528869900166 
13.375175677146764 283.31940065670904 
11.300731377850003 310.2142116409776 
23.578116473472114 300.6110792823284 
33.83765709235564 309.29568856014055 
27.454795185677323 293.7479215433031 
20.622624760347627 297.58347514180343 
9.88522965470713 294.52414319512536 
22.83970510769289 283.0531835891681 
4.911602834777524 283.16617904724137 
239.69131215366613 180.39356471027648 
251.21837109739246 199.50041167168672 
244.7262590666278 198.42318961046465 
257.40156524700905 193.6386783063161 
247.13728962199 173.8987180199252 
264.1242155410431 177.47846995592985 
254.91248632198352 185.1446168067683 
254.5694917185039 189.26901969806073 
254.96396508566107 195.89593730875424 
242.235648518828 186.29181765194366 
79.26919254855545 65.15653617864099 
58.17271969925152 60.44579631796379 
67.24924702437042 66.42512198078589 
77.82866605355869 63.94906889374137 
70.27522461048358 51.13514057079493 
79.91448200017754 64.41889504037307 
77.56728626911456 66.0391853424006 
68.00886608399453 59.804399130702166 
85.8676867473371 59.71077505794662 
79.63564926605098 50.51754228224245 
158.2704850733047 56.03908388244409 
175.02233659226494 49.526424996752105 
172.2658983042965 62.37760260665375 
160.28395452571337 64.73354665951332 
165.8846366120586 62.136859486024534 
164.62509442651128 53.894257047238966 
174.8095175620498 46.734988822334 
154.86820278450298 63.92824526416891 
152.3970389389854 74.02892064887861 
162.37907473556393 49.96264705993073 
167.7169306903092 247.9522026620069 
157.0079798644118 261.4623769042897 
171.3150941868403 237.906744008085 
184.1398119449845 242.32130719950848 
183.69245811387867 256.4425516543671 
156.82489248901072 255.46164333079395 
161.49105474493197 241.9099073886744 
180.98131733891248 245.95978151713126 
167.78854875546816 254.76790576995296 
156.82973180156415 262.2144175709425 
161.53992994165202 46.497174642172794 
159.52262473470086 49.615488312102556 
155.69579931144125 42.13500400710698 
181.94202107036358 36.274437795806875 
184.23049479171658 27.41647754631076 
180.1956545378626 50.95471892898347 
181.64929147965742 55.01071224335283 
162.75021977633472 36.95664999993356 
164.52838352934282 54.88319799053831 
180.9779236851627 38.51883425634137 
143.70727295139469 200.9773640849643 
143.06975198581964 184.3323864037886 
140.3312089618788 191.3694414460478 
157.4098513827685 182.63936595431446 
150.16701868493513 188.12513378752317 
141.4377699886146 181.44444172682594 
159.9572528459952 192.73643040885662 
151.00861768092824 193.74410213311353 
138.75324987320457 198.35780842699006 
158.14633111483212 198.53148508903004 
268.5465257904607 94.54138744479286 
247.6742884572173 104.1329053326418 
260.52563802100735 113.71373093114784 
251.30972251693126 115.68203136693123 
242.98480607470628 99.46548353193754 
249.44346343444917 98.49135751926298 
254.34890731170827 103.64865471900696 
259.7404067227889 91.22174204495437 
243.24773371826709 107.7534939425498 
253.7085595251371 101.94424278372593 
303.6388274282253 88.70944438467265 
312.3240182025875 80.15335611591536 
312.1971797447841 98.16362382130953 
287.33959261120674 95.56891654322486 
294.8535804194774 89.62367408244741 
309.3244346446143 78.69612601686026 
309.56001072303104 98.33537454979324 
310.5073555228607 75.33744511365899 
288.9210817314609 85.41139991976054 
294.705375901945 90.2326761675826 
-4.830419268895928 83.96235622577152 
10.093685229262672 78.84985382555226 
4.934414402060964 64.31736645305237 
7.5055563419902285 68.51364535940033 
-3.207772190220547 75.36108104577019 
5.9500981525090655 83.65553404568446 
13.53392052535023 65.70252618009006 
10.486472278378113 71.65892784215741 
5.647407449833931 67.00462807893321 
0.8067677544449161 63.79501933382797 
131.51593445326367 31.03041885012818 
129.13445842546002 27.143598683476164 
130.58251481345405 22.8112433322338 
120.09569034849157 17.50714627357818 
141.98843883317159 29.756668786959956 
138.55344868786833 15.830165036530932 
118.8193971665159 32.97233569755339 
117.8029120560527 11.09016230705443 
138.2451898174516 11.81290292350173 
129.31655648284848 24.435293180982647 
40.78621520768446 220.52220068424518 
50.38645727554862 226.97036894471188 
46.65165056741041 208.63675589549146 
31.811155313573224 235.04135833950573 
46.07374563295332 234.05713380502226 
38.41467899588826 208.58624711535234 
45.84738208450031 212.26954149290097 
32.134141205333606 224.11671472298616 
31.41872034508211 226.31894074550783 
41.174793960794545 225.35529791647778 
120.02947332824004 227.15392559804113 
116.0672755813538 225.90717177817461 
101.33443630632854 226.63015667432057 
105.60129071268459 220.68593939696743 
95.89947222000765 235.78911586958145 
107.0429769511316 225.91423814331714 
99.14961059077223 230.51495276226592 
103.52080952120923 220.2348658091406 
109.64497954569288 244.3384636571042 
92.95729508447272 237.734295833869 
32.81940905076789 52.45837545460342 
16.695295244511843 61.510825414348744 
22.85816295703479 52.46153668950161 
18.301281472623756 42.07566197648933 
26.662815100654367 60.40717708876425 
10.497468025500549 62.14246151116156 
9.071001613674088 39.38971700292779 
25.827719068238036 49.16771828915109 
33.247961262124875 55.696356475675145 
8.911155718349953 44.49207685774905 
220.1055916749 110.0497054246539 
238.91128392336753 117.21732136262375 
220.3023347509285 112.42003394074885 
232.20074463856125 95.42236589185377 
239.53143991927087 108.86410285875509 
232.6052828433072 112.52769453334183 
224.92560836661923 119.67916189961835 
241.75502238703362 91.39649461007163 
236.37922502715023 113.28798470792752 
228.70387721324988 117.13029315012656 
261.90823962735067 148.264748328078 
269.5327220217368 140.3979866209889 
269.8267211260125 145.83928088065304 
259.78652553505117 124.93939695869258 
265.85358827211667 146.64383698015038 
261.5444790018167 144.2957217098834 
266.03850619376584 141.0025499925294 
271.34701646838545 145.55912396364621 
261.5790811558936 135.228771163011 
245.13756882195207 133.874987898329 
163.04534120521652 266.43951572223096 
146.6152303482921 248.6157817181621 
156.95905305453448 260.32931819509247 
150.38569162131108 257.33828610557885 
164.8074184022217 249.42382366608484 
152.44651181016553 241.1365311639614 
160.5004602771633 248.4927487909472 
152.26361321552415 240.02434692943416 
162.60279248862776 244.87551101163103 
168.7108281488289 249.56437382906356 
49.31084051662262 55.5871051329085 
32.8972392282985 76.66310473535827 
40.356213129472124 73.54067671133912 
32.66710755421756 60.466001619920874 
56.35587998619651 64.01623228705951 
52.435549981135054 72.5774133915364 
27.801525200377366 67.0111069109486 
53.22868801176328 68.79345664654636 
31.014349069478378 81.90480566315588 
57.09717816641775 74.04821856294001 
264.824645504589 61.63953094550007 
273.59242847113086 42.92218228510065 
265.7616648139513 48.46100172489824 
264.0026470353208 56.274396817124554 
260.4856016302223 45.84656138559441 
269.1547017608543 66.10924176526633 
270.4157693077074 56.172786122579005 
270.2684167091332 65.71278641190307 
278.8049628780069 67.79965060047333 
253.6055758707763 63.78482201881327 
