283.0345733462889 130.04426778086918 
271.19180215654524 119.95618380588584 
270.690334844217 113.07591523406595 
277.53856601893824 118.58368959613402 
274.1004705935534 114.2141754650373 
282.2243061264026 109.6183848653427 
276.10387678053326 120.19076995101655 
259.63679013518595 128.56203382761933 
284.53082461717116 124.98656365423771 
263.4950478581419 125.39488082145276 
239.40023067123934 139.07822500299662 
246.3452561498708 158.30772609927766 
249.90397153662772 161.2200229914917 
247.90444473440144 145.88420864966832 
253.78993949587684 141.54278233154247 
255.4440301692238 137.7885134121124 
238.2186713865588 137.2735574464994 
232.07515376964187 156.73784174320045 
245.0390395517886 141.29381941928142 
231.271835996403 136.36210507445375 
270.3244103863947 220.5692227919679 
282.0243392011418 244.64903154356722 
273.0176425184395 232.51447029238165 
291.14029186568047 240.81262567108797 
277.6091430135813 226.54609318091877 
263.9383541681134 229.48864305852848 
287.5118587290279 240.75145858453047 
263.9841458057398 223.82339458398434 
269.73196596940727 224.50047593865756 
283.4951906150277 223.91789868788825 
244.55204675590923 118.67458041976789 
270.0028980469007 114.928317327517 
259.30798699956495 110.3526645435289 
251.47074544015598 125.4720354462271 
257.3953958624314 105.40886983512999 
273.1990550412205 116.92328818951688 
263.62544146990524 115.79633796498551 
252.30227386226147 116.41341089863002 
256.5353465346902 102.46972113229262 
259.92892661261214 109.7148665956524 
49.591422277293105 217.82483056078067 
54.22976211657671 220.9348491963337 
28.81050324049236 229.15688485762166 
28.65003609197698 243.06699020755812 
51.31456733183473 231.84382574967032 
41.063062406295614 223.53919181251155 
28.231252522304903 234.39246478009477 
45.11015139189769 239.02871082654133 
42.88867350972 233.73417099866865 
33.91272357271288 227.59204823958206 
268.1080755880064 161.65017038321366 
275.24583760731196 161.62773120272578 
274.5766676766671 162.38332617170465 
246.85740554731981 159.41619703046382 
258.94172795714326 160.37608241732886 
273.0946120123619 169.33749849634006 
271.0926548539861 176.01448024227906 
268.66325355391837 157.82596360237312 
267.58099086695535 171.430608633125 
271.25113869504537 182.5028600505405 
214.52500381287075 100.86051515318854 
209.66167271999612 97.31577949456688 
203.87392087276314 111.25667419212915 
226.96497561271892 90.89173387621027 
225.44604396620662 114.47652325480485 
206.0222215898148 90.09015825036781 
217.4806252633871 108.30455137122009 
219.7826819991729 110.17327552165834 
207.42644946064104 108.44116921252251 
210.82933561115505 96.67671734681133 
56.49629066715886 173.57394000317646 
63.94355141413584 198.13431024177905 
77.19482299137846 173.84347086458854 
58.64492158870035 194.47950803494786 
80.66860485650612 192.23441809890488 
63.772904140940526 175.91832875950132 
60.64566313108122 198.06597552724972 
55.748169264734436 174.25510179633204 
82.56820297410924 188.8816336244871 
71.23779544343208 198.64843477747567 
142.08882786953114 220.34865212250088 
159.70511588556076 240.1532830845661 
159.39523132041228 219.98364738332708 
157.78350880195742 232.98133094752674 
157.7322508258674 223.36211455412837 
157.97976382020144 234.34375758079292 
151.92720463697503 236.47420762204686 
158.59272696914473 238.91018870052216 
138.66162055235483 227.3065438113127 
139.31100476423717 220.86948655256325 
76.22897424037073 281.9387688219928 
73.08916781243046 304.8161353985228 
65.90158385305367 280.6648642861007 
67.19809887377944 291.80776084682344 
61.782938473229294 290.492245761209 
71.53204833901664 303.5892588109711 
61.66847612643707 289.9880974935264 
74.79127984721346 297.8117671435501 
62.04106381904152 286.2864405031075 
65.776904613077 300.82638965135305 
280.01465405982526 70.87036575749089 
285.236924705054 57.22172295313922 
291.7033339314922 50.37667188994665 
282.7818705647405 68.10939294259664 
266.3202249671686 60.569686582855724 
273.85555394406515 55.22451567161134 
278.5983974582495 65.15655229045198 
289.4644855234396 71.10601468950836 
266.86105020053645 62.628483477959676 
264.6482323654577 72.9158756439115 
206.23403914968782 108.70899196097797 
214.8394128410029 87.68316514154164 
215.57896515939413 101.66743532227784 
204.08398826767538 103.8988961815704 
218.56217628006365 84.1280610220463 
218.49562829496446 100.87540584792626 
210.8458223566034 90.99375437882385 
211.693242092641 94.942304998633 
216.2954563826552 84.74582116329536 
194.68125503055188 82.88575447087482 
69.1228454945068 63.75577112600823 
77.41776616899762 91.3579657259989 
53.23419493740803 82.75180021835807 
70.48703959656184 66.15218982034075 
75.87118402358564 64.97710857731884 
81.293906764887 89.22673471017212 
77.19058871922118 71.74615589757742 
80.05800458578274 88.126493464068 
72.77878532541193 68.26557375280036 
72.29410486576067 66.09736709456958 
207.07447140839506 92.98694558613715 
206.3937899441297 99.82640667655724 
209.80148607012026 94.73526470995719 
227.1042251689423 99.36158013251696 
224.02741230635036 88.78266299746326 
212.60480102930103 98.48960889333765 
202.80583431319502 96.20245013295039 
210.17791178574217 82.24100928262669 
206.1244701045162 104.37998834405442 
204.5001823171597 88.97932870765567 
187.3419063796389 67.94992224462456 
189.498419896495 76.68582058893082 
167.38404115786184 85.94960437042306 
169.21039490074605 84.40837111269114 
184.57225566479914 92.69387071700085 
186.54868934422444 90.68073922732508 
182.5452999032131 74.80529886840948 
179.32285166096779 66.62225361797096 
181.04622833116292 90.88496615853813 
165.18976745923658 67.98233319957913 
109.22899145079373 187.3085867480901 
125.46572916541378 181.9576177209996 
108.61817466152802 192.01419891629652 
103.36620275911774 169.44071510128813 
102.00939225242465 184.36210582038998 
114.49070169575428 191.25045842914096 
113.91698366301944 191.7735927173456 
103.13576235695616 184.39311477192462 
112.65822465355097 180.81550131575656 
105.62221782288286 190.55863318811876 
135.78194694863586 188.89024878335763 
120.97269506201295 185.07874339580397 
118.54330532313611 177.1365968492322 
131.44053896278012 173.19820696514773 
120.75017924340115 165.5615158859719 
137.30169556198666 166.2590732636851 
124.94520465133377 185.98277403739323 
118.78310996773847 165.7708871008674 
119.90032768297573 185.25235693390775 
146.68020277421078 182.7579305755529 
226.72963009024954 87.48761011653187 
229.21572676548067 74.6356926095934 
213.99891921707905 74.35123384369953 
213.4621875388236 84.52815245774214 
219.72348156844347 82.18515121041753 
209.47429567553405 87.00267519391524 
221.93163272227218 87.00166384443482 
235.2138358246188 74.33116733773561 
221.90952666646444 73.56526169151137 
218.38246081977636 95.01053438916989 
178.94747203973947 104.59247171495139 
159.8125909687871 108.5441946961916 
176.01159232069506 101.70263730445441 
177.42085110772885 122.22939905283425 
164.81270873338127 119.07222577757291 
171.60535462324114 106.5162695603217 
155.29438467583518 123.35476559109843 
161.80615537295338 108.37637959715258 
170.32692890839039 112.87058967513393 
178.18093953502367 122.24173120132491 
310.6783886966664 73.19093844832886 
286.14629856590636 73.71790858417437 
294.5661432490968 67.67745505830587 
297.3691321550395 63.42350207918637 
296.81529401414724 83.18906907697476 
306.55873374412425 84.93227676935807 
289.9058664493501 64.39219107007764 
296.28774466122127 69.19284901603805 
308.0822487430919 70.92679565396968 
294.67662036099244 64.8689251997776 
185.33795560907197 213.41847759929627 
189.72800414028725 222.22405111523054 
174.56758268494795 240.531254391298 
166.26450876319353 216.0121755894696 
183.42223657269116 234.70517287364984 
172.66835531084672 217.4205563230942 
188.37245142850844 212.9229283621188 
176.33990912087634 237.57563288354663 
183.38688219716656 232.05042386017786 
183.4069119827364 237.70156224352738 
158.08358380003708 82.01327121484944 
137.3644429919122 64.32460990794154 
154.59288607871775 60.279611065651764 
139.5232429120261 85.09241870194626 
159.2339172011948 61.12522294610135 
149.9597951947751 63.20335205958043 
158.92412640465102 71.54688980158417 
158.64626569827854 67.17933474535491 
138.91330849707893 76.92005117241814 
150.31382504558243 67.86110783092529 
66.6334101348086 34.11711867167711 
46.40976395267706 57.807552256129654 
53.49347777839303 38.304349574809585 
45.09831383720974 52.030855315427004 
60.06016471882299 52.10904712447683 
68.10692765554212 44.08117891884564 
54.23026020001842 43.753947670888124 
57.744707170340575 50.49198931509618 
59.41259111826932 31.208396592634628 
57.2885421464188 35.93910623638197 
150.59608609301313 142.41991620742286 
140.6646337145537 131.40912109409504 
148.10236450558313 157.14901002827855 
135.74505449781984 155.75279747818186 
132.0221421668537 157.03145473576433 
137.66658698540436 154.04275891218265 
151.6696071570624 152.59953276244642 
140.02359464083347 133.8496469027758 
144.72293590960533 143.97076287235865 
145.86856771275086 144.61185725600862 
71.06355730584217 14.914938308978263 
70.97853460503222 5.482174327976834 
52.632106612761625 12.62888412753723 
55.438832656126074 15.714864444511464 
61.77465190666511 18.734421564167988 
55.72641544792323 25.854992281043565 
58.956007870489955 13.56584772309621 
67.40161215016585 10.513656747103369 
71.45531449889953 9.074081035616413 
68.13985478590457 8.996296342488288 
316.25714515883686 260.94787337550326 
314.66407928218143 260.54115346682306 
290.1824007563359 284.0101134013903 
314.36982078527143 265.98413266693075 
299.2346666386114 272.7427532178501 
304.2136480499869 281.28541645903465 
289.7315933333568 281.8165427061834 
305.12254702390777 288.1394279712725 
312.83598344007436 281.42179596093405 
296.4310543615789 273.9717521637964 
112.84411461412624 106.1251874219235 
123.6390633399319 113.3331427331131 
104.17636632129631 113.22957324237312 
117.16648682380034 107.72900310810974 
99.98547850560823 98.68680977465449 
118.49462735850565 93.09762751197054 
128.78610995904114 101.01658244357179 
100.46255781900186 86.95962823059129 
116.1259660645371 98.68727621759922 
128.1247203763651 87.1476737257488 
44.033812543080074 295.7553576831 
31.656341032381142 269.26210743950173 
29.032980635692617 295.7285000669378 
35.44157763270414 272.4374827473154 
47.686350959425084 292.7464907316237 
48.74683260140461 278.4070987031979 
58.25576099388019 267.31089402001305 
48.861336835596894 293.47728626638775 
34.08626970163751 271.94477588178165 
39.26310135848433 278.5986866624983 
155.9857205642387 24.756089782401403 
174.77679229358097 18.70533153709409 
153.5939250318638 45.249105773420894 
147.81393509237765 29.86194353720605 
172.8824724681985 25.931402991289502 
146.0119280580375 40.28170659977089 
160.9719328516276 31.995460409620495 
150.3510960399717 30.650962128995022 
164.5916609820178 37.267116782888394 
149.525220003332 18.95620178812983 
253.1074523390686 216.85900491710072 
256.7440272239224 202.46512925487838 
277.03831080326916 205.42612852624052 
252.3277785186221 201.57071760061135 
250.45487500584463 215.69232222452538 
258.9195865379834 213.0079060754498 
253.22443815269318 210.11423569694128 
271.8117310897833 225.60127831743026 
268.6089308247139 201.4692735938342 
258.6582533427913 230.34553340839653 
