248.3369226534862 279.77719726254554 
246.90005187982092 297.89163155346415 
242.47407811236295 305.17235513912135 
261.52527136886545 297.5087013488386 
254.56469022474585 292.72618773102977 
253.91406834171883 280.576502560566 
266.2269769562429 288.72541099200674 
239.94685790378185 296.99296612795195 
243.2137500285627 300.43682531155173 
257.97695366979303 300.45037029144544 
241.28469324629404 43.288619635212484 
240.68510805736028 47.95360693701363 
232.5647931706946 36.75578678039486 
252.52869368819336 35.715776853810155 
246.70721311593084 31.069333153479057 
233.78751681413726 21.539891374257948 
225.70127438721732 29.04763338218423 
241.30579384887108 27.036945263139103 
233.33706214518057 31.595734339039204 
249.59471130964897 34.94837005779493 
203.81712852213795 14.04429283042344 
195.3424439710917 18.590186999274586 
192.55803537850633 24.16215371775907 
193.66696855353902 31.140212201231762 
216.8868367446553 17.504374891001746 
221.8450417517059 14.087616601778281 
197.219288342875 30.52616213188832 
208.91961123385997 24.196263319824183 
203.2046976763381 18.47726417048139 
196.32986435229924 12.554722871852512 
44.1317649241951 24.7015433863605 
52.194991967592046 6.850041470047275 
61.72371012001476 5.6144218472713066 
56.65056222788306 18.438829914794162 
39.25527710359792 28.385635073830414 
60.94262266713687 20.146989289449742 
35.789153292313905 33.513194282300475 
55.106785177811645 31.578336415047893 
43.306839485477155 29.10975487351211 
51.282324197302 7.976732516417687 
167.14578614113492 106.33208534243275 
155.74750303261138 135.56459758287428 
170.36885104148345 112.33905383652083 
176.4787374668984 135.19598631255013 
154.46368591264672 135.91315148387113 
180.30871313324963 112.56965938322587 
164.1639802449088 122.49202885147795 
172.06985797474636 113.53946116484617 
165.24061532555132 112.65316352539936 
176.3345306730623 129.45675839560775 
180.3832056303079 232.33857060254144 
166.65173797514618 248.21652001017597 
186.62421424794036 253.81614436365302 
189.7126833250121 243.6556147094045 
185.75414069098872 244.8581740256703 
166.07673602664462 252.26331280576983 
173.47236329688894 252.79246387512222 
173.9649462341997 240.5806974708144 
165.57041975703646 239.74569780966573 
169.5994934625907 230.29381909353626 
243.2232264498608 146.38585979696614 
227.3451282483794 130.44162423869147 
239.33848566699234 136.29986965302598 
252.00216906471792 142.82632532317186 
246.72087409487574 145.9696274455903 
252.4264166737627 151.2281462822863 
244.23306759159155 148.03285521777727 
236.76397853057156 139.5383784088425 
247.2783415224976 142.76734530365994 
243.81621348417463 133.61374065791495 
267.990167385472 72.51949748640367 
274.677610255493 70.50503306627974 
273.5861266116763 65.80636386871663 
269.20380041406247 78.47706537789917 
263.10001513766554 55.71416802936775 
265.37591999739885 56.09174874984454 
264.40998138741475 79.88016617805181 
255.53654895363277 59.65464280168961 
271.70559569602676 71.24487722591617 
258.6534989844085 67.89328408342648 
122.12732013500913 196.4775686901604 
111.60117299911171 212.9947148220938 
131.19871979554304 198.0485351327226 
115.8600616986645 187.47565387662124 
118.42472281193838 196.24957554320258 
121.7813863636801 186.3095127799722 
128.90307287110815 193.95653355477938 
114.25548009207598 196.46838547672309 
117.08673387137269 211.04445317456225 
108.91653434768018 209.2514119255598 
221.74543332703016 146.73864744215433 
208.51403184645358 127.77785899081844 
209.25062937126486 136.92111958249134 
211.91749029621062 140.29877104264872 
219.01267260874198 137.87383508816106 
219.80918714450038 139.5545713828545 
226.11015585866954 132.02881838075044 
219.75216681937255 149.20742462575546 
215.67051515820145 134.66995309040882 
225.10078352637277 152.75971257916342 
203.37836783135864 236.7842813748029 
204.60322348987253 244.39311967113284 
208.4321646760428 256.5094643866064 
189.054026869807 250.87251460562518 
194.47293325396691 253.07276469935184 
209.98826308024786 260.34580393297927 
202.69061129884244 244.85068157701795 
200.54124337283133 254.12212158342746 
208.0291159981717 251.31703119157856 
188.8018679602348 253.3816734494261 
253.5889058847766 134.55291872670418 
234.94129905873456 137.19824090563552 
253.3484396731286 138.63462912808103 
246.6763309916025 129.0188179664466 
247.9440772455591 139.69948921134932 
255.631411011259 153.7618865017404 
249.18377240239488 147.89337190481564 
257.952135684063 136.82075739427566 
256.04087155107464 147.51905839694098 
251.18198970554636 134.69907017907062 
162.99279071795232 45.41690158142042 
145.0964546873222 24.491944417996947 
158.6501659608895 27.225612432969335 
169.11296589570023 43.01387525854281 
159.96925132612762 47.67276178018618 
160.1376919447364 26.11695934155885 
160.02072185233013 23.85235069285954 
154.75154877828217 33.00892747543441 
167.2777694685762 25.654262700011053 
158.00397100480757 37.091480708222285 
39.374216518010826 129.3524119159359 
29.30574127710211 130.45017837868056 
52.667868410555606 123.64936223543948 
24.278148067586322 119.28793529902691 
51.851368993075624 121.55120570552795 
26.745576482031794 111.432236825396 
29.991197376384175 120.97746591374946 
49.03420597222558 124.90458733147197 
33.309190219059566 138.19637056223493 
44.55320058455642 112.54974512729271 
27.99320577352077 149.5815463738051 
24.91925031280386 149.9783893019561 
30.071582734249937 140.34975236176146 
30.41263673270689 133.04649730315617 
50.54822994827043 129.91212215052283 
42.172095716708554 149.16370064405396 
45.03094001720551 158.05058645911268 
20.85058304550552 134.1206111359335 
27.65065619843277 142.03930990270564 
49.043341160512625 151.45486154310922 
140.14816438289242 63.41965052055244 
154.3939227431013 38.29962839671944 
168.85711768101964 40.82672842796726 
165.40483058099144 47.464504397850995 
159.81537163193812 65.4790043020543 
153.810574849513 37.55000748785712 
153.599765954165 43.25171927061801 
146.02530887745135 62.953063534661354 
168.48252799744844 64.41646715213507 
140.78804522082578 63.5867845003898 
35.89516500596937 136.16298019188477 
59.82888301364105 134.67210487980006 
40.26592314353237 157.43043274976193 
35.08313978677793 148.93666224575003 
46.37444171395582 133.40368303755127 
46.39794449217958 135.95074601923224 
47.5737625993422 154.15842985207195 
42.796036766231786 149.17429542869246 
44.64170880014618 147.8600232878086 
33.930765031014936 148.30150626812124 
228.77910153116594 76.01519563533134 
226.98182028781622 89.09039016803682 
234.36897339652222 92.0529430252846 
229.73356097135127 78.06528681629204 
238.79707008433755 73.58606292355395 
227.69063877764452 78.27614430065879 
219.3660884742093 70.93194492314679 
243.5996933151468 96.73690723784343 
229.41678887633634 68.34571345799533 
231.6048952794165 91.84174746468992 
86.69791096051132 28.292282815646942 
101.30698565156186 31.593352133442448 
85.0587468195903 38.33275093280536 
99.65378949609307 43.24177777084877 
106.19193209943333 31.70099973156588 
85.23768652226971 41.250427735038926 
86.91532422738061 30.40482658599942 
89.60797319149982 44.88352193868021 
89.70724908236812 39.046563150842964 
102.57436131628894 42.84339596805287 
221.27120431255202 123.34460981146017 
229.19309221385686 107.2637271319672 
247.99569929768222 96.33309872284855 
239.6073212813656 104.38459881323473 
245.30047169299186 105.26365509334065 
244.35351225768989 106.16931279088973 
231.09348905124335 106.78527776561499 
221.6521006256726 111.08046224719088 
225.87075543711572 110.85863939008497 
240.13663195567088 108.15037209242126 
207.81029850800658 249.4326151018036 
185.23847526115856 247.94980704516215 
179.0371149639122 260.2396336796927 
195.70253001064444 263.69299925631265 
200.03028314334105 254.14335097487003 
188.3340442170695 252.72585702318594 
182.1876005357089 237.68523981584292 
179.94668769560687 263.94804263062923 
183.69081702914465 255.63096573548225 
192.0927180861987 257.4423230099167 
230.0497208531644 217.30226072499192 
239.88757464250105 222.59756329193212 
251.36461641412953 227.72016754128273 
240.64603136241843 241.939066431728 
236.09002048589622 241.99011883135432 
240.2001177582209 232.08975286108938 
240.57007086555095 224.19096854793284 
242.47999499335168 225.82635265357575 
231.2164571579843 224.7685325591559 
233.98928054529677 229.14301496263397 
221.31395913712046 23.65664156186795 
218.444550935488 -4.978990000211357 
216.0708975215107 7.9549485677570395 
197.223553878543 2.1533171875264276 
198.489308293305 -3.8705270071244895 
199.2999059599889 23.68913283908787 
197.0386999424102 -4.4712943550507 
210.2751189348007 22.736005060179917 
197.50055903897888 13.795931533425211 
211.42058501338155 12.850903042061251 
20.46775715215924 80.10387406126641 
40.91776815342483 72.90485348784073 
33.269377306988346 74.9255197909165 
24.970058017920337 90.39539886401482 
24.20818440271577 85.81283199571207 
36.57878809080163 72.28449005278242 
32.73765714126336 66.93037052944538 
25.986172607376922 71.42006809193151 
40.09066079887987 91.20281792729313 
21.59454095719365 88.67894519504003 
11.091972729492444 190.51731607817305 
32.514851576541915 192.69029632347943 
15.317319724362337 196.30325503889102 
19.954759824782403 195.46010922101237 
15.00607519504011 183.0457291911774 
31.68788635414784 194.47249093335515 
5.240219250939971 193.41213973574048 
5.9907135633436175 176.75256153096007 
28.7724529934595 203.71986741788348 
8.077220371765035 200.870650431758 
132.0032351637542 238.2098918284759 
139.44710275118624 252.09123180198583 
154.55672654171354 231.75973635884276 
150.19183690344929 248.85531043409802 
149.33731910943948 241.69254267747675 
145.86222371466178 248.24612913883837 
143.88797621944659 241.71538428958462 
135.31230572253224 246.86667183217605 
154.93231679407748 229.45874012422433 
159.02583465908333 240.63725760146653 
172.80087778820686 243.40811727611566 
170.88192972428854 259.2239109166257 
171.06165782791123 234.56964351077923 
172.82093765499593 235.48806897936092 
157.56889957792316 247.493822680274 
180.72783528282804 250.71325053756874 
169.0996464268747 260.84028896916067 
161.58723310903585 242.42565885217584 
164.8174112541386 238.10007324929023 
174.93602506864576 249.33859018240415 
110.94690982418963 123.57029915579847 
130.6136052504495 107.9775855560357 
125.99610558837414 116.1644849730854 
118.54531046585168 127.90511867766725 
137.1254983435213 111.59051439814446 
120.0852517598866 116.68985813817746 
117.04221793098309 134.79268349573292 
114.36891452836933 130.50315304135225 
113.21017327105055 106.67846337351922 
124.76451448462632 107.12191550375012 
44.34795428589711 306.13640670226675 
52.54789424177887 307.8432414864568 
56.87825975603824 311.25038302511035 
35.017186397402945 293.584782956713 
43.825826558375965 310.9256685445154 
50.09553607629165 302.6264352957202 
53.31454879519741 312.5357559798132 
42.496788407361805 295.94254258115905 
49.55330193545011 284.4655570466808 
34.457379442520036 309.2115931265056 
163.2250790292243 144.7918333610894 
156.24210785698418 137.3572966560773 
164.72086703827756 146.45199427607187 
145.70965249153892 148.8472137710976 
144.52750594266934 125.77103178712774 
164.52251420288226 131.47263119444216 
161.05600578294587 129.75273502100345 
142.35595478215598 150.26803844676374 
167.7727827208334 141.09320604277195 
144.29588315232544 144.0599238650183 
