236.39731026898147 41.36330685290518 
246.25532179977372 28.240193382681177 
230.13695693749196 31.51577100204271 
249.09887110509317 30.58547897025666 
250.54406495772398 46.16467728919715 
242.10496118488055 33.06635345793151 
228.7473349072959 44.829874923462 
242.90644033165336 48.264648805666326 
247.22070032750847 50.99071286849738 
239.25800106910603 38.59458037568636 
18.423236140182638 38.045479428974616 
14.238205169993432 20.79647359129797 
19.746391730306218 33.649190138244094 
25.888556644678726 17.783937604223087 
11.892239779583933 46.47384953117168 
21.186970897231596 44.71990727261799 
14.926289743295357 24.248742212819845 
26.16303632451025 46.081385728716214 
29.441740940175542 37.77834021025639 
38.46758597906228 45.48102247315468 
200.5464336868426 59.059128060712 
207.75534677888925 59.214296017279175 
207.52876967668215 86.22086824713665 
216.97691904314132 74.67576708133892 
212.57120903765255 73.5579022879891 
209.67716536890552 61.67530404970314 
212.79562299597168 58.363673602261336 
213.2029234917077 78.87886829299477 
203.94045806348706 69.8686263594009 
193.33741018372336 71.19856011191479 
291.9779100429179 50.38387600088835 
286.72469399442423 54.55240794055743 
276.6539118934679 71.76767607026653 
288.4987355907826 46.549069796439674 
287.9052945651872 70.46213456544497 
282.0805529621834 59.797590139086886 
271.466855500215 68.96303785617027 
276.5152995642826 52.173137342397645 
268.58952699669254 48.21109726284753 
281.2321202198959 48.35940180916759 
199.90564829733145 152.30725106597822 
200.38818632839804 177.69493197722193 
210.01197735423284 150.16119037970617 
214.7922829879845 166.97446627304907 
214.70742916105047 168.7871796060951 
203.06195256824407 167.94137480337338 
188.93095992219102 156.66176646668356 
191.5031637405749 164.3996902908902 
186.2083058344292 162.18384050915736 
187.47240221847883 162.41058710159982 
272.17008923592743 185.00605522567554 
292.6766420526996 188.25507625705873 
291.5175410995926 187.95445251282422 
275.17395639579496 180.71180609610948 
276.7715657965694 172.0955016179849 
272.7077153334173 182.19917917831359 
295.6072748892746 188.22780562580706 
273.62984435968536 163.8734730837041 
278.06140132217524 177.42440929749654 
278.84754138817465 161.9683613052088 
235.94158433127492 192.78101219893804 
241.1122614652577 198.3094579504847 
259.86854622970446 186.6874244230916 
258.0052567951242 176.82820692780896 
249.25166627668986 173.38858079958456 
250.57024924446398 199.4202456444765 
251.99253456694447 199.43759676820943 
241.79584848497365 186.92338027646818 
256.96022600227684 191.85412156461172 
260.766692205242 175.6872664730506 
76.82724305989757 266.91084813696943 
86.668780041548 273.10883224299 
69.90842262981143 262.3880992953906 
68.89185982986756 257.19604622669834 
85.31492093344374 272.09391431423785 
77.15425604262155 262.1481321190296 
78.50493044159126 272.6686137423281 
88.38702585296734 267.97773527592244 
79.31889202554368 258.6023676243101 
64.84132918969495 282.58378303934455 
3.486382038410193 116.54477341457364 
1.389314334364558 129.31819022327346 
-5.4546980595894174 112.88009530799835 
-4.843435900818619 114.89107990952962 
20.88144942379455 105.72740103003578 
-3.1337847977318685 122.95920685855951 
-0.10271030440878892 114.40724691904866 
7.471451659080904 129.58487608764437 
21.022668375004272 128.02562397515123 
4.681585652744005 109.61524920403073 
99.66223350049717 210.64811297915094 
95.4601765613774 187.782982009766 
81.66368982480748 188.08319626203516 
98.38257720705843 198.89267363955983 
77.475234557874 201.70238353845087 
83.20470316169012 197.49326156655783 
96.93966075730981 194.17661347122024 
79.80287970578661 190.0182323415252 
99.71616123942778 203.89737415999028 
96.50675483538375 204.68261917554142 
235.7569143967847 274.21124086417643 
220.25286674177795 292.4576004490886 
247.45339967133387 280.68959571669564 
238.3205553783971 287.0395341467445 
220.34495355085343 272.58971303152896 
226.53853543988046 288.31122238301873 
236.5597120332325 269.13027576704434 
239.83487160211163 282.95915297959283 
238.4726270525113 267.60329542651175 
231.7651164293789 271.29717281099613 
46.1801124342475 45.18917925646349 
40.67193897996932 46.31274729054382 
42.11304469384392 52.560247741372194 
32.87397858059542 49.58146459312114 
46.47291971555042 66.20002894925588 
35.25285353749981 60.93481233213002 
33.98923432355617 69.92799933013238 
38.89199480094489 67.3145609067872 
30.740478435348205 65.21816673476319 
50.49869835288535 58.43461865302048 
92.45550551161284 162.24810572627482 
103.4254793367522 153.14682332770798 
90.52061439672438 145.0355625781694 
88.46656363666419 139.25273322604343 
81.13213392324464 141.81727731150423 
95.88358488717769 160.92671203406485 
94.27936141669075 151.580809206961 
81.3268264508061 147.2617668774661 
108.02015590524174 145.73467479843734 
88.72221946918025 150.7375456839881 
247.09148187691397 167.544430991103 
251.0880756673176 151.52889026377926 
241.08646102557987 169.0006690917179 
250.43106371947545 148.79836436659718 
233.50592111678552 161.60388424003705 
246.25604338854393 145.51525561189314 
248.37151514344188 150.32303442233535 
248.55164549758473 154.37828167985236 
245.12580776431852 144.07755551851395 
246.56085564792744 150.51489733566925 
105.58683556330203 190.06941361987026 
106.50813918287352 204.61756055357822 
114.82329989760147 201.66851682724572 
93.50321236007952 185.82217922544947 
95.21101648099315 200.90246827371945 
106.4479041285823 181.29686980122733 
111.16929768986574 186.9380245551244 
93.94360330351249 208.54543213884347 
115.68273388329627 205.40856897600966 
111.64373154569017 184.78076707747866 
110.06964364161598 177.047536458207 
113.36527937140096 169.2573852721192 
112.76179916120711 186.86771948869995 
101.69894796566234 169.48674565245247 
90.0831885851748 193.8054186159759 
114.74761188682669 194.73812316805586 
97.72176080598572 175.4340011772367 
105.495881434154 192.79258828467906 
110.31355409210957 191.98322605846275 
90.48598912144134 193.99597453487473 
16.64739731945143 248.20311358592824 
14.47096877169655 253.21799882648773 
-2.1076637548586863 242.22695973655195 
4.218658248523211 248.47261361808714 
11.046039902638286 268.50401508442445 
5.049702255343554 243.83022673124736 
10.789309701555789 268.89080663692664 
18.094583976752965 248.2183064917841 
10.090638373855732 259.73808816884997 
22.9664558016254 256.9375000454456 
262.9335575279981 278.1075838308476 
265.5654447009358 257.47984293678087 
261.8224943526006 254.57155863832355 
272.6152075560061 257.3300378646737 
277.2416149140048 264.068495609301 
252.8071534081632 275.4620508207546 
277.0929462577475 274.8196961540402 
269.85081357438037 259.3684067191888 
276.2150196156033 262.42120431721617 
252.70403583230805 265.39046286832024 
144.88530938910895 280.9664843863324 
149.44103864508935 274.4188209522187 
151.56242890774206 270.86748439881757 
138.44402080510528 296.3330297385099 
145.72357375950557 279.4873078364646 
155.0442591248075 280.56539257010684 
159.53784335381826 283.9257555815896 
138.9964145700621 291.36058356087074 
150.31930485652913 286.2181209795397 
141.12383774065967 274.25725987532604 
219.17670707985084 308.8102436451242 
214.7744239644794 298.13855938849326 
216.62195121210243 308.454571074694 
204.9634073035696 301.8213628545391 
231.19492509578168 287.0059214014391 
223.59667722832432 305.1732684339654 
213.8799920310654 283.1229506198705 
232.54689434996297 280.3951709036934 
217.78477407454756 303.89629390357175 
212.52977471658176 304.0478931661472 
177.69111571255544 257.01904383000715 
158.12201573609502 236.41828967398786 
158.06760886164352 233.07064969595677 
171.01445813736058 236.32326270800775 
172.33319345564126 230.00676835125466 
165.69239373675754 255.7362653763811 
185.09428980997114 256.85429966038765 
158.22302700996082 245.49073774430232 
171.85005729747937 238.9578224594198 
165.01552093547167 241.1740652511016 
173.2112117135222 7.253620504621253 
175.43775132914038 10.386906167770393 
180.7065849891525 19.326532908382227 
177.90720781530254 17.340200042867707 
167.3094442515239 -1.8188532239794875 
169.21199894810937 8.08424285362909 
157.92548284935606 3.049352998028083 
176.8829633135273 9.363905426881686 
178.08415612147783 -2.424345579119459 
167.51992466524277 27.12227812507482 
36.7341853418646 97.92226803872484 
37.08612564304232 104.95635530493604 
59.90658801091947 99.124446351584 
43.468874531310604 82.53894350201845 
44.16963284705365 86.20410925550836 
43.40195138464585 90.67086836218162 
60.69597452898664 91.30164714098946 
58.66420793430289 92.5241113185831 
37.42172996825204 94.03266055924202 
52.110216336559645 102.56821840529253 
61.32221203893039 267.3825970356069 
64.92973432340632 267.0900010288882 
55.615213665103 247.2472406293165 
73.52111544689538 254.37382298894585 
51.92922627394781 267.70779367992037 
70.51881151437856 257.76053419603437 
59.16957344526276 244.1370598595395 
56.552917320999185 256.05777194779114 
52.3367802840609 248.69008127060872 
67.10383855147315 265.20788037381135 
105.16980815698899 27.74808842185883 
97.4654445653531 6.103759319250901 
92.18961003204211 7.307370238878388 
97.84911471232496 20.211572462289986 
89.24027446523411 14.630589895615683 
100.93248959675489 5.184410893904314 
100.26792082557984 31.941490705887418 
86.4848605815645 9.140271532816412 
94.47626167513208 19.423695387277462 
98.00180033469204 17.5023620639975 
119.9475697240586 57.368629912263984 
106.64755398521302 30.23834663896233 
99.91707955539597 43.66571565129824 
115.3718994576124 56.69356555204729 
104.51945885065743 28.735472148878053 
99.9844016666262 53.061897841381395 
113.99362314917012 44.13442975032733 
101.27677590171497 45.353781475568944 
107.86795315767515 54.49850933189951 
122.89734151905013 37.25580000967105 
285.13133582821916 272.2938677360609 
296.26539906462517 270.92058688186745 
277.4134082116514 272.07911371425087 
286.5987661100139 287.8374745027153 
291.86719312257287 275.1383611518428 
290.6378360383571 272.49081239962914 
283.3992763179634 272.0591392459397 
299.1955583934683 296.11583211735683 
301.68169891606493 273.9805106321552 
299.23648585057276 296.9005490695449 
42.191985233111154 125.49193805002943 
51.044813351773655 107.17870242739727 
46.945883915343444 113.48203980003149 
56.25260078356215 128.2937477806466 
41.267409013769964 129.74892455518622 
32.0525392670704 115.80681590077931 
45.304225843203184 107.15392881633176 
56.95737319740961 116.72129420338375 
38.20697192788768 107.22069660807225 
49.63809793398998 131.8920009815095 
49.08511259414896 157.67082706374669 
35.646591452969034 161.39437781973774 
45.79892663321969 146.75904339620186 
53.26631062673182 156.11198908041595 
45.70195093206861 148.605704890869 
42.57835929913883 143.10894663870508 
33.14505596643008 136.16442795244035 
52.67140691881984 149.34518375418486 
53.064827278830066 137.90827343293753 
34.70470307132992 145.9510748301938 
211.57766185730873 35.563002538156326 
216.7109421094855 8.598530976836972 
195.2010301222019 13.067558536777085 
201.55047995556532 21.9950190776352 
217.09261951367824 22.838999105303227 
190.173481074519 18.68037953670691 
197.58882845207506 19.412704673699515 
196.72487418318048 12.1050357169125 
192.3352845227135 24.51596810227938 
201.8148557625538 21.969921470558603 
