77.07938407060172 178.17968332855088 
79.4515095314427 176.8724533220694 
68.54081775217657 165.57719483377232 
63.85467555189629 171.79342420069455 
82.70687119606269 179.26502447612825 
83.45168171563526 169.03205880425116 
65.68251966749277 160.65286512346498 
58.40380136721356 169.63526057199576 
72.58372479494419 174.2148118838678 
57.45705193160566 180.68163395623944 
27.672655496608666 53.32235428997711 
31.07705579472928 66.95448688251099 
40.22971919033441 68.24161496159334 
32.103295638476126 63.28046974065337 
32.041382965042 69.8653046754041 
37.082608056694966 64.20493626492397 
19.55676256039491 58.17964486193341 
15.568856510638694 46.59727750096076 
42.85266440331057 46.93435551440205 
17.137926317237838 66.75518901388875 
19.317141154674687 277.14629526451864 
42.527410161634364 266.67882751967846 
33.389908588480665 279.2558325455649 
44.46877493573034 290.48564628849493 
39.49055698916695 273.8415030556249 
22.40486505090417 271.55161843863743 
34.00012116185532 276.10477202590033 
26.01203123061158 273.2365130423263 
45.10757606653921 283.3131952378935 
20.285169089639222 265.07907204896384 
174.7423538714568 92.12620723107057 
161.81672922895217 80.54105718922932 
181.03608479269602 91.82206774889161 
162.81188730475924 92.70906016217467 
179.54062367171386 91.89930469187216 
164.27099956227494 73.10529825165341 
158.98386027031773 79.79175275956804 
168.09232673883622 76.13300843818395 
181.3867538243063 85.87810213829992 
186.2018146442462 98.6974743238265 
171.11607845066766 133.63750733628785 
173.51896626340553 151.74484747798593 
184.15977873790519 146.7063376720482 
166.2926960878653 142.90218355661864 
180.81884738151507 130.87399568365444 
164.8070577263545 127.35474842160663 
169.01625073475844 137.41940568403464 
172.57244716797575 126.1470721760903 
192.24306381853714 132.50480797156172 
177.04478671190492 133.5058503788015 
153.82526699227245 30.845080371661552 
172.55641565221327 26.736050793452684 
160.03297275745592 26.888358711543596 
167.8148312281261 25.832099958186454 
154.6665551730707 28.891767007183972 
147.50495138930427 37.42557943980097 
167.92425985394175 43.205835596816925 
163.68154125797196 32.649960804646426 
151.23018886063883 25.442340222300476 
163.97646092068882 35.41014647455933 
206.85469463154834 131.48419895906636 
228.46927769600367 132.28779796863677 
233.12485392323225 137.26523713007558 
229.86474058272194 150.2435222503358 
234.34142336779226 122.63744957500107 
232.7811056711893 142.66877300095325 
207.54299838555593 128.8823328106593 
226.17793202853355 145.32443738622632 
208.48837290524173 143.37732021779843 
230.70811354957283 131.07602328377268 
125.3035329852502 279.76461618575854 
104.0736138703754 271.478475193552 
118.6012294581917 276.1489062256659 
122.93940790705196 262.7388836265135 
112.4769594860176 278.9247538291967 
124.79997393926308 267.89666868858797 
107.06699074718024 265.261302340385 
106.91977284953208 256.04826550722595 
122.56379829943953 254.1402206927025 
105.05273962121812 252.8844300640112 
39.67138099950074 267.97725646385436 
34.16754996260742 272.6688286095211 
34.36693666806187 264.33176907208593 
38.01702091494073 274.6731245173635 
35.879904221979906 277.31954338943876 
51.93054862406683 271.8705669394635 
45.98954056678745 278.2942010287689 
55.022570352149955 253.5921279001592 
56.20781962320716 275.4612189391298 
42.57973910102746 253.33225048599823 
107.0291318709609 145.48178610041913 
105.89399614188466 134.12180807567177 
88.04352068083564 134.43491308683156 
89.39268468705681 142.07245786907347 
84.32926061534586 149.54333663378483 
88.2407112424851 139.3593404834374 
94.0632028584508 137.85534739297117 
105.67760385733044 137.0552153648468 
103.5061711317565 152.2634555453036 
93.91762481138694 150.7142888782425 
287.18683543730333 -6.38840187034779 
298.3182449663265 -5.716365907538038 
280.73307040167555 16.089020108339184 
284.640728282034 20.82368541655406 
288.61277558757104 16.23651137476382 
289.82727697326067 10.220788906025568 
297.2968959854344 11.438427434192938 
283.3620258180178 21.616601786021434 
295.2730706061201 17.07096613826093 
301.8642142610365 18.89636444454173 
162.13667111174118 133.39342485279215 
170.83075477597367 117.92834209608648 
165.01471009163697 117.28765075728337 
175.86909993074994 124.66588070735469 
152.9288871304674 120.6195651899268 
165.27196665444205 131.5613820455629 
176.09290533447495 125.26034956743999 
174.03190428960698 113.94039755640406 
157.0248971565491 117.11393108409919 
155.51679841802857 117.53715293061778 
239.5561009221383 214.39753329263553 
210.61402991168876 231.97193711049553 
233.58759280859837 215.81363975381987 
238.86190640090916 235.55188472471553 
211.70249085613992 235.00520699804815 
238.52033515304754 208.50978917838668 
228.70678130707643 230.39281779337318 
212.66926440478775 220.249164078718 
213.76800088058488 222.72088216166645 
219.11388657729248 208.29271825747927 
108.79815543457069 115.55378653834188 
109.89367297020121 106.74635168212264 
118.563773953549 116.88225225781551 
119.4975588999064 95.793206886723 
94.63837037524108 108.4667176910881 
114.85705097147621 123.35459456734122 
111.6143385838881 112.67874833200965 
104.74012614569197 100.31411501085559 
113.79021136365195 123.75771447210464 
106.20957725839301 96.27886690381287 
291.67259029669725 169.75239181922572 
294.10682813207217 175.8579749893442 
313.47516697797965 184.94898337622044 
309.71894290746945 163.390030067078 
287.0686647015789 165.8164582552954 
310.52425326029476 186.66861401850417 
292.23570213652505 181.65087311160008 
314.59647003819924 175.88180485065305 
301.6936702725248 183.92254140451232 
286.7691399664386 167.68997978022674 
266.91720050805736 34.30470835341986 
254.38099332351587 36.630510083424696 
267.8272905704866 35.26620565992818 
268.0260781507579 54.158030753645264 
267.7715334631126 52.5810841530335 
260.24720084379834 47.78153290936638 
251.61354292981827 34.731799084325644 
276.70215938554185 37.4281833583352 
274.86235928321184 50.48369414163032 
257.31562842186037 39.6238004694519 
228.49693273508004 251.50208151987582 
242.46096516601884 239.22584116935826 
213.8339675394758 252.75395423968698 
237.35401280687785 248.88733133661506 
216.69655119523327 238.95816837893568 
216.66104844173915 253.76786437669486 
224.4351779260889 247.15524682845336 
212.79562833842428 231.98590593676292 
228.5012730047765 246.9397162802435 
224.0576717558422 251.87525637100254 
215.41194204078184 281.21084622781194 
241.34089113712508 301.49211871958676 
235.22748631961127 307.48164438243595 
222.57959823485749 302.24585457164176 
227.69826970052588 298.58505438408196 
225.5227506352719 290.4075315469763 
239.10036396384808 301.9272895921216 
244.13385052761603 280.1898584322031 
232.85751851186865 288.15019195523445 
224.52357815108294 278.86602282668497 
224.25638810812922 10.950048857658683 
223.95891971564464 13.112575009018915 
222.37955422487462 20.753976533116678 
198.7567007843233 25.833193443697574 
195.9366844740849 5.267804732040499 
216.77710565910013 6.335722660426593 
211.9277888877545 33.7273446129293 
206.4994342922736 6.689151011314464 
199.82309300810786 16.25903193939574 
215.8324616457884 19.166596204066046 
97.25125402936956 103.21559826812019 
91.45273924034231 121.68340940547503 
88.0725493986585 115.62795943557383 
101.73452838353332 120.95343262345389 
107.68275558694057 129.7422692296187 
101.40553217693568 128.9600253648687 
95.58308846891438 106.55012228263749 
98.2584624165491 108.62912463671127 
106.78767386667468 106.98050969223658 
81.49932344012815 110.44578658556945 
17.594792518130866 27.08929547768372 
8.47805418775747 24.24265051493522 
9.368141009527923 38.189220957176104 
5.907584743095757 18.797583133035126 
19.908561241443103 46.22791844890149 
24.358864519061072 26.819684201121493 
25.71504242843406 21.549833289269994 
5.646657762337725 30.156757032832438 
24.7620915979709 30.504982443115352 
12.783904336792107 28.237811520680694 
273.5934133705396 278.9479356920775 
285.8872124565346 287.6288610884516 
283.4532825456156 269.18872461505396 
262.9721513879517 283.8943594920777 
285.2063598110202 281.1793571440681 
280.76807431345026 291.45598002089775 
280.74994064034627 277.09254998467134 
272.0157082097046 281.35979241783957 
271.8046498709474 278.5349128445981 
288.7912518260043 284.98680275726025 
235.72872847620704 53.19365504959234 
235.29545979027483 63.22425132690607 
241.95160174728306 80.03604764325982 
250.69469909504156 72.32396948706725 
255.62803034871848 60.31834951562 
243.69961746817427 65.10087076732064 
238.73520787264627 71.21445423204622 
235.49777716837588 69.0393199272859 
229.38247718266896 77.15379845453917 
230.19105860918032 62.81045949108762 
145.8470435925205 238.3230464561807 
168.11289687741032 223.8691874352017 
139.13944434693553 243.91244279405575 
147.42821220791507 237.27899443345873 
147.22003001122198 227.74859047069657 
147.63635180070358 215.59355563297706 
162.4133359843543 242.95227824810416 
158.2863514011157 234.8735149536013 
155.63158050252468 229.34010455198361 
140.94540513849955 237.20532307650302 
154.05592308734472 282.24788763815707 
146.9476078726241 267.42809933809394 
166.59375248249756 280.57286356544085 
167.7304455323802 265.2594983606436 
159.94456652865136 288.46046925023086 
149.1360629758055 275.89869933445294 
173.9488798883297 264.3234833942356 
144.18089137458344 263.59231470392774 
171.21247351315523 269.7767296459293 
167.70910130749567 272.02619764149574 
177.62123312096114 68.67852497591953 
193.39537283100344 66.69954931949648 
177.56489416634219 61.2291932267812 
190.5417055850288 65.30810230355469 
193.8455748389942 80.95776797796393 
174.21820920291694 68.0336915904183 
199.84483778632398 74.06082582683672 
196.1487203337128 63.32013448118436 
192.72208985535218 83.1037881374283 
186.04407824791386 78.25251210761938 
294.2083553923986 263.09042081895194 
284.98831304586827 260.078434910319 
294.41901398825564 273.86169664577574 
288.36948550540615 274.4664441513413 
294.445878007266 259.4819655062084 
284.1413330903424 254.1732249237114 
308.73459644634363 270.62958881578226 
302.0495899030524 251.25421749010863 
306.5418488586557 266.0530329587593 
300.0408322078122 255.04538231265548 
63.33933717347437 258.63306224912316 
82.72966439543058 256.30306769450203 
71.11377626248199 258.59443991983846 
69.34795568682067 248.12949032819833 
80.93971148311653 257.68053524077857 
87.8147844307069 249.65668374890387 
62.01003025215185 265.4507396683938 
83.04544355759151 257.96854594640155 
82.03204219164068 274.8612092224914 
85.11060376227523 271.3939734271973 
274.3263233317132 102.4042361684197 
277.14083337018496 106.15865329710164 
297.02331792053394 113.76231066204775 
290.3893625344301 103.02171700449838 
295.11621323641907 115.18574790091671 
292.3378946266709 103.23122630021533 
276.23615117190593 106.63305192793236 
294.43692700861266 95.96246157039279 
278.8689855338425 98.68911093673601 
291.8499453222623 93.74479283359099 
216.01987580817465 155.21430836078395 
206.6591987944167 154.53090306466754 
222.55822060812986 174.26386177855912 
226.85535038754514 154.301603583063 
226.56401537828867 153.10644553641336 
218.86028097767505 159.3634942614414 
210.97791057028525 169.56939091514283 
214.1630844327456 165.98670008149855 
207.88551509321744 172.57136440490515 
226.60457653847791 153.458834456446 
