146.7871141583425 100.51761156565628 
136.8624318799598 88.45871189063861 
132.54156464120896 105.50383119170972 
143.9368374981232 105.33193740985966 
143.5377924662576 104.57616159117592 
141.20764434305747 86.75208450171048 
142.121546176006 90.83613419922872 
137.90897229657824 97.01195869048041 
131.23467434431404 98.8819771429424 
136.348177729428 79.2734345149248 
276.1692344642132 199.84923050711814 
292.66344977844614 191.38366182479362 
283.3919656897398 182.0985959505529 
274.51944366398374 195.77679110008097 
281.03150965276814 198.12070131475295 
296.4151417433264 179.39739525576132 
284.2315102314047 192.72958575471054 
283.80680082317633 199.7601982836921 
281.65804735589995 173.16416127306218 
296.01023904639106 191.88563515032934 
287.21520748368766 32.65872302908438 
290.34209739447624 45.028032499012554 
281.1051009438717 50.71935096293788 
292.4011228682423 44.03647571083725 
277.39662500085575 32.938794250719695 
275.54662638834776 53.15557475532279 
295.2651461241262 49.371267827711605 
270.9564200518109 43.71295133516424 
298.380323645523 33.85373383211365 
297.1884712701731 40.87661047693526 
172.03478152389553 293.093311730834 
169.67637435838736 272.24443659077906 
175.71893358305755 274.22392713453513 
184.57566880601843 274.74341971111755 
160.58204573057287 275.35782134166885 
159.9178014995079 292.2276958702276 
159.26019973749501 288.5539857794328 
168.7689525901394 277.34243023913916 
159.9555723283558 272.83955592497 
178.2009765858857 278.21412502167533 
277.61467872666196 111.49735909374678 
277.5761555267272 112.46789616350358 
293.3740762562745 99.40645514036927 
292.44627616080953 109.13436798408767 
289.7184439941785 106.21111329676566 
288.2602628433075 101.67687023510766 
275.0060912889834 102.5389313853862 
278.9575129672419 112.62005990838476 
289.1708594314774 111.12909512636791 
277.9656204482702 107.36864736546889 
296.6691108520481 42.968772269551366 
293.89460465656515 44.01146025049596 
280.96986820475496 41.641124246856506 
289.8391803275334 33.784490331360836 
283.7726898762127 34.92529106452997 
273.9566341201901 59.00960550075311 
276.57202470115004 31.3576923066468 
286.1352842545451 57.66616343725926 
297.51618466421456 42.00089721413511 
286.7129189346173 30.88825634203921 
67.1285854396265 55.41763583491846 
54.804568647299476 43.04284174069372 
44.90694641212249 69.33364570547707 
41.89026273909815 53.23223104444888 
51.210153819085164 51.29942330887827 
64.5046948046506 69.64978918894195 
62.88710368966204 59.08437005456176 
67.63384438377561 42.81824098464708 
47.87094226183929 41.75912894598742 
42.00716194852099 41.92556676586066 
277.06153444234826 188.4518623161981 
291.0351986939119 205.71325158619157 
273.325412461546 197.49974205008695 
300.3459649944699 189.58174177589595 
290.0984339716751 201.48325748905629 
296.8922927200133 190.79821811476052 
292.4012473725651 189.31636348626395 
294.47198402627805 199.89504150313076 
297.1410319300297 193.21697878243654 
281.6673063721549 205.73397741625772 
79.76801618083437 51.95371687595957 
56.90677552821474 40.50944188241042 
81.22682168007132 46.52637288995324 
70.74441420964526 39.293269953298235 
75.03430962708882 36.573756659173114 
77.48433925574042 27.465894551177968 
60.58689576146458 54.94012884984626 
66.43219810174385 30.632802418985673 
83.16883879948472 55.35846868929094 
73.71668693064666 46.36562359902551 
230.25152062144733 214.07183935991998 
228.50430442695244 227.96240152808699 
251.80640826280649 224.95391238783301 
246.908517188627 201.60898854152427 
241.5281051020942 206.97062490746993 
227.3466940785166 228.52501185899453 
227.9951335249458 225.31104807968734 
223.65313279457982 204.42758748209505 
232.27583522843727 211.94418733794558 
248.51442988177092 217.7716153711549 
95.40700797380335 23.174448572117434 
105.62304139471875 35.694893600256734 
77.01569161336684 40.637197175708536 
96.85746957066175 32.45269431332582 
90.99601247441342 44.848952203688455 
97.30153806725065 27.7332891257671 
91.52569910787865 48.23255178932992 
91.6948333920945 22.168904558623424 
96.56476102054609 40.0814307103039 
86.52785950777447 25.960543257550327 
311.55594215092265 155.4828006944541 
306.44050174991014 174.01004183913903 
302.68095738369243 183.1848444655518 
285.51747986331503 183.70456070546905 
299.9151089160247 155.72666916903742 
284.65697302760736 158.60839761548112 
289.70905519865624 177.08392454494546 
295.81603422822616 165.34153542838797 
310.89943849678895 168.550156508953 
303.4173782329731 163.08398506887156 
167.67754244945382 23.247124062658052 
158.03170546943394 18.052110246959938 
161.99998603417484 13.867071125905618 
161.6456684820081 27.520354935675424 
174.97604586916586 25.66689085722126 
178.4328854108983 38.069673652636276 
172.61743890951513 32.69593862935985 
167.32334823580675 24.923985591676697 
176.6539383942339 15.264021796744517 
159.5295104106679 18.161778408694683 
246.1554658049968 16.54583635114377 
242.21127579092942 39.41810754366591 
253.72326749085843 22.962140330691575 
260.7779935356623 18.096142029839406 
240.89172498698537 24.750668740867965 
263.3207756609375 35.2324047344034 
253.7945517250798 28.43328925096778 
262.40906140382185 35.65767581654593 
259.8859225095878 23.74777787302019 
263.0831574424675 18.065892316384073 
171.607347716703 311.6995983300559 
177.22966885030036 289.6651475271131 
163.33634578230178 295.7045615330368 
176.90398016784445 288.1470377143069 
168.74703878424498 291.18836534078997 
165.76089713223757 300.0412602288409 
161.92735665180692 304.59314079400474 
176.0887703409395 294.59255681992954 
180.36103706122893 304.3689069096581 
171.98276989970321 290.73708936542863 
177.19833678648033 68.6068183837296 
203.70146475852778 58.94483262126363 
182.6276483016089 63.12659440307194 
197.0592762250189 53.983355301350656 
183.80032849668453 58.73828806511144 
196.5667358510231 49.730561711371514 
181.5360364314333 64.50205101599211 
199.1298821645926 74.27818735393734 
181.67818416089932 62.333769629699994 
177.08804838550853 61.73229638241085 
66.43784866105608 32.76452312599053 
58.92709161557211 14.074223795462682 
69.75114430166505 34.86944021618213 
71.07157073663959 28.87345511560722 
61.64480904416962 23.316766360306566 
57.88013241384417 17.15846101503092 
48.45011771484082 38.447486249641514 
50.25121498086119 19.452918161725112 
70.88020904837813 17.74864802963013 
71.57449465504621 13.437979467788079 
91.96812870597766 194.38729951049308 
86.14969665541672 193.4305540750019 
89.41836098491657 166.0552406662229 
74.25283641525743 186.99579812766913 
72.30619642964263 175.05021687906122 
73.63444375022691 189.36316298185662 
79.50004686055019 190.6994203310325 
75.75225774819074 183.4103201597758 
81.7721848952798 168.01371057567502 
93.35742251855736 173.23510379407156 
282.3537506884477 280.9825936511858 
277.738855336296 284.5325127355821 
264.10886657362323 271.7817544487663 
267.7038064547817 290.10004990178857 
279.95220916478524 292.71495281384364 
273.68372039355444 288.0337359688835 
264.9793372101021 275.832618779482 
280.09207749057884 271.43549267313716 
261.75128941299056 293.887904489745 
272.2192125233652 279.9078837426437 
214.42064339523807 104.02626489554417 
207.30286696745492 94.15637414692014 
203.99461444442272 108.78860328456172 
212.29993105813458 106.2344944852386 
210.44855287133902 107.00984933146196 
208.39583494126765 102.72722572676592 
212.25986869148713 83.29157267799519 
209.22352601756666 102.90559716904372 
222.89892773029013 102.26443622306489 
208.54999580016153 103.68990705090116 
244.14034948736773 196.7106415197224 
229.79342591250006 178.64906210338057 
247.60054343867517 181.992155793576 
245.45997668825285 196.06779199907527 
234.3259263733194 193.21774415337038 
221.66648961173712 192.99878581904227 
232.06112159690747 202.24076218538988 
237.08181435631963 175.93258343930782 
229.96805790695288 175.36960839433632 
229.73546229081495 190.94866651289553 
270.74714919494795 277.64682677345564 
257.0240041206126 258.470235891446 
270.6234892477931 255.74963269322183 
268.8011684317415 258.3697754965766 
259.1362773680564 264.9374470849336 
254.43204372686344 254.96477758540615 
258.0511609944116 263.6479420359017 
261.9555239582464 271.7931494715952 
269.62720598163935 274.51822522720875 
254.19958093318576 258.72949573156745 
252.08519326340132 113.98559284283292 
254.043271410727 105.66571001246115 
262.0899585258062 122.99852345388301 
254.42821678507278 114.26352054699969 
260.12103716774436 114.52285372631081 
274.64387940525506 108.34230007932926 
277.95900046692793 101.4584024498273 
271.7252980015763 121.16766710330926 
273.3727823060193 109.90261303651377 
251.7891312727196 115.6151536483633 
190.6165964725014 219.49224393290018 
175.32254384505424 204.92190630917537 
190.9882748326796 205.86601908379308 
195.37516460640282 212.9580443838545 
193.48758314041825 219.79250428210187 
195.4682589347349 229.43681022767686 
188.3768535427659 207.7596785934499 
193.36789806667514 200.88977050010334 
178.72664935629072 218.8982012668459 
176.84883625894136 224.1925075653196 
54.66051280225185 276.7671475546636 
61.232992749257846 273.1259384850607 
53.676111477279456 265.4942083519513 
46.12068876539572 271.32652351973087 
47.0170561637031 281.5705681780382 
61.37726434216664 267.30049696928205 
59.99094753804435 257.93414012884847 
60.80793834239425 272.03853821320894 
47.84898688917649 257.26633635895513 
65.82178946549001 259.0217792448387 
274.3415933721541 137.8935040877124 
269.65420886445986 139.4068472804699 
259.2221729902667 140.7889528144816 
273.69622127695396 124.92942086299098 
251.6002534543721 125.75378309019874 
254.4240269126387 131.86281697408543 
248.02842563112827 128.57095322838268 
272.3976876003503 125.57953325223293 
277.51720963339153 121.8066943610306 
259.0893611187134 113.55291324083922 
18.192133637347126 112.3467317776011 
27.430665529683182 121.15246489955639 
24.502883699387727 115.43524538282679 
23.014894016398152 110.5876231599778 
18.702859804896534 106.48721350821161 
34.54293285578232 106.57486244824847 
23.54319086714188 111.39578955733427 
39.3742870269668 124.49984755667894 
22.07393574466008 102.40226295038514 
21.133764664878896 111.24324616446717 
44.08922512902534 26.13299449359362 
36.77934269739978 27.39782409608732 
44.129888612805594 21.33475024160498 
35.569357368501976 32.16240456150202 
38.26069184768166 5.429055623977903 
34.74921772093079 10.987883113220871 
31.512438183616226 33.6110682723241 
30.95824892457555 8.317678234875228 
47.73952839368305 5.8140721304090555 
32.63996145933312 21.70246518590499 
194.98385234195933 132.00976963218483 
195.0723246280712 129.48992257469635 
211.01496618919649 146.54471896454672 
185.9883471891724 141.15830965361374 
210.58459887660405 148.57184984657806 
195.0301216236165 151.56581167233105 
192.94140903301593 134.98513867861337 
211.84539849184364 150.5851602296085 
185.00729906800572 146.27519860175826 
200.78173444001547 130.96482508995686 
193.23005204510628 256.2496763772698 
194.16730410382056 233.6101562451202 
173.82830855028556 234.82442136117402 
171.62036499075623 240.97328231985117 
168.494703972668 253.82982885822105 
178.24185160287624 256.194508446881 
172.68394435943674 256.3424413620927 
184.98061924510003 230.50068585210323 
185.31902033750077 235.4297256705443 
166.6461895621217 248.71447457682075 
