57.99119268436133 81.97493312413577 
53.42379800583167 81.58499861181176 
74.7623391603559 74.41155766545648 
62.47426442064442 72.06274477651756 
58.3675534881788 64.25432185867945 
66.5547379626952 78.07274711004672 
66.20534913165815 68.14681983648073 
65.49361061915012 66.36086180474486 
59.35955764324744 69.84856817324885 
56.70233794705186 88.57533211911766 
221.78185752894888 169.01759019690883 
205.63076776087146 157.99294553993303 
208.00629983711414 172.80849678003656 
201.6727825029417 184.66907926663268 
193.43073634231683 184.49824842796767 
207.96095330346 162.19122496210935 
214.52854813323282 174.93566511098234 
221.85016075677117 165.12443527244116 
216.67879579291275 167.85757004019254 
200.27805784021442 167.97811779464348 
72.71432565275026 17.89589968161497 
88.3006125856882 11.490575953562324 
80.07538180029307 23.106725815676647 
86.12547072213994 20.32332128968055 
91.32107325610366 28.315749502257326 
83.65755225096403 7.593335981473301 
91.95176189401869 14.212640268154699 
88.95193088711927 14.575521703750352 
76.31673807126191 17.458648071819127 
94.57662682991524 13.285393922474688 
67.35509564077424 10.610189539154835 
51.07335853509417 16.141084563268542 
51.38509628866069 12.618743015216983 
47.9073009038771 35.30421996305293 
63.75818173157555 26.867016050558373 
70.15185762480118 30.163684118062896 
43.05575358377676 27.474172265078895 
56.648955053468256 14.020730703509987 
48.5499024379252 8.195441872159858 
54.69366995295444 24.98346762365284 
34.16074118568942 12.556766801407353 
27.290317423369558 34.14342354121506 
50.96112263458912 29.303523987053893 
50.57883665992914 24.339778660994995 
26.0959202903101 33.29678402006122 
47.82519590996441 12.239332766490119 
52.705737729655716 23.27664550504708 
45.11552345014854 17.836531258229364 
38.4418115912053 33.753918952775884 
26.343589307479096 33.385022256061276 
89.09011606626942 195.9637672151433 
111.55655086931033 176.35855759318608 
117.28799452864781 168.13890909451217 
97.55409564037492 179.20124885249285 
100.86714429397243 197.12668171619217 
103.56349435619957 183.83744026549059 
103.69987534016396 174.56787131010438 
112.9504542519079 189.24109456857397 
93.93950072829375 176.79390784713812 
115.0160490379712 186.70565226731034 
61.09842040201703 9.255837567885582 
37.205307649798684 3.3665234958845547 
60.06536875485516 -0.4163566372623917 
59.911924745922235 14.611155463707313 
64.223896418364 6.769022666462532 
37.321745674817485 4.96286180672542 
41.6383926939011 10.961915733965796 
46.22441347314491 -1.4172790406224878 
60.19173048598623 -3.3361186161997036 
42.76810070549301 11.057672446459488 
316.7391596779609 40.30705756038843 
309.21260245240796 33.80653299805066 
317.9095634709366 37.88749551500385 
293.58890837103445 41.16255291221525 
289.0183632725159 36.276699523666416 
301.0808242159013 34.19353524828716 
303.1826922803785 39.07884554353518 
295.46787843808494 47.65040821494706 
295.8958873047209 27.22227446378829 
305.7136985615757 33.78685420910553 
118.77714361866592 81.4865745454106 
120.43691207289478 66.93715524034799 
117.00129976553492 92.52303215748469 
111.83930476101212 66.84184009374526 
106.68548523848327 79.81609043705598 
132.18179430699948 72.75757883067998 
132.59796485674204 69.21644064825979 
131.9494616188215 81.3436761546285 
126.82852039539607 87.02703633547694 
135.73668456718565 67.2786015549774 
45.4347259925902 115.24615527057699 
23.20831251622463 116.78652042316378 
19.689973361905288 124.97215172364041 
41.67208654561221 127.72407413207111 
19.99543201933089 131.84072885949354 
20.211420593604974 118.68258595079368 
28.542618752268353 125.16035881332635 
24.58698499558556 136.74361519294715 
17.67309283848612 132.35619158997397 
30.091959577311492 135.36862064839337 
-0.9026128494883965 79.64229443364025 
0.1600025812087038 70.10366179098449 
8.050659393812289 78.04382111613393 
-1.7133979591319815 87.16503487304713 
2.0534616354885804 61.43376590990971 
17.54661481960267 71.70962471429894 
3.1841774545148365 73.94471457617236 
9.995512244666783 80.65135759266308 
21.335377563847715 72.02335126852513 
0.46270937262095746 73.16309032230821 
71.91232151835378 201.82085641069233 
67.35542418531163 187.44144675990663 
70.67261304599987 192.37552472694 
76.41988891559143 209.0448276880452 
89.81309936421133 191.57944928568955 
85.87628886805688 192.8078480760754 
82.44586346861327 182.52622785626085 
90.0136313391213 202.90505574673074 
80.61552447053339 196.30871826098823 
81.61469390703111 196.77607445904553 
97.28107480632286 44.99222113806558 
92.84365072564339 53.25732266159801 
87.95806283017572 69.04058811521875 
93.90296076439175 65.32320626061102 
83.956670945475 61.26926919674397 
80.7682695610075 60.76954938762383 
85.93615716757168 67.9422358914408 
95.26767348745804 66.63201854535359 
97.70539122840933 67.44047882039655 
81.74718198140263 56.27082186980411 
192.28727823131325 170.60349986464374 
202.90045492702654 164.8409966737961 
214.01936939682537 163.8310044139694 
195.02516032348078 174.16178032190933 
205.27104700710578 168.01887817588144 
214.40471952928806 165.2194363619169 
200.7945620236658 173.92824443838467 
198.95686503575863 175.63027042944 
212.08933280097665 167.27339831352526 
192.2950524091367 158.88344302797952 
243.99633473530554 92.5261621155415 
242.38275254532707 79.62684976023145 
233.21037602059397 94.04025086773635 
236.47206898217306 87.28987799233204 
228.93577480236507 74.4365689794833 
240.78625537987287 75.19486114790057 
231.50508322372949 66.67409090011581 
228.38879931188865 67.32822696626327 
244.0054613753651 73.8079870073996 
231.43869167734496 77.86387952276401 
97.86630069493519 215.64004146393222 
87.27680579373283 221.1777355051926 
80.44382284381459 235.7334247616397 
78.47254427789657 231.90838605399938 
88.14826341532742 233.68325749754774 
79.77375458102364 211.7476272561647 
91.16273455768854 228.70460575966098 
81.12678271324131 226.2805137595288 
72.19300153092139 218.13074883654906 
92.1214128104603 224.9379033928999 
88.39004659051744 253.46126078192717 
85.30402989769271 244.65630679091865 
64.959091309356 251.92094121368117 
80.82058074183621 261.7237627473069 
75.06846380064302 260.17770864441536 
67.933595311108 242.58350478637985 
81.77428100862869 267.56068697813055 
86.98176356300205 245.11394579858106 
69.73315474531887 255.13449590360318 
84.09447389842082 271.34778102356887 
235.78274735602466 155.60828915014537 
220.9657183674231 163.10119505592968 
237.4889035833396 176.55758029149945 
247.1376178079987 163.83227218670146 
230.71249564345342 153.28436236462335 
234.18111397978535 174.96408851008647 
220.1801414575783 168.99559088149462 
246.9910320902277 167.09450498426816 
228.67270111257167 160.89867682911046 
239.64222892887727 173.95758073272324 
178.05051724232635 284.8502302673136 
183.30702680808557 274.7932691472877 
160.85647537083727 272.3999898291472 
160.11840263727572 271.92834152605127 
171.5600446005885 266.2570434189205 
177.52367841913852 267.0300136447832 
189.0681560235529 260.07460067554786 
173.56692587580298 284.0461843391009 
170.12196869168272 275.4489315224448 
175.60879853981152 276.8561901692757 
160.88658202525644 245.16790462334586 
177.25638061329153 238.77801894723856 
172.67305509692682 250.76047257610983 
167.66621216363512 252.33735244264395 
182.92610283215737 248.6510368630987 
173.0290938166743 231.4309547794857 
157.7926210201019 256.7528821770137 
157.88642325746707 236.14642882698246 
174.1425597540004 260.15248308519944 
180.44511953374408 238.52042998991857 
17.219873197178693 265.8861496782767 
15.588728711278735 259.9675263000265 
6.144636492150745 264.14761178461936 
25.30295378441593 269.54650186660166 
16.312004830291066 276.54611337393953 
16.945875683261885 274.81646237366806 
15.343642533092538 279.52372820417725 
22.678313984966874 275.3142449514569 
19.368225111394928 284.88446522194766 
17.293799470371873 261.33984146562835 
147.76723687522195 231.87866120343912 
159.22227354196934 217.86225456754286 
135.67708738163176 222.41578065413168 
158.4337576670816 242.49142063651436 
134.67277997443148 229.40211577330155 
148.26419967850046 227.54709586662264 
143.35852478654672 244.41671419118563 
136.1420286126128 221.57113238756733 
161.260589957468 233.23700641745967 
154.0970690308877 240.34270516484037 
100.37870908178053 225.33040432142215 
82.34813240486642 204.55281998845794 
99.05144901702556 224.98092015461725 
90.68936059761214 208.5540832579267 
84.25713428322129 219.66075764030143 
95.66619657875195 213.5794891405511 
94.11833990022186 202.64448138997815 
90.16430803301965 225.8768854756563 
104.0985321696183 220.57391298745523 
93.98931374824855 209.57255444237114 
27.216160652258537 189.38330221443664 
18.021077162669954 188.87744753818524 
14.699054152226976 204.7732801617183 
28.450012483833675 191.5616470565732 
19.406904330342776 195.3930770023815 
25.257793591509937 213.35187825270225 
21.332324832992356 209.58372343748906 
15.88725396208357 215.10419024890408 
2.079086061229548 204.3866303118355 
18.218173529540252 192.66621749929325 
165.16946830076634 62.76458351764792 
167.70034603821946 81.51243161023845 
168.37635540632573 63.32165215865106 
173.65176930109521 60.96750102381667 
179.95485468226218 55.79503290424768 
164.03272222644003 83.48512742508194 
171.04959730276556 60.10206435144809 
177.71938847152958 74.16446155495763 
191.28269346626175 75.60165147443718 
189.57497494885578 59.90432079822584 
204.64802272023422 239.37344534446942 
223.00883300069557 244.7063101151164 
205.1705953060072 230.1475372402519 
216.81785939037502 254.30918798055356 
197.72134075214686 246.48920589573768 
215.2891275086435 235.2240401419622 
200.39444298420992 228.99894846401187 
215.9936826211945 240.66750625675687 
223.2089191472574 228.27871355660506 
224.44515755934526 241.91878883647325 
270.21984702393064 -5.662630963407107 
293.2420149537893 3.6595739146037776 
287.2330266296647 19.73831283863089 
271.8557290028159 6.2863206789796955 
284.6389446651432 5.748063624299656 
280.213260720677 -4.614566946079374 
273.11481564687466 2.032109947717883 
288.7388134114333 -4.955771917608503 
266.681859269498 16.39492450728838 
290.96520574320607 -0.9517723796234563 
0.38370094811854427 112.3287387926245 
1.0418703333979944 118.55757470213922 
12.523176266420867 116.99392990343748 
3.3379777760213396 121.05247653791218 
16.478025682622434 121.16061856119317 
10.7053365230391 117.62771701458476 
25.67592604342784 114.3518637825411 
18.67010406676467 119.95510032602321 
11.336317240375042 99.76433542948487 
24.603568743632664 94.0111001991425 
168.82593454401888 59.65206877768969 
181.2888925713574 59.30349755694971 
156.52019123128972 54.91247271009849 
161.22876062998597 58.356046905887894 
184.32082850313208 67.58682507752467 
163.82073318310347 41.367243873308 
168.6856021366914 64.25190111958844 
161.78251993187754 42.96351236854403 
160.91994483509518 43.578016491506105 
171.79692656184912 42.279258304478866 
114.68876496654734 292.9312542952343 
114.28811266388139 270.2652927935101 
116.44991376198938 270.6737309097247 
115.98620103869338 297.18625388388796 
113.46072630017598 290.2825356147873 
115.23281401224911 275.9169312490109 
106.28466348060667 284.6955887584047 
106.34309555236544 276.81643174735615 
104.153914092545 285.4378904525071 
102.69844777100906 280.604431391307 
