63.68359170955479 70.91928009109888 
73.24674555241576 60.71662616468588 
78.62525572426307 66.9281919033435 
86.21998849693394 65.96775672254536 
59.38449824046482 87.94216032524815 
64.79199739541922 76.8678039466005 
73.37286323625806 85.53276228281678 
78.25943979040301 63.712309643261314 
64.52056013442987 64.30731692913668 
61.7445562008223 63.16241428434146 
73.33185847856723 168.27695455241152 
62.89704826429076 173.8904784730371 
58.68224189415298 151.905105331158 
80.45558764757386 167.14401333423137 
57.69188560514185 168.7038376800715 
56.91563263325515 151.23160266975276 
78.57423283249629 167.00524887261443 
58.59812141908534 151.73672213044782 
68.26464741945458 155.23026372603715 
58.604764505652696 174.4615521965954 
210.48976583491273 126.52076702454914 
198.71733017860223 116.4562845760729 
216.79046806943322 126.11764978994272 
200.1809552223721 107.60467589049892 
197.37379924940765 116.9372273696416 
223.41174051826286 102.45214884571722 
216.80879613119663 103.22364196386613 
214.44048954444378 115.36283378912088 
220.17756589739156 101.47227020356398 
201.81857426338905 127.12424477443204 
271.9997980373413 65.71970008232331 
268.58135237483265 81.35959452200868 
292.4305443635046 72.32837962614792 
289.1299356397442 74.31704047840039 
287.39000051706597 94.41897384996798 
275.5043227934886 85.82181414164539 
294.20772305344224 68.13285964923203 
279.70051879085435 72.8385879395832 
288.25448442344594 87.48520038584418 
273.2147917220108 93.1332882159507 
60.95239508830339 35.47778995853336 
44.567888299363595 31.110992282566595 
65.90864276412275 17.9438904746423 
56.76471665740174 12.659404227587533 
58.259369733861455 30.940212167238144 
46.186876663240994 25.980032438998776 
56.97681107776041 16.61723265516178 
65.9295072711984 24.603497554046246 
46.35729187011617 33.21211403006031 
70.0929507729714 31.093212770273666 
188.0416169958923 214.2902790097765 
191.82401417915918 197.5826573852622 
212.81089205086573 199.49145995179717 
203.55048102982826 199.63739804064357 
201.88486746600267 214.27926893871475 
212.13889938367566 201.71397333925157 
213.58784332220904 192.49721959521744 
198.02147116509812 208.1082444390468 
192.47981625004726 212.4540082807996 
211.82157822322117 205.38945823613227 
32.935006834812945 25.971985106177158 
42.705947299639185 19.170762852653226 
48.7548311677234 24.200940423388808 
57.514699570884396 39.11254803031049 
34.770886114145796 10.521833390882534 
51.498793389277424 17.02035947729187 
39.090812867776215 31.719426403702933 
41.52902613180032 28.265480565911155 
42.25070797941962 30.841815435333828 
40.66654064682566 36.41060310404775 
74.05967835372392 243.5950732618736 
75.44791474440868 234.67659313041185 
91.42606446668678 237.4279672470314 
100.99292222501651 227.1607040011295 
94.59888072017173 231.39880231291457 
99.62756363655431 234.19131811410753 
77.5737473324898 231.68099692310346 
88.56480680107569 215.79183904075967 
77.52668331020884 238.06078029017024 
84.04840973913979 230.99985134942207 
203.92092816414132 223.2529710105647 
223.45578295941294 219.49138369336856 
215.00807284245204 222.48780544155574 
205.03221358831118 216.58040640508696 
220.57077709438784 226.64065636855855 
209.2333519562226 219.12576509601035 
207.75985019395142 207.5486650488074 
209.5006355530132 214.5884169586041 
210.42783745252004 216.61726253718123 
207.0323682999919 217.11064716190998 
0.9546760329730439 180.7159505002178 
0.13393531794246627 171.76297225922295 
-0.2649860676199598 190.6337789463437 
8.497792440272521 190.12708712706845 
16.743016916865734 191.76722149021802 
12.569233182446458 185.21832758564085 
-1.3514144341430825 179.99756718915376 
-7.749938411210789 186.72444665457456 
15.579634833619233 182.38551036459563 
16.207025905879384 187.4502230674418 
76.07884231635487 188.09121858460182 
71.71019484274454 169.01517017256685 
62.328702699477276 185.5948971206077 
70.95597752516156 186.0128591929906 
73.08526565411961 179.85032219155448 
75.46403124933272 194.92157810044154 
60.601812327836825 190.80753329172273 
63.23871045782437 182.7050864916932 
58.763395556721214 176.99046285199105 
61.04852828179491 190.35669552274626 
290.44895583554535 177.46292720628304 
295.70700022565853 182.15075485188376 
276.6359373991567 192.3428535234614 
279.89714917470855 190.55425798702623 
294.12177719080205 183.99797502246363 
270.9111347002161 176.74198444652959 
299.3615093893423 187.23007891430186 
292.65465813478556 186.36754544275348 
276.8803920643309 201.50399834850188 
287.0102079174547 179.99259331088598 
242.2671803827979 201.10644393277062 
231.75092005839858 194.5313401767545 
222.60932831472076 194.99110641151108 
217.77114539034318 215.05969228575023 
221.24721194470956 199.88974116897998 
243.54260663689539 197.9556997720956 
221.75042705450463 206.24664263024198 
221.70517954394927 203.48313199815243 
224.73442819976904 208.1704516734499 
238.7066422676752 189.77528200695693 
305.81996048808674 264.2567330513247 
299.5255206657288 256.0690493677004 
302.7237792001133 250.8336875587682 
284.98655795212665 245.26544554234817 
288.23451808922766 258.15756113964676 
297.6811588625337 254.99226031781762 
309.25270902979895 252.86635204525737 
295.7052539802145 244.4712432460417 
307.0519828586841 264.87937817660224 
307.0977901764972 240.98868141392677 
114.89594641067688 270.63675381764074 
123.69207505215908 251.92927208350102 
106.67293253998395 260.9977500555059 
121.11742048093436 256.9170931852973 
127.92580384598634 259.0324862583887 
127.42372601145928 263.80269532372586 
126.32101780410355 258.0741386743693 
103.46293175948362 261.3585493940396 
110.73097706810677 249.13711058530978 
111.07569998453488 255.8876567085665 
219.11005277205808 33.80417313968194 
196.5497016980111 19.863254744667802 
201.08808241133116 19.83489412258062 
216.82339365017697 18.092619149380454 
199.30345735853527 36.11678123910286 
199.71564184158956 8.335909230343496 
215.8351491178104 30.9575601353562 
191.1923967382297 15.594303584739444 
194.6940130211455 17.823877988374782 
217.93187276776405 10.641619485598918 
194.1038299774068 72.6630034539246 
177.60617499047012 82.77299199710555 
188.53352420027596 87.67534959756561 
195.70546125263155 71.69840465780307 
178.20712882616192 74.41091263978285 
175.41005373977666 86.03010034706077 
184.23240291128113 87.19485898138768 
172.59144516847365 62.83587410363415 
174.6358454097901 74.30604882945742 
179.17068815446916 83.03640526715785 
280.76723547267517 242.53953582576068 
299.2750348263223 245.32631499385286 
293.2964033751276 243.38392389529758 
287.0335065995281 237.37780870946517 
293.2451677904457 244.78284675833723 
292.8911299907964 235.63013245626988 
272.99524893141995 234.599564151143 
279.4281273795329 248.99706434581094 
275.56764247813305 247.27338140179805 
297.5829480308291 249.77139705060992 
242.2120066634012 154.1050094300553 
232.53984697252244 142.0726501140294 
226.2721512882757 139.42541561282508 
234.48090410270427 152.49281575967325 
235.48822132246266 150.42538751056614 
220.323919138123 153.6760427263261 
225.19216935573445 141.2231123502604 
238.68379421320114 132.50576490359413 
242.06933477784483 155.46115240283024 
227.58440680607904 149.12443068637594 
12.376409059661707 170.62551750531856 
13.329536029622833 161.61930785437093 
11.458207894352956 179.80517721016014 
2.3206176313639375 160.5755168553251 
0.7337025679221352 185.42118219108468 
-1.9646980855371527 175.63076821915894 
11.269394473274819 159.76637740494007 
-5.41460396248628 186.8267287555473 
-3.7366197728957022 164.7982757720078 
13.610093295438922 176.91914709410685 
270.8659249710504 179.37544683063396 
260.4104285418178 197.3035204618308 
259.73092071303756 187.5469152961189 
257.8096948743102 197.60271203907564 
272.79356812715116 206.80689448499217 
255.0307743193551 200.26181165815848 
268.51439830434157 198.8204928110431 
272.7649673715623 197.88206930878317 
260.4147262027264 187.76457673264315 
242.99810491696917 204.60059458036045 
6.6644468314511665 106.06106700924929 
7.529549268607326 82.61860769708238 
22.27210360103598 109.16204063383854 
17.47513338057849 106.1282083890012 
21.70984818476699 106.72097223642737 
24.90618691983893 92.63884726403592 
7.540049462996879 104.90071894651689 
3.380140106516464 90.17101312297169 
12.664082646531025 108.05322438243121 
24.53814885184716 97.54498321022938 
185.70293003596413 192.72177703712944 
193.50358833951552 183.45439402279376 
198.64582620909502 186.35666784949728 
187.31108897377584 193.1558397646859 
197.09339778538583 190.19583080783087 
189.9962666248694 201.82176942298173 
207.5737384650542 183.52403739016458 
185.20471982210802 195.8808355587404 
201.25940679217248 183.2191144318218 
184.31235152529186 178.8787803148008 
221.13366791338817 97.87320148419849 
221.5721825441126 91.2905724146072 
244.56456912723863 96.9512545145595 
226.62345365564244 98.12995578872567 
241.2362696782812 90.45783739727061 
241.912455265485 89.1205703075119 
215.18597350887333 95.43932907527306 
228.76772674952218 78.58479710186177 
215.75959462443916 96.77407957409014 
239.83789691281228 97.31568145005284 
171.37007005837978 227.93347208967114 
192.28206774814936 225.7070316200256 
184.181364664824 246.25863250272494 
174.60261324449283 230.3142053395717 
195.05637887441029 242.10610507420404 
193.68413096136877 222.6490955989239 
172.62598103139663 232.5371718603222 
191.21378255423843 230.25843571950327 
173.44096582680916 225.9719890209699 
169.16512180825637 248.65221639887932 
55.11816401771944 13.190506683032705 
44.47236449015645 11.402420753721348 
47.11975458098628 19.080790819627367 
49.81652034148594 12.417330204407456 
61.563522287874804 7.642116635301266 
38.42533472940387 -5.1195997430010864 
33.942624748957265 19.093194019636925 
40.93088612318047 3.7835852788292224 
55.00455462596206 -6.929097744204695 
55.13270917744998 19.48783749455033 
133.1629626937292 229.13240529610806 
146.2819841903243 249.41124395514012 
127.85553250093022 233.55147684541598 
139.8170240108534 224.1767173993049 
119.1953442910224 220.89835246377754 
127.66796500312995 247.14901984474866 
136.55310411345738 222.92809680139084 
138.70084795610674 226.3963322053895 
138.06040437498635 236.35365001167344 
126.90415274100665 235.4777815644146 
11.831979821607035 22.925528445201444 
23.087811872587423 26.551868325554622 
11.863529668001608 11.327960671592185 
6.829029497586584 23.833021528046174 
16.69603351981076 32.43392165864523 
6.306620034846191 16.991486829620506 
28.03452481618645 33.01933159295114 
10.738599788555113 18.3604813431475 
22.484610863146912 33.5041611134592 
27.441808181695563 13.656718935319299 
292.3688985922015 268.7712054660392 
289.4840403189977 252.40560164618458 
282.68098379262494 252.54648626211093 
269.33814448278787 253.31855353056122 
287.9039696975385 252.53533007691706 
285.3101542565966 275.75253899078945 
276.1003038871967 268.06390194901724 
272.31659071823407 266.9287483425817 
281.2723846872698 277.7630244016019 
291.26844293504297 270.1896965268889 
219.8123236908888 307.15792020338154 
219.0442512723921 296.0475783738279 
221.66749617948327 308.8514811793441 
228.12487962834723 311.3150070189634 
216.83323682276466 300.50068497550546 
232.54435983240796 291.91162056096414 
223.6681158403661 305.7624782460727 
225.67784456153223 285.6703787608722 
212.0583797591372 306.5121519391315 
223.08522047503305 304.99820289073784 
