298.99049144955023 198.33016775410624 
285.27029721585717 204.44265733737177 
283.97224879604045 206.9957779391559 
283.45592377913454 201.11592512700227 
296.46743108604005 206.78784223522308 
302.958616845252 214.75299609480723 
281.78058826014427 199.03747504516042 
279.2466842087161 210.0870161201713 
294.42378652274175 217.68637149886268 
306.95194097956346 216.79965508530722 
218.67723386357903 293.7037096004323 
217.34679580096812 306.09093356669075 
202.18711946199625 306.62370707209067 
203.44847733220087 285.6122001140052 
190.08246559554283 297.39823728551926 
213.51003772823321 305.7828582757767 
199.59384006461863 292.4374536797033 
216.48207678554797 286.51497344561625 
207.10963904006863 309.21341248286524 
190.30548433273609 286.94554061281923 
234.87085104121496 130.7889928985182 
237.583349992102 140.9652518597603 
221.76877002718948 130.35973893182057 
218.127296939574 139.83524167328943 
216.21748078516003 147.06997107838123 
213.07672577351323 130.9836813064031 
232.98746116520462 154.71727508308473 
209.3041036424849 133.03355182879804 
234.46785396885463 140.83017911230476 
225.65540064932583 152.71362112033586 
265.6445480351357 195.6482416788034 
276.3753924166373 204.5041031186382 
254.78855653066074 185.73538700689045 
277.9063518749457 207.0362796401596 
270.84088201831 195.4128071359585 
261.6447590512287 208.50513614551454 
276.74084599008927 205.17642933341625 
256.67300325030897 200.96638327407624 
263.71917027963855 194.97645325309097 
264.8225209502581 200.75522352040218 
24.92818662755265 77.79373277206768 
43.286346491532655 59.72838408426398 
33.15827549239198 53.20187878774815 
22.04388974752026 67.8837751892134 
21.11514029323024 59.06819783881232 
44.15219088768646 66.0718586049376 
36.349175388323914 50.03054285427278 
35.321286400339915 58.6807917519564 
29.77190570798728 62.05348192235091 
28.289974619765403 71.2981792539998 
243.2984343950615 264.0574332434141 
252.54001880160695 261.8163766565032 
245.320297367433 254.20373387891792 
247.8117741040215 258.3368837750214 
250.46008181570917 254.62930697586165 
230.5952106937612 269.6015164032861 
244.38046367999502 276.74577465321033 
240.66469945566553 260.6508031752163 
237.39378153353397 260.69918829202845 
234.93335975100933 265.30295266581584 
24.436577189562406 302.1536096479465 
30.797753802330362 282.7734840507252 
41.555493298416465 310.0189936202317 
25.631897976376656 294.33407794280384 
19.963306600774054 295.0461940380803 
32.06591151060169 307.87674932981406 
25.855902723672894 302.20201026520544 
29.164632251017913 309.130717064401 
21.54381845359017 295.232161948255 
39.752380821018946 284.2438572804755 
232.1162457523065 54.34851947419503 
212.9613321366752 35.3497047308996 
216.03818598397442 34.08699011420621 
221.78554846848775 43.07137702385782 
210.42663161280046 37.371031052461916 
232.01025398834122 34.869352773370494 
219.02334300799617 46.638751576032234 
221.18901691286945 52.039970536753685 
222.70495288419303 51.1855134535859 
219.28764697200404 45.51044471933662 
44.556397313445615 224.70661423736664 
25.380333142661776 234.39777375045398 
46.70932608538946 226.19348175764682 
25.713779120342323 210.78438213404283 
18.688021572995122 238.66857212678974 
23.697231786592365 230.86024029390572 
24.738790376592952 216.8094931482497 
33.443688485656 214.74937190744507 
34.3621576870557 213.02824369739093 
42.29307372607886 216.06841792342664 
179.38190466042963 165.7136391756945 
178.52569909710874 165.3905557717055 
177.93032664119525 171.7547907116849 
187.42657662687444 182.59446685792182 
166.84149999326786 166.3937460029831 
183.95079513338055 166.1521051025264 
188.74227658933825 163.47519020233716 
177.65412874265294 174.7456846653743 
185.65902229363763 182.84533907693384 
168.98984658713906 164.21029659157125 
129.12886102082092 180.15384525502378 
132.28792157642457 175.61831658863625 
132.30567476402277 187.5987999198211 
118.99957117280363 181.37490550975747 
126.43123510278768 192.0358583252535 
125.90817519131738 175.17363491997847 
116.23779364553647 178.13220639493045 
129.4398027253851 189.40786501755917 
131.9196916264243 180.61349149204642 
114.9114508338428 173.1454943948784 
276.50075014294066 206.39548756164618 
293.44375589431496 190.98967362247737 
284.8899202468449 192.8885011940742 
272.59176898764224 194.15441188565373 
269.5792706811614 208.40779686408092 
272.91334347439204 207.26911485521268 
282.54144172383786 195.54888828595804 
293.21678005368636 189.18535374928263 
269.71228855645074 213.56387197237316 
271.6772161426939 201.23310669830227 
203.99463124148235 272.45483169262985 
192.2637252288923 265.35961215545933 
199.4370082120294 261.48994490059135 
208.81577707101434 270.0112525698005 
201.15823427509392 288.6034404698276 
210.6811371775919 268.00472388209715 
201.55194017726916 273.8384756290636 
198.14249004469025 282.07085165170383 
194.2304195149744 261.187301349231 
194.83711249527332 271.34918238047203 
37.69461625792353 276.182868419408 
14.11757583882127 249.85990665945704 
30.468103678657517 250.80520077834032 
32.06182072856899 268.5942890429067 
14.823341122988705 257.2483493783759 
29.743559141835075 254.07939460001293 
37.553754409128096 262.17241085652927 
17.962066069061734 264.92237452295353 
16.72853404413502 260.245239091732 
16.22090820801958 248.38507140728652 
9.905069859697017 80.55024535832703 
11.538822774823968 77.01433003876672 
13.341783798703352 79.30309474588802 
14.381517400749797 59.51933349869893 
30.140642872093117 80.80305327457172 
4.80033339910736 57.75753561507343 
10.652149696912357 70.30355369306835 
11.59732889706403 82.28787554083235 
24.864645244682297 68.2330790617691 
19.539365100591326 60.88264126819918 
86.25842440030043 192.12718731357543 
78.06934382942602 192.7475551099065 
59.14601811820254 197.96432089384933 
78.40848709236916 212.38449764799927 
63.41492573091517 182.87415121967135 
74.82092222197782 185.70199022223338 
65.36972571197451 198.99165496955615 
71.9298912955596 191.6119922116421 
66.92550500973066 196.86074113310275 
71.86938429401337 211.8236998464077 
92.82298977475978 192.8837881307227 
86.51823446580536 192.8824001535946 
94.91471060350396 200.3058156427958 
74.81304630227858 175.1519388424899 
83.54840104526848 174.64500211304383 
89.66616982416993 202.0851636055176 
73.15018334427663 179.89528537759716 
76.71762580954733 178.36004604113845 
84.65246271404368 177.78320012186512 
94.85448036257719 189.51722024604388 
24.148306301345187 1.4485725791565467 
35.81022497223732 29.141580993100476 
17.862964177166376 21.314598862806776 
36.48601530835222 17.54323767171116 
22.388614871213647 5.819343427016738 
13.596263898510626 2.1792823268721024 
18.269823511434232 17.397204231173774 
15.206898659212428 19.364513448295924 
16.58908156680275 1.4887513393624867 
28.7383636487389 7.145372270139782 
150.08163111033662 18.47516375593667 
168.46606347766482 -6.8929774245309945 
151.73111649632372 1.9701031983072035 
142.97294148967634 22.173848819208736 
168.52354668754543 13.096947467715617 
152.40609955579126 5.919967144294366 
155.10976080926696 10.921915777956555 
150.38836015863893 5.377640305873559 
143.14492444494522 2.4098651212204008 
168.55443783244527 7.495481892148591 
47.53816439321639 294.40778501664045 
51.08364441203758 291.66263939301797 
61.634981741358985 276.37478011915186 
39.40266374283979 273.9243824069919 
50.864063782218636 281.57058394602194 
43.19210877253177 287.53978799015385 
36.370871386467925 282.714995071319 
48.7214597652174 297.7060662481435 
51.52389245158364 288.13117822520513 
43.616162003024584 273.15097290858097 
28.67560225336621 5.229261522290049 
24.788462350455497 10.155559755369135 
40.13473808070973 12.958876431399162 
23.462328253906335 19.76065825667421 
20.050266056871013 10.923649563676861 
22.919148528296116 10.593995649948495 
43.6846218397299 12.452691095004795 
20.753805968269653 21.627472437844574 
18.872807784935823 13.449970381976623 
19.327465688702834 14.930077195541958 
308.56612290523327 215.66813538887504 
307.6828287008045 203.4339859915385 
298.9921842793067 203.867642425606 
296.77587530947113 188.89491500387368 
295.418134083638 201.7475672845032 
302.70548379355813 213.01488104462658 
306.0492191844569 201.5123060262441 
298.6234230473751 198.3169622428733 
306.2801620442404 196.00575471155778 
308.5881013231542 199.7813214380941 
58.09790409000671 163.9104105537704 
74.27815126155456 158.44325727922885 
67.27515784626178 175.10089636598056 
66.32380369258382 154.91846096952463 
79.14080024939146 179.17072569975605 
77.29257765314345 168.1142021349976 
54.898983056363576 160.56539263874532 
82.75716578169106 166.67294598018702 
63.20918432199164 158.958785608643 
74.21955679763376 177.864158752892 
275.58641207139095 180.79129438807686 
282.7189097086828 197.5973558131166 
297.0357147420748 179.3939621496284 
286.8816464090055 198.9671542534802 
302.2964999818101 200.48497573660867 
300.1355441967546 189.9063732105588 
303.5225407632176 179.46934049372135 
290.6733977567882 200.99756471859754 
282.93353798271283 205.60910711343467 
279.9888351126916 178.77123168561505 
206.02944561837498 88.05460484163193 
211.95886581366167 93.1169612742344 
209.1406770910731 97.54575869410252 
213.35268357165927 99.31493491188331 
211.54599459632067 83.95328522756621 
221.2601690545462 100.85960965726511 
204.3898621001985 77.07188159476557 
203.77639099651944 79.9402977021215 
220.7861881866972 99.61705163634227 
229.66074565541288 90.81234641208319 
281.3696188249086 28.80927357558466 
263.4908824220931 49.111477240051016 
273.86460268922036 42.98496070072646 
268.9884117229849 35.53676117695217 
270.947554460278 24.94334443402188 
268.3050114967503 47.41459635440948 
260.4903537461222 36.29661300008601 
260.3656555030343 29.89855499357155 
287.4712748605709 31.997160901691757 
277.44290368786596 38.50577976402445 
195.29262979305923 232.46319814850816 
187.42751934425135 241.71912418158846 
195.5510514575595 249.05925558905602 
188.23292541494538 237.75919213875113 
187.51073448834626 243.98073011939212 
188.4138877782458 248.01292472014129 
181.10873709870114 230.52147643981903 
210.07694756030793 235.78088732527988 
188.8437101512477 228.8685963472958 
181.53942517482312 251.4987557737703 
285.92173476550664 231.26081291363704 
285.090364191836 234.26688063459278 
289.24101554013566 221.10844463609874 
302.374620516152 231.69333300052386 
292.2686316618459 215.67389297246498 
300.39538390215625 240.94885372019795 
281.02690736071753 232.53761479597065 
285.1038040018284 216.34722590174766 
300.11810559873226 237.38522919077806 
296.60961115661553 221.42696906271973 
34.307366678375416 20.212255149144667 
18.747029534888803 24.960589220768114 
24.646079592789718 7.490926349713886 
25.669416810879255 25.612306743480303 
30.204737469137886 22.238619848923683 
25.14860879475573 35.11264190407661 
36.230273419731546 35.13885178884436 
14.440662671667667 19.329240314035175 
33.59877450364101 28.73353077604191 
15.69200890716801 35.14044377513203 
132.77559963851496 23.011542348669067 
141.6215080241047 19.561207337212288 
132.64396528377583 32.90208571123471 
130.78104820027792 31.971449129146215 
120.02524011947428 31.673054942313293 
126.87173901688274 12.310262792307906 
117.69846309503339 22.84050501495455 
122.42550799572871 29.30276100926728 
146.89708165446342 6.974590396009043 
119.29607166436926 17.494187778680825 
