129.77648941005856 0.9702767481644554 
135.9580884936458 13.565946055291718 
121.50310933437649 6.479433937474034 
131.3505003991475 30.290162393218843 
127.23928631789916 7.816047635960978 
138.3416828053772 4.471696744714724 
119.3577462763937 15.588428136152066 
149.05106384443908 11.594782052860504 
134.45632682213633 2.3451007242878594 
126.09429180747621 24.88897690247031 
254.036221403246 61.27220664702406 
279.7207777346185 84.26599859428086 
261.3956247495921 62.82671470873732 
259.40625689039774 67.99339263087755 
275.24266514615334 78.23839903557148 
253.05901260455929 62.6003462331108 
265.679980931008 80.80860124295643 
262.81931889597104 64.57286934165997 
263.5799513429845 68.59331987894629 
270.30101509236124 83.81153184666377 
138.61073131592403 47.301809403350035 
134.86140643633368 57.363532366039934 
130.47166537152196 63.69879068242913 
131.25385547342105 76.59775786684479 
121.96161330542783 76.61425992180912 
115.59088291172243 59.21253439192538 
128.65782865770785 72.62377795712683 
135.27570126683327 48.25614099559203 
124.90658969647643 53.196393613393454 
134.51752451537726 72.59005550915028 
15.02610894958141 211.76319796103667 
-1.931347765860461 208.31438600601197 
21.88486941536473 226.40011113356 
22.68231673553118 228.753926814465 
4.480221817138535 205.3248073233101 
18.292273077407 223.12998271529975 
22.17026474089592 204.210713767406 
21.85560333801349 220.66264008485513 
2.0076402366958934 209.4067652157927 
-2.4030476712086806 224.78311058197193 
223.10574071838457 138.06517600917195 
235.15930706258177 152.35788811590095 
222.06940568378292 137.61630831026486 
241.3390644403242 143.13586926976484 
241.09975206371342 130.33027678914064 
235.42992011478347 155.0802059550669 
245.0150744053676 145.0786049439966 
223.36164800561497 152.73212833455932 
245.00824995254567 149.23649254644104 
218.84367765728422 146.80222073146314 
206.74483796153322 240.02793402523707 
201.46975567380943 232.90694408013195 
217.49355205951872 258.22755167878466 
220.68252718392029 232.80839932277428 
199.53071575904914 235.29785419357052 
198.02412188995106 246.21509827876272 
200.6910185878129 254.9734332715159 
220.16482663004493 251.30680767148505 
206.46061846410663 240.17113266477443 
215.12224607783548 250.29458225629818 
291.1298514041147 249.0716267894257 
301.9777493471321 261.54100014107604 
287.68432433898784 258.56165783871126 
302.4923969260774 251.71885285575743 
284.93751916203246 250.3582508497969 
291.7444930557045 236.61593254616068 
302.8372270266839 236.89396304693688 
307.397874025041 262.0409230326967 
302.8950366020036 234.85782857144085 
292.5993350277139 245.97789876818928 
61.58701235008681 175.8310716769302 
63.59115012768305 184.92070306118583 
77.23349132975748 188.91298714302096 
71.24583153515563 165.95174341329363 
88.02800369847328 179.06315067632642 
82.66581475302485 183.093040082681 
73.40024446288929 176.27176936196884 
75.90214003333462 180.26232074812125 
80.04298815576712 164.13757610253282 
66.38707027291962 178.0289886794613 
189.87726691907335 110.71613848467044 
198.94698559729642 109.6306590957026 
202.1524297330972 99.27244099645301 
205.0745429328914 83.13169491946289 
188.1162708907249 86.69714986146668 
213.52843113888025 102.9802772412854 
192.63830093976367 105.547209506987 
188.1768152780584 91.43030141873635 
186.98370923729593 103.82701596166541 
200.72561061059582 108.9530339219628 
280.4641046363052 42.32524400761851 
256.9108654045645 26.09307474872114 
261.46305943514704 17.771329960220765 
264.6271128595253 30.77036273067223 
258.29516413860824 24.72156859796317 
253.54009621922043 40.19433522869444 
276.91351766463197 26.58481971976056 
266.5132688886308 40.857008997938735 
271.5757695514865 17.26842644434139 
259.74340069817515 26.807208216930242 
151.16309122593216 242.92702987803972 
140.61161595687088 230.7675031247379 
154.8896032560166 225.67648391845276 
153.2300838439767 228.24044016407916 
146.02368535537298 241.0769657089271 
146.10555844478029 232.5836880012388 
145.11848775783756 227.42026496047717 
141.48191027870172 221.91476302019717 
135.99748705568356 240.85931426263127 
154.49178878423191 245.19872668160164 
130.8122556623432 237.41075362838103 
126.67819903745684 248.9321523867326 
150.11130564921277 256.8179827274575 
137.54566927944242 240.8751847832913 
130.46677009437562 256.61360783090026 
145.39799352453764 254.17341900425976 
145.6980206218997 247.2372928928817 
130.43954851791634 247.75697813190212 
127.75931664198494 257.7597653397148 
154.15254352435707 247.7264738954366 
115.72853707557582 61.806076292475964 
112.98095054028477 42.7751570254871 
107.55504717452092 44.04667156561063 
115.89940046714588 58.329639560723436 
125.47424446763247 49.86475204371321 
104.5282767767992 59.77430804860255 
122.02355264942992 56.09356791856416 
123.1879536238767 56.46466964043067 
124.13191388804007 38.41683608147511 
107.02512472468015 64.67505630949755 
124.24544896963123 136.51088232828974 
120.03461583026392 129.2666741545289 
121.46351317409756 139.99490664289394 
112.55741863073975 139.32884627331012 
134.50372265028335 139.92339548842324 
139.13073097948663 142.21270001963856 
141.82201183548958 133.28249392647137 
115.10424139767792 151.2203014873565 
139.17971608052054 147.89141114616245 
138.45605858068248 134.5231962884195 
-5.4048091990178335 164.19512742329388 
15.462637464008905 168.18445305385896 
-9.379258742289567 179.80697893570027 
16.555894101087993 166.1540912185681 
10.563697076505472 183.74592965546333 
3.6759593265051063 184.9784808428348 
20.31996515962942 157.4128698349647 
9.169516433591278 165.40780305566932 
1.1927568537841768 158.460419557823 
8.835121066332638 182.62377886198257 
164.5792732670545 241.73360231392954 
165.04503123889833 250.05389920365195 
179.50215096900297 257.50357061943834 
182.72574547161878 250.75584617784426 
165.38804611479216 237.83901932966313 
165.06035089996345 258.0353758901662 
184.97448034411357 248.5947040947335 
181.65427467015613 253.3594357591594 
184.71949151845155 240.67166556397788 
175.42528832377613 253.50582761248103 
63.41877575840406 43.98977494264045 
63.280255472791055 47.25620125970762 
68.96589048446317 31.4458786957667 
85.10447416322869 30.755484084065262 
84.04013718868232 28.396473965807463 
72.6268793435367 23.798006032038582 
72.67748037377085 39.52050990263098 
78.21658111614283 43.687721314952626 
81.40041252680696 47.692631503498134 
66.37139616026349 31.73041372050387 
278.41284181845725 217.62827461998043 
295.89529618976826 212.67558774053205 
291.37898349314924 225.10819041102073 
274.3684826903383 231.76855472963487 
276.3279028903583 218.45208576756292 
274.66066943013107 231.5191290130514 
274.5801898750677 217.28466624224055 
284.0965594392044 218.36330192180952 
293.6823531830889 218.39958453740235 
274.32893807024914 223.77745465402796 
281.31642449292934 85.70896671076852 
285.11400819522026 104.71705701515455 
285.3574551281015 103.94606007842802 
296.09267980848375 96.40536639052107 
280.282570589865 106.65096637454002 
285.20034382765346 98.5206078210243 
299.8240251572986 100.77602443787373 
275.87649558149093 98.78261065733952 
297.41683697094436 93.4518323116283 
285.3139540668152 92.99608060860304 
140.14010937753437 17.86137113743444 
144.2886978674151 40.71565377096128 
139.76839526899766 42.79222113539369 
134.28148611969235 20.631928990426236 
146.24200759883138 34.72175633556291 
130.820162384085 37.4133007516733 
121.3104517166319 39.29511325166599 
133.68605326581516 21.870349187127605 
131.8964993735767 35.88596177779905 
134.17501084047058 23.077824066749095 
292.36340267311743 117.30908919493612 
282.50766645832414 112.70429328371364 
295.56828292775504 127.44269000372351 
267.50898844255215 108.74230967713467 
291.91086954429363 108.52941614963447 
282.58138341859893 115.50819194881053 
290.5516125318975 121.00104070201763 
266.791690183616 121.60928903206526 
286.77457476824776 118.51846385402112 
266.55785144643266 130.5141825424578 
202.1128707438966 292.3356847671247 
183.38394112965054 311.0507916679892 
184.85108684904262 298.2433250944653 
183.87832436048575 317.29965519807683 
174.83482063264367 289.9865000860065 
176.06672049754698 303.1400896008762 
196.51473205061677 314.08609321065273 
194.29394063025177 292.48996983266755 
191.1373265815152 293.64954860378214 
185.54237867449714 295.5461074132386 
178.94247673881839 115.36462628890948 
199.07764032109696 97.12690813526406 
186.36877197074685 108.08108498572304 
184.165897182716 104.19653684221285 
194.0225585029909 102.71875721931774 
188.02457705677296 108.2375434219388 
196.8971147298616 121.48808611390098 
173.208170220942 104.25295624910214 
188.92154586612799 122.5822316311171 
171.16564058063867 111.6406911287978 
270.0193370546691 225.3620804694604 
288.48506304316 217.20004806521553 
283.80452214520426 202.921749531969 
266.57516581823535 210.895159436776 
275.48067339793073 216.23453776164715 
278.56205409091217 207.58662202114164 
270.54882670471767 226.17904498467007 
289.0577600300944 207.51080978125825 
266.2739887761626 203.30641705301124 
278.1246748707522 221.5404440799459 
201.44708136173932 48.84202637583074 
198.8214974423506 72.96588496855922 
202.46579221948608 68.4386332846674 
202.50383756736062 69.46321266405235 
187.6803769965288 49.34516747192209 
215.63747632792501 72.93130337183152 
214.79145609900743 74.19505620755264 
200.71359383405914 46.75019231012915 
198.17751957392176 45.85482512751519 
217.09412149111222 68.3148070100437 
148.36851123129534 66.36557873868482 
154.44662717459596 60.92959212931416 
145.94256810580603 45.94908039892195 
152.22442920881724 49.15521399938567 
161.51293113484917 66.2972065701726 
152.43374343680566 69.26277781161532 
157.8857003107832 50.63937798410245 
160.55717792230604 69.13336760816411 
166.36132532009054 51.185423370049485 
145.10407558475433 48.87371585461714 
190.01548521328218 32.89334524669104 
213.93726421818812 29.102715328478084 
214.5727633101259 31.536963875023662 
212.03468773051452 27.56287498698681 
198.23365854004112 38.226304224898485 
188.69388215361863 45.76647945629758 
190.48614926085867 41.00187947744334 
213.07041173874867 48.475641967683515 
207.26569117349013 41.59974211419838 
199.8395199577788 32.28454972279707 
168.1529401770611 26.290903346796366 
162.52925909885982 32.51900155732473 
165.58615277978214 24.327179688998644 
165.0247777921318 31.24702048675707 
177.55114651227706 39.62596013943557 
161.16880585970776 21.012113313148355 
170.8547357467838 24.850295880058994 
157.00608201218589 34.082171555223965 
160.07619268237084 33.313571547353064 
173.23747219238598 16.308681553863856 
240.82770706258023 298.8184059151584 
248.21815352808105 295.66106893870864 
261.88459408523397 308.5653649882136 
241.10260222069496 307.77850574868694 
264.4406134925286 306.51480751910907 
242.0123648958131 309.17219928358344 
242.5605041250109 297.2436545361671 
268.5215000437923 306.97804516521467 
263.5659686818551 305.3954676357846 
266.32565753731654 318.2075946525937 
272.71062821669545 214.69183141826596 
281.68711461480865 211.4147561882059 
275.6504733933673 198.4626511001817 
289.60815375946845 201.76489545398783 
292.3270294291895 219.66138285740692 
292.3533733157764 206.82246615468478 
267.9790670379068 225.65598298065657 
276.3987201798351 199.1801039153218 
270.19870225187407 217.95905332458258 
288.00008616212693 214.5107244524201 
