21.097476078049837 23.009911571155985 
30.05587231551324 43.192472880836384 
6.607094922398385 48.03944793292732 
26.24760270837151 19.730294909965675 
30.068196964650824 45.8616211920806 
6.431552997334137 47.10314153953533 
29.268530837503015 26.1618418340985 
10.572175216235744 29.028608503101374 
9.283437533061061 36.82209813290386 
11.367948529328977 45.807758262169756 
20.706579944575772 110.07339267825488 
15.21479629868907 129.26915770576872 
-5.899325885776533 130.06461105720481 
16.71112619907041 112.0658324205462 
11.06179207045691 131.318841934919 
13.126876991990517 114.36201377465554 
1.814275613459995 113.98046672137839 
-3.1119163525893674 122.21966764256783 
-5.969347772813158 121.04352725865927 
-4.033455772785571 116.07356889702012 
58.53836998666195 179.37843100660575 
42.4320697794085 166.69133268447504 
48.7954288459899 165.1143023142649 
51.768029525825355 181.65956259442638 
46.182497025579465 190.05642270849586 
51.821688525961875 189.56731633829492 
41.151765532551806 179.76103817704117 
62.781123191746424 188.93360604429455 
42.39857363070029 187.0499732009029 
50.72332558046602 187.6644652238614 
288.79956378007824 128.97297487399993 
295.3986460183691 135.0313882288949 
275.8086732983627 127.0604151358821 
297.2053550328036 152.49946930087438 
283.1225304737498 138.7728807243763 
296.87374863134187 143.7927120609039 
296.71654857343674 138.6044173984884 
303.1320023478119 126.9660627657543 
299.44272987268005 156.09070810295768 
293.9571356946269 155.31368594371332 
208.04045627268312 249.99447861162548 
187.8650250618891 247.05481819271841 
213.19109983554972 255.6359625191953 
193.6676005588231 263.69765354645887 
188.76330812383415 265.2415650739581 
196.13993096562047 248.57571445086967 
204.66884102903538 271.1212261686587 
212.28191696215185 254.9659613594655 
192.82985777514676 269.9123181076396 
191.26048638719436 245.37004506660412 
35.11503308969756 112.43520257067043 
36.619421251805846 103.52744502497731 
28.861403991732736 119.05515067915671 
29.175466843386772 104.66628585159395 
21.116638496631943 100.59798718675309 
21.5178899563787 114.10157920345338 
12.76839845560841 114.56523886091212 
41.369032682114046 108.69403726513428 
20.210975872658942 101.3793096905968 
34.36482524247442 104.50728071594084 
185.25862050000165 282.3209544194216 
186.23187722507853 264.04236476022976 
188.3850108187407 277.0572471847262 
182.56906879332996 268.75663760084507 
180.40059224848545 280.07993030417856 
188.10051024528755 262.53048528291896 
191.3379130264093 279.81686863993315 
188.2829259849284 270.96724735803025 
179.01604421986994 278.5295647268608 
191.5124179394546 271.14931099314765 
248.61526938603316 292.02158629182844 
233.51083669297992 292.87393141641405 
250.43632427950047 272.91615858668143 
257.13451437381053 264.2625649997761 
257.4660652295353 280.4319903525371 
234.62344893838306 280.5641775395273 
251.2470992354568 266.4984028244112 
241.94147440207774 267.0651719265053 
241.45854682963784 269.78958889856193 
252.52942741593762 287.0595468701199 
21.733790750155524 152.15962319998252 
16.193214291966946 149.8071303362656 
27.756781307619434 168.68651832049292 
11.730751493386068 175.88512065535247 
30.12724834140363 149.2615266714935 
32.2369288843416 150.8374216114209 
11.364711328873286 170.97282257396347 
17.42571224136803 155.42000726241446 
33.61305061786324 163.46316917286774 
18.50976498561885 172.40136697023254 
33.26317762225935 202.73758879004907 
33.121104185963254 219.1174994824979 
16.644381947461383 212.0569357499556 
18.929240494397327 201.72313682001712 
7.279356788470457 216.45931956863117 
13.56438172302693 199.31586225405923 
16.369605816805258 215.17338863266014 
14.566112385494682 193.73141506465458 
27.92117717388433 192.62358937087367 
13.903496770944129 198.30756822739897 
241.50393994863882 41.5430883952115 
234.2514891757349 31.187691005441007 
233.9543627238688 35.385021512676865 
231.1268329638466 47.04863439632574 
240.67813825037393 52.539392757244926 
240.75028527873505 32.49177698372834 
239.25725736091428 53.19775039726028 
223.55009424462324 54.45612142770545 
234.83253122895385 45.0551441145418 
223.33352876247048 45.24649910416253 
19.88217904874671 121.52466496189486 
16.745478218577997 98.1799505022952 
30.168612208436013 93.4180546649341 
15.756426978842782 109.79247349262576 
22.46634587679743 112.20950074572907 
19.901979553804367 103.50617058566033 
27.53598255335909 99.01133298716631 
28.47104178299881 120.15348877169316 
15.401267751870737 109.01790038029712 
23.901332316499364 98.66169505854896 
237.39195886156904 189.33649453191023 
221.51728342293552 195.01737302462163 
231.11069924021734 209.76285975520824 
229.6387130045037 191.33506817215874 
239.1773872252076 214.1398921856885 
231.20190161779925 209.4470666980936 
239.33209580249013 198.54657056446706 
219.54286685470754 192.25933018013617 
228.87070464284452 210.01246625007784 
211.49898562552056 207.86328346523644 
202.42087972449843 31.449787245590503 
184.30163354537336 35.882812127698884 
185.7830931591942 40.500694486718714 
193.56509995309654 32.226069400105104 
183.54112244181238 32.6530737294342 
183.9516233589987 26.67110284026589 
185.33143352714185 18.323005533979106 
177.64235079458587 13.780908305765145 
187.4647641221539 17.77913105101848 
179.43645608475478 42.65204131242953 
261.41877257552306 222.1377196159012 
280.87255203774015 228.7888033232628 
274.8992197473741 244.51454512554068 
253.49503586418228 216.3844832129368 
271.37555269038074 217.04913884286705 
258.1684030352836 233.82002331550527 
254.32857970146028 219.22035796582077 
271.3571054168862 220.4032288402951 
258.0116411205816 228.42232990759555 
257.9528013742387 223.11713875651324 
183.73997601587428 60.440371770551735 
201.49318181318108 48.106344574063364 
191.5414350269694 64.89649293847151 
190.3803562012424 69.03334729517057 
201.93318265497317 56.340467840834464 
192.2433773155454 51.03657581226897 
201.0841288802975 47.595338874404135 
194.0146254309518 67.1182941744519 
182.28458998007048 63.54477052761928 
185.4485843615932 62.28660228529076 
205.73563192867908 129.58727785688902 
201.6059778658872 141.63435009022038 
210.10624896691405 131.52250887418867 
215.7938995380738 146.8978267298633 
205.08694055247457 136.81033183243912 
217.00847935124523 131.3230853941848 
201.1030560890889 137.82501212933641 
207.7907106769203 132.28947485979126 
208.52894986709833 151.0479503942921 
208.67683563114147 127.71430503794774 
32.894828786363135 264.9175578904452 
43.27557096255997 259.20315511410917 
35.46745126879246 282.8922690541227 
29.946902301300618 269.9424587187374 
40.56099811502179 271.4672960568353 
19.982186715667115 285.9354281212681 
19.178306659583747 278.5984018834388 
36.25508566955385 277.18402521271054 
36.561239041021686 281.1888729576371 
20.616493041161966 287.08570248502286 
245.22531336163863 250.94400643312488 
251.48425968200598 236.74702415777097 
251.14012880156537 240.2921778769955 
239.3310088476566 250.46681301945426 
261.7282445898475 259.1574253824515 
239.72510781747084 248.82679676052524 
243.69491029377443 235.6234689930282 
242.33986308561322 235.33981339427712 
261.6845738130829 250.34049727887106 
254.97480300276106 249.93648782843104 
261.4255319996428 286.0522201673167 
247.3225023387187 294.5663741069404 
248.37496971753902 298.7787828498644 
254.35834135122488 307.23148107547274 
253.60060113767767 292.77221354087936 
251.92309134225724 279.16427594954763 
251.49651340801802 286.03164223812894 
251.92680203382662 278.9464318033161 
257.78955359988794 296.03624161500227 
255.07227207706956 287.58523020618367 
202.184542113807 255.50265039795872 
203.1142816493031 254.66484267522202 
204.46456520801257 254.10081114253012 
217.35155037347374 245.50170210980133 
203.3878721631623 251.17788069918325 
207.46650324062347 254.34956829105644 
218.15269590960338 257.23436365896106 
225.22462212243101 250.55808397050203 
214.37481895188554 236.54130251224447 
201.5445007561919 254.87440789642062 
130.55332366935428 92.87586778131416 
123.92048119567418 76.64374106162026 
129.76320345988606 92.44689345420637 
146.96291949918492 74.86308452309093 
138.64905692436758 72.67878343194995 
129.88737702096927 70.48701554091126 
141.88815160916786 88.09377863305363 
132.8135046205519 85.74195402555434 
124.7458748706086 81.77267209435492 
136.64904174350124 94.56522360079836 
273.9255961816198 290.89934368312953 
287.7167549673841 291.3562972658928 
288.0855372852408 290.4962857799331 
284.29532702976286 295.2328805852994 
275.37395179044023 273.0913110304591 
277.8549688501668 276.01795786470467 
271.70200723216163 287.2741838586353 
271.95465319478615 285.4030704080857 
292.42366913942624 277.6231437707115 
295.5525572937129 267.86735267449313 
58.039211792697266 39.299031586397334 
80.5767536811604 29.74503012821512 
58.401904185929354 50.64896724682323 
62.03096995481067 45.72393350715414 
75.60645312879109 33.01948468665215 
71.72433053751848 47.08033648915563 
71.77503738265968 39.258303273211304 
70.41797816442579 31.313461550246455 
73.9125819447466 22.94751487489905 
76.38384492672905 45.24550054376081 
41.357075112848015 58.513291435508926 
19.001467415463964 63.81029314026776 
17.698343759724168 80.76904072908415 
41.06138041603344 76.79488794641114 
35.43343687399481 57.94300955014953 
14.888737533620741 52.05250627007189 
32.54197002876015 59.46929985256674 
33.93693053007651 60.373153960370246 
23.515830401497404 75.76161232868655 
41.15943186965234 77.31000964623843 
162.1940019875717 223.66061651725553 
173.91892382180376 201.92900193530048 
177.4883555725208 214.30624734923668 
165.94734727607653 202.4422257081926 
183.89736371711857 228.845382840073 
157.20364499949144 207.7376154370601 
180.8269760558554 218.17499729863422 
184.42826469505044 226.8658187958714 
180.98542982941237 203.50447033001777 
163.84174385870196 220.22645471672408 
261.658242584949 300.04064630893765 
245.35109777040637 297.5841354502705 
263.5457717335611 280.9272444853057 
249.64698640774776 304.9987898604209 
257.10847273438804 288.67614108875705 
256.5150515028464 309.6871749739411 
244.3618425716679 296.3636115415468 
242.81062338638048 304.36621077590553 
257.7991841625661 296.08832239702923 
259.5315616970766 285.24108792101555 
106.80583673413788 222.61727921418495 
93.635616774066 213.80094820414953 
113.08984964631716 217.42438719034706 
102.06731639098285 238.21558761399191 
107.19562972923481 216.90711259802018 
105.98135859162007 223.18557620214193 
118.49670723259405 213.34311193382322 
99.03769477642285 219.4381948698923 
111.87715718856478 229.9396870942792 
110.98991178498014 216.92381746089893 
113.93838647540176 99.97900161452588 
140.82658007007979 117.41873094438905 
136.30127274230097 109.90825157351176 
139.17153319132453 101.29154523904064 
122.91215885744128 108.70631369172278 
129.02354449372845 115.39451753071353 
115.64447483934133 105.09542545480546 
118.92557061447076 109.29873571231286 
133.4755528271998 106.73633250693679 
113.90392216406583 101.5745999471158 
9.889359249284162 237.33817449370508 
9.377089759908923 239.91328987156558 
21.256839518816292 234.14044259525022 
10.842005771615769 245.48282778991967 
21.5504133220224 250.36680283391814 
1.192405113054046 249.85682872296493 
27.429383210298454 239.97453405847688 
7.722089159533111 250.60635813979488 
5.712343302322452 228.61612173472767 
15.786859180085228 235.14709519681057 
