215.40460453089037 244.73475368920748 
203.2981892740114 247.67368455571355 
191.31332287643647 225.21428237748384 
211.54617349900695 220.15033354751367 
194.01249831219152 221.96945460970247 
203.54801508802052 220.11992376007768 
191.52887772934525 234.6157218959179 
192.5143080726628 236.31951323280668 
195.9024693130723 228.23413485726948 
194.6181106507734 223.26879534116202 
176.95263053400237 158.69424793090027 
173.85857900707552 164.11695159948022 
193.5709262396754 167.5286878232872 
184.5045068796631 178.72282056411643 
176.51987724567437 154.18948695898735 
193.56565741121483 175.49656314715034 
186.15428694540083 153.13322917843544 
183.6822320624024 167.43444098485983 
174.9236166750509 178.76750698468038 
171.7327751184706 177.07427492881288 
207.69044546072416 60.30783648670203 
183.20799426313795 58.8685369490655 
193.41742286758935 76.5906501959658 
193.03336725060058 82.0636294781971 
209.86800093747937 87.76289946137143 
184.1924732476763 83.1393073929579 
193.15377303059665 77.15620091907779 
188.16776393883745 67.59239998380741 
186.61109680347323 65.40474358409881 
195.1823790940945 61.44771133420258 
79.11333816825608 286.1830193569431 
100.05264555052416 266.5509024556948 
88.89587559704937 270.61505518739347 
80.31537612340915 291.66269159581617 
93.4805720251219 285.3489417361222 
88.6920444717953 289.0495246680017 
93.56055372908693 267.3524817221577 
93.64592194171217 289.87791262299277 
74.48943282673329 269.9356393459219 
88.72729990735513 264.78826157349147 
28.467736745014697 10.476578050994984 
12.00997902449315 10.156409825480376 
28.51420233412227 21.945231732564473 
21.473073677187827 14.423642929155708 
17.828005857046577 8.221047353003835 
22.853351582907695 28.163336650223986 
8.063115440671535 14.147859666141416 
22.88266576337299 35.243028280783214 
20.98626459956439 15.054266885285955 
21.18680687676645 36.99920804801475 
280.33332854972326 103.42882820305712 
275.21473168536363 87.46120544551023 
273.9228898755519 91.6074038954995 
292.0461562922306 82.48341205031663 
280.93076923470136 87.76538340998587 
279.5400173939133 85.21009952723686 
281.3922698359912 97.85047867417822 
297.8988200761312 90.69309866193547 
284.9571077151577 104.75674089204946 
274.2605716528749 107.74462892091978 
39.58704476852985 221.0086803560209 
41.8447318103033 228.19137946173262 
19.73501397757473 201.0797293910657 
36.92031530286661 228.24704566596364 
44.820288516468395 205.17905871671547 
45.178659072452845 202.72315829743644 
43.40571931520614 204.3609958960807 
32.804950766661925 204.62233874713837 
42.394933695824506 225.9877350150258 
23.037225590257535 219.64003362575028 
299.66817593603264 23.079885000549005 
291.3278297875089 38.200035682038376 
278.84076710838906 45.59777213386991 
301.98103027353034 36.72556640843112 
299.42153802211084 50.04479544465708 
296.2982761240813 43.525843530097006 
282.3835604468172 20.74339398269048 
283.19846375009337 35.34454502895164 
279.47609651305595 50.56707970040393 
287.09723655884414 31.298138751336502 
26.127622855333843 292.48679199765553 
38.320335312228956 297.80219428445895 
36.742656307403095 292.43428426929563 
17.962571803094576 308.205123772903 
12.862793369235824 299.18993818007567 
12.8681471937981 290.57708393369006 
25.79765842245729 287.1783689670865 
14.837418902972926 299.8388776386433 
21.939546238063006 309.77846447505294 
15.27066897877982 299.7508787047972 
57.369240135384075 289.97778627339255 
33.84100080765932 288.433721593373 
49.3570563646976 277.56190925433566 
39.46658154414445 267.76592965886795 
56.56815326496006 265.0832425106844 
33.234240774743895 292.32874135805963 
38.402698549140425 265.97685848969036 
44.78841820629695 272.84667672897666 
33.611122226091425 290.04831585675873 
30.199100325142943 264.43242654877025 
117.47408590564996 177.50497124260954 
139.98035855224785 182.5105535233568 
132.23116561625267 174.0730463658088 
136.2537121092729 162.21345814780105 
137.70184236908344 156.55378449282688 
126.9781135712322 169.7614851722966 
133.42577145375387 165.86787385186014 
127.52514167088991 177.65553868811114 
126.75957503120752 165.5006868482813 
136.18222741668404 163.55953592663462 
145.44159000219742 30.77165431921848 
145.7210576574672 49.434677567157756 
129.23447419339664 34.56903610143854 
129.01873226028943 49.042439782641424 
121.33219702619246 58.902340575730136 
124.7453548639414 48.958405227501075 
120.61776894536382 57.9354360470293 
133.76035071886452 40.06770824445084 
147.10312068402158 33.68172344721248 
148.872998377094 39.53575476903589 
193.14883197884487 193.99157548613192 
183.3499513262912 203.26280665774394 
195.52136675602804 215.82051244495247 
171.33348792030296 197.04719628835784 
177.46738720371258 202.24999912851442 
181.4204858995028 209.92447512956844 
195.84660457040454 208.25131525915347 
190.50022283907595 220.49649277646074 
179.8969254375155 206.31723906739856 
183.53455702505588 195.27679535151847 
102.41752351363826 178.6976401248241 
117.07345417535508 183.6303356533041 
111.26729908326483 198.2232556559297 
122.51917453683434 186.13998628201452 
123.11721257613482 203.32785977137925 
112.57868701305763 181.78559844621418 
116.34611249802042 202.8601784992629 
123.21969266151615 187.87526729828275 
110.32444089948757 198.84901702272282 
109.58240900985257 184.48906712829003 
9.105619049313216 230.408530773104 
11.916741281743635 236.40056604737265 
8.70496389628822 225.6783538960694 
4.590578565990128 225.4958268882841 
22.119730536101898 235.27734412209918 
10.813705038769838 238.51814051032162 
26.29661828390079 227.9556995599252 
19.143336103916944 222.29847778783807 
15.962824711326386 241.34040590237726 
23.127465331955527 224.8250321072183 
18.525785487554664 103.83534088817507 
34.23183888996721 86.801198868977 
12.065167323711531 86.18257144583264 
34.68482912585089 82.87690134067974 
30.86916334722909 97.2002345440712 
17.768783376579496 78.08901937755199 
25.155917319858702 93.47702125403127 
29.26787797106822 98.31021747629771 
18.88433368276663 76.31698497153249 
12.108312317532942 101.82907616695434 
119.15269481244339 204.67848311420633 
114.32939295959343 189.90473641974913 
110.24620970482188 200.97021244396723 
117.71297363530493 214.23764636483034 
105.21739296802535 202.1282517669669 
109.78558745184952 195.30904916241803 
117.26083156001468 192.3665488600798 
114.55989550600277 204.19102996757863 
126.77701149897761 211.87735726095337 
115.5978427602699 205.50794081796187 
26.103610799789948 116.98180093149313 
26.078787280275602 117.27886894870278 
23.87981878203913 111.88314613854723 
7.184748150791406 133.02126559217814 
30.23799016351926 110.19746160728258 
13.366576226037612 138.3978605122734 
13.371582241574933 138.561189484099 
27.20042734611297 119.87900774606044 
15.54818646433641 121.8744579696676 
14.137925081941757 112.13196696851526 
216.4831419404754 120.79833112789461 
226.90341436006548 141.06070151838048 
221.84194848777622 136.12243021320594 
229.62681851210894 120.94229558060941 
239.36834837369264 137.16683711436195 
230.97532134164624 136.9315758844201 
237.2914834642403 126.05582485828623 
235.13631614672303 134.35504410393145 
232.23090623995907 141.8456886757374 
230.6955829593541 124.43947104593119 
54.51814531325738 117.90505331169132 
55.08182343220909 115.45465635598319 
40.02916482561151 121.53980494225256 
56.27250930830658 104.32388024052413 
39.64449129798287 113.7630306064849 
58.879698082994466 103.03538037899673 
46.96887583775618 120.83100025845393 
60.0153085110405 110.11899152597412 
44.09531361705388 117.93813592208073 
44.85092892805471 102.96228744503354 
287.03710711893484 169.60176330921976 
286.5975249776608 188.82806643039373 
277.84294898235396 170.67767632075683 
274.8318253335969 162.67138227210768 
281.5306025337276 175.81642745191658 
292.73224693811704 167.87235084275378 
265.9538350411299 184.91416093582956 
276.37053478041486 168.89554817809113 
272.9441038909218 178.74738516452234 
266.64587175822686 172.31551638861754 
157.25462602005925 134.8782063328574 
157.5024508072293 117.27223276923495 
154.17114147140487 123.52997282374062 
150.14326630282952 136.6604692395595 
169.9054864682906 129.6010825011542 
169.69342619303274 122.87709838601889 
146.72200079257718 123.11269861384261 
148.5141876014878 116.71400371630011 
159.84521204599267 118.93836275736359 
152.14369562293697 135.19587544566153 
28.98018509311514 139.80717476676 
39.46184572945393 144.7009456691571 
26.19801556053609 134.31039935226454 
44.844438433040565 120.57904745010211 
23.93074328341821 125.99923762138171 
21.7483099787115 145.0228153443089 
50.189614323490446 140.26058726108283 
24.374285974114176 148.30010369326834 
24.91437823727856 134.23751268954106 
31.294885735988295 123.62785462376812 
288.0343798801418 62.51120245040214 
275.8853079213034 58.302219865079074 
279.8799916088061 71.78663633653949 
278.79849176771285 46.109939149644866 
267.2561216335188 61.673258904192416 
277.7086337667466 62.49556143288392 
264.3737621587626 59.311430130175566 
277.64340202093837 71.78718391851288 
285.71695728049383 54.509112387118826 
259.58929086484534 66.44536988279789 
180.9437610780267 154.1214375671227 
194.59935730285025 156.61399084345632 
170.15891630997194 152.5628521399365 
166.7800637262201 139.36537984297277 
183.6301212981077 161.7472766338858 
176.84937941367244 150.3953365568014 
195.89513700663275 154.28054713922768 
175.69923206835165 153.90535992634724 
174.72489719292435 138.54413286723639 
185.62369407761216 149.7383073355112 
219.17791245705564 192.9648195710426 
228.01437487255245 209.95472587800094 
227.51430681195686 195.2589225998485 
224.18623821152156 205.93046317281676 
244.18438086137147 194.95541080706138 
247.82744745546114 189.416416030343 
237.63080297849606 192.51650477899494 
218.21413013473668 208.2082937686566 
246.40171688088768 212.06371332412704 
235.26785710103186 194.4970274000062 
83.77931669140487 250.06886832393772 
77.77306314490141 260.8815447658443 
78.10449797173258 257.2551549265636 
69.41067882398941 277.61593372930537 
73.99410453128596 258.85648347325264 
85.24060650515473 274.6975971858279 
69.31433831084034 270.2370084248971 
64.5278914016649 258.5900329938576 
88.7217823145626 273.42046848046886 
81.28349546523292 259.45598954442386 
92.77434597100698 106.95997255344912 
89.77467062839156 78.45624484332264 
96.52239102730276 98.55429395944591 
97.01411372060916 96.31252398819971 
100.90344209978346 99.21057841610335 
79.8009298578747 106.96249589115536 
93.48326790905878 106.97950835548662 
85.62097603828715 86.7339991039137 
86.86575638671708 106.39175160165993 
77.71357548476124 100.82592296583951 
132.16364290257786 138.1680779576145 
115.27694155037682 141.69290648774907 
117.85538462402623 139.65587697327615 
131.604268460398 137.24570334750393 
107.51970181461095 135.0437477501335 
120.8727989793345 153.07224575238402 
126.21321766694543 144.5169779136837 
118.2846431616571 153.2652419728027 
135.7475506840407 136.16663412186153 
132.34246234902966 141.64310765972445 
100.43180399919152 280.16080270880684 
118.08482510093987 276.73229907892056 
118.87469460803278 267.7539888921787 
109.26765671317995 275.4739656751036 
102.11113683582188 263.81832551575417 
114.43546997834684 281.18555403044246 
117.39315696624928 291.25600778963604 
114.6654825751037 277.8040987594895 
94.67573917860584 284.6824793346779 
105.05179836130674 273.02238217497506 
