158.01895943232105 18.658571828690114 
169.20859045161308 0.040214804455422914 
179.0855345179594 18.469409811335556 
169.6927410596091 13.142628209947066 
168.3293600462734 12.393959486033701 
150.9251212996918 17.67836522362264 
164.88934864223555 20.929138152278686 
173.93691460569448 2.757246617150532 
173.8518843839709 17.112899003001903 
153.44014742888038 17.01309308730239 
118.13085558879544 34.41819855433719 
129.07811237305202 16.52747730281941 
132.1301956483952 32.220490454179824 
105.92611162050477 20.34547848902517 
115.5742080320737 32.53264734255583 
107.46079756726874 7.2655428494188445 
111.2787613112667 17.912889102824206 
115.56877727883705 15.538531688525508 
126.70572273045684 8.945836357143381 
121.5935988534862 32.538120321442335 
23.43965174134275 56.75698901211885 
11.136140841901025 70.87740636655674 
29.767280016163863 45.54712826479361 
30.97091963647849 52.587725035378845 
12.745949855484586 72.60407824803839 
21.518312713046857 65.91362861470027 
29.078039336004373 44.406387636760456 
27.136269846797482 64.68786742093747 
26.10473815399301 63.67527231103101 
16.690480001631165 65.45654527433182 
199.83668114864855 79.2181431741565 
192.3933310551416 91.39996125964305 
191.12404669874135 93.5919948367596 
186.58296972200498 84.81881167967721 
181.4868756645765 92.26207289432037 
190.57750971623378 87.01166748109993 
200.4281782612881 96.01024057600895 
190.82747974569 80.47752212947525 
191.16340335316525 81.57298911172875 
199.35512274235353 79.35307563367898 
298.81899669772235 106.47563574116812 
296.6514301044782 96.75531369806346 
302.7051760389623 112.05084013104677 
293.40062018484787 111.20764230724876 
280.6535746150471 115.05720167708633 
292.00523042595296 108.16851414333632 
294.0467717041233 94.0265245747018 
299.6891159514504 100.3018468906424 
307.69189690520903 105.84483727928794 
296.58475141470564 100.69836693229655 
255.9575843293054 11.974376088095717 
236.7858893698442 19.084064939473798 
254.5490493893493 -1.6454872258741595 
243.70136029877992 14.756561113079918 
256.41130214092135 16.072122586384545 
248.61267344566622 19.141253798136585 
245.17921028108614 0.5521118937604008 
241.69988603686434 15.303093947714299 
251.51781921588665 2.090407447337517 
259.0898938849694 -1.4683796549768928 
4.516906567802572 300.60939831113905 
-1.0261208264656414 294.09294654533545 
24.691840297202475 306.89577453432673 
10.25122746089698 290.8997440933927 
8.884501593695967 296.45342458305964 
8.467884341215699 291.9423605304184 
15.415217138208826 278.76711039568306 
8.282562992908208 302.5806302387292 
21.409455153329134 289.1311941966941 
19.430368929816886 278.3735466466686 
158.7983284164899 190.26889389502747 
147.2853458611052 170.9684925393049 
159.46804879871937 191.94921658403865 
162.70518234172008 191.93936371657168 
145.69709355088213 168.6916742647854 
174.54604746204294 184.0440908405201 
163.85317817110356 195.32870859213133 
160.36254260756084 192.6454200608136 
165.41120525633977 185.17206777346559 
169.09197485720068 188.36821921441802 
151.99621198888204 268.4675817111254 
155.2794672463116 249.06989550637098 
135.27430424108957 269.75947198173793 
159.3682570404621 247.06647634085468 
157.44933834887144 250.4195009816098 
149.36389778439118 246.3593348016877 
151.56447710380533 256.40431971924335 
142.40471624911734 250.8068453651987 
149.79797406840143 245.51578813292932 
160.25203652807764 267.6809859291356 
78.08241147073758 246.69808536941437 
81.68806393972271 228.60301987878702 
68.18644548921729 233.66515175714903 
67.96383498980578 233.39790463929324 
55.525183120436665 245.42050548874124 
60.72646485690094 256.0549082773529 
83.05920701916023 232.32156791203622 
70.00467956398067 256.5497111641165 
64.40661723543987 236.7166438565464 
56.958461901705725 229.78226748345284 
170.199356071765 276.2393847888017 
165.12891807153625 279.6845283311352 
170.9395381735985 271.05968165246173 
159.28218414368865 260.7509888575597 
155.71636809466753 280.5782556197722 
162.48291835221846 289.28460621272075 
145.08647972211725 279.8898854612034 
142.0563373320528 289.80156514829264 
153.5733160838176 283.3496113526886 
163.1963318006594 272.2908165069455 
283.51325003677226 297.78462031997157 
259.9659956224298 299.3285263307187 
265.1784063835305 304.400403664605 
258.08916889091824 308.73275455866286 
256.7170716438634 296.6578127436838 
266.0504845396065 297.55400974215706 
276.49552910261474 292.12256467796146 
262.5666929658215 300.19917465709455 
262.357767018744 301.0321597509011 
273.39004203268433 313.24553521657964 
197.8483359482878 132.36515752694743 
173.91175703684576 116.12422314244732 
200.15869546053025 132.97571674956365 
180.59483527237558 123.55978477068206 
185.30972544724372 123.17384231549161 
183.9576697442714 129.0535183933431 
183.64646561163306 128.6228297384628 
175.81880994497268 122.42228323103151 
199.74965079641387 134.3917536686499 
196.29443203993083 120.54478520752153 
122.27817395354468 290.09228028085727 
123.54305159610921 275.09932170004976 
149.49592059870866 283.53336455799115 
138.57887550627703 268.97824938631396 
138.3373509452751 274.5924659716938 
141.94555593390248 281.5888016750058 
143.13494752154276 269.8764034004322 
129.3054175251063 280.00945304325194 
144.0725176607267 274.9607065101294 
142.64783241885544 271.7008085504968 
241.0941865677764 280.79800692709233 
252.2280747709047 271.41039102289875 
227.43895495713772 288.5376512099592 
245.373709294424 279.3269281402724 
228.25721782719603 268.920285273026 
226.2065996206927 291.54248575825966 
241.39576357978146 279.4606119259623 
233.4017338143942 272.4707540014393 
244.69024771486582 287.51683643612444 
248.06449161920318 277.66052805409936 
169.8818542132044 286.89839404072353 
162.8152392987227 273.8638858146698 
182.59789835021866 298.9633451081396 
171.80953256911567 274.3616293777874 
161.66427912565578 276.5678589032633 
167.0089312419292 275.0644923192846 
179.21567031049003 295.1856471394503 
178.81986509810886 286.9607365725379 
187.72057053551273 293.08481858748047 
168.83953610412897 285.88139854430375 
108.98663814206456 188.30888488690366 
99.72832201629866 205.37196829802696 
101.72137042433285 196.0583163052904 
93.48065079936592 212.75139185957318 
103.66158030696693 194.39099034558305 
103.82112234352165 205.66353645863956 
95.71670598248639 204.75218681760785 
93.00567081918219 206.84681976960886 
88.31040551362442 195.13305472378758 
108.36067006686443 187.91953285442074 
172.50728894534802 178.5744886180903 
165.42344994591068 179.40942844253703 
185.03710850130963 166.93269095505147 
187.20333184530583 186.269706094099 
179.78438993570043 179.30212002974304 
176.78960937801068 158.77956129318235 
178.48986932661217 167.15043018252786 
163.9677485635566 172.71193685037238 
184.85280144505893 182.69554723976032 
173.61971531545205 159.2058376174642 
42.22507932241621 122.02888799859183 
56.06086228439686 116.0618929087297 
49.74654915649968 120.06821937902629 
50.527406979280215 121.73506175243912 
54.210968917778764 124.24790097548227 
46.310606168426375 138.8283434500051 
48.19716769145377 120.41219989390144 
62.634841577973276 130.05590545213738 
37.8831500768061 138.273094741506 
38.274131847213546 129.14633689032306 
45.885580617396386 83.68282704414506 
46.120905911172024 88.56562267003015 
64.9566554143082 86.4698613789821 
63.859181943628165 68.34759954885878 
59.741367819857615 70.32226297783994 
49.51975264589906 70.35827313957024 
41.40199128377255 79.12305484896608 
63.56271257700398 80.26450486605374 
55.35649442868883 92.0947437657195 
60.81549438080431 64.7435142180714 
203.45697202423057 255.4751048944208 
204.80649524048172 276.4424987132181 
198.22454839585922 260.1264174599679 
217.70840072018802 259.26808432660965 
211.01970575830592 283.00188226866555 
214.3422876580666 277.95013601882914 
207.91194654552456 285.17328761303236 
194.2738341230025 274.64677023674074 
192.37113629081657 262.4809791085819 
198.52585620250662 266.2068084866751 
200.27692221850677 130.18315179275777 
207.9051997863799 137.87768173456988 
213.68726707892975 116.11872545277907 
209.4922783016307 140.33224073118865 
202.29568880358886 114.16295433840244 
215.10584883835972 126.79212298459305 
213.3989345231811 132.87983294712632 
218.330514115269 122.28994695389169 
197.6518149139194 129.77904723720843 
204.80393678272853 120.04758971566832 
37.52904668970882 108.81775318996307 
22.83943895067678 124.5429387396439 
10.212331166449967 111.81312180591388 
34.72500435077406 106.73438212092772 
29.903487231010384 110.45825526571264 
19.252139597108332 113.64757605851264 
12.578218410492681 119.39661722578401 
29.53007165742395 120.33606278099545 
34.158893847333445 117.65890591615192 
10.223631809823068 106.90543240750938 
261.0641069860445 301.5539001880574 
272.33572014133466 311.37389683056153 
266.7428693940269 298.2782215746615 
249.71760212972828 310.6723371680356 
266.40285408477956 303.34445506410276 
248.9568436932998 306.33699818334037 
256.465049199168 303.2709137451981 
254.91408845473225 306.7346749854466 
255.00176841625452 297.46009594400124 
252.25382375403836 290.0557873378091 
194.60384267417467 89.35586746975311 
191.6134036241078 62.35614432045385 
207.9352052526479 66.46285760895414 
196.992482021377 68.53401922178942 
188.86837809394618 65.96370757016456 
186.33000763736985 84.24122735873368 
205.20142310940275 73.4579797256491 
187.6553785850257 85.55575398597632 
197.40658015292243 76.15508430502624 
186.71509471835947 67.31204723237407 
106.13037162318386 189.992094022094 
113.45579582603925 184.09953039862074 
103.08347621158232 182.67024244883544 
118.87415683242985 201.56060577088527 
101.67880525599209 192.54946957338692 
117.34514735741458 187.8458871965199 
121.64417835542238 186.53605477452462 
113.62432322964823 196.30843472272497 
127.9515975435758 202.82746430365967 
101.0215699455504 204.3496511109928 
72.85033871152415 73.94007601828808 
55.249466979649085 83.2096127342373 
75.71252552433756 82.09883701473589 
58.963786934594125 96.61213601932272 
72.33930770909986 86.22669028345423 
70.31309746873247 91.14015239968919 
60.7582027015425 70.36807233246884 
57.80906726087244 74.40903892630251 
52.85894224916103 80.4744672499832 
58.08331270029567 96.42980777519139 
73.0699731015504 43.609313468628486 
82.10595364225512 32.74880207178147 
59.76240055493042 25.32485341641371 
72.99435662684299 34.57747157661609 
88.03895101500433 30.946664224526867 
64.7608703815707 25.028606678010092 
64.2800394473114 43.93876277521928 
66.93220145857156 23.579994006106556 
86.35700129021635 41.70960420411434 
74.71945920395946 29.589492952020787 
107.2135375883511 282.67263748122497 
107.53310052974996 297.37403827135256 
96.21928509616234 275.18149523691187 
121.42760713972234 296.0653200213168 
110.8005683522205 290.809524696705 
103.99978580654972 283.89845814765664 
103.84748443679044 303.35877179010856 
116.88371912244601 296.544274128685 
97.00300999777798 295.4914099235985 
104.29279161235826 288.07517313656814 
171.27243229316065 32.114280476356754 
178.2397501155002 26.304739918762085 
158.47096708356884 32.03814097322854 
166.9302524047559 30.54821983087519 
163.17329265412485 33.93972741928519 
151.36427213354153 9.001505076546048 
165.25300057566167 23.98834259390808 
153.76291343390918 13.958883710990419 
156.4990023566976 32.82479788875101 
165.4135283367129 8.531148209620019 
