76.27608342201071 53.41503045606164 
59.197012267212 57.304449889945715 
79.21385561869388 34.29015681450862 
49.87688050119419 40.304566741792605 
67.41234147823435 44.20337000904041 
52.93524487099023 36.410522267299626 
79.21755763608363 35.31992564249441 
51.270697744631754 37.42010853051784 
59.670916211505705 35.05453212334234 
73.00296692732559 60.84890938222663 
176.24615622638868 178.63260395947185 
198.88426679501669 170.6948699571938 
188.57722134784376 171.5704482281953 
180.7068561947709 153.28788987804307 
176.20927055025737 166.13461128799267 
188.82851246743178 172.90407827845806 
177.44670268481386 164.5594005447202 
171.46356997262453 159.8017467654442 
182.9850656507607 165.5032750673468 
183.98247727380638 161.78579727757347 
71.66003009593842 202.77145423015463 
66.23150865491785 214.92254755135428 
82.4461767188653 210.09931373233826 
61.67957667838531 196.1965676233662 
61.96951198551819 203.87733408094317 
78.76321887461593 216.39724216448127 
65.29697272562646 201.59222106697396 
77.65404626113869 207.36098603963242 
83.78133033461005 224.86122677671435 
63.05124636315239 216.41599648995492 
215.25900956791853 129.4727463267853 
201.16100950993194 133.6955063252568 
219.02046730252317 114.19787427175821 
227.38718782540064 130.68198371030945 
207.31420717803925 112.495330235078 
226.27486173579354 117.6758602457283 
229.54458291024142 115.9356948684114 
216.99977041435403 136.82482558048574 
220.74297102978417 114.36559358886915 
206.813419069796 114.12983379207316 
273.03820289855497 260.36312728668435 
247.50867462499644 239.0984172714809 
263.0094764614984 262.1893134810812 
244.96797105367946 255.76107447661062 
263.9632955553703 263.9408687237547 
260.6236320364614 262.9318158801424 
273.77448208508764 242.72631122264312 
260.7227777450987 255.1133454597675 
253.03373114627655 238.8554745435208 
255.77382057853546 242.1713998207183 
75.45102205815641 247.43195893208485 
73.09820618584907 245.10004055037527 
94.80573549936192 240.44730610252356 
81.61112092112758 225.2766491875999 
84.62215967822019 246.41617084708824 
94.86959582265898 246.87416874160564 
81.44620587905624 221.3822403316945 
71.97917080228554 235.7224572399873 
73.74063659723274 246.88024117024977 
89.25249653444408 249.11435680465797 
302.2451516740383 266.3394884871286 
292.4384773137532 281.7136051172622 
302.3870169430012 277.17576110856504 
309.94976389533673 274.57434385518525 
301.9161024274979 276.94591272165763 
307.9682993575949 283.64142657325084 
309.561802350315 287.1742927375265 
284.01931857074294 266.75047702914895 
304.11138602440667 286.513558971939 
303.36275510139296 284.55064336566943 
277.61288083732734 268.33766809313335 
296.29381615814805 284.90370545180724 
290.9017397290572 269.9285419963788 
279.68972701796815 279.8755762309894 
278.4374111838598 276.3469466932416 
299.3132718532851 277.475078445894 
281.0112612477488 266.3283043670186 
295.0316704322762 288.3377549285178 
272.60929706313465 291.66604538667167 
274.08156182292925 293.0710987068394 
282.7616985195622 114.60770615817566 
290.88019076903396 127.22365214686195 
300.5728878482445 116.54565466917539 
285.19908000461066 131.5660665566453 
286.4842826839046 120.72221374919306 
283.00748572746426 140.08585009843665 
275.7690067666888 125.15256585672358 
297.3914139534406 133.2548584540495 
286.8065396217885 130.27965838663542 
286.6651002506717 114.04419649502104 
176.8542544902936 89.60667902468994 
191.75123147382155 103.44530333983111 
175.06486222841696 109.78389694659786 
181.6458310589156 106.56630906349076 
178.70391211720076 105.90614317642071 
175.73412079152646 95.7619505419697 
178.78859232712946 91.3163335592587 
197.2524165155317 101.19856630277768 
180.49093260628894 115.34850056331923 
201.57663878109074 111.05187810793208 
76.43227912954316 188.15285137495735 
73.9275564347569 201.57528733070157 
65.42959625095386 192.30194540014278 
81.24167391280095 195.3788452623927 
70.74464487990747 186.21877109495028 
86.27087743953285 206.22114899051536 
71.64015166404123 183.34941200363122 
88.68819928768481 181.7155954281453 
73.21883953610543 198.1803449508233 
86.55836289409379 188.8134418026573 
187.01131635371823 82.6883902697103 
174.36672106324127 91.63206667324431 
172.99163287337979 93.26445285521952 
174.77355843068645 82.26298292176268 
189.79816824493253 87.87396885324857 
194.67415492855284 99.26664969267716 
174.8426952200566 94.04470993856829 
184.0480123748032 98.30675960330998 
179.41839983770913 93.57853497424979 
186.83506076358597 106.85968445191864 
49.21496102644751 15.979969100677396 
27.067328375875825 5.533098898696563 
48.15481701466038 -3.316577902501857 
25.821883593607218 20.03310074482762 
46.308123588548526 17.206762168430814 
45.87007520173192 -6.817396415269249 
41.993677387253754 5.08153194004934 
47.24717677196578 -2.5209939758587794 
31.208978446781458 -2.8999639974665623 
30.700289928706766 19.247582224363697 
249.08650483507125 277.2091963940906 
252.81980929558654 280.0132394096514 
254.87178195292518 289.35483557501306 
240.7431013380603 299.95694524977694 
240.88890139038242 286.80475553474713 
252.66466543007658 300.51504765208193 
236.82072807616967 280.0495065657445 
255.0932112160049 292.42202332175975 
245.5509313014314 276.97027591185525 
245.74432397264485 298.5840971116166 
124.65633861058735 31.65515159981898 
118.19466540933425 42.61686834586297 
129.8346243377424 43.50990348739746 
117.06687969464916 19.348884941533576 
136.10963698878857 41.47685705576891 
142.48093298804503 29.275138576404267 
116.0240337051137 18.449884055921334 
131.2222238667453 16.67658734498578 
140.71443712710197 31.255161652238527 
145.10679685381007 37.280602684663336 
13.93302199903921 21.428167096519715 
38.130449521110535 4.304517149984297 
14.281409815423109 18.419014233996293 
26.02832709182982 1.6285409815248657 
30.960856045721076 4.022527987397272 
25.82041638192882 23.606653867924685 
13.41590339161371 6.431699481425647 
31.819772645736805 12.77194465719265 
33.48746563657956 29.28154441445345 
18.418588680388844 15.617571683344813 
133.677354451393 43.10924251330418 
130.01365373661687 53.08553889998342 
132.44987575739074 51.71670165898463 
139.72493367561248 58.67702807083455 
128.41654480196945 36.54868018761704 
130.9794958017496 61.56520059492814 
139.34264604278476 50.75987766973779 
124.23894310536927 53.783651996748745 
135.0954071843819 34.35081213039495 
149.63607438842982 47.515403182695934 
49.639042881136405 74.35273553313625 
46.66548745074498 76.26071332387012 
39.05359050617568 67.15239258757924 
64.68116883964831 71.94105702363908 
53.50502800675396 71.50333318700902 
45.310773111248324 72.93032536219346 
42.48348977637501 72.57803902312236 
44.71644920635516 67.52142602812795 
64.75409085025686 79.69553272723824 
52.919667334948684 74.91462405222782 
287.2982109122188 145.70970648428926 
268.52505805703066 150.48119084035037 
265.5648983674636 152.20803531950924 
289.4256480490887 144.36760739708737 
270.1516766467146 149.62498669698311 
281.9937197689221 138.27350510158507 
265.70003033411587 132.13264130888484 
284.6296655943879 130.44052859329918 
262.2638439442828 148.59989974470085 
282.9445591404568 156.7176469735525 
93.05638856225511 13.086718900514192 
85.78129337042412 13.472078765926629 
69.71835794187135 33.560722246459534 
68.87021557260593 25.899470176414894 
73.78884344897449 20.466748526833126 
69.5042302020059 14.96650242473336 
82.90758708111952 16.579677172039005 
72.04048034045098 30.106349243826124 
94.47258753512303 24.26349635761796 
91.15053634734457 33.74612966735278 
208.8279887956442 244.31644349337796 
186.16372349556428 255.7247412098873 
211.85936431360983 261.43605161582417 
183.46338455443737 261.35234614239704 
210.77939285587402 244.8864468987217 
195.2077539472746 255.25331661362964 
190.97886653997602 247.20268976291257 
203.90338781574863 238.64031151173302 
202.00608115195755 240.49701568817628 
206.8932200549152 256.4233745236407 
135.77680327229416 260.15841744777333 
118.4150417774934 277.7014676508557 
112.05636344506166 263.50871178461347 
118.58720435792225 271.44902778895346 
110.0593702573948 261.5071154118532 
113.81547531127383 268.4294923650128 
118.5046471137591 286.7802193601774 
111.89716018337569 282.944440497696 
117.06273674137451 266.2382983500149 
124.56650833291044 277.7302633010338 
248.14963665367492 158.5525144485005 
237.99867706442015 157.41049747613357 
235.22490384111134 163.3771372724107 
238.38110499759628 168.7026767021116 
232.83136457604732 173.3056230629251 
257.1364837679277 167.0900843309383 
258.67489233705294 158.47229982727387 
259.7636155233734 163.18214936355878 
248.15740419856093 157.80052303763964 
254.99531186852667 180.83231835715998 
166.28509807002683 274.73062231669616 
148.04437600403134 298.52526515619047 
141.88367774833094 281.555258771463 
159.59790507237526 290.9056161915876 
165.81272415016582 270.52156413721013 
164.4795114992972 290.8288857311173 
168.30422065969617 273.57360217525155 
146.16519414783855 295.92855478851516 
160.32366225221804 276.3907723563444 
153.20918462282373 290.3255394167708 
106.5904694349733 201.60933301854084 
111.45749092360083 213.1822342988895 
90.97193088024986 214.23196072873918 
102.93148822540016 223.99143198209057 
98.58400925507839 224.66364184567817 
104.36546734839007 204.8293324989844 
102.04761532792173 219.55561397737898 
99.9469905690533 202.26674893549367 
108.69621690166173 220.82851411246784 
93.68693812465466 215.37269840136685 
181.08972036849735 263.63153431723464 
176.52767438056105 258.18881994307077 
183.51972333262157 239.30700766391016 
176.4438822085688 255.9964991800038 
180.96696932925875 238.9267551555734 
194.74146128199757 237.05835773003324 
173.490113167735 238.54956095395147 
177.52993122451917 262.00319520322364 
197.077417516382 255.18780071112937 
193.04027223406555 249.5122303073662 
159.084486437984 212.1253734806806 
152.27972690590184 224.0958109182367 
154.9192156126592 213.07283288172962 
146.30327678564547 233.50038604129927 
145.67588294335116 217.35830015788434 
153.90895328144583 226.14232062148005 
136.80968039824208 224.79210532526582 
134.1701163498466 231.10301248631538 
153.3473741461351 228.68689140874307 
151.6929771386943 209.08320127640044 
150.64582746214344 47.947972345961176 
138.1054473267188 40.822584748887756 
148.6917187988438 23.686662042428207 
149.71571522628224 40.31008643298264 
124.70893358328445 21.086985395536175 
134.37587469397914 20.249936251495747 
123.99868818161494 26.085256786771406 
127.94159458330861 39.040980988641095 
133.07032084601195 29.662027364195083 
141.2742988132704 19.411119388258157 
265.12718564753584 80.99122865933539 
261.61786128837383 85.67053192643382 
258.9059445669832 73.03161296321255 
282.8999374832744 78.7236795344961 
277.8449649669228 90.12736744673853 
282.7613208650986 67.26438045179611 
282.3095105749856 69.45916769277407 
256.86404698187846 62.797964368043495 
267.7214057228894 84.84485113316138 
272.61696585441643 66.68113122730324 
95.3105847229273 165.9508277884083 
115.57261207255817 155.7202125433913 
109.77715026245295 158.2148504412165 
92.20483667568139 152.4807673941118 
111.22903205515432 165.6514382737318 
111.85085569237052 154.6142747822614 
113.64012412100527 166.65439535371655 
107.32871044792334 148.8359681089054 
110.4041500224977 158.7633144264111 
96.78470327004463 167.91853391483184 
