144.1709349923199 79.27634307965857 
143.2740825185324 97.51409613480843 
166.14357895132235 73.6638012830719 
156.31314286967887 98.563453287067 
156.04695203888286 72.37556863617978 
139.63569282349317 92.6573730086853 
147.60503090694596 98.65678988792335 
156.9570796085335 81.88547700717955 
162.41975296780606 89.95562883938263 
150.06493576842 74.9796623460027 
36.010262591094545 193.75378543984328 
32.044397092804374 204.98421599346486 
47.85370658759478 192.10106642059176 
24.021461989318773 202.49623841463855 
24.594794068320283 204.20626992453066 
45.94866576334532 199.44909286469323 
43.17101574532491 199.62888152262423 
20.99220341785886 195.84390884788888 
33.31713008882149 198.65496657521268 
47.03056256695947 178.7958112743872 
143.18093547962368 -4.4597844389109085 
131.4658152369659 1.742246558748227 
118.34937801853363 22.595872629769765 
131.12462105488885 -2.6017485076860085 
143.15654512533698 3.4685172217000746 
144.17656600991984 10.571004772402066 
119.2115580918751 18.76100887947829 
123.87361088021001 11.583134083480427 
135.64226667248033 -6.0449992715240795 
126.40010770799144 21.317522059642133 
47.49947160576559 247.2928763257912 
39.27560862537112 236.12407524593735 
41.088614286173055 254.05940962773857 
44.53438758911822 247.8024013257189 
49.35948704395889 260.99682311861153 
47.83627270771427 255.87191129741058 
36.93744197147882 259.972087598136 
47.90783649071912 249.66398755638562 
57.276381523734415 240.81344347514747 
62.86273651131185 249.107194961179 
219.59540345494412 130.24637367376943 
206.84536087379632 134.57884968109465 
203.81706757668553 121.61888369915877 
203.44345655781206 135.56121271872627 
199.65850064067442 135.36053062974625 
221.1570055275941 118.16626916134055 
204.12560282882993 138.44940679171538 
213.85075443145726 113.09123590088777 
210.5317428515191 118.87062799777256 
225.25329826243518 135.8945107878531 
273.4441685610427 225.24158418576053 
269.0418685824923 222.04979895884333 
266.09529735728444 238.06117349771114 
262.9810121208696 225.5996467593696 
279.3034130087907 231.68225061493638 
280.12587098276833 225.0423459437285 
269.8494230539754 231.52530728273905 
268.74360247002846 239.90095399796195 
282.9254458518473 231.2352083668079 
260.09852298766185 231.4416467659862 
303.960781940495 308.6687346469271 
288.32400511951914 298.4347095883434 
279.46903293023394 318.57467813686947 
277.22925607528435 305.6493272272363 
300.07742383008235 315.33564324085006 
296.58388599773525 319.6453394695493 
304.52199112239157 308.8145401444986 
301.52515306097297 292.3576699763031 
305.8752631467634 298.7335068329317 
291.777201594487 318.38097256793685 
83.96947093995503 73.35714815120835 
72.34113291163479 59.169149549711015 
69.91943772956834 75.49267738250501 
67.58747518724465 52.22340033066476 
86.17375188758189 64.4824288287769 
86.08586647074065 73.80724130042805 
88.41354353962821 77.8559766331316 
89.94448451791692 65.95137420888675 
67.36282098898286 78.5316337519682 
90.52690352872928 61.73569243811886 
173.95527924568438 176.24459864207483 
155.0742317489515 167.04468317739747 
172.67733821285336 177.13959523370056 
166.7921711011408 165.1737233955117 
157.6527075911945 162.03678704050068 
175.83427943030333 162.69542101382132 
152.9752570745314 167.59826992661078 
152.7221222408725 176.9213558416915 
160.5627470441348 184.62051897743834 
163.6546701479683 171.8053582219697 
181.7173952066463 132.95405486803253 
207.68183566017785 135.82919871563524 
202.56422322538833 116.97022706363427 
207.23302655901475 128.5624074965613 
207.48518359224641 128.25367492187667 
182.86012095289917 137.23242914586007 
181.09303387444257 124.35152051342575 
189.61511787176585 141.34997932145473 
208.24334517820063 131.2101665254419 
205.62638768153164 123.39154902976442 
302.3796212004774 168.827343543032 
299.6411977626042 159.74334516042003 
304.9900703375383 160.21194324330622 
311.84688253811964 152.5931059849924 
308.2619429553075 174.99428197017306 
287.33039917602156 170.43556465591266 
307.12295790131435 178.17046777953743 
289.6251725192787 175.41515187445592 
307.15733941804353 158.0273044792383 
294.56897154832626 166.9468490739097 
62.320767864287475 240.2450223643819 
58.32645368739423 252.36982888651326 
58.37928475589287 250.11752303003388 
64.92505637715298 255.96486895815926 
65.63985093454656 245.19635185765054 
51.04217046353965 252.7569138520307 
62.91026779412168 248.3673190139503 
67.99360687666709 252.91785375184656 
40.837139365107184 244.31865236206906 
41.02459717244627 258.0048202707361 
85.89394107607023 30.37649085635511 
85.75606827005903 38.737964022082906 
96.2430556065772 45.15848651827916 
89.67077081816143 40.74269092695032 
88.21038008167534 34.9212629244481 
107.88975930316074 24.524040691174417 
84.27120591134903 21.91413561549525 
104.59231485378326 37.0097242347567 
83.91382642226539 28.409861514114134 
92.06273184898075 43.82203584156241 
273.02847691309387 48.10802691339146 
274.96079671338134 48.01456376059906 
277.4303718611028 76.18542773857527 
261.8596066482672 67.9825800011999 
274.44001404468423 74.79924681245183 
276.67000115584955 56.58669681636296 
264.9086698814867 64.9710785710776 
274.0051461385067 74.14722711329186 
277.5198728418427 72.73159891854202 
268.2739072176137 52.727535005997325 
59.973950409107445 48.37781572380186 
42.10421432685785 37.43734557961802 
57.03012279987162 48.61367908982646 
41.3024368958522 37.696259269713934 
43.61258378800212 52.42360429731786 
63.306500045744514 24.75301501352957 
45.308410037649786 50.435760372888794 
56.87079123148207 39.83447574462399 
40.763714555519265 37.09271011355654 
36.775699673402926 31.813183861800503 
78.00923985883036 179.5890247236537 
56.45247951775974 177.62488776655766 
54.03316553201069 161.39030883261398 
69.89333734033944 161.24855082619308 
75.26946739706239 175.45014477082168 
74.90955015106385 173.86884685685223 
64.1052283475553 180.49310108639693 
63.317824747469636 176.12572057554948 
79.57093068709973 172.91106121292282 
70.1724805108444 156.4494324923363 
213.5672208261325 245.68877573652844 
211.8972858356723 251.58104432391093 
201.47972155824326 258.8322587244698 
209.04293263885924 248.9115271120256 
202.95172375277642 252.0620085228559 
210.34089410182483 248.99883066034397 
185.60914476086322 240.86803147939912 
202.5292172654933 236.910505178667 
188.53535519519778 244.6920314075357 
195.5159239512083 259.11783149897803 
7.852326291501092 18.8795081954902 
16.81546104879377 25.34595858204056 
24.128593705548262 17.367826782692767 
15.000829577833954 16.23078112783429 
33.15502207658325 14.406067842383264 
31.47033012558774 29.19268508493833 
17.066058137076322 41.904002275334896 
18.370081320806428 35.68589215518923 
23.121842612281913 17.810386573568792 
27.369632146122708 30.17251795976711 
280.8624727685075 72.40968353921099 
298.7505263108155 71.39530079495147 
286.2655871595077 63.00355582509542 
285.8074221149769 69.28720652555825 
291.3967112920805 60.02541638056877 
286.6446923816603 69.2229790255916 
292.7699649919841 76.99067812267184 
302.9320281395801 80.50612122046036 
291.8395509779131 58.47352112600278 
294.2848583735059 61.967847691071924 
164.14437924788373 230.1957105501334 
172.09499534792027 207.0356905731541 
157.5796495896332 230.94874492399566 
177.2582659127404 224.00391925998449 
166.98129802274065 218.90796714334405 
155.76478494810385 206.31484957993572 
177.6161357890848 205.14507450259995 
175.47512626837104 229.67918036037196 
172.29100330771746 226.53287524078587 
164.0132940000923 204.4175229071942 
239.49918343609784 198.02035304194672 
265.62415667279936 207.9163630019653 
254.42289109018176 201.82441881733664 
253.52293214953588 193.18340707400597 
256.6274975683207 198.06690513937488 
250.57149471107263 198.13226740853793 
260.10946094575485 186.6299066956697 
266.02861568581267 203.37787695910964 
255.47617741606314 206.75813024914356 
256.4320449163093 187.2925109058406 
291.6573135580218 219.04451228140945 
289.4125082801116 228.08507521278557 
269.2091188043526 215.97264644524844 
268.1297181902887 221.4389149526679 
294.8848643258429 204.44571584624254 
279.3837191165789 219.47361939399852 
294.54193173625936 209.9540065271142 
272.64412101125646 226.98810738290157 
271.92465555964935 222.7765090662633 
286.3112415034669 220.67175400919837 
185.50786755291207 47.97773498208929 
173.48491480923178 42.31516429669755 
169.1371372445361 62.27223400442067 
182.17551781930337 49.70174858420412 
170.94841705213358 61.928569073297524 
172.83189815112584 39.41437130922537 
171.21573974665108 59.99297702852143 
180.71309423774483 58.840079984237946 
173.26358817410332 63.78532645239303 
180.80613859830436 56.74882265135957 
85.63971547078091 258.94436694400366 
83.98398276328138 247.6210151945584 
97.12732266012573 267.0984426758582 
108.78563494313515 248.8523160443927 
86.00904511231829 254.8438845892047 
92.22926552657837 245.33046744513226 
83.73926437752513 244.29187913176037 
81.54253197841797 254.01303558274924 
91.24134972793883 252.3021448287865 
86.09404661467056 269.69709677309504 
95.92193951177114 233.1851587779716 
101.56055056439392 221.91701045465675 
91.13879640030711 208.02881784607288 
106.64256491142385 226.30135334430693 
100.61106208796966 220.7852890667828 
93.56060828389967 210.0952386729664 
105.73556783711828 218.88041439856337 
96.2194185241634 220.8162607237917 
95.08347328976556 217.16946792013567 
107.16188779467886 232.4896093483873 
64.39306807671744 142.3065235439596 
70.17885144469676 151.03970808604998 
73.50821420831491 135.05159910232294 
53.26747825639738 160.0078954223111 
55.132837845378624 140.98358904227197 
63.35427141697247 150.76981992507336 
44.328542702195215 154.79151781042847 
64.95944688243891 153.99681593437197 
61.11530675560354 157.60629305711603 
61.81870041475979 137.33101450402734 
100.23544537551581 79.68845168575005 
95.29788783755205 90.90676270131766 
110.46379388067776 107.04435202002085 
98.63899010638733 85.45325847018748 
101.32491902093786 87.1846721786762 
109.82100502718086 103.94334707409296 
110.57942079557463 90.05567652275754 
107.66727709439083 101.51024390714969 
108.61560751248958 85.44901454002634 
90.41506503503072 86.57173912275957 
210.5751822398514 288.280327583066 
214.48360039218326 300.8393538913537 
208.70236346512837 314.96268376479867 
202.24639516472075 296.31646885763223 
212.09063534330042 290.9188490218858 
202.6419242964507 287.24942925924677 
214.68857304955043 308.30103716932604 
203.74155071418954 315.1336757054637 
195.38125322338672 311.9729891354262 
217.46837775525535 294.11962549567016 
96.18853681674791 248.1456994071074 
101.80195369787074 261.18062566158534 
110.38897369201038 250.05467846458674 
97.34590172470857 253.49705264867157 
95.10969568927449 247.31685313249042 
89.4376386740622 246.9646277244864 
107.9292009274421 257.7652731519235 
94.73243876183041 254.2480325548513 
87.64776199208582 268.17651559298275 
93.18098311449182 251.60305479419736 
49.75226911573198 26.635126713945265 
62.431178906522604 53.28900248703435 
54.12979263041387 28.31602385339975 
49.665004110283064 38.80457246689498 
40.77083682986038 51.63824165487653 
37.471970669360864 24.042458128643027 
35.21286720494659 38.48928691081306 
39.418849398529055 41.93123794684896 
45.5113526095622 34.651558766374 
39.144951793859526 49.77125143148569 
