106.60987328862801 220.4121262670482 
121.50201935701446 240.1693484360731 
101.76964304458299 234.48182279601554 
122.00268910349638 238.82580439408474 
104.28148279414295 237.53430160287866 
125.26578856265087 237.73740243456461 
110.51721235176956 232.83514611336025 
116.86144133755752 231.08767643582783 
104.32839930816723 239.621836158725 
107.0563714132582 224.80223959409622 
31.84212878243049 102.05197740403781 
35.26560922628137 97.0406459256558 
25.9963577360415 113.53691048506455 
35.773828932847444 97.7179724563695 
39.07174959818822 106.84177143224404 
33.6202648156226 119.40358295327832 
26.50174038143263 118.89546135443683 
46.06552132174346 104.60262849890593 
48.60254944068757 102.64372361389351 
33.53299436536918 114.76399754621633 
251.74715219364467 8.661088787583521 
228.07779047027742 5.976842238181773 
233.65109277662035 17.772225766447704 
239.69084749678098 8.443827285324405 
237.18189833668634 22.563336077705173 
247.68936700061965 18.87956452410897 
236.76174920765644 24.17411166720226 
244.35152916164955 12.723914360965745 
255.77646087734058 12.667947162546799 
246.49165458996225 9.31455641544724 
162.7270157266674 165.87389274117163 
165.51293265468183 173.20254375324123 
161.16625200246477 177.50934903863728 
183.15484597360864 193.1494340232089 
167.3562921435783 168.2261295285141 
162.68536023064868 166.84756140547316 
159.01867872816845 170.44462848802547 
185.45060043038876 165.97180514392076 
158.65498388164147 191.89629212531676 
168.5689497740119 179.08732967366421 
242.43839775473333 278.4075375724246 
257.359780720196 275.229214971991 
245.5933919572346 274.94607776983526 
248.1887473384488 281.52246506664164 
254.8552159890858 300.28686587684325 
263.3641580491815 299.9194733881157 
253.11031542530802 290.9456501236244 
249.89214087418227 292.8334128067128 
246.48304932067094 272.60494940950065 
248.69051103225485 279.5463325146976 
95.2201361411727 222.04776829794508 
86.45114102379284 217.9899027068639 
74.89851298318868 214.99482894547435 
77.83920680314101 213.20203071310135 
98.05768054862706 222.88771276080357 
73.34340920610056 210.90758735395087 
91.4896791547457 212.17755128071158 
96.72962680013346 230.19829845422288 
90.79174785821941 238.3651721720569 
100.99997025096951 215.56843916504545 
33.25792739494787 174.65443304822244 
6.723266950340956 184.0614244307134 
12.18632086094167 181.52984387263575 
31.547480670650934 164.09506062984104 
24.42384403781479 165.53842925002357 
29.085464023387022 191.14024782843202 
25.63070437632338 184.97377425165493 
23.10703252961384 165.7587796580901 
10.153322464393021 181.38161713438072 
12.597238651133171 167.71255811576725 
136.11910069394145 94.00847968194273 
136.0490909305153 72.2631963277784 
134.16297838952602 94.68347595901201 
142.27864389259435 94.52439666557585 
144.74986166161526 77.38736684802413 
131.52838348811673 79.22595237964079 
129.05031188966723 69.41255550473053 
125.41905885401638 91.92325815421259 
126.8515858978041 95.38549449972572 
119.42378277697411 81.9513119765541 
77.27092341856294 81.47087606182498 
78.13677967425835 80.23799794197463 
69.74466927459335 101.95055109001908 
60.37755641337425 96.50799629383864 
70.17720631632929 82.66812138313031 
82.6848912496703 101.93907461608477 
81.05897997580657 86.73207277663224 
76.0253136271375 86.1724603402439 
75.13414205871916 78.68911080516405 
66.08614798558396 96.80214009587725 
201.05086713665017 290.14324003870877 
201.50813182122903 294.8258090845638 
205.09749186642694 303.2131482989784 
214.41138160538858 299.11938331217453 
194.31545378114234 308.07031280938617 
197.23223213617754 288.2085252354609 
210.63582831093566 283.4797719073123 
221.50681133728926 289.6749044904894 
192.15363925006707 301.21076823378996 
216.60369814486438 300.14431631795236 
257.3384513027677 274.75362124884936 
272.08860621289966 270.4682935138145 
266.8072927511943 287.6540692162224 
258.1939418034531 281.10590659417176 
254.6975574952004 270.0095937639427 
260.21200687991234 288.7045677252937 
265.3916771477101 281.80301185225125 
277.20477232326584 292.96687039780284 
266.1738878647129 274.8621240934136 
261.44797967512113 293.0273041031176 
195.94942891429793 207.08016301950377 
185.17468516989774 206.4608197676384 
194.18715481149576 202.65098888563452 
189.75826323629883 221.2308298390722 
197.77727697655268 223.37828487829808 
193.8383924095213 224.32630914324497 
181.1552190012353 228.43887676116185 
189.03329859473126 226.01037835343914 
181.21892611985993 224.15726465170968 
200.68385697269102 211.19501773370575 
128.3665824585305 219.44053257815082 
133.32191611879665 232.74196880225782 
146.0989023207852 233.84747713214063 
139.4361818663914 232.88107573466263 
149.9423710582023 231.07911412848708 
137.02515845577457 241.11816659241174 
132.29143561258812 228.7632204737036 
155.7370685162399 220.27055148250201 
148.15368483101935 244.25587112941213 
153.39108285747577 229.58717748476434 
218.46737710027304 159.07731604790555 
209.74971917848114 152.0927595279715 
215.8920231768081 153.86210723122636 
223.9452769334636 169.4347711189044 
216.10339766669065 152.6889828303305 
222.8348907074561 156.1297133834908 
203.72183298791114 176.39287283923773 
204.25770872326387 152.98023245992783 
228.76531697314672 162.2711474289018 
225.7239651697301 159.85875212031635 
259.9537941069761 40.10744363120013 
257.54609491369985 38.36375814833882 
283.5127724008836 24.854304764091342 
256.1026195066633 23.76887255639901 
267.9124673420318 32.85378251613034 
263.0424554603502 43.41661769402457 
283.9866724123921 24.251836838636606 
280.5678591174247 26.076660351696002 
281.65043484134907 38.34876013923853 
256.21340598173094 41.03284183144437 
147.5001897454702 250.07570615695312 
169.4238536972714 237.0984164153454 
146.76232866023562 236.8172125620325 
174.4434129514084 252.9421179994252 
170.188502528258 242.05652479860476 
167.3978753643724 226.17370351845133 
151.29852886332318 240.59898694542406 
159.02948726094192 231.10386721355627 
159.23546284900766 248.336363498739 
171.92291325612672 227.56904263424963 
20.142001890452764 176.95744486329653 
8.339898561372008 168.76316019049574 
25.847076203525788 177.10984207927683 
26.962672518011043 189.4695044813266 
28.300417389855873 181.12111404737024 
15.500698436708227 187.38344447545808 
9.416319505064743 178.6266646181396 
11.104546439067915 169.78745219409063 
11.342396737552843 167.94499045683386 
16.69676880567263 196.46851272011452 
89.92022105044536 216.7373507493132 
83.243009128881 234.20311149347344 
62.828664609235034 221.01272082714306 
75.41447634568149 215.9817319344321 
68.80553879994844 239.26763106176497 
75.25978952571931 215.59898798062065 
85.99254146659813 228.81211741399477 
68.11479838956886 233.74608561241402 
64.54392403332857 237.5079121474836 
80.3124775657511 230.24806835002755 
160.31673246990505 282.7710728928777 
144.87817879092907 260.7857860019647 
168.6447117769166 265.4666137051397 
167.11210922379325 263.5658710875096 
153.80379329745688 260.0616963829578 
173.1551743983102 273.658004520582 
160.44314263742262 267.50353732665667 
173.91146524913103 268.7431722925486 
151.1692898535512 263.7044433877838 
153.9760318006222 268.84500331448294 
217.8692436543765 201.05784873565656 
214.92166867325736 187.09563156561507 
235.16957151970462 179.76408149499656 
221.52665954133906 177.60420470517587 
224.60105232979538 187.77282473537534 
233.65358253726276 197.7791943784252 
224.12952003559866 181.2757572423037 
229.60904728947236 186.74204149209504 
221.45953615733157 192.00902927588027 
225.74771286225527 174.4524466649704 
169.5008873844556 190.3014897218213 
181.56056887422437 206.38542899795692 
185.3281499199804 203.0560287816648 
185.88665126866658 205.31075314969485 
168.0222086547251 195.1156382983521 
183.82959334591098 203.24705243656362 
175.66670186848165 184.72790610420338 
165.2877238112516 206.2539002286409 
184.72410910059568 196.860805564257 
172.36333041150993 192.5199508036032 
3.1882407826860035 155.41483325739804 
-4.113740519295955 139.6068414575553 
19.478307844099227 146.04543440002314 
-7.39485792921504 163.24459762429407 
3.8235524380955894 142.20226243036674 
-3.1537319377724593 143.0578355483328 
-5.122846024201296 162.14526200435492 
-3.0861717645616524 146.81253382290453 
3.7631648271651432 155.04223097823368 
0.18140220229307147 163.3365969950981 
126.6460754805404 126.50468698062633 
130.41953385137475 126.5898534242778 
142.74095253020732 119.81293900509232 
120.77101819252269 128.06024758796326 
124.8237845836093 138.01000632208422 
123.6509905176993 145.0858237634925 
143.75029364342137 138.58862327601284 
141.69376679631387 130.03547687057 
135.353607384042 129.84169055634604 
129.60792559771227 122.16409815679611 
103.7855994797936 5.623399954636418 
107.2237928573285 0.6177716642422149 
103.54145805025024 -0.29816598814432216 
116.48144584824021 26.170540684283964 
108.20794108610143 19.16236794711771 
90.5733189751701 2.4380999007070256 
95.04850337285586 24.98224783697917 
115.6133707066382 8.618319378050344 
104.748931939999 14.898883373441544 
102.46774760394719 1.4190369939083212 
252.99662791343644 61.4097269140011 
245.45368535852836 61.345488372954335 
231.9837229552145 61.376606510764 
258.00195379732185 39.86344842139178 
245.81926532258024 53.16199459936493 
244.5040759867876 40.53369939064982 
257.69372028779776 43.02121235520671 
247.65813030510293 63.51149061078512 
229.7274065057078 53.21211950932103 
229.09250769310856 53.53217936526323 
27.498436947372305 3.4112900990386805 
13.193971207236835 -6.200309580894272 
9.064892611168695 14.208214912093208 
14.550824926035522 14.75361635964277 
16.23705829108495 -1.3015773397500467 
12.94531898208559 6.3996115387778865 
22.661141421693447 6.979737101176434 
27.501468683089115 21.949421057798656 
28.93594647251026 3.276862910114186 
33.27876030091222 7.740857451351049 
5.338711965152973 6.708896633778606 
25.107159830077013 22.501380548074394 
30.210577659277057 26.134751524177382 
8.601659989139064 22.887114414922216 
10.109543451633595 14.61709443796976 
11.38003296047119 -1.8539827983679162 
22.919671194228656 21.605903369576296 
25.381260248146905 14.132417008050629 
2.843735187690541 3.0854023149324057 
3.528209371686904 6.501159242152202 
203.26096123734004 226.3565080365688 
224.09683790441997 240.1904187219045 
204.08818848503918 223.8128614276467 
219.01392083498246 245.9582141163503 
217.00214915675562 223.97622694221508 
198.95412707879183 228.89910970963555 
214.19450428020042 243.09417917834975 
202.89619637739017 227.95612006812655 
219.2014940652877 243.7166174597204 
220.56983785334958 226.77399263320154 
207.06409899688452 37.752777715645934 
223.9822115185151 24.925402244241724 
206.8120191589862 47.8039905380538 
232.2644948873848 37.91750989256825 
220.97618709441736 49.3651775427308 
204.0236742263594 49.262507743058116 
218.84452577234015 28.836127692896547 
221.07628713593152 22.436878685822247 
202.98798858322323 35.06264608149373 
205.16728931767443 46.06420511868565 
243.30011803882252 254.65092458293276 
227.75061179259856 244.58957416576408 
239.14993638838075 250.99346074618515 
223.0498269673271 234.87370336456036 
241.58848069437857 232.4910788815493 
227.97199734043392 257.8654847585648 
239.30805134879606 234.7889943512684 
241.1883469751072 250.80927149508227 
226.01848995357875 242.19702586696317 
219.29460133868426 244.54234199062577 
