176.68057900109181 151.31301460518876 
147.72409777782826 153.26868398435275 
162.37956040916222 141.35337769029758 
171.37302058708747 147.77455101828875 
157.2847789938922 142.29218046209684 
164.81628277914194 156.5607435785469 
175.42416932798685 161.5723059503128 
162.31953120734124 138.31726161118178 
151.77203283814157 157.30842870391342 
150.7108707673606 143.42675466674683 
212.00705504722706 142.08082168892332 
225.28928360568307 149.29082334040888 
217.2787342611641 158.761007070639 
211.1980015767042 165.75926230389527 
236.4705215519526 160.24907844937874 
211.44804127035712 164.40526273119565 
234.5442833351617 149.37486082301405 
233.83922277926234 157.31335445792047 
233.1378441879072 149.33764565174258 
211.4249919151274 162.71864646926275 
217.83698155487042 59.71799943667073 
208.88085235080757 62.47439662345348 
224.0017511490566 67.15426809505139 
216.779121966745 65.77354480284185 
220.91895353913557 69.85086441078327 
208.713018830696 70.6749758632046 
216.24021300911255 52.79220157999032 
205.9047694651344 61.392943619626365 
213.42684358813884 49.11676046926469 
202.53196014253794 64.60214463842301 
44.04537481855907 206.65924737654444 
34.06583933293074 186.01783126896356 
31.003423830028925 210.8857126398266 
32.693270651460296 189.67297830259386 
33.81205019777174 201.82873477060036 
57.12329696792392 195.32320611560039 
58.57577707182938 199.25338224225302 
54.461252836457504 186.03290075931355 
52.4668624296625 194.36896206732337 
39.33011964193276 203.41659124881724 
247.56236617428226 210.79727303250257 
234.0967930095718 216.4799529438975 
240.21128452372994 220.11771932092216 
231.52864522471555 195.14915296581404 
253.27582210498565 195.9141294632506 
224.3454762976633 198.09543452874647 
225.36755354289062 211.9933025711021 
241.23648351481646 194.67863214490663 
234.48309584417365 201.01782434653515 
250.155570710051 217.85188038012922 
156.9948010469104 129.61391945512875 
153.46842458384802 130.75139256086945 
148.61970637520295 119.84102926768746 
168.27468955708846 126.72626317306971 
165.83647262817112 143.15730117530507 
169.32442179153358 117.87107838712475 
167.0445769096744 120.58642377874455 
153.38693805542516 138.8352710211785 
151.5001452228779 117.75952067854628 
150.15216241013746 131.3339086050052 
171.5117132420219 176.40941748717933 
158.89713509044128 186.89268920582526 
158.96369972257085 187.7087230023167 
172.1868061967664 169.0549661613415 
167.4247049379983 183.85230139603038 
166.6817560427096 174.5706565758247 
162.18497477308895 175.32900577928515 
186.4486563640698 179.42693131019433 
179.2704994867585 196.52745236484918 
178.5613952642674 174.44954444881833 
122.21603693616322 278.3166730053458 
141.80591254659257 292.3326350122811 
144.4267904474782 270.70010423970115 
134.24354759966252 290.6824477497393 
129.9622985114821 291.0864018718482 
135.4995021592657 271.2433298651303 
133.52736641433867 285.5025001830328 
128.28829578940332 269.6906691905919 
141.00715162610953 269.6115696462223 
128.7208384009706 268.6888904414082 
131.45545238200555 69.8418700863085 
149.0018696731705 89.06972379369549 
147.45990536479567 83.40251669898585 
157.2466068594336 66.63017978159284 
145.89416878119113 85.46526949793667 
150.18475333394994 89.98479015603934 
140.81955281948746 79.55491199280446 
133.1942026382687 80.6382332930691 
144.1438972725781 72.52496437884479 
141.86209694484808 80.67168335946536 
197.49608969545622 143.6773668405362 
196.92620858022883 147.4610178104696 
181.38089465247467 146.3765440308671 
191.08531124761205 145.51334927789628 
182.74375986731562 131.67643395210706 
177.8582713920924 136.85824433423267 
206.9006506220352 151.9419886080709 
192.05868166318325 135.07676876541467 
201.77026082291644 132.21029308525047 
180.15654926878636 126.90378963537893 
52.61368943001986 104.73607190253149 
34.833078982518984 99.91323735866497 
51.02631821913167 85.19637532904179 
41.247359009502276 98.4777469614869 
33.17694268315859 81.63121535797862 
40.50899005890851 90.9705141900911 
55.737991872533854 99.5894457361884 
44.90424986008367 84.02466612168223 
36.57162019543835 78.31875256358234 
53.382426636688315 77.26691196006696 
242.48240792133936 -4.589245822789927 
248.71981852515268 16.85440061269343 
260.3094641564643 23.89274772589479 
259.4004855668177 18.888904827336944 
265.2388101426295 18.58295074599362 
252.51780129539515 3.167759221597212 
263.2304446712676 -1.3832560784276602 
250.53378374792823 -5.278388932495737 
252.05357027035598 14.386510794217166 
236.1223242698671 2.555150540190242 
270.32929912592493 70.45563051430204 
256.77884140223136 82.05555757788267 
270.46391173101125 69.03288498907398 
278.2287056079694 62.76136788731792 
262.9708237010568 78.7197312201851 
271.52050670654535 67.38160625488771 
281.83062337457073 85.74450953660588 
262.59746888147333 65.64867635979193 
256.20031372458686 75.18650106857783 
261.43064707542857 60.07144314247649 
142.27919857892627 22.50774557914947 
157.72596680216333 22.12405997138788 
132.11075242511293 6.359145896273266 
155.41496764059826 29.696064687560984 
152.42376951336988 21.945276252707735 
148.99788795125346 12.610870452988094 
147.85555518552871 26.132118513805217 
140.9226603496325 27.340714287173235 
134.36056790206356 23.293254673042192 
154.38260915546067 9.172749887821256 
220.8667183853693 225.3959953506872 
216.9012396344714 230.29062604027487 
203.0991511607474 235.78366819290923 
199.8887116405551 239.98978917659025 
205.29540224615295 221.71689370148874 
220.68509934302685 234.05978408667323 
214.864240298699 240.2542475283751 
207.29172376158354 222.12757036049888 
208.87654295559 229.85423504711207 
216.83453722125245 235.55342940882062 
166.45018366172826 261.11779653630936 
186.7271630875868 264.95704326985725 
184.84396253089898 253.46053723620432 
179.94111049631906 243.99489459317786 
194.26346213005465 257.6399280381137 
193.83887253593502 251.3969452564573 
192.93971444469338 247.31166308639735 
165.47044106104505 258.0212412204071 
184.88148067799926 255.0148288138566 
192.51577676684275 255.9450920158054 
255.31661913729747 182.09075035347078 
260.9037874730243 181.67749665237275 
263.7924420532212 162.88338798504128 
255.75647229743754 181.55944152995698 
254.06961860433887 184.86693463236003 
272.8222894734254 190.34577200209503 
280.0041321883928 165.500901788458 
263.87357478164347 185.00140083858693 
268.9031517013028 162.43862116648887 
273.07354924824403 180.3877125629791 
173.05047728258168 151.84697616893823 
177.74716040685072 161.44670957218298 
176.4259977298873 142.2684618858588 
189.54527426158597 137.41466795154938 
186.75676833428577 156.74528045691756 
183.70351970212948 137.07369506376205 
187.52740176983593 143.4014999325268 
166.07969545805943 157.8767863478994 
166.57774791724415 150.1343047983155 
169.83099297725502 165.05598059138632 
158.3489118365759 100.01729324383976 
181.25440042466897 95.01874975000358 
153.03484542765577 99.23100880416092 
165.4784109945964 104.74091298380166 
164.75701512752434 98.33701388324295 
157.24593195176035 106.1058091194109 
174.85621384243194 97.40995542143374 
160.24131798200344 90.56956492452538 
158.21228585025705 109.39853206733689 
176.87270768637924 98.2999112339686 
127.5023463589022 311.66196918637075 
124.20273946957924 292.248565011554 
122.7027507431145 292.28045201693243 
136.23308280948467 298.4984739867311 
121.91616258949759 315.3572899222822 
116.00066532746482 299.7920696928765 
142.34384759745404 314.37815301437604 
115.21005782085464 288.6620257490847 
136.39436758872574 306.05061400032434 
116.36420929564085 314.5476081718473 
43.07693192183097 117.20810748702104 
48.87191065162209 120.43575272985161 
44.67193215718075 116.1552053978688 
55.83577903844736 101.56281327628753 
31.701289010559798 107.92164314048317 
31.06268637101545 124.5298054946511 
39.6506731305505 102.38165391467126 
46.860079767063624 99.36270638943105 
30.12329595024325 122.72687629878382 
35.648977486785846 124.14210808443472 
112.41236414947633 49.395075958907725 
110.1305110114161 40.016583987095046 
116.7400029434478 35.48464698411804 
103.93862605847949 34.173986219561776 
102.47304387335213 47.16092330952336 
101.17230651578906 53.0725951828563 
106.14598733148252 32.421089670116785 
105.55815123501849 47.92747365938085 
111.41662976547259 32.741101739670896 
124.95996420988179 40.52078326952567 
39.368144694008514 262.06386908808116 
37.17341544770312 272.729338573035 
38.255896482410165 286.61274504361893 
44.233526755668784 257.7318544370174 
44.209903793807534 287.35536648038595 
22.03005724338522 275.53984167273524 
30.966995624819862 286.80395297018225 
25.146139800027854 279.5606988155618 
16.511259337458704 270.16819931781777 
34.539849844079185 286.2336001071607 
192.80408196024584 167.14417281521892 
190.45804672637374 181.76019582888003 
179.80710204647102 189.72878166555248 
191.38984017418034 166.21839731451618 
184.99335794504077 171.11591940338613 
197.34445093934733 191.8515909795419 
186.28704681783435 163.71034484706712 
186.56764980229 181.09787676922173 
173.5232711068835 171.44577723778426 
175.70160075086753 167.17760968191163 
280.4730498106882 143.6265009674655 
289.3735178013665 157.4527753716702 
286.6614064006054 157.93569755318393 
290.21364549083694 137.02826809291102 
273.03703391991854 140.82934848892904 
289.86090825392625 155.70915569137026 
287.313285615561 133.95481038772277 
293.3583178240828 152.48768101007832 
282.5993500313794 154.7030988386706 
273.5952549080197 155.54404256946532 
5.480830182514198 131.16686556768343 
4.367809685264605 119.76023422609725 
21.284991580885837 132.76662428781677 
7.162312297726138 133.671408579761 
25.528010564920343 124.2286966331289 
9.812408756867107 107.16594658078002 
20.92600533202573 107.92358176963126 
9.921305851481861 129.9243206381834 
21.825719679128753 135.54240261740142 
25.19392974389887 120.12208571703098 
216.13202776927335 77.08951472452355 
213.38801705579826 78.64052978738434 
219.62070145020706 70.88720238468575 
215.81102035976795 91.3696433646346 
226.80631638400774 76.52912482828158 
212.72821543570143 90.08105802936777 
213.43691452139225 82.74581165149726 
208.47666851265777 77.60703414048899 
206.7269368792952 77.2667619788316 
202.0563140799964 71.67161708536827 
14.931987576842772 175.69432862196487 
3.0799877915826936 179.1600034824152 
17.533834059514987 161.67380370287364 
17.36194047805487 170.3780423893912 
23.801107709629438 162.16457370946 
5.426368141151299 184.57429381396904 
8.520077946670662 163.37596313292994 
3.8385428013892664 181.57061652868742 
18.0696230117791 177.1424131700304 
21.084801735856754 173.6904609424902 
178.73063697515497 113.14177280668105 
186.5682482348455 122.15079349326288 
182.28436185139412 100.15917712139843 
192.60424113728251 117.512248766667 
175.71814639922917 124.51603427247574 
165.18951676242884 99.5246076075334 
187.244855499676 113.25687080515584 
180.8015812699736 126.91796833358744 
176.28845836785223 101.08660623177144 
177.89764915698112 111.98414924354073 
50.52852349994281 134.53286911070512 
50.57846697571248 125.10432291434017 
49.23382682087641 116.44130814352819 
59.03569232845609 134.61373460871923 
52.28840154804704 131.0076700304789 
76.47501494789866 130.23714094537408 
54.97009009151502 113.36136218452769 
77.07300106402357 115.9394427182218 
51.151466362218954 130.15915591284505 
59.53266228216079 130.38168207446196 
