29.157915364164637 7.529344003187035 
2.1806033848911426 4.215013821865682 
-75.81816352973507 43.90265480870798 
36.159112828349635 -80.3888343999733 
45.08894693548632 74.34469681084036 
-3.3628905030723075 -36.216212838922644 
-15.980744729481572 40.5130986790185 
68.48584681716855 -49.822744762737095 
5.359268467013223 -20.616486970995226 
65.19213026223034 4.179529315081481 
-99.98935001471536 -51.03290450175779 
-85.2046110868536 8.24109904122156 
18.23976200320547 -41.510107454597374 
-27.066693349343865 9.128937153942701 
7.644075520100728 -72.06595972864329 
-90.38749667996824 -58.429111304530636 
81.61825706816589 -10.605380371640933 
-16.439308226745823 -88.72771378735207 
-21.567547536607464 34.820391591583046 
-7.746409582824796 35.577774931451785 
-50.540886951107055 22.31772606822817 
71.29626564736105 66.35136715363353 
55.6226018444936 96.09560865560044 
35.56287412307941 77.69536068295216 
77.44901704124797 50.2323400044809 
-32.103966300497405 99.70891599588333 
-13.855467748405758 -81.70921396595094 
1.0740601118514235 -56.83027571609629 
80.32415386504849 -84.52530966093452 
59.71713782961132 -67.39898340944251 
18.43098023213811 -97.03499996289386 
56.89349182072624 82.26226528613446 
-87.85153460806394 -57.002514900467574 
85.03427079109653 -54.40759071686787 
95.88290100568341 66.22130269733816 
77.75832119970721 39.54959694275527 
-24.786332739091705 -93.35783412382858 
10.549834108248106 -15.597922498706524 
-86.8223825690543 96.72842165893724 
3.9725405799039493 38.72312165297319 
-99.24612496648773 -31.35893025629312 
49.742917078229056 -19.700646037188974 
29.907520348106345 -25.855878221660504 
22.047165390580844 5.413496496299345 
69.11184263260884 24.189595330797403 
98.07690690269399 43.45559513597803 
-56.434735581690276 99.84816176629369 
65.0100764025934 -15.57788730500856 
-24.185764678352825 39.35361016379318 
-8.343393824973617 48.78145112590812 
70.1990311350269 52.49671236571129 
3.1559146390891755 -72.3700831920451 
-5.124787972487326 -18.954692991589013 
-84.7753451732415 62.42000052337403 
35.68055559151574 -93.57335523978617 
-73.74865134546252 -48.85532852630956 
25.969097310344736 2.07165372706217 
-80.37097725638381 25.24774465769643 
75.88828340063225 44.928637690614465 
42.727162928851016 86.53438101066689 
-31.062054046083006 -87.33731789484372 
-88.4453113454931 36.969635592713786 
-66.73752617597835 -37.75950818389684 
-29.038062962180618 83.60627771798741 
-27.677984522157416 -8.689998011688616 
-2.844003113553711 67.27352657858646 
-28.105421069352005 -17.4707131322656 
39.40572318160261 -89.84129060116102 
75.43264877550013 -67.98759551606236 
98.5148634131192 75.65540482635947 
96.30863541064406 12.621069252713667 
-4.264704818611847 82.77429167549045 
36.57908470011654 37.436429837177684 
-46.54522001157999 -26.74432518461485 
18.423913515854224 69.07784211206788 
38.37754645836503 75.51717430963038 
-98.33569932434266 -4.486047373548814 
-86.5336189172409 -99.47759872251882 
70.09485176772833 -66.00099693079828 
14.423887791785361 62.45818095749732 
98.74841001255612 63.70091249847562 
73.75455021215552 1.465393513360766 
89.7079390333385 -51.26546289924827 
47.217643913441265 -31.391058843202586 
73.39386064061208 37.607159752983364 
95.31937839899257 -60.72763121346889 
85.85956004930514 -26.28547501199195 
-84.82564836312862 -11.174821859933175 
50.064074776961576 -62.66191743487599 
90.07554871129452 -94.47052986740229 
-97.97524192804178 91.99167261750333 
-13.08407019859959 -12.695927384715617 
28.6770081817769 91.27309203813923 
79.33025123619848 66.38364687481769 
59.111916162452246 -42.58134869804666 
-6.914593740736024 -13.147993754911184 
56.95332589732672 66.9669234741558 
12.567437960156354 -83.35505914271049 
-96.83119446056455 43.909179015441055 
-47.844291530674 -45.26322521830883 
9.696230934977805 -3.5595937372407036 
57.57812962874195 -13.78981871483029 
-93.00005350286963 -45.14370611974301 
84.21314178561056 9.919845276319421 
49.867451688402724 -63.197476760944184 
83.63473427072063 -99.56748592527566 
36.11798615964611 -4.154368942167423 
36.194702051468965 -5.149174461664984 
-78.56854477628173 66.40957612968472 
-17.27444982027349 -26.94385613469504 
93.19273697968114 25.190785047523974 
-76.46402494014977 -70.20627249395324 
69.74356900204663 26.506635823919368 
64.87294681745166 56.620663128108816 
30.85352992251444 46.00149288804488 
-71.58135414523245 9.729720643014488 
37.69359533257716 20.016950284090385 
-73.76753132728659 -78.2508528935738 
86.71040675439653 81.92301507126837 
-94.02178453590861 96.7717760409937 
64.4835009094075 62.525357870973835 
-33.96018364541659 -9.614305075074043 
-72.26275491351934 -76.93218974676685 
-36.625255800406656 -38.210134640322565 
63.34565009901186 -47.796131589749294 
-70.70837834114903 -39.2285407292398 
-16.40199204175481 -29.369315900360093 
-72.16664836583354 -95.89419789349849 
82.33709126891193 -65.13788375831611 
-46.41517593129463 48.72109177506832 
82.52839329031747 8.02877687063932 
-49.78968810725295 9.232146869238008 
-74.58925433576063 11.291706630774783 
-86.42996117271943 -14.538887344932476 
76.46190223070778 -56.72086297148373 
-80.98230189564812 32.39797902973018 
65.00642742126968 44.14580303238097 
28.43519359196415 -58.588100708842525 
-35.14638234372191 30.45957991945545 
-15.197583311711355 83.52881290640187 
-98.74753235014472 89.26339818137433 
-22.5473962474331 -24.585602251576972 
46.33522085864405 -22.939850310622887 
6.778193363120437 -16.24652321561058 
59.20260177923865 -64.46031188349706 
-13.468440906013242 43.73862461780453 
7.899763495889033 90.60302281503755 
-51.826426109786624 47.816673332657416 
32.11305406427371 6.570221437842633 
24.614539543584073 94.12069901037984 
50.85726095350395 -29.542875578038718 
42.296832708608065 -76.65477483538514 
86.72087222452026 -34.805595055181186 
-52.68211713778113 -16.790719700038025 
71.87801434231983 3.306845359988287 
82.15466385474392 22.368527382704812 
-25.923617819756856 -59.6952638615666 
58.72660629639381 95.93333016409287 
6.610366615973049 -76.61680533748465 
-51.76052740116888 53.9378838319374 
31.070057848905833 -47.29883956222811 
7.234331979105832 -12.696006321659354 
18.94447589942385 63.84707806036076 
-80.45761884880314 -9.724551878529226 
65.15100107088728 8.640063096860942 
-83.29838300988584 -27.275052830019035 
-37.57240067802681 -83.84294535471557 
-52.54374041244234 61.270005829699585 
-4.401091658375407 -5.536051799662701 
-10.614655124939617 25.413742504195298 
81.92506256889988 -14.63893671775061 
72.49669177384558 -88.94850866902362 
-62.87819503414476 -14.120113748551717 
99.47561031781117 66.8823256607937 
-93.83709953562341 52.0865357055977 
-99.45563588674038 19.37261597967452 
39.640186279964354 -92.9711784040353 
-28.43338209997637 -91.16071446367971 
-2.8809709892039876 56.176009570711216 
47.66182861275999 -67.3379117683798 
-70.63721869243864 -31.33238652191224 
-85.733660228969 93.8985977642173 
2.4204263268972284 -29.35287512267277 
-14.82665369610794 68.76917898961275 
55.02323646290614 84.02162326090976 
4.75228045978109 -77.6812300929015 
48.55271362839417 72.6110521411639 
55.96856516139766 -0.7271130201967395 
-9.04370137046135 37.276877989861276 
38.72040573795013 18.32176784792368 
-28.149112762056987 -34.080962905636596 
-84.32230408763412 -52.35641444087447 
-6.9062597739448535 -94.65402002782702 
3.1378352372661595 -49.64092718635973 
74.27372177864419 -4.3120836744792115 
56.05828045592426 -56.309823260928084 
51.42711223882418 20.194095460601986 
-55.95459381407613 17.598254534030346 
4.421115141983407 -68.1647296161533 
52.26482594482559 -6.434867223905599 
-78.3054778228472 5.089065293790057 
-36.743198615761116 -37.49117827480741 
76.9676499200124 -36.969598021488004 
89.3337715589899 -68.237063708657 
-62.29577184630954 70.2573530791575 
-30.378314666808294 13.058135991065683 
6.801681021670063 -55.720599420008845 
-95.47551310779187 -41.448544822539745 
76.93943817536393 68.05659407736727 
-68.71211101350012 -75.97509901468311 
6.893803095950403 -43.80730939806672 
60.05542348341595 -39.87671878597068 
52.50477498636795 -44.988863347883054 
83.59368074555678 -56.135903413516374 
-3.8349543053319337 -49.020730714796755 
25.418940954967823 83.6784335668917 
36.61185463252281 13.899202628432562 
-55.48747293025615 -31.125161414068984 
55.93413531942517 -65.02475435479435 
-60.780491032471716 36.74177117086634 
-18.71661155944797 -15.418376651831451 
26.233706079953194 -92.5165808880439 
-76.48840413255405 88.15760881554866 
-81.95582796728158 -32.31456609755372 
-12.166996706621717 62.26143220702147 
63.82829709889904 -54.13536155373742 
40.055395416257056 41.790331766141236 
87.51375519687542 41.59360203523531 
-88.8357548441271 -40.295586775030316 
-75.7229712682879 87.13049732513531 
-75.04045988028025 -23.513149627753123 
-19.056473912122797 36.84746073084315 
-55.02935944806671 2.6125010288616863 
1.1414847860219197 7.8361258593410525 
35.187575304137766 -52.714621333746514 
-92.97499628851766 44.003290956056816 
-10.745019127852927 -11.80323551445322 
65.30454090141515 -35.24866638886152 
11.987134819736653 -63.64783184112177 
-12.462843711537076 -45.35000984457589 
73.52880919562458 -39.17199942935468 
61.05482468111012 -30.876701909532784 
70.25148000008409 -70.16651513203726 
-83.20772334970286 50.16720879726958 
34.22437266071822 -44.82140129843268 
-17.846980281824216 36.939870017110934 
69.93815305281902 -88.26004910124696 
32.52436182768221 57.37198101593938 
45.086643604594485 17.38125309201213 
-52.027084549071304 -58.166674878426015 
-60.14732656900965 81.06340640809265 
36.80775940398553 56.59150212126701 
14.294067612485776 89.00728804880663 
4.854463748107804 -14.693274533637307 
4.528049654333515 -48.2395507218371 
12.167818259852197 -26.90749694602775 
-72.67256967856784 95.92326694822106 
-11.646556808876213 -60.0760356093369 
-67.99231063943571 68.36894710559807 
59.14785771410328 -12.575876095945347 
-69.38660361919653 57.33017133023864 
24.364054073187177 35.35559036085246 
60.43880767810228 -79.04979226852424 
67.03550578139229 -58.60674022496433 
-63.17415667598989 -99.17630957114645 
42.19935108208716 51.253128762554894 
37.166525776501004 44.038234715760524 
58.901941522628874 -41.97186991711745 
25.88353675241099 -38.810004126628826 
-32.63133683142563 -84.73977956298113 
43.5688217675405 83.84376345533889 
-48.10636223413718 2.3656552097811527 
-88.51700611640754 14.893383124153956 
40.769696876302305 -20.61891475916657 
29.710360082811093 33.39998090430302 
-31.224851659529733 -50.546721209327885 
-4.274038603648506 -38.42385532823685 
-17.427855381445994 70.85904730181625 
-83.8291532870272 -94.75112990571846 
56.238065231105566 7.343983698591543 
-77.27582864444287 -44.88650208916671 
7.852950732375348 73.74525557571897 
17.221945347446294 26.10243634725522 
63.999269755578496 13.508716044401822 
-92.64696346590924 -52.870750627644746 
-87.42147306162194 -61.15921865760103 
-12.063095530208344 73.06863038904908 
-31.682988632688122 70.49576149905522 
-94.76740825236878 -69.20073695023632 
2.721930517872778 75.71133378837152 
-58.87584587197765 26.487223050540806 
-51.78009628781999 77.09907007980757 
58.5239532252711 -70.98508657637386 
3.482260044111854 -99.50662079464176 
215.1407302669182 265.93792059814285 
272.76121064801055 206.69712103962274 
255.43889686272877 268.8594783365412 
-224.6367995361313 -254.99223891997912 
-228.55613398136802 -203.22472347047216 
-273.1091749004782 -258.4623354959347 
