17.422650653736355 -99.86632741257718 
-30.563147263088723 61.396468347157224 
-55.979915379809356 16.941592878767153 
25.84986730815295 -10.606361732648068 
41.55052648299957 -17.983474459833133 
-31.971685179870036 67.04825084124442 
53.708447987241925 -17.44818821482224 
89.62488481327463 30.07842600393832 
75.13014476272016 42.02395841495553 
-98.8232481170353 25.141619314849464 
31.18984369203875 2.769069033502774 
-23.19388805163159 80.10071682385924 
-94.45831586326487 -25.064803040054514 
66.251998182974 -38.349313098095195 
9.499795229500137 7.122466114252532 
69.19674282114323 -16.599813959104807 
50.546389414774325 -56.86068931208907 
-39.25884927940866 -89.65047252558213 
73.92027564881371 64.52650043451459 
87.53389266696118 -49.9374859469496 
8.168619570009582 -10.274205364872799 
-94.81054958655652 -62.52049725225825 
-74.26247197140252 -83.39912294621696 
86.41575240386348 99.05924706126464 
98.1884363008864 49.06299144411267 
14.718354488892246 76.46029682715053 
42.13145457847483 -67.36844511705489 
-57.32251531813362 44.58164992841128 
-84.14238043403937 97.36848950944938 
44.192541421140305 13.699498604426623 
-16.306381226012604 -95.25609440623613 
-28.06438547821182 -94.23683132182168 
-35.106247864577995 -60.568727096873864 
-21.861864420162973 -81.5773506580828 
-22.643335361350083 -86.23852415952074 
-59.88132102460657 37.21791598629511 
31.744953355956056 -66.7291214371001 
-99.2263906451636 -93.7351736261515 
96.27548084511372 88.19085809163099 
-32.12071441392588 65.38622586691801 
55.209648858523934 -5.147445584189313 
2.6431809244186013 -24.23941351521816 
-31.108311604120928 -29.06777449718909 
94.87976690894001 64.39036261846013 
75.23323682407442 -45.686068788069 
-9.351006515515365 8.702851539202811 
-97.5763234018451 -30.52901584376046 
33.99149471794291 61.119342946577575 
61.13907037863524 54.99428094095373 
76.89250076611677 28.657249780119713 
23.790260340891464 -49.817514671036946 
59.884791000677495 -74.38759267349641 
72.63841379346425 -44.67452481427077 
96.6277582487941 -15.661741996809255 
-84.19504294942313 49.31512269660331 
-71.07249171170065 -44.33053719544484 
84.57286661730902 68.11429446903114 
-38.58855658939548 -63.236893695432016 
49.13401675828564 22.59270833084797 
88.61270667855717 52.20944495118317 
-30.868787343156995 -35.177065202176294 
-45.21693278444812 -96.34336066873502 
-86.4212004212932 -44.107009564623546 
63.875434220461784 69.98617197709413 
-88.79058428620634 45.321662171452175 
-97.47015340272273 -46.14984436393168 
17.43101989614803 13.159938293212207 
-30.57805141442988 -58.31295856045116 
22.062294742081164 93.67346097963389 
-53.72075743866165 81.3232444295038 
64.67475644873042 -69.42336138474462 
-57.65927292017745 -56.56466804180229 
-77.35363408074988 34.584991550639444 
-97.12197749007557 -3.3227020742338027 
84.19821661288074 -84.91179513581426 
-37.348605764900334 17.004780303011017 
91.90808616664819 -88.58236584876305 
4.8746856716086455 -92.07571336462695 
10.93384491112046 -0.9098205003340638 
-52.1446225122695 -93.43620333377145 
20.57996460870031 -24.820080955475817 
-81.47039397922524 39.22115299132403 
71.89934860124717 -11.563357692016083 
4.745170020458261 -76.41801335329497 
-6.511654191815097 60.42605990699326 
-3.2503816454170646 90.74407350547594 
-7.536119747077947 87.80563654114698 
80.67009907721433 58.815383989466 
-12.339883862206321 -22.754624563734453 
66.81076532485747 78.24476215906725 
-98.93416984608902 19.91794272530261 
-80.31897777515064 -74.33956816491774 
43.86598351407477 -2.2931389156631212 
-86.68017535620453 -48.27998701294754 
-68.03042491163146 -30.83256981379843 
9.161653984296862 29.50065151801195 
-49.73381560346613 -1.3765432818874785 
72.86270931203191 20.24755220307206 
99.03588693875477 45.797218595820766 
-55.61124776770414 7.55521531151831 
-91.0218234556029 8.03459366714688 
2.660736568280427 4.984108325766343 
70.54619323260283 -20.874482902691113 
18.773738506915123 77.08527849629476 
-53.85961335554972 -11.36270780483055 
-30.878222450854253 -85.11833005238287 
-58.900353865707665 2.1703481048828763 
7.511124666075929 32.32120541061602 
-4.312034637411145 -70.51258706377757 
-42.812273487888675 -23.992912471868294 
82.59017569400416 -84.391030585048 
-62.076873164371825 51.35228131119064 
82.41413146165075 -85.92297256904229 
34.11459782999654 5.754991226678058 
64.32532143802587 55.07540236412717 
-85.11395639695428 -9.377806225346319 
-15.424565461126846 34.54152040263995 
-16.619495502090302 -29.98580493952501 
-10.777014206854886 -22.49553778825451 
-66.06132443125692 -48.13150242147803 
-25.390980854907667 -49.81112041337155 
64.50309709274038 62.44671797519442 
90.4164826860231 75.59705257241046 
-6.496411202941488 -45.02864788128775 
-73.30241908487068 -8.539899104649052 
12.225002334929599 5.8136524806323 
-51.99582493574373 91.3001916419679 
10.57144034570787 -86.75779264200179 
-79.86940169628468 -70.9572672151584 
-82.62136968694067 -40.12027447538227 
-14.277922944414428 -52.74115686730669 
46.24629526566727 43.94421264905958 
56.7620408642147 -37.83304335441362 
-90.7175287302652 -42.32163146193675 
-8.07526805265826 -97.420839015422 
31.617203512176047 59.270466573133774 
-84.01203951619276 -97.44517801552747 
-24.95239421714828 -75.50236420390954 
18.759690368278427 -43.13546360439322 
97.77411896780904 32.670465893152 
-3.0817524099902727 60.656011007350656 
54.74988113239402 -82.54953210689892 
-3.7735145486603017 -33.442275439237875 
-4.551366656221646 -86.41695335251669 
95.10912551660527 71.45718797704183 
75.45391515307352 84.70132827762797 
90.06695948590854 39.84467066197348 
-60.76546425225333 -53.65577832956534 
-40.44524454357279 -38.69077976292032 
-4.556189861871204 -40.85228652791939 
-95.15188547086515 95.08567618158713 
63.42601002311915 93.41752226791394 
-34.08743826569915 -49.21806152486923 
46.71172819758692 94.39853910029811 
-42.78628528806989 31.294358032247004 
-84.81199494691339 -5.062216006851045 
-5.153727605006125 -75.18982678987192 
51.326601106824796 -6.140214224378624 
20.332067140169556 36.724076915553894 
-99.08326992081453 98.91858869364668 
-22.32329388389583 -29.77663170213438 
7.472313762355014 24.83290764904224 
-61.17794205041942 43.05307349410444 
25.218142565444793 -25.575480118593703 
15.502236061477888 -82.7220911988275 
8.577821262902717 0.053465906336384705 
-16.141348200122792 -50.585698718174775 
76.3066405784028 68.44223898715478 
-83.66370512004899 -28.151131182046058 
19.525527464673686 29.654450635585704 
-70.6843590261227 2.2998949492460667 
-6.779532344292846 12.574578530818783 
44.824924679663184 -70.001222128273 
97.87021878289329 -42.29525483057175 
46.42798831721481 -1.527537215012714 
-91.71296075250173 -15.525014313739732 
-3.846962833555196 -76.98519063614293 
32.642514258986296 -87.92667974720365 
99.08275129361726 52.95163488925951 
48.043635480863486 -64.8715562015369 
36.15559702393904 23.22493217713142 
-85.92977933751598 38.76055966729254 
9.412761242064121 -88.7750274891408 
48.795713957568466 43.75928760130199 
87.33101848773492 11.176902699651833 
69.19284543108574 25.502176908989156 
38.869748767668085 56.577649495471604 
57.790744267273084 -49.049675321728394 
-19.499347970234965 -42.830476447897034 
-35.500086559289315 73.80171342974967 
-1.5312450568289933 -52.90016709902412 
48.839346705152565 -5.874445730233262 
6.85412617763086 66.4423067332333 
-42.803467275739784 14.247151678082687 
-76.03993722450838 17.69308894700825 
13.763340705337598 -73.67312646499255 
-89.38036787551032 -38.1170425951253 
-58.354767333967004 -34.52676945953684 
27.431061190447096 39.492649323048454 
-96.7406157914977 77.55117023219194 
47.0883976823728 54.73792128129281 
-72.33597099869063 38.16770666959209 
-81.94982980498544 35.67095249121883 
50.810130561101516 -14.537076853916318 
80.07628903353802 -18.197887321634937 
-40.34600874737446 80.35265715395667 
45.54228857819305 -81.09418678078153 
61.1892819267448 -44.583409977153664 
11.863440413997722 -55.00377323775978 
-77.45743453834379 66.670882242081 
-61.002065069533074 -15.484498856827855 
46.9922160184845 -77.77561243165323 
-24.209126515209945 -19.481602409757755 
55.72535779431465 46.66941576577196 
60.53752346896363 -22.108533752063096 
36.49769040535284 -59.55900225587698 
-20.972537095610733 39.65736959341871 
-51.79881652615914 75.55809867089042 
84.28019957078249 89.50014227893496 
-53.08164978363201 -28.164142354780893 
-28.70701076410107 97.03114139075348 
-27.72438220535591 91.30370654115595 
-59.26955243276608 27.98024157346886 
93.10661638547663 -95.86842210445252 
-33.75867638306771 4.932202008346877 
35.43917670559614 -21.37576677778428 
-38.5033534296297 32.989698738945066 
68.30378926885606 21.18677833426341 
-39.19898647252531 -81.42083569208691 
-71.73901130199738 -15.054293696923466 
-55.29992839240687 -71.92112108818489 
3.4230500255896743 -76.55365232036013 
5.689898664108156 -92.75324993236038 
-46.41547549746685 53.47639858982262 
-73.58358329681 33.088216876224266 
-0.7453503213636736 -83.37037950604707 
25.85742461193314 71.62819386485882 
99.89952945812962 -17.897646309556904 
-14.015873971286922 -49.670825754831995 
85.77220337565512 -13.735348450992973 
-52.01151536749074 -63.82559759115445 
98.41517032852204 60.4268834823919 
57.142036931977316 -94.3409581428256 
-76.03443804057281 53.975054020898426 
-89.84086726013672 -41.170323720486344 
11.428797010642285 85.37529459240014 
45.50887724147367 -79.82574031800576 
-18.85072069919562 -74.86225698787933 
26.091200274308576 -38.667534276891736 
67.59004293716137 -69.8260550436944 
23.225776842260686 1.753815374573506 
85.77805288633508 5.674742611701959 
65.33740263235842 5.4913170638652815 
-74.5329106483241 64.75888986465026 
58.52776334381207 -29.690316238069883 
83.33515238913014 21.797477723481123 
76.88013102045457 -20.732814396342775 
88.66203048162095 4.3257002308602495 
64.45037427386478 -12.009612726094048 
29.167873304174805 36.384901670590466 
85.71531418006569 -7.7038099305271714 
-28.53106668483096 26.626264215130988 
-58.2255983623563 -4.928781723900016 
-86.74996605493264 -28.699808526361153 
-79.72414896571884 -92.21062094056272 
-12.01145466000743 -94.93352342768053 
-30.250816102996666 79.59678795361219 
93.4939742470088 -5.028380156453153 
41.2528134956394 -45.635129764853886 
16.28808436511642 -20.44373564934719 
-90.02207852724551 -0.6793876072948279 
-87.14365178602688 54.97959950036096 
-92.33458733479874 -40.811475447845204 
-5.328325261824702 -91.94333590957902 
-56.521274075154125 61.984659754436535 
21.369408671823294 -6.164553555101833 
97.87766200647928 70.727689933867 
3.788122482506111 -7.836154907578674 
0.2960258823267736 85.99499117676268 
81.1411145914663 54.20167512828883 
-94.59466629082598 -59.30875944245506 
-56.11262277545745 -52.80728460110842 
-68.17745967507054 -5.447744234484503 
45.909074842263294 1.3397138285017718 
12.485734092047423 86.43023984061645 
-54.58972996984113 89.63212295290757 
42.89428560569439 -61.67009867957971 
53.99662152898003 80.36613110373847 
-16.473370215452945 83.04285409366386 
81.95999520209344 -31.47665763750716 
-15.587352540609473 25.596522295161606 
-97.85819329709109 -49.72174548448398 
35.97093235468239 -99.22524278398397 
-77.63076789540139 4.179493204822961 
275.9045692682135 235.677334681135 
240.84428178933706 233.64655448508717 
213.00343618973173 269.2103070388217 
-259.9406584121693 -225.7718591654023 
-265.7986982339602 -208.742023307187 
-299.33531366830454 -231.0444099768691 
