-60.06944616469194 18.362286107025056 
37.46156745198141 -18.405370462564363 
-32.19204651765037 -23.408889203626003 
-68.26779309827731 -26.87812656494542 
81.51142850528942 45.27486682359614 
-0.8013482468781206 43.34621753734561 
47.58850535594243 94.5955757947429 
51.45034161910354 -16.8446289179315 
-49.989443456549566 -52.07522422054791 
8.044066776459829 6.659729796417551 
-81.26159687957625 -62.61871900782312 
11.310776236562958 -12.5763866212029 
78.26406335080168 -65.18361501730968 
51.20445250818335 55.44962692461556 
95.08671202565091 36.0660765564665 
48.426209501204454 -61.54597155996389 
22.29610751602462 -68.78320628460483 
-36.85101164803282 -58.41682007063185 
-49.040522609178524 -42.501430561665444 
90.1272986756797 -14.26824151082802 
-94.4709572366724 -80.69464053012858 
49.68354707167063 81.10496683920121 
-41.79066142100116 -24.01501093191898 
-40.222360957970935 9.572633147415786 
-41.82154005885481 44.6276898347825 
-37.11074986935947 0.29481305873156316 
16.728503540163615 47.127399021737716 
9.05712332956658 -68.92538912738242 
27.378024438365472 7.035895050664024 
-41.753046779678684 7.783351275578582 
12.276293536054837 -27.74062119089922 
-63.62231481009242 4.19458439164579 
-74.58344318002969 -62.78676319464309 
-80.2535663704691 25.427388353065766 
2.1276288186403747 47.701238749836364 
-95.7301477765963 22.097510379036294 
-13.098951705958399 35.84357358977536 
-68.041291963339 70.08579547067544 
31.85789991205766 -82.07251244041889 
0.5682905432713596 4.370583338924419 
-73.15855552367626 30.18065410362317 
-27.27532161167055 33.232537942159354 
-16.20668569784793 3.325760327858845 
25.874890614632434 72.02703197118424 
37.77971561894739 -86.94783259721746 
-85.12173716877265 72.2916834077308 
-78.59602648931134 -75.15173190738855 
-33.87274939951081 45.120503040577404 
-58.4146560961744 -60.464508530670045 
90.43340637893294 -70.64227503462743 
74.49964887644313 54.85321941879374 
48.827088293253695 -68.22074923602756 
49.342301738350955 33.56931314329924 
23.894524846740993 84.96573107739516 
92.02959768531187 14.537970257293708 
24.587150133275642 -94.6837498008827 
-50.82207521479827 65.63346106429472 
71.6166841437634 32.07348809068472 
-15.537427902630512 89.6730265769215 
-66.36021593908359 23.007802398692604 
-3.3676221488151015 1.9370678479708374 
-73.44489263015382 90.52825263918899 
-68.1209672126716 -43.224738849462426 
35.15523947292144 -67.87266595005565 
-14.804900962667404 59.46715355868329 
75.52350893696999 -51.983653314015264 
-45.12494340760851 57.183031173483414 
19.521507508108755 50.211755579593614 
-91.56077431979894 83.50460930432831 
85.47908381059574 -56.51236567401576 
14.52238834982677 23.033147764865802 
69.89534620932955 83.6959351299709 
-56.05617616050465 31.242951549152764 
42.69207890922007 -12.554885493263427 
-68.50895421070115 19.59588725360588 
89.30384905014708 -54.82635738349353 
51.18157582804207 95.26746003554749 
49.07596023301355 74.38766191428871 
-13.436452760126926 32.8522253552357 
64.85214288225848 -58.977991398071296 
26.430613980066056 -29.510342894725298 
-92.79501384730644 15.541957245258857 
-17.68294145225336 78.40181561226848 
-71.24475614941028 -4.409960431324805 
62.07663347344237 56.096166713305166 
80.47206117205107 58.87374965728091 
-1.216577492260413 75.36877726801697 
-39.73175082738987 -21.086763367082156 
47.06691113769705 -14.604044242977139 
86.09787778005028 41.423670381141505 
41.42862866621374 93.3367342801489 
-57.048755100873464 -45.87458340248494 
-92.6339498724876 -63.31139141843445 
64.64960243694716 96.80826934383572 
-67.11783450995276 20.643521753124006 
-76.4250155607675 -19.462639586032466 
89.94609286242263 71.41849500444533 
26.835371014524043 23.673324592865924 
-32.27186508819567 1.9065485184397915 
-31.423860691145507 94.94219504131877 
14.783759152673042 -41.53496880927969 
-44.98306567395278 -60.98851107065639 
-72.11781318656844 -93.59566158924098 
44.42715759853212 25.276674562010058 
-65.85384915083176 76.27426758118992 
-20.47948406003661 95.28961853486527 
15.206178854473734 -46.03362718924882 
-63.74073622543983 76.97845029217575 
21.16498977958885 -45.64278715074652 
16.7358783343859 -83.10397472088749 
99.86339796650213 1.0033840898757092 
-58.97982466442018 18.83977076211221 
-69.48603014481802 68.27296570524305 
3.3666067183003605 -45.24813686871434 
-43.81467364265683 -23.61944774142468 
-73.96518455114969 -90.48617445778724 
-98.7567920480315 -27.08367561208111 
-56.773900793807485 86.00907421598993 
-51.750086543591436 -55.10106011301972 
93.24792297122619 8.087222565587766 
15.716329516910818 -99.74565941533665 
21.605973592205302 -87.64143253096613 
85.15784755985104 17.14639779939104 
43.293991630426035 94.23065581351034 
29.49368417013153 -51.23467861073996 
37.2037845109524 51.58808342938349 
20.23132879539658 97.2036957907377 
67.25049263712768 51.487573510632245 
28.752460911194447 30.68173356809939 
20.67422359636886 -11.266576840314158 
-89.52970353879961 -95.93141520737076 
-25.362296701200364 -55.68915187492729 
-64.16613138839087 -32.43426629297386 
-91.74771375157218 -39.2283715778581 
36.2683722241388 71.03627935586249 
-75.35635787561228 -63.095617592579536 
37.25040292783251 -24.02585846381966 
18.55237706432095 -86.71495350800502 
-66.27431585679697 51.260053779545984 
72.38565914346796 80.07414070832994 
-70.0821854780656 94.49362991498168 
-4.496300085169764 -83.95290704334295 
97.95910417690894 6.439751210738407 
97.43453801359328 -6.1043011593734775 
21.211067083837108 4.462754231963672 
97.77204479100868 93.40323797525224 
-56.07979919811714 -81.96074804264518 
38.28079447063945 -94.82115903806177 
-49.08851113450925 -63.17046366633568 
35.20182386558636 -34.180665853892194 
-72.37211903596227 -47.357787038632516 
48.51149716046598 -76.5719147077111 
30.29222304169926 97.85146250020148 
-4.1600305765189916 -85.20318338447208 
-50.07694791522299 -69.77365254404344 
0.8917865340128088 -54.277867801726984 
-2.6406505737150496 57.69349258008998 
33.49591117089872 35.20933198000111 
39.75592621723541 17.09955782677372 
46.81614436465111 -54.82540076013187 
82.00167048696824 -91.50841956784845 
12.595083749854808 28.975818228027407 
42.44827778977924 -14.264425306035491 
-6.950337657957405 -30.587619024516826 
6.672976798620624 94.82349182189833 
-41.92224598422938 -6.180765672363449 
-10.081092333822127 -79.85003618281586 
-97.3210993734972 -30.960513618592827 
-60.1033213045022 54.18501818683734 
-87.84067234672825 -10.628742061530232 
57.32232090878986 40.05497596632324 
-97.93914483401505 -18.630035956492932 
-77.27069854505781 32.73252855065721 
-20.155714892757643 -2.3988193121965367 
80.5171221317253 47.60676680163141 
71.16412518877934 -73.12359823612258 
18.234242161630917 -56.801814449807964 
-66.91878104051506 44.836049456068366 
60.66663166960009 98.32463161315928 
98.99376657476179 -36.9962123504449 
31.043387376622746 83.07474844601447 
78.69219550259817 0.9192734718341313 
-31.079356060052433 77.80188032117235 
49.662040053589806 88.5896075062262 
-50.53390779275784 -42.886363604211255 
24.53401058776643 2.463757781867997 
-30.171570231149914 -9.410889375092452 
-12.887255918603785 -91.37750530580445 
56.79671768254104 -59.39582640630168 
57.97523477853562 23.84991286070408 
-85.33827738708402 -91.69039500099532 
-61.54896729091159 69.63418512510873 
-20.920433281844765 78.37362952785091 
36.37790777952782 -73.9898289069375 
57.51586674842912 34.117768877205776 
9.411079742837728 38.059931097462766 
-72.56770643109185 -40.431984174799254 
59.43976392548467 -41.91336291551049 
83.08509603662236 -39.32178170764842 
-61.12321434123076 -59.24726533336448 
71.46126212813436 -90.6881984540518 
-89.7947974524858 -10.325455497980812 
-78.66610290417759 8.91191617518652 
62.01596166905574 -4.969188746882352 
59.84484962803046 81.81159354720603 
75.58293152544599 -98.50688302606166 
-78.44766069662587 88.96068674059887 
98.24606375937947 -83.81452782784105 
-37.528630150928485 -49.76004774600153 
-0.795115603399978 -86.26463803771576 
-26.009798034149327 -78.78837747042446 
12.339300565661105 -61.12516942051638 
-1.9225983467926255 -66.70451271047207 
-83.07468393051485 -9.265842228132087 
-53.716478041854934 -98.58844584975625 
-27.020206024308052 -62.46429915161229 
26.095884857365874 -70.82706520138721 
93.59143468610364 22.882894108796265 
-96.43043097712061 -91.87130362048556 
-42.51320784873236 -94.98015754760326 
64.75820530796571 -98.24782547098603 
-85.64217408984523 83.44392008147167 
86.4885145928051 39.99343309522155 
9.912285826488514 83.3597691370361 
77.02446246640383 74.65531313083923 
-36.66235397262145 -1.2115531800876767 
20.778516660411526 -99.42856163476696 
40.30782622901515 42.674799652196725 
53.577577706891816 67.78658186754939 
-39.22263316155667 -81.2128766530167 
-91.48897644205671 70.58450938737332 
18.631368348120077 17.02973589494347 
63.03457093841024 -45.054622485085716 
-32.64314370927224 -29.175870720267554 
41.35260660463487 62.940627567841744 
-15.23551431000432 -83.72514542089064 
75.54661924236018 -85.93251587731456 
-22.939793856513703 83.10724843585402 
23.145916484785502 6.19618546688379 
-18.37896638742211 50.687097049535026 
-3.04798000033459 92.56505408865516 
80.96009339474466 89.40525664044475 
-1.5467059935944576 58.571398226877506 
-66.5637563497803 -15.638453039963963 
-75.9593803815247 87.3246007609743 
17.392128074472964 81.32153122273411 
-82.83785231549226 0.5705057971166809 
10.040693565046425 -20.868702943127104 
39.847556680695845 27.803575380387514 
-91.0592113881307 6.205593795796034 
39.3814671555258 -97.80751382378429 
-14.730482048694455 0.2155687431166342 
26.17217257422915 -45.788454854517234 
-31.14618092660892 -76.28279504846563 
67.18269800061265 81.12213589126736 
16.172262770932107 -40.74529309728783 
-21.68110393966107 -15.548923423053381 
-1.7264563417030274 7.664927540274789 
44.588250060729195 -44.548065563906114 
49.33863667235093 73.82477102462693 
-31.099242537540547 57.90097772839843 
-66.60337288598186 -39.41345189294954 
64.32703534084538 -99.61181508178404 
-55.98743034264386 -30.728864209184238 
-37.966743458455745 -50.74219023607587 
-73.87350327293565 93.3682124233122 
36.184375264178385 39.32283700713225 
-91.06151228183465 77.3246587808728 
43.703353211105735 77.53078624018025 
-17.343313040530447 -10.500273217985594 
0.1091794932405179 78.27004059798315 
22.727521567098634 -29.348735172064423 
-67.4255668753054 28.828875692500475 
90.77365467509694 -17.75198457286855 
-67.4775678201883 68.18148666906225 
62.58962351842146 54.25367340936441 
-39.93986577181925 62.987725178918 
34.45878871382365 -15.283726939446353 
-3.4586838105963693 45.607347466380105 
85.09246177161845 53.8360174511553 
-96.58680073471082 -22.11691799948366 
87.68590317042197 48.45885553090878 
35.20668161600378 86.77738792094743 
85.72213310345666 42.34111387195455 
-60.98155883837042 0.8065216817527414 
49.58763788319709 13.241492453646401 
33.23831378783379 -55.9436716500205 
-69.00287941870005 34.86268574516859 
24.748450423571853 -40.46076986277598 
20.271218004553077 81.79271295526905 
-96.19937380367799 95.63452136613773 
-94.90906794881535 80.03268904788467 
29.633498223568807 -31.847959486978297 
-57.230257860667955 23.186789153804142 
240.024086873595 264.05187683085563 
207.85596010457695 242.9821383135128 
221.8020180898986 220.9259878883109 
-203.56106626182628 -299.8594630683961 
-233.2550133426161 -243.04267479883893 
-239.91632426605844 -256.25287834364826 
