31.865019905409383 63.47804148714275 
81.3176274097716 -26.90205627172068 
-47.94814129646563 -66.58916240011058 
-13.345133861442832 29.725356454235623 
87.65212282558292 -32.9841848336023 
45.19525040328466 36.556183303517344 
14.72148990301811 -9.921228915673879 
69.15327803496723 -26.416156855895537 
-99.432179014432 -34.18116685249002 
-52.78650616137093 -39.39490523384131 
42.959256086666386 -15.524840983828 
-37.76317242598333 -31.864651978761515 
22.43177286723528 -99.83699854106159 
62.94075457595733 86.47706578783786 
35.55958287708515 -81.31950850779668 
26.75689386605778 15.561701594648156 
-67.6213497316815 -74.63965951753171 
-18.694008854634234 99.71994190950716 
24.192004867660117 -48.56762021219221 
-23.318958463149315 33.5015640012912 
57.916208131851334 -9.233103290040148 
-49.81871029779876 -20.549660506752886 
-25.479067971405797 85.48003635409847 
-7.058985398748916 -94.97039899871982 
33.165426324196545 -13.443066242342312 
-34.39517366154121 29.64577534393021 
2.914222956414477 -67.64420715728355 
52.44738049994157 -37.11237477172946 
71.03371853549811 75.83980043764754 
22.351581218367585 -9.321718064684873 
31.745368158219435 -13.699388658193442 
-3.741483484099817 66.48792830898222 
97.35913093657743 -33.85156285576522 
-35.33046248820327 9.806958471946743 
-71.02545694732368 -65.80701723616471 
36.77631695898344 -38.303149913095645 
42.9072896395686 65.10221083092341 
59.2022439492149 -27.063234927838934 
-28.8847704051731 -94.39747224565687 
-96.17232668436284 -58.57721259426869 
-3.1583170539426533 23.732326635038504 
-45.127718404648355 40.56316643501782 
-40.84724757626952 -35.46037013299352 
-46.62529925872223 -48.18697420323783 
-38.568243920484456 -26.403254020575417 
27.00509441511727 -14.253274597755734 
72.13694463081401 31.83058571148132 
85.8639358254552 -66.86753318251763 
-19.383880906938742 -56.02489620348787 
-57.32541469778831 -55.14496672612339 
-31.00660067237189 -36.280653422129696 
-16.498046683189145 -53.92461568162483 
52.111454470227926 -32.06151722808097 
-50.30846639060211 31.81938374893818 
-33.361382339519 -72.17933717815637 
-98.68455927007011 -78.43698444692035 
-72.78732294079609 63.018211596475254 
-90.76688441335497 -66.53358240455015 
-44.91930989261086 59.957366059892166 
-61.75473703115175 53.486087436089434 
-13.113333977721652 86.0022535045064 
26.68441996335676 91.37023121828335 
-63.943686051475666 81.7572676721478 
-95.69717301740704 95.87340204400041 
29.78810583544356 79.97466763066254 
-67.50394316308854 -98.66421917494408 
37.60725951443925 -11.743693957045224 
-51.269623388296395 76.71132558448645 
-2.5132698934982898 -22.873346915457788 
-99.55043309215819 96.64385033786331 
-58.23423364897864 38.2549799725202 
-0.11455126386290715 55.230655305179 
52.53268299297952 1.1255639452072614 
-60.04622723115949 -42.51048725832476 
-89.07531825942365 -85.20838253549795 
70.4385895317231 -42.84772597344633 
-45.10663652221862 -58.2937397456251 
-4.260493373224989 37.180864941692306 
-0.9058574479081614 -61.06522738327038 
87.14966687253855 63.941783383780404 
-84.15601407220261 -86.42340197937463 
-3.8326903600153486 29.196624834330493 
-29.70587235332816 7.612052487768267 
4.251536700480884 -78.43731352608611 
10.885543361402952 -92.9142126059322 
28.246211924056666 81.66740912605371 
-12.080280531905615 83.35567600006911 
70.397992658878 29.54426872330785 
-8.554742299018514 19.31143792299281 
23.289460383503197 -7.793324373365735 
69.61065508032249 25.902708532809513 
35.98644259194805 42.34598681670593 
-2.042907372176643 7.706056863200004 
9.766545172529035 60.751683446763394 
-93.84958216261519 69.26248175972029 
-73.74673576494924 -23.789725944887238 
-36.01542241077871 84.05510995342567 
-80.18524932363303 -45.54472316019114 
88.47790120738102 49.615153898444674 
-25.916193949183608 8.971550970889012 
-19.57303597333504 32.06442584273614 
-9.93059216504659 -26.61332838447666 
9.839670763649465 18.537577443377344 
3.1625314450058966 -97.53647807504011 
66.78258903809544 -61.860166682328746 
79.57217588402247 -1.9053963447240676 
57.58725786441187 -66.83665461693343 
29.944785730882472 -48.08708967508157 
-34.91698075457086 66.19950924615512 
-67.04384111572665 10.361864313092184 
-78.92448231938869 -1.6164842186689157 
-74.79634239076881 72.63429912125042 
-92.51796800090311 -19.910706435543403 
16.260421869274253 -15.942152740409199 
97.20914480334434 -50.809032694711796 
-72.11768889516574 23.647019292893773 
-8.24181845072431 76.64357282833558 
-32.54935697382007 -41.15988479169512 
22.16335530399118 49.74694905091047 
63.65598059957708 -38.57043877349147 
-1.8235709692751243 -63.96116243085614 
-74.38737493992775 -51.37778627226381 
-13.485584091392383 90.78168139969941 
95.33466881545175 -22.855750344488285 
17.632763385321155 -18.71128642654311 
60.94174009289486 -90.02508523769002 
-5.882875063860226 -3.9634542602252196 
43.86921128086419 59.68671528594831 
5.705428622680017 -42.12561844786311 
47.20090491714663 -68.40651113729783 
21.89121266446965 -10.904427294505453 
53.18998270878464 0.6575645861425414 
57.48841134785542 -79.96997528199773 
49.971154197579835 19.798402852898022 
27.676405854532476 -78.02097100035269 
79.93807127174867 45.98380977762562 
-6.6298529732014515 52.370386810329165 
-88.6216100027248 -8.113459814397643 
21.187018943064828 -62.47359654916211 
-50.68973028165304 -48.49393498470933 
41.238146908505456 -75.15470863908453 
37.75495409364294 -33.34669990780961 
-29.404606269910033 -16.90761986554412 
87.35055135191601 -94.81073206034327 
-61.20262078115235 68.3408718607202 
-79.45214264822198 -80.62139657781859 
-40.24138201945065 -3.0145535048175134 
-75.21418131671862 86.30478122053108 
92.90961558761131 -28.17231214272678 
-45.35996873500756 -69.37309253198228 
6.267337886951623 -91.49539504613907 
62.11927706526535 -40.838522778280286 
-92.43273123698363 84.21316224535653 
-59.64997230782705 -87.813485625259 
88.10519883085897 64.30454196463089 
-31.844958959498243 60.31416076709132 
74.36345727648524 64.51707863655872 
65.46661907697325 85.35609675275714 
-13.188919351471966 22.167406213951992 
9.009629355307808 83.60877894163556 
-66.7164644684234 -89.3164017383623 
-45.429013474441014 30.763390309540284 
52.53715169339773 15.160428281334418 
92.83141331389962 19.008218024224988 
10.775940209893761 -93.03163476442195 
-33.37448407341425 -31.295154683824023 
92.37269156767843 82.25694148129244 
-57.664322525944954 82.77677901359056 
46.8742647151652 12.951167564440127 
-20.10460307334634 38.08717329278963 
-90.61585944290405 -38.30564712826945 
21.207698214414876 63.15417624717884 
-74.6224022102498 -55.12639066288092 
82.84667473421072 83.70818763524318 
86.03002398310446 5.475877737065261 
-73.31149068363902 -14.335821167232893 
36.881051706878225 -58.16810844536189 
-50.845778468400795 29.169561342399646 
78.575447049557 -40.97393941027572 
-58.60635621057631 54.66649849609044 
-42.10957897611873 -77.77748313880738 
-54.69994903093336 16.929330039102524 
-23.739726801783817 24.586941372902473 
59.18282164648082 -66.24826520282801 
-97.78539463868792 21.63253502781295 
64.07046239744139 61.27818337974483 
-55.310153366619154 -96.74126146462105 
-56.956973090626526 21.04169334652238 
40.93619013689448 5.1218893571303 
27.6540318932407 61.37014368932546 
-82.29793610160361 -4.6236152894688445 
-1.1647800726890978 -92.16203585734792 
-19.839268974242643 -78.63684328912765 
-12.52662335854049 80.65811950981029 
26.910379301010835 -38.506099326925366 
39.31435264282791 8.142808346205129 
71.44094427033349 56.21971232692562 
65.4272088150532 70.39543008188355 
34.98376283576317 42.49048097017791 
-66.37115139644408 -81.23708143375703 
64.95957037775051 19.67403932766858 
-92.69702719773001 40.84007617311184 
-92.40106916934808 52.183497242161906 
-75.2761179438171 -71.21609339620886 
-88.01315026409836 27.2721099262387 
71.58956078616296 -16.254224368728217 
-44.70590911634651 88.22401304993991 
15.744271684196647 -49.229374723322806 
-74.07451623894063 75.61712629015403 
-65.37844410548104 35.34094112595574 
-55.45913406559257 -83.2391033033771 
-5.058826941506396 46.03423676471027 
-97.57312735806687 -14.093308399692717 
83.55203157950805 31.228925605347968 
-80.18979393138055 14.861282772517441 
-21.96113122088886 -26.503417639330152 
85.27114588863444 -62.06650049837472 
-30.756142088206715 -96.92825767288045 
-55.919905729694584 -12.051183172941876 
-43.623025498465104 93.29885478396753 
74.43756400183005 84.90657116751856 
94.42345482588664 -64.91681338584176 
-98.8877488529275 88.56219816993593 
15.709215248745195 -51.3812555500478 
-69.2308037607946 9.761099361263064 
-37.76291485975021 23.785650196653634 
-69.4850878358736 28.818980138462393 
1.8241503590618038 2.3667840976606414 
-59.71357008085205 -86.33775570599022 
-98.4249895857941 8.994922137429626 
97.5260285509627 54.603112628507574 
87.20316904158113 -66.73454322655837 
85.23232480797543 6.078091405069358 
-56.000290693299746 -6.489317171607752 
76.89477244410065 42.84817028244771 
15.192770425693183 -39.00901584502581 
99.46668116935987 -11.754445352667233 
-92.98514758348058 -67.15841077486975 
-33.66435713754099 -71.26772858567018 
-78.56543416469228 -61.60402572471075 
52.576711898995455 41.597738920799486 
-80.283695560051 -50.9570509584746 
38.84671122390739 51.62423961433842 
-50.93940013955487 -68.53805562779047 
1.580038454067406 -72.98547200799351 
-81.06555373332903 23.878285399509537 
-68.52298773867372 -27.641979660634775 
-61.56797351751102 -78.06111623236876 
78.44392766305879 21.93754162183565 
-61.983925246379926 -95.30326701703171 
-27.69256886206594 34.440381623379466 
29.694249597430883 21.02791899183471 
11.765796590251895 75.1980415231398 
9.099322376913662 -92.11206000036078 
32.09146517294198 95.47540875203094 
25.21087057255673 -30.99579591671835 
74.24536761428723 -32.95177749113117 
80.60321749233532 90.82327507648728 
-15.115925627148386 89.54216798880304 
58.58400346848279 -34.60279644523068 
0.9908262191090671 -13.438958697298006 
-44.38037349642661 65.2772451241351 
-92.19259769096769 -48.06640367952768 
-60.2183119512453 78.40694601419148 
25.454241769231416 -63.50015292601221 
94.5439956393148 -71.37210598025516 
9.407263722427857 3.236641816909014 
-96.99025973479452 -6.349120589459517 
7.640067756027406 92.47689975101852 
-33.24293297608938 -37.192568977350305 
31.187868984727743 12.229927539420089 
94.1341519421238 -48.98981236182776 
94.5359601459381 68.91541715829413 
88.56962994333102 94.0178653878703 
-73.26711896528974 1.9069783201679797 
-36.033471598408084 99.64633357645963 
89.12377957130894 91.96605272863778 
-77.98253949572525 -42.29328873114013 
-22.821887550806807 80.38087222626865 
-58.68479205829382 79.19974988202861 
80.81808619871546 -86.2688360157078 
-32.10591777500447 -27.96208503573719 
-1.7636271413959577 58.30285145940448 
71.45691417198938 58.77695700019265 
9.7500805246641 38.45186029593194 
17.515806206807085 -45.24796277928689 
7.674115916869667 -5.696443796547783 
69.05105536109133 -55.37981024558529 
7.62385498296247 36.86277517674989 
-17.00093198422657 93.68605904910194 
73.9152122871433 -10.739794116260427 
-89.31462285920209 25.31528863799788 
20.504632988015842 75.09032969004866 
-51.696757293593286 -3.5142364910744703 
243.75005092243842 257.9470338596734 
272.6946732951503 268.70423530467144 
221.95808032912822 275.2856490219753 
-248.5586605995345 -279.69433638022406 
-270.84585299622415 -283.8113301899992 
-233.75658391109903 -222.69606337632052 
