80.00585214381377 19.662320581303774 
-74.87529941435977 -99.37763430280214 
-71.55753697944522 76.78154196700862 
-49.38500294019301 28.081127381011015 
-75.38006479112865 60.98033377548563 
-76.62289354240954 -54.169980131192006 
-91.79530864281107 92.2853039401356 
34.51720531799097 -80.56743161235471 
49.44932705368092 98.65802586472577 
-98.14110525175319 -55.99268968979108 
-83.44656425939843 -28.154512407590417 
-68.54146148466461 9.370733997794645 
24.36066650751623 65.08150305289905 
-38.238650089117996 40.27816754821106 
75.30359867732554 21.377755842967574 
9.217523266353169 -23.913419218693505 
79.90862447729097 -84.02212687850354 
28.04021281835037 97.42798306309825 
27.424335232842623 22.203628985615453 
78.4997479825052 50.77996462481536 
94.79992435161589 74.55804679623168 
2.0231497587869 -40.16754703215564 
38.883901294492546 41.43775795780019 
18.080047146188875 25.50736130290781 
73.96184859445191 -43.56117320250989 
-92.73311752114446 95.54195031347902 
-64.79884061699772 -99.46735214626527 
-11.547432781809249 -46.974331572219306 
-44.83853464152485 -4.565025737521665 
-49.05358922658172 -48.610599726853174 
42.146828268685624 -2.6416672387385915 
5.886763004984672 -44.43743547220231 
65.72590307047156 80.3454809715702 
72.44847981227929 -1.7137479057049916 
-61.755370763556904 9.927070520674079 
-43.69683295504259 78.1142711211939 
-40.18871654056404 -75.99638590032572 
42.61528368677898 54.10318132330596 
-10.064696874085513 -46.95370765719142 
-32.90037427313521 -45.73473168944655 
-18.670656641152902 -34.17258726722818 
-52.58212675896237 -97.62135949676491 
-29.775419219137376 -63.76452600950162 
-23.649159107272297 80.27285628064661 
78.12043584969709 28.694100113050325 
35.87762254087127 -59.16908215488448 
-95.57709648764794 18.03506525725109 
-95.58680636571488 61.52317536862623 
-49.97939362114816 -55.082169009406236 
23.353579458565775 52.28060880729291 
-90.8577464007717 2.3538580144310686 
-88.0510262830543 -58.47036561834735 
75.7885256242985 -68.74424952188093 
29.133624144489062 -94.2124417996354 
17.993779379951505 -60.978304262454145 
-42.96797520429796 -46.4614199232974 
10.453639357152241 -88.23700417023196 
-84.99881814272725 99.65399860982046 
55.22291537302297 1.2042858544494237 
-14.883260507760298 66.01713417258642 
-87.74505782191177 95.6819666274721 
87.96164293247077 -45.82675628923651 
-3.8003584847731986 -44.93156783808301 
-87.8578332351257 -94.12346018006063 
-99.6853361141435 -79.07274337610511 
37.6607427280278 -21.345289046263474 
-78.02681949675146 -52.90228181185992 
48.270357564184735 -65.5077353520833 
92.2564250136503 -35.55623990013575 
-43.59873817575568 60.69162940412568 
-31.447974284158335 -90.07176884596957 
33.11463813792662 80.6623641564507 
-68.10722329027982 37.54852244354089 
-6.607511907463675 4.730340370802509 
-66.0428107023152 56.26598829717665 
-0.20734547263987224 -82.10687724724704 
-46.21645317912293 -33.31736800900376 
-26.526907296871755 77.42371520479512 
-59.18228502306717 -0.01310384125174835 
64.1954392408831 -8.107923546395284 
-86.92271549327552 -91.695194928127 
-70.03702817281638 6.610930573619882 
4.801754570093507 20.893805627769012 
-19.433653227805507 24.234232039026594 
57.102328548180964 -17.244989856508155 
18.30902643179641 -79.9757239570919 
-15.890918115696422 12.863480940459056 
15.747785639036692 -31.5512971125178 
-44.09027025251942 -22.749295098857488 
45.93876945555894 -74.93549953972922 
-92.12265393238872 48.66023237392275 
-53.341295377353234 53.505679185026224 
3.9442975599942116 40.01165630946926 
-62.89060998336771 6.23770113555311 
-60.9079545887006 57.955521094434914 
-50.83954657774035 90.161470126285 
58.89408269811503 59.566287314938705 
34.42417448203349 59.316989917425985 
96.8446810521013 90.32614379016553 
-69.21759352518207 67.61023183051807 
60.774134383263515 -43.9167077006845 
-20.395074110761897 72.87261233369182 
38.73874147102708 -41.5311873851897 
57.607072041347664 92.19207057972929 
76.16335051044248 97.06856135449681 
3.2440550499510152 -0.786122270487823 
-89.62654450062712 48.64994555729851 
32.21473286125064 -5.823843942159385 
-28.314677949302492 17.20565822701232 
67.81855966532953 -83.33875852975403 
8.208361487132692 25.296990853587275 
-27.492817016022798 96.7411012720207 
-94.51163302519119 -35.47568114598742 
71.99163941733875 36.06659323013494 
-47.88454776873954 39.267025350344824 
-70.29590279121416 49.53958778547977 
72.93613273045338 42.69596579664403 
-88.9171866707032 -95.43908436145479 
-82.11147632470978 84.5437226908522 
-7.8307763643600765 36.175726966739745 
13.077740815203626 -74.12956637685981 
34.03705036784061 41.38193883293138 
-87.66061644477409 -36.55058124743826 
1.5934697792158232 -60.30293112680616 
97.73052923449853 62.69256582807287 
-52.353109330520866 -94.48427658140955 
46.717496078748724 -34.3218030994165 
-13.01111663479577 25.862231809128417 
-50.617260344585716 -78.4347395961114 
-48.58837941098284 -95.345146099484 
-8.398730592692445 19.328327180820267 
-2.93619392233515 45.860462917799026 
43.84283419385119 95.27829753061653 
-27.556113192961007 -22.66936030194114 
3.8816754509599463 -56.85600902666961 
-74.12365295370643 -46.29397502072741 
-88.37742423455133 -98.39526312662346 
62.294706435435984 57.59055529395823 
15.883883677024187 87.2569652396204 
23.61928138190703 -59.68313821153717 
-39.279800275393214 -82.37911696354578 
-16.90771786926095 79.11572478606874 
26.825375602958502 45.434489169372824 
3.6901246027441204 65.83218233516405 
88.47933721922092 98.74909858248523 
-99.79208667697444 9.588303906964924 
43.37874423094081 -46.36320253270567 
19.59657206498204 -87.7115331131975 
-44.829709365478855 -93.9417070879387 
-73.19983360633084 72.13213252444609 
-2.483893470761629 -93.23593604752783 
-74.36305913350787 83.83292239233873 
-93.74966248697187 39.42939398388836 
-7.3755466750595815 13.368645416729663 
73.8295553379624 19.395306114834156 
1.1279107878106913 38.163502135335136 
50.26703385684067 69.1104201673152 
-64.75575001247458 -49.23521977207888 
-10.145251989387887 65.31266860921139 
17.90317547335225 -9.402049883401162 
-49.81875153643492 71.2299564518147 
-88.50269934276922 47.92969897050992 
-17.14507684368833 -1.9157254416401202 
-62.27512968218933 86.03071394613067 
82.77144003562887 65.71786804629915 
16.62404661803629 -96.59026801572044 
-5.785654955032953 -87.10832303629891 
-68.59152153720609 6.307615719464536 
18.04848752003882 13.662381547293734 
26.606554941165257 -25.696618307942273 
-62.14882192748359 38.83573022384283 
-36.383666104384105 -34.48911488898179 
-57.86274289625582 39.36840846390572 
-46.66159544399222 -4.141868150891412 
-63.646775584230085 76.94368109934422 
39.970041943559295 19.46931387072152 
-36.36379969775323 -11.769247912570819 
65.78915748278052 2.5748505751550965 
69.96766035146837 -14.213661282177299 
53.55685940177989 93.01022335505687 
-17.725532470884502 65.72391337649569 
61.7429098245598 -4.446225771664331 
-48.91281172880524 -48.33082465625047 
85.16807861348474 -10.33558217339099 
-57.32475634827547 -69.3666163594176 
-50.85514578983459 74.72750374175604 
63.95428351149789 -7.267027632353162 
-85.50803255189106 -64.50894333435718 
-80.30026004538249 52.466827257056906 
-9.291630125896404 51.46539237624796 
72.44075321985025 77.48351546379291 
-84.42703024473207 -10.969405285750582 
-60.654791282022025 -65.44883994639694 
56.51698607540055 -75.68027800412608 
-78.61395681903181 87.73544742792006 
63.915505516978016 73.42302319698663 
-9.49407750411197 78.89929204762046 
-61.373190296525834 73.8891706413155 
-75.48544611573894 4.228017888666031 
-94.00414380688966 2.134885522716786 
96.01788896779547 -1.2673059978839376 
-52.13564704660294 -15.786518560461957 
-10.447722074139307 -75.2034018491792 
25.602529547131297 -4.2272854900369055 
-26.16680171288357 90.25861363533932 
4.779644403965918 62.88852795636339 
20.993231091928635 0.6874652171013054 
45.16328409747828 27.62633303397328 
18.670296530139566 64.26765678699476 
4.352361796254357 -88.22098738890017 
46.75147381657817 49.537582289310905 
97.82897471218968 -41.582939461628385 
-45.257659804488036 9.831302058626463 
-8.584513186420523 -33.8226317101676 
15.875747651039248 -87.58179579883559 
8.244112321611667 48.36602622520644 
-99.69151782768645 -23.126003609186725 
-47.86627664089151 -40.50896953794585 
88.87131446109589 -35.764521005576384 
72.30147833887358 -59.58709397774429 
91.20922380663347 0.604132484611668 
-37.758633632925466 91.54027223222337 
-41.911339272549284 -21.338732874340735 
-96.34153452423307 77.62611982326419 
-76.45832368458608 98.30146069607545 
-95.17785507614829 92.75229173698361 
38.54156642954402 48.04401330133891 
-21.422450790695763 97.30759427728822 
-27.406151106827267 32.31615820023245 
-3.3199668238673468 -71.16449875857455 
-18.280592940980966 -29.81357495380732 
-73.9957298960555 -24.126671126168176 
-6.791869700434816 -96.8934926376861 
-96.96519059664392 -57.6487062442536 
68.38110984165326 31.130302081455937 
15.6038387902923 -85.3148721316771 
66.44301827938042 -12.815320153478169 
69.4333158118315 23.83270469238687 
1.528267730993818 -60.16300538921961 
-61.98021122730146 -48.760595466995895 
90.98948649141147 -39.02181114562302 
48.08516669640886 31.557376098775222 
-59.155996615530306 -28.382381093256598 
-70.19464355532763 -6.178027819022063 
67.37095492552027 -43.8922224073643 
54.88808200083878 -99.44336956223934 
-27.04717008882605 47.25856765364057 
8.318625043114906 -63.71651011945612 
-41.11843571254789 -75.6830102870409 
-77.75838505853967 -5.176121389005161 
93.15641950225108 -26.31569645557849 
1.7417806843657502 -32.23135485799618 
98.68018936447933 37.860771133771095 
65.50110595240645 2.082872609293716 
6.793888219842032 93.14449294626056 
-46.88255082791948 -19.83572310758943 
-94.95548990062073 9.78815414788346 
-92.21248518558215 -96.31244148776355 
-46.4426790944576 -0.37085944638104706 
-11.259253818984632 -59.08323760033565 
4.039884997921362 79.50276855313231 
-31.61645584904811 -5.256022327736275 
-86.6335838666241 35.28206382282818 
-47.56508707526945 -67.87991650875861 
-12.067289897718439 -83.30347258680709 
-69.96985056729008 -50.34451555629216 
28.34918389998481 -52.70071182949889 
-69.78447103406025 17.32005192305523 
-22.213186905935373 35.83152030520088 
-85.90650756970548 67.6940896568737 
-92.0688362525346 -75.83317034457158 
84.64608451950937 -98.42264453425311 
-2.1270967921464035 35.5104184769292 
-51.13239765081177 -82.52508475938043 
-43.266961233633495 -20.53721423679022 
24.226022987742056 -64.56761471042236 
7.720018486623957 45.34579336000331 
6.884597565242004 -17.31494607761907 
-15.912657553377315 -91.68833210789988 
40.8266059269136 82.67039371013587 
20.183472761406577 -70.19043161214873 
88.19687712777383 -41.50290683707492 
34.13798275139379 24.112525795918273 
34.49519233458781 -25.367216014753936 
33.001987697228515 28.449852110674016 
-31.251866500274716 72.60339729978531 
-49.64278738045 95.0610624305586 
92.85434473742208 -92.77615546692685 
-59.926027789235725 11.9946838819817 
-94.01276443648152 -53.60706007718803 
84.08638204904017 -54.197909956516966 
-86.08281728235798 64.20760026063292 
-17.523702144683995 -54.34244185077699 
2.740726828014317 30.15889625953335 
262.4359274815195 258.0929386691587 
279.1183172653642 208.7935920068378 
239.18599737187986 258.2605935362125 
-251.72998644191597 -202.09650497805308 
-222.3693408765373 -283.56759405064713 
-280.2385620058824 -224.5345836133332 
