26.654135400598065 44.87619227109218 
0.09139490862777677 -96.90239590628364 
-28.268241609403873 -20.794645083546428 
-68.56613039949582 -76.23079587932374 
-68.0564550380309 -8.354297499999674 
68.2111365863907 93.99013658561893 
73.60611666486159 -6.3359534026554485 
86.00497325571283 54.74084506662686 
-52.98943922150479 7.567347371374183 
-19.752732127721913 -30.771799492622876 
-14.15266011119958 -89.85420056256015 
-35.58588950822734 -28.37127428815323 
15.941190922634433 -10.18119041254431 
-38.8861548683977 84.52107564845329 
99.07517812481251 33.514986271859414 
-62.46773051225971 -96.02155747357746 
-32.67169150691282 34.19670490821835 
35.7967383566116 -93.51188580693122 
18.103922494906683 -93.61569174102726 
-65.35930046037663 15.081635620083446 
12.905717367878182 -34.27622562007025 
-0.5160321526827403 -17.584395501409816 
73.75561886033279 53.38406633484385 
23.56073761022799 81.45615604625851 
68.4964957494787 33.167268491296255 
26.493298372071465 -39.59961235181551 
-0.045423908994976614 -26.918592917057765 
68.86982219549364 -4.532960034090536 
52.710287365505366 -41.81817784746844 
31.51650505306739 -32.34362235102466 
-77.75203354844776 -58.31801431951944 
62.539579688603595 34.90145199302438 
95.59440856513348 -14.696516990758894 
-32.9925015570234 -30.284534082223956 
-83.72958644065393 -87.05368371880175 
3.3783739512601727 60.36679645835366 
-42.18276276065307 5.798775940273131 
9.036774645007583 56.183059775125 
-25.247282205123867 99.08702859396877 
-70.42107159926798 14.094264226875325 
71.51906643179797 -10.680051651573308 
-46.39857338960762 90.58785032535874 
50.33594687537297 94.53857793529824 
42.183565664371486 -38.213785579779255 
23.676132391973923 80.20341688833054 
-13.736179386229793 -10.95646562789345 
-35.84117359764198 -73.21954044017747 
95.55730225011294 -0.48343438728370813 
-26.54906433451363 -68.50245927348612 
37.43795257398776 -83.66724202748597 
54.67237430630746 -57.194894016052025 
46.34922325514336 50.099954359339506 
-99.3086900622589 -38.912021427684465 
-28.735468056078602 26.839127996528973 
57.35375467945849 66.50130299218026 
-33.67303853644472 91.02773585204545 
26.707044753118055 61.39315368025487 
15.02981798721585 3.1096263172373426 
-57.18416780783038 -64.68968885555236 
-89.7274163664676 -83.24039848359281 
-76.87967751002797 -61.616759657012366 
-70.9208611329936 -68.20218698394473 
-6.763796417371154 -60.3320136172598 
-92.0266786783599 37.55788316648099 
-46.602774673068396 51.16232450107455 
-11.835415149289346 30.73479264694265 
20.91097308664122 -23.243297770223535 
-60.86142792474731 -81.98944419739962 
-42.341197366304485 26.644209893009247 
-88.1526364786041 -80.68646180184172 
-70.69896308097749 -42.90935515305456 
58.105587344274426 51.13723008619104 
63.485735737770455 57.91690174285412 
-85.4738843084279 93.34911536443246 
57.80880497961783 -26.930681086507462 
-96.44346419486929 -56.39986717143577 
-84.87194851377613 48.00843201343571 
-14.779384287148758 -4.9998677988553055 
-61.801547297733194 71.25074046343633 
-9.58857162082478 -33.85044001155468 
-66.62893163188261 79.25519711918486 
45.960238993334144 59.63424485631597 
60.393327967406606 85.78573901248484 
-93.37349504542618 44.63670282692328 
-53.892394989965744 -61.8490138646703 
-20.53139066636993 -46.28447751174174 
-11.847246429554176 4.428413496853395 
53.38242522504615 -7.090844282816434 
-47.275979184662134 75.24708007242268 
1.1921356377076364 98.07908827840026 
30.82115538776185 -83.24510218942676 
-20.23373786821074 -43.75750007136199 
-43.32063059531572 39.153274676526195 
-64.23563803658396 -45.293208663230565 
-42.4871003772856 0.16581042176078142 
97.07061802698956 -34.68276480180488 
-61.309355765125304 -17.71813110992089 
89.53121663545056 83.98430662872013 
68.88954042964309 38.53671025411546 
81.27673392378466 -90.74463117590028 
-6.318581883851834 96.3075787146949 
63.90247663129966 -91.78303880559888 
0.5304468764333592 -8.219112124294512 
86.24794257952146 8.819741242822076 
-79.05630721340145 45.66432800980448 
-94.61762720668942 -1.8507960111621173 
-50.382995648413 87.83728555111512 
17.326487791799835 -21.83933278793633 
80.04181799295574 53.47264922598782 
97.92262819917283 37.47542943466664 
-3.3721322794890227 83.62110555084436 
59.29877734395748 72.72921591034716 
-16.381537005619222 -87.64317400880255 
36.64639435929212 17.69566712667661 
71.82170773459825 -48.31207896723229 
80.73571468867416 -19.890949392868734 
-38.94111817392974 75.42028620975992 
87.6584327986032 63.02850770385899 
92.99074915561437 -61.58897857312529 
-61.04586323798864 26.280773411828378 
-41.35621822066151 -13.621863532148424 
26.158632917003317 42.28337139558758 
-88.46027181616097 -45.206270654907456 
-13.303030625969754 -77.10782504096261 
-95.14750366804768 24.602040284554434 
-37.27709165288924 -88.1079096600007 
91.691485933048 86.01607963672095 
53.297270735263226 -83.03319270536133 
-26.393511028857347 56.878288681413835 
-75.3404075507278 30.064535711446695 
6.3980329709971215 -34.99684370703358 
-48.815838285940316 -23.695235681573507 
-72.31081160107982 16.77478777602674 
14.982696757140872 46.865575802501695 
-47.76613730297454 96.84463221013462 
-30.040637462190674 50.00646903511716 
33.28656359495537 -2.414163468333655 
10.206691780442583 -78.08029886868535 
-65.59702933901252 62.366052825087195 
-67.32039653876174 -48.55992313215714 
-30.850387495536964 82.2440360561404 
39.283742033392656 -51.21260850871106 
44.72003868554299 4.259637449788613 
-90.33194521814131 -96.51502897829474 
35.6183376332973 -18.92521283620087 
74.397454418152 -49.53029000922966 
-94.34834773237651 -14.415588181423004 
-60.09593196661351 -10.060491734227966 
-45.8147754378825 -11.015405028778474 
36.38516994560706 19.07816621164966 
-32.56989761860186 -77.44572677655887 
-3.222727934055044 80.30685021576699 
-31.0810119020052 21.695087518816663 
-42.446503033647986 78.98126405499565 
6.995491389754477 35.09890209862442 
93.1054657667583 -40.73295259954997 
-50.74440093996764 77.42754890913352 
-40.93676948464775 78.59517266401295 
30.364278606980264 63.83874007144371 
-90.56229629573858 -4.144081315444083 
-67.11444149367259 52.69278485646237 
-45.3246446983466 38.91981752202929 
16.456997337300592 -15.747933512169723 
55.91724265183345 -81.6214788281598 
34.19169665371467 -8.45441719441257 
52.144594961042856 -57.57353709277751 
-69.76476133594072 68.73549934037177 
74.83447220556803 25.755984714156327 
-32.61755337961057 -46.1104878198157 
93.9697646221527 99.09630093647138 
6.209048043082731 -2.0646208448365115 
-44.70129065082258 33.8213454135159 
65.34225943777827 9.386471575668125 
86.3639507834107 5.720531931818101 
-21.930490474237274 -57.81919305057257 
-8.254939397652763 -2.8448992601844765 
-42.61411240548778 -12.198263418447112 
35.278384183653316 -80.32207431080245 
90.83615287581063 -21.413730278337397 
7.782711317795332 -69.52235585472249 
23.018910979127824 47.03215128680006 
77.53902994030014 -90.28450170782298 
99.73843097402397 7.9374960252539495 
-99.07651473789198 19.29395082063141 
-87.6114617036826 18.98500060933732 
33.79716713840503 3.227837014578185 
-49.235219312862945 21.982571046595623 
41.01016732016984 -13.313198700145804 
-6.414418393344107 94.19102034751063 
-48.81135185192602 -54.818698134637536 
-89.39752794097757 35.79230394547744 
63.09638685071849 -58.04404503651666 
-6.6947586809294535 76.8645263847119 
-92.81195192130482 -15.651607810184402 
-18.33901117360479 -83.88072821888903 
-91.77248130828887 12.382232438423358 
53.52639725226564 -30.445897839762125 
75.31011396956978 92.58817300525968 
-99.17915044749046 13.8789927718028 
9.816280837005763 12.760732889500929 
-86.29324854228256 -40.07848813321833 
56.97061686562063 2.3130555782592523 
50.08752688701966 46.11257806747605 
72.5165581934526 49.87869361610052 
-75.00911527641469 -96.16032523639426 
-58.0470853168771 -66.69645816627533 
-6.943488966026209 -82.282038512963 
-80.41402027831973 34.746755657058344 
-93.33656062227233 -6.519709067873464 
-22.981847932189467 23.45595134889453 
-48.93700826958318 58.63475100611677 
48.31089583849777 -54.469780993208985 
-55.74964752159111 -11.45479170963064 
14.624013448358468 33.51556941427856 
78.21914599912589 -77.71790090635811 
26.058800679958694 -63.14670882662581 
-53.80137973349808 54.119120950527275 
17.7464715203713 -4.88698508581615 
-65.33785681148557 -43.17078868106905 
-27.07746748593823 62.82098648097113 
69.77627995004102 -48.087223577757435 
5.691161218833912 -27.937444221969372 
7.946540027579999 56.00621681900489 
93.35913181901944 30.316135349789732 
67.3883061125247 23.30550665884472 
-25.806727412470764 -29.49927866801407 
82.62558426942371 -60.41235601128301 
93.98762693002539 53.161851372547574 
-20.38737923212608 4.098920445753549 
54.445536891314475 52.48940506717295 
65.27179518721783 -55.81010599204026 
-65.69539555037085 65.23303669261503 
78.32487350675964 35.05298567273647 
81.73004891542044 -42.742598835607005 
88.23609622963326 19.99938246239634 
43.368696197166855 96.27535274070601 
-29.03531053011426 -94.47716685156176 
-6.041030043251922 -37.953675978817536 
-75.28257662451476 -27.016645386666355 
-9.21466638043114 78.77254596931206 
-44.122176370696465 -27.778147920553707 
-77.9563495729592 96.4491855160473 
91.84780029696412 61.35636794960598 
-32.39438269471549 96.59231462876235 
-67.82342263741496 -27.105296845299904 
27.617106056862255 32.2216524363086 
19.309749338064023 64.89714230856157 
-5.243796852139965 57.64667245345976 
51.70773504706227 10.578239786776521 
-21.030897140201475 65.63381474805377 
-3.4195044502950225 -40.9200122575309 
-55.891555498724756 -33.872895493912324 
97.33689940412202 37.804825207796 
-70.47271543713967 -7.8262759020371675 
-52.80987246874722 29.511393272272926 
42.402863665950264 -95.31637951706509 
90.57773794556454 -30.461057839593693 
-44.5564183593133 -29.744155634822803 
33.71427401334353 52.32848476214835 
-18.153242476279388 -33.71533076002669 
-60.30520697498831 30.95207130737998 
55.54613272065416 51.82784837745572 
-40.73439317806036 7.775054326817909 
59.12018707252119 20.724744043095782 
73.99103908595751 41.35707726622422 
-20.053220940988936 -17.286088879556843 
6.748032287093622 50.37130960111827 
2.6513971404930032 94.17980135588658 
-25.066216509818616 -56.18802174291244 
10.537741733430124 47.608332268488596 
-9.5982521348935 36.59278268441861 
-58.7418851691633 -22.419632043723098 
-36.27660891929896 -10.587060259392402 
-58.160554423889366 29.201159265659413 
81.21946217499575 51.480460969410586 
-81.61840655921955 23.06061666782537 
72.77531417523272 -58.28704469418287 
90.24843043171674 -36.621724237051126 
28.082013875995045 89.76526732413166 
36.68425757582776 43.89027744120148 
55.33916294274243 71.69810279468791 
5.158468089427586 19.99421957008869 
-23.27912873403237 88.4196283604328 
-0.9658746035363208 77.56272411564751 
39.47118399764577 53.64098310667262 
-59.15725570767745 -87.97415875065838 
78.05674000055905 55.307466055965136 
-71.0273624003656 98.38722881072678 
-18.39388329444263 8.186720244612104 
77.48599164997833 0.5114124421226336 
-62.04811427648578 35.073341524482146 
51.53487302533773 -25.97049512016305 
-37.086791916887684 -45.49510939415926 
-30.633778702304454 39.63118673860555 
291.0528343178336 283.39184991116264 
203.98112737217144 224.82645904291687 
259.24446381947394 275.553492031159 
-296.89643033692397 -282.2816073938791 
-250.96850625126052 -275.6662676898308 
-275.5533221811648 -245.80224299719373 
