-44.33132521966216 20.93405453015282 
51.85154907346785 -93.31915391239095 
92.33317322303668 -80.62692217424974 
10.570268834248964 -89.36073429917408 
50.65038467173795 74.55859852751794 
57.704849781450434 -97.48564963237844 
29.368238309085797 -52.76463232630888 
80.58763700809817 33.99340777744976 
99.42204806808428 28.123901717128604 
-26.230446779470768 -74.73042784115485 
45.04493482960919 -44.53546786442124 
29.3674564733262 -70.89610395933047 
67.59657784762015 9.771297401327345 
5.644199370025248 -63.45164561928889 
-63.759458426605974 27.436041793536077 
-73.32462359029009 60.212163504483726 
82.8345188921468 -39.89579798211267 
59.83073595596929 -67.99015343378954 
2.3000883109312724 39.09053772960834 
81.28317718308864 -46.321571189927035 
-29.68538532670226 42.620979970983456 
-76.95941983068768 -52.07236427168722 
-90.78256509015452 -28.43933806975734 
11.322972919759948 31.80741124720913 
-2.7656295880652806 -1.9971917650325963 
33.76218669504715 23.474362680957313 
54.09315240452085 59.67951896412043 
-97.8853038317122 -58.22328197076201 
-18.535314174752514 -20.406124962361048 
57.21070432892415 -80.27554182710298 
-17.764020467476982 -57.8299668572678 
81.30345952168622 -55.67012046837121 
47.952046064720946 72.83988237737563 
-59.570748139176935 -27.350350388583095 
-93.46119455065647 -29.376516235628998 
77.64778649447169 39.10325050596924 
3.160605485686503 15.655861179868651 
42.93491010546663 -90.42799678149929 
-60.28212239715454 4.774703942875178 
-39.841771654806465 -93.83671456366707 
-36.300635636035516 3.5663620158687337 
-22.8371967272562 80.73124842252969 
51.22137941612186 40.90736542184939 
-86.9867440256277 29.379943896498474 
57.29180703603967 -37.29986731662991 
85.6222308819375 -82.1458956754565 
-0.20549485517362598 41.704004551325625 
-96.21038455576043 10.247989556152021 
-75.1605836661466 -25.984771500502333 
93.63825043489823 -43.291837819800485 
44.92981847470807 -82.4757298674595 
80.42586025865907 -9.978836708583543 
66.54240740210778 -50.17870589110098 
-4.206064952419709 -52.03339340273825 
72.38035855947805 30.96073826541496 
-23.05721481240937 51.6379006988486 
27.858785950983673 72.490628246705 
-84.3971187464606 14.729418259955523 
11.675050509482872 -95.13955496132034 
-55.22441571754164 60.70571234722826 
54.16273379515454 83.86589485708836 
-49.57718926122971 64.8585859369737 
94.04450939756464 -60.16414455830632 
31.882985828125612 94.65070338847369 
-18.4996492572685 71.77033879599728 
77.80697445476284 -79.83320440254853 
91.53527574202894 -77.6743961044972 
19.670154761775535 -79.4926440963124 
12.494232277916268 75.72293582763476 
-27.3935194093617 71.43443494203217 
90.34200086904784 -72.26801027964245 
-84.41008456240442 52.03967799371182 
97.98766055060875 -89.07732517415043 
25.508118959290528 -2.050290727761549 
-26.48726313121108 -48.35936637056242 
-95.42895980323442 -88.48808024166107 
37.42775675919049 -14.538926541894014 
4.844504299764935 11.730398746744797 
-28.625323218007964 -28.79197042665605 
-26.809239412908255 39.09417869650383 
-0.03348560432543479 95.770812226797 
-27.822252020377917 67.36121847009318 
50.262631083240706 77.50863657679139 
12.957592304287147 99.95135165891026 
82.22401950443398 -61.26921387212603 
49.888236550312286 58.001455093573384 
-77.26395017232565 -57.22897162335499 
75.84451984410063 -27.560262312258473 
-66.80599959334896 -37.05290963523349 
-93.31747405136271 -42.28156708360346 
-82.85709932656434 84.96291891230271 
44.625425528020315 -91.78524356799875 
45.6831837941113 -36.8374902951645 
-83.32140827270194 29.528242450128204 
54.299486301525604 59.54459277334317 
-38.219973804815275 88.38806968050906 
-9.704561133907632 -50.633458987008396 
-50.85884394270721 51.9098017872588 
44.95052516527355 -66.97533176792368 
-28.22721941667197 77.53054874645616 
-67.68014877016553 80.41214343935286 
-53.870311732030274 15.783723326825537 
-34.91123479368356 20.976259345904197 
31.24828041050202 3.0996611978213906 
3.335783592972035 98.74869205907578 
34.67093027215526 45.46355754359669 
-53.922976129149646 -62.83251560774581 
-85.93789264140179 23.782324056431634 
-88.79053631509211 -4.791882096565843 
23.550457737059972 -13.652618367411364 
-19.638308614627903 -91.29101091257218 
47.332997817772394 59.88645204080794 
-45.2891628514692 6.863056104850301 
-46.74392972943635 -6.111972096753206 
-95.7070831055556 -6.206814815951844 
62.03242061293986 -21.570062559536524 
51.988764399211846 -66.91270816658106 
50.427562084914 -23.933406480460448 
98.5615616026455 56.288363812338076 
-80.35819618551025 -32.796325520845244 
38.898345129465184 96.92122161200643 
49.45192699272576 -67.80795022118649 
-37.24123268663584 40.09392475363006 
66.00802831955377 98.42820182583176 
57.72085557124319 40.24963147349504 
39.83716083839113 81.93545180796266 
25.138717266984997 18.249852079801073 
-56.53518756423044 -89.95865835481096 
26.862930035403096 26.635129570147768 
-43.075380409659815 26.757314382307527 
-25.55914322663402 -30.395217147920704 
-96.83540336531031 -5.632048133056756 
-40.39561349409939 -5.45611805125246 
7.632988682711243 62.45425379925794 
-11.499612033934682 72.01848763339257 
-20.357156215159904 55.80484722120701 
-5.631529531002627 25.28591335323351 
54.94659111768323 -18.39968519109894 
-43.060624536871806 7.648864615751478 
-10.585730069896513 -32.72076496537602 
-49.98820623879703 83.1071459513318 
-0.043053889172057325 78.53808467673201 
93.56528535637642 67.46435262868408 
8.286810334720144 73.34851467687281 
-97.58356363333667 26.015942073963643 
60.65752640665468 -51.54967613473285 
77.25425588502532 46.46127873812463 
-48.81592993902455 32.94914641398762 
64.18282248614807 -64.34180438776822 
-91.19141887946478 42.345146786443905 
28.755300206721046 -18.702513214048494 
-15.291130510061564 99.99270260601762 
7.388232104162796 65.37467409140942 
-60.67574277437722 47.53517638067021 
-8.495343598591603 -44.38979877077238 
-8.157379196785868 25.813394695000596 
31.65062690496626 15.5365353968743 
-82.04441009958651 -56.48792790768764 
-10.87197991446996 79.7788198463835 
58.206658326157026 -28.499024205144423 
-70.82151406726507 92.20686437572223 
46.67357782323006 80.01504348300855 
-20.988768611651906 -59.293242570069914 
59.881721397569294 60.775702388099205 
9.60349519554083 -21.530586487825573 
-31.958214917388418 -11.422164792057757 
66.72306385867955 91.94976130757053 
-16.55019527496671 57.84275878866143 
-67.19104581765043 0.8323589884385143 
6.365586504840962 -8.842835618585184 
76.88550768894692 -68.6400059618103 
51.631577907353744 -98.00996958742488 
12.396473918318378 -5.240328096355242 
-21.025914133169493 80.56792604997236 
45.57062583081296 -19.617589107214698 
-48.03086555656928 60.96202955916587 
90.23814414711075 -43.698690296764475 
3.1798327910889554 8.729711824377091 
-68.7654039402223 41.0443572936677 
-18.56469956287654 -0.29478884416222684 
-35.89932980576032 -30.414260292281867 
10.631297443827421 -44.612840441758195 
66.12371320690619 98.27422181438928 
13.907504522366139 85.69319001840503 
80.84468010907258 -20.326843310824145 
15.861157913193296 57.063250392703 
-77.83148619069777 -36.43217725279955 
-44.36213669124518 -55.35815893458007 
61.85328219873756 -72.53468753593502 
-38.52261978257203 -86.694393596861 
-44.34089307588436 57.400745185170564 
6.655265378307291 -68.59193498603015 
-64.43288590168177 -99.52984708656842 
93.95549570290447 69.03069678605522 
67.26352526740536 18.39429182524013 
-56.51031749274793 28.042133761176785 
47.64517741116353 37.80632971123015 
83.06415083499442 1.063201617465296 
74.23708154034188 -35.99494146583575 
6.536023840310108 -84.86511114926208 
85.30001256147125 50.49633040126915 
-26.214540658213423 -23.170557213012216 
63.82717748408032 43.29475053974997 
-29.29837391978667 -57.131248952504144 
11.643755724493275 -37.28447677947422 
-91.39918474752102 0.4646698416065078 
-99.36584864063227 58.07095340933378 
42.74411249383928 -88.95147279888343 
-50.87671942492731 70.85155768335721 
-33.320506907429376 97.71725216323125 
-69.43106956395341 96.55116748139278 
-13.095722246102142 97.92981507536356 
-0.9416003745847661 -44.529978060248034 
-5.148532545471426 -61.92420540289212 
22.847365607473847 95.37196538416606 
-81.0307102184986 -23.586334586893827 
-9.18201844419157 -54.94451262179227 
35.74606224815881 73.8343127198298 
-36.628591105874975 -49.28296565523935 
46.70469395994712 -11.15911049723475 
86.85107476915178 49.78924207725561 
-80.31397992555362 -74.92920466300302 
-81.45197071424121 -26.644440939157278 
82.00686491202973 64.55795049702081 
38.04215161822893 -97.75241257894302 
-14.527458404558018 -9.210817917062641 
41.25559163697719 71.90823775387281 
-41.89035174546982 -81.12686963599268 
-31.951098920081606 50.88503781122404 
0.14283409072852749 -99.46595713073698 
-18.12581658049635 42.47341751178999 
22.92012176550125 -27.94279434063131 
-49.337747806378786 -39.99876997320912 
-12.19064623573827 -90.03086962331086 
87.14320296450651 21.469834721997685 
-3.6502078106855294 13.58608252710198 
89.54644677575087 -15.652343337511581 
62.67445908269741 27.799704186055322 
-23.696734120972536 -85.35083755591182 
92.90999252869486 86.36160826278086 
4.785976444345593 -58.258180587794286 
37.4471499368467 -80.45443740823062 
94.02919213774206 92.7610430009021 
-38.868522917877634 21.02986199179398 
16.828803385676295 -84.5953380472094 
28.910854782318154 -80.08789933712885 
-42.50872421532772 -1.1588488486320614 
54.76686395046892 55.78786822183807 
-41.96708533706932 65.96347524485023 
-10.420883636600479 -83.25339042096863 
10.736173579851638 -87.23358541777341 
-73.05933829550196 -24.090181878279978 
-37.10363087068167 -7.725125746938801 
-68.96269687030805 92.69622155444691 
-98.83644815959633 -92.47428454264181 
62.31346503711799 84.94367815693681 
96.84181361271627 -59.01174831926592 
-89.62899267870053 66.41666437744104 
81.15437943446014 5.725866966834076 
19.24747160973652 19.674810554080153 
-34.35479727899093 -40.778941205790154 
48.53553842002512 26.035067157322175 
53.81045263385755 81.59225299181207 
-86.49572501090395 -47.34665910016484 
-94.34428734514842 -45.29550592856153 
33.35863331159044 -39.33296918278717 
53.25600108180447 -48.068184942123374 
-53.881926498117025 86.26339920933955 
94.67778782107001 -24.328850170383888 
1.923582474161222 -76.84622882658753 
81.24279616917391 -74.62914638051 
97.98258003756405 -41.300714544498376 
20.254718268514722 -94.54710104459461 
79.92672008651343 80.81873581109343 
4.15506915688313 47.79019337560874 
-42.958218133343195 20.763048241643503 
-99.53233641199166 73.36476261628073 
-19.70077409211474 91.38976494307832 
98.40920287063233 93.82712517743443 
-96.01717284874529 -18.277266182217915 
-57.40659493834126 1.9418301079855382 
69.18394926494199 15.119366906237943 
-76.10655917598555 -58.695840483769615 
-72.74878375563827 6.608978712891627 
93.12837671662842 -89.5912863009758 
34.6218692281835 -79.68311401976626 
84.37228490058521 31.02171515788322 
9.663009961168129 -37.353784125646605 
8.508548764897654 -8.51444856975354 
-90.41896482717789 89.30979693271624 
24.423194511987532 70.31190386515797 
22.73536892960186 -38.45086770718771 
41.190260175195476 42.886556147835336 
42.96193117335335 -53.75786778648297 
268.97797434785116 250.11821045639314 
296.08942541658706 229.94720065777236 
257.9931720895329 222.99864739405692 
-204.97517270648547 -285.20578149649714 
-228.34522116426916 -246.75951861144273 
-221.72888261802092 -210.0748129795529 
