76.20638104574505 71.53532983971814 
98.90558252684059 -97.43840664549366 
17.32163226850669 18.88907706133341 
-78.34725010619705 99.54642519146256 
3.815814898966181 92.60029461996021 
-39.378247479573545 -55.295320824313876 
-26.01537746191127 9.506930142061236 
-69.63225055609577 -17.525227771516484 
-8.500368744299493 32.42500646102002 
24.940984162018083 -81.3770725143527 
-63.492203740878224 -9.886910212172978 
47.15112905407125 -25.44416745210785 
13.337136445347326 13.839697287143068 
3.5602999201050523 0.7755665609610674 
-94.783125348685 -35.675207165941586 
-50.94621059274076 -47.525651421555935 
2.4794083372485716 1.1473490076112824 
92.96234284128343 11.343009206702504 
80.268419193368 -54.128795409662885 
-78.61068501532293 97.28228837255531 
73.94459091925759 41.73116519782022 
63.601620572683714 -48.378491345176464 
-8.400529238094265 -48.83153055084182 
20.62747091190198 -23.990045520226417 
65.61735038545348 -36.678007268037696 
48.97320070747074 -54.125528486899 
-14.494865205955819 -57.79322183171453 
-99.66520689791685 49.3736386361154 
-95.55273044990446 32.924046665097705 
15.883865947276618 13.738998582498297 
-65.66829341933034 8.214682820220247 
-79.17505164228207 37.27975817279716 
-0.9519772542179368 95.47967120859909 
-49.50577763031676 -52.312149128490006 
22.466731617517326 -27.30897625988264 
-39.63859183944942 38.55731977298777 
39.00865950028617 -76.47004207232217 
0.7885318272026041 46.083687268767136 
-88.53269465570574 18.811932685778146 
-28.224852874732974 -31.309607879496497 
29.48505901979405 -79.13094437405113 
-91.37569981867304 -75.16742234419651 
11.095822351832311 -34.55020525432913 
-52.31965112756167 26.626212104289877 
74.87954760011252 67.64161323196649 
34.566663782323815 83.11102697046584 
11.964878535306482 -68.69890824382182 
-14.823605421587715 -81.68858080703293 
92.05245834681432 35.6239453595349 
28.661138687342515 -80.9043770351759 
73.65469379601504 90.71758072652779 
65.48954497745473 -63.55471737487497 
-95.17186227282323 -61.94592965897674 
15.059603857330544 60.09960956489198 
95.97664915248939 46.705416964373256 
38.39607847708001 18.800440874434003 
16.641076515771573 -41.80738515035789 
61.33857190541269 26.250035309938056 
-29.211998055621294 37.86853313812051 
21.632793722456682 -22.43472927305335 
-42.451342723054594 -99.42328016397634 
-17.57299629597651 33.42008121853701 
-90.37832502829623 63.09275096055231 
86.80172309211176 13.311906426233406 
-77.33679385073648 -34.25326545145266 
-17.738518363062468 70.60151595766453 
-27.2055762410383 2.7355118254525905 
90.52990720451695 31.992090732089622 
42.571227055087036 -93.63487331953641 
87.5321826052398 29.387088734231156 
60.256122792268314 47.90062998397434 
-88.88056639060109 -0.8400488820887801 
-72.66966912761177 34.8140233590141 
18.424905959364963 -34.94786400878421 
-81.80090833736841 74.51690340860284 
-86.54573324718129 34.19991940547024 
-66.1347480285779 11.44994260496155 
73.30446409218504 -67.16354586909053 
81.93120627488295 -76.7893666851793 
-64.17549040546251 86.20133324203212 
35.64240623861241 -47.56732355725117 
-46.77333335538394 -1.28496030080845 
65.80288219891708 -90.15775138530402 
47.6796878566586 -34.073560499230894 
33.07484842875505 -24.759047275952327 
52.223867193947854 90.34918079971735 
-86.77019664983271 -16.261642445442263 
-33.070947094390135 52.18829424164184 
-13.01681211540469 23.823328773301 
-62.25472553403559 -42.36373718322557 
22.625880713159916 -64.57451531926776 
83.59579505612709 55.83002775368874 
51.40012048352688 69.51588359902914 
74.1395610918718 -92.02141919127082 
-31.822717204902546 46.551122080824086 
-70.01529549166767 -72.60704585688472 
52.15663159142605 72.2080060559689 
4.961541875557856 20.578442179430922 
24.70779090192177 5.145469083904629 
14.945676987302335 -98.56273720727273 
1.433634637656823 73.99164630687932 
-2.1375986707031274 -78.46920327915142 
-38.55190705471247 29.335100344702084 
-97.3653193337547 -17.798245704933848 
9.93154149443987 -0.3138560173419762 
16.697497079714466 30.807688932159465 
-15.756304156505664 18.385849056769004 
26.17242264880761 73.81828475641973 
-78.86352028539088 85.4698955394478 
82.37010311075642 -14.56321281152546 
-33.73750250114391 -42.349418059539886 
-41.0859082957884 -87.76232328462812 
59.271857003822504 -82.61836030594856 
41.63568582728169 35.90390100577707 
30.493967421029737 11.904540467930303 
40.34195494182984 -93.6936167035165 
50.058918272295585 -78.6036471997518 
17.966813780626694 -80.1411582804137 
20.096631040825514 90.49063034968844 
86.46467854417949 34.456713435407494 
-97.15255967759478 -35.64820980445336 
-83.61616918375303 75.90868664002767 
-7.628673053825835 -4.354006362410672 
13.095513638081428 76.71056166829129 
-2.5813530272290564 91.4267386501551 
92.11211218093885 71.63181687972244 
-90.08619423931088 -61.08479726998554 
-71.13257422159363 26.565989847041976 
4.142142675632925 76.58572352368148 
-28.55465113454308 -18.375363789459215 
-72.73138511840679 -53.5455973093609 
20.82465866405056 -78.78887836837856 
-99.7384729216519 -42.416194026959175 
-91.31280427031699 -21.40799901413905 
-92.95544209419957 99.58705278714672 
-73.97149820523028 32.01244652062786 
10.281517534873231 10.657424045879992 
3.8888330441117205 69.19984185572488 
-84.22455091011471 -48.13155575770325 
-45.02607070932767 -28.282430491992727 
-94.52595804138653 91.2050814810934 
-36.74014955148506 -64.3070646284618 
15.795195333723939 62.846220141798426 
19.59673611770188 -17.317045210204853 
23.675609189523072 -70.05793231217075 
86.13748610120317 -91.67016839389836 
18.503448868933987 -96.77361251976333 
-32.178353663505106 23.746437486871955 
-6.421173786203283 21.588020009733654 
72.3531132531509 -88.01277862600445 
-68.8162144332118 -50.25177044284055 
82.8331945875768 56.56823603719508 
-77.65346203747873 -12.915998652958493 
28.220256593300718 -43.1926901025713 
36.86749530813097 46.05015643532272 
54.99452555349268 -94.6707373231042 
-38.678663980054885 -60.411520207331 
48.95435602779469 -19.29255490902679 
-89.91519813955237 79.73357310547988 
98.38663820452851 -1.639757809822754 
-89.08840983964109 15.899620794612886 
-12.00960474010661 34.113091749101926 
-46.585704575787986 -9.995441258757978 
61.91348349413289 62.5828979967429 
50.37616807854448 -44.75261927592793 
-96.33768301895311 -70.98801716927599 
-88.93470419908462 -80.20418731498697 
-17.117721986429757 23.159018058460276 
-63.90314274208859 93.26080292575278 
-74.0692378687356 -83.3570413630547 
46.13802925294081 35.269213843159974 
-13.538276492177687 37.99690977539575 
67.17811760837552 -83.05719181035215 
-6.446032341836599 -6.982526423996617 
-96.32473529246394 -7.349396440313072 
-80.73342371797719 55.72326672494512 
61.36661001724016 84.5035385836515 
53.241582911468356 -92.1332083610575 
-85.14601406658693 26.948270894835687 
-91.71636951665285 -76.8764215200365 
-27.301713665142884 8.346818591348267 
-18.02318915838177 97.92144966586665 
-82.21495266280716 9.561262058457203 
74.59999535262642 -0.35489588664179905 
-23.782901897498277 -85.41258347681597 
-55.91579881562063 -24.483977485989158 
-3.0822654539720133 -56.297877477659775 
43.97205178111949 -82.36143705759164 
13.99835612797446 -70.33762829240702 
99.04910034998693 48.76070079840355 
-78.54664196173633 -18.656025647756195 
-23.657730799359598 -37.00820139054826 
-26.5100929843549 -48.68872804900497 
4.539341218876288 -63.104401355699416 
-29.59826794620382 5.082606772005093 
55.61195599499155 5.463999174494134 
41.60310927518066 -57.096613252035496 
-76.50087986975615 23.691100349176367 
-96.71954042600288 -3.241187251338687 
-31.276587262524643 -25.533088492832974 
-98.19354574139878 34.512624837376194 
-85.99440453561955 -9.776911361549253 
55.40999669106844 -81.68049572476866 
-73.1684596663218 98.83611622183219 
-41.938384037954826 -67.34447340814532 
66.80022022452533 21.55568129798739 
-69.95177336151488 -79.65208638022588 
-83.86281471354387 -52.33859371294125 
77.53150827459808 43.61201297566706 
-56.50537908422175 -66.12108797501088 
88.09730707844918 -81.40993984597068 
-9.844448160600322 7.45954505272266 
13.209001963925985 60.92836815580222 
-51.22112402654526 14.455494405436141 
-74.47231438903712 -36.07861948847104 
-68.26180190959019 24.359690034502137 
-21.6517310898102 11.854358783366607 
-28.69355828913305 -47.5390393750224 
33.607139626869355 44.504186854095934 
-36.98330701875094 39.482314193808975 
37.60369602136902 31.46706101693735 
23.66304042388485 72.47757981285946 
-49.464463126443235 -74.66695081939325 
41.348617567508825 57.48636943310751 
87.47024297857112 35.000710095938956 
23.359604493390762 -96.78554471210079 
48.89328627557231 -94.18556395174946 
29.838652849994332 82.19987905196965 
-18.181854642349023 96.00786740101591 
-73.2528879666219 -7.250191225258234 
-95.90728533781598 -12.21619469627943 
-92.52556272409767 83.86316824236684 
94.43732757315232 -64.2247744661691 
-25.837728867479413 80.80735454216443 
67.21193607075003 12.715973604144267 
0.5267335118716971 18.40571849972747 
-28.45301091365951 -87.5484280212724 
1.6478393457571627 28.11397276588849 
-16.122302166115915 -7.136643823895 
31.31542628709832 -61.11023546378887 
-62.25986677607067 -33.72617592924642 
10.756657398362648 69.20904792061452 
-79.89663411593872 76.26290592710689 
94.35450142033193 -89.68041983573318 
15.21702536528747 -22.172047322904433 
-56.51485539363075 79.97500894550427 
39.45943565963961 10.037144239007318 
95.66616969542957 -87.89460855617904 
76.55752094330387 -5.504299371110122 
-68.72840405132496 -49.247087969370696 
-72.90416224783247 -21.468192932214308 
-81.95907775513662 -73.24134377815392 
-5.7976789485421705 -23.755464695610343 
-11.642389544795023 34.128284274465244 
49.72079207334377 60.960961803098 
8.086474179426546 -21.10416641158075 
-98.13558657015768 36.886023519443455 
8.06264960275314 -6.378998793952675 
-38.31127794173037 -4.655936323032478 
-15.071887706628885 77.23111007081405 
-88.8958592440807 47.511251423861836 
40.008155869839754 8.457063346162414 
-23.040375170866454 -93.36939936842367 
93.23501716921137 51.35673179060626 
-67.9250305209815 -69.23526544052459 
-70.68931980986667 8.71896993712322 
83.43921022950698 -41.66970214478201 
-15.84111567624582 55.650935070744566 
46.213321388600264 46.39194083769101 
94.36955861048656 -78.73413243931364 
95.32738642898516 -10.716776633687559 
68.65402764345637 -91.63182730772688 
-4.775082082997798 -87.26592716313147 
99.70364829353466 -62.6034193342017 
71.3263551533509 66.11237706500427 
63.65313905662833 -87.13749855449447 
48.583799830169625 -17.82103302892419 
91.91108316149374 -66.64352275192036 
-72.11969658359297 17.63387665597378 
5.245247812894036 43.40137826182854 
-50.49291110881589 -97.41256914117346 
26.16269956140411 -3.6940601316830737 
45.243668241463325 20.419120909108386 
-84.2806515593772 74.92951678296802 
29.028889950056737 49.948471125359305 
84.86669944130281 -18.18635939278714 
37.89914082792589 -47.48210401555482 
-99.66538174706481 -86.68037816359886 
18.78211570866732 -83.03951809290811 
-32.434212252088486 29.943911286767246 
-95.84178306376248 75.63898075044096 
-70.60907467138999 -59.35920342937078 
-83.51184904788518 64.28216448148473 
-83.22302233780543 70.50137272396904 
286.4035789706519 291.9767382835065 
251.24732762536576 212.05866308119414 
240.42747952522421 283.7955595632393 
-225.44414212101233 -258.4413773325471 
-266.16989603679355 -235.96209835049254 
-216.41747696660417 -208.65327575634663 
