-47.23211953600681 -57.08967523663042 
-57.915850911543096 -28.108970553169172 
59.17331255052744 8.045381508749301 
-20.89637168192249 -61.5301862634307 
-24.68972438786969 -47.71223064645576 
-36.11351199964863 -40.175484374416584 
56.32490963183619 -13.7465728030068 
49.79054405074996 -13.116659584790995 
-99.99972015252736 56.15178922188173 
51.341512878814 -90.11655323686094 
-50.700862790881175 -86.32322760169461 
28.24920806638849 24.76909146063042 
-60.743883962171054 -54.946592971131935 
38.04256575104887 12.590320021478973 
56.89079645406537 -59.444312211306325 
71.32522757834664 -91.00587143869544 
-8.143635484943573 -41.87754210143344 
40.56191716792176 36.09057433483389 
15.540077064745986 -79.03763782989523 
66.95568670719521 3.041239253181004 
-47.266669901720505 57.729115636073004 
-30.409719724905955 90.84832895054589 
-96.5703714872488 -91.95452030496607 
-79.45427786375478 -13.239782051275853 
11.29110876673569 -8.84894207967011 
78.39225582462404 -16.92515401979881 
34.655911634439406 49.14303451851205 
6.132400766525208 -6.323304992116789 
85.87505241801509 -34.721565430561995 
-92.99424320744671 -87.12154192186014 
-17.086267941223454 3.7179862061743876 
-59.28491896064336 -93.26552496533999 
27.63103747029882 65.6402756626643 
-27.17347486302573 -84.64767770034487 
89.20123835324881 -58.321472541927946 
-37.42063200153567 -75.82685930318355 
83.10612375275721 25.377718687923448 
-59.012513093513654 47.99589848737406 
53.21680104009522 61.39493735071494 
-1.8897337700061883 31.21192124854744 
94.51714142819009 97.72017024546312 
-69.78658076679893 -14.871601179473572 
-9.54878186006674 -87.3754436876118 
19.86973914948453 -95.38982642930695 
-88.53849068633576 78.93310343144509 
79.43084509305325 -51.20622730222739 
-12.703389004248521 -22.348319095289426 
92.05219738457453 -19.029438574327287 
-86.32678734871567 36.156795626464486 
92.08936345108526 -97.45759271791535 
-19.275935046402594 97.61080270024351 
-82.52972208372958 91.58371121482992 
-2.807514143909799 31.354819060866248 
35.704038223470036 97.30241608187328 
53.995976974723135 -43.07747071373065 
96.78681411506167 26.151442118342217 
-38.223835232810124 80.07274863729549 
48.919559334167616 31.638967132685195 
-71.40068055970636 76.05377362299484 
-48.76868432721324 32.81262624051948 
35.39135856321107 -46.76999869653433 
-16.765022871711025 62.424715562333034 
99.32826184286907 -58.19026743398614 
-30.64369143335925 -59.59856965400414 
96.81296527301905 63.21652169109899 
-84.76961388177055 -5.35324218903807 
27.42943322299726 -25.168207708735622 
-13.73961977661402 22.926837386506406 
23.186857684776953 50.441063441968595 
-56.60598635174121 -74.62337532654749 
-32.23273767191732 -94.18011377993092 
20.05840448603064 23.576946851690565 
12.923880916599444 -33.498591539155 
43.11813645948337 66.0853835048992 
33.64973611124066 33.14007858490845 
-63.61408088663927 33.81778650232644 
86.10651699660153 -95.78254350063527 
96.89119681357036 -57.59076277098034 
98.32822038389483 45.89128097238816 
-30.399325279322895 26.925916501179017 
-19.782151718910285 -17.778276672635855 
-80.56478901906712 -7.122374977573614 
-88.3011105584653 -97.75688416772357 
66.16205055874639 91.182400445741 
19.71069402381754 -47.41004160325826 
29.70191025363266 -94.60387717145026 
-66.23556443750789 -69.38931943496075 
53.28733193251642 60.21951594475584 
64.00973043949287 -36.44640724896049 
-87.36019967285952 26.787623801613236 
49.58432175333786 -16.754245446891474 
-77.87883140951857 22.842066611197538 
-84.10325398839701 -22.87220965704293 
-13.123324189287828 2.732085553247515 
-95.68816528189323 -41.85539370304259 
-33.29966784319427 28.612713433916156 
95.51653982074376 9.697584960508493 
-18.744718872275087 -33.089954995675356 
-9.632166098274752 98.07835737143222 
71.63568612621444 79.70137888669203 
80.67186374081737 -0.2572069887035724 
-80.77248956685179 1.6663382886357567 
49.84048696744952 66.22144050589799 
8.498352518780266 12.436314697005102 
-86.89749589801472 44.45495192197731 
6.564294149170564 6.500196138378598 
32.99069898401467 24.76735612987504 
88.44222811953489 39.11371716740035 
73.3893193375061 -26.724680814340786 
-76.89233758203534 40.441625756373554 
-2.137169576952232 86.76169419298472 
56.780237001432994 -95.35211363793792 
51.5554843369915 -76.38033320562636 
70.4318481390427 -72.44682315281716 
34.145207148263324 -21.320667671710083 
96.66432617697197 71.93396201140166 
-19.325408197636335 -97.88448487649184 
88.24601066496624 0.3591576104990679 
43.00789306246361 -75.00242434331814 
-75.22135890064725 -17.522218860885147 
-9.434677789677508 -47.956230071221654 
-32.406929706050974 98.63045144043306 
23.78355505097072 -3.6064837729945083 
5.585861303597753 44.11528805596129 
68.25148150584238 50.346372391475114 
32.744443308480385 -81.14536813214585 
30.241762243641546 64.64090492377454 
-90.07402194198302 -49.990501644493634 
96.21833791415429 97.89597864224291 
57.215692987602125 0.5404595275546171 
18.50068006916767 -84.25977635143222 
78.92700843483024 31.939286922451288 
20.172660356621734 81.99399191239368 
-18.081486632551375 68.21481332356257 
-66.20000196231666 42.85561892306288 
67.69352333678117 35.58985427751119 
0.024667046431119388 62.112499881122886 
33.822109600861864 -71.1808995659315 
63.10076919016947 28.216465872717464 
91.88998372810022 66.50699393765288 
-46.886031374380856 51.34126549023702 
74.64382367162918 -11.924435895097929 
9.649944040622287 9.558972119457692 
87.70301350029308 27.270676620666904 
-6.355889706528956 86.59088767428725 
-21.998678169399838 12.867237060898717 
27.212388125122033 15.971729685964917 
93.41392474099572 -33.02247657755535 
92.02249250059788 67.45383968399764 
-75.86856883374136 78.09780300808615 
42.332221651499935 66.37101817486476 
26.320417816249517 96.18826819546027 
51.85033055717662 20.7441706308433 
-37.356260465966606 54.0732305748713 
83.08773402497437 56.807662360051665 
91.46910175755647 -69.26208497552099 
-70.75387748731043 78.05606386185028 
-47.01354682866774 -70.23795122357069 
-14.022123923532021 91.32336052350348 
11.426096534756013 -91.35204419114913 
-67.11543255444224 75.7148475439453 
-73.61607376296675 -75.59506580314579 
-91.96376224700091 -24.190221508913766 
-36.000213298634364 30.814576668416862 
2.029630086188334 -12.54133552568328 
59.096713297307815 22.378064336904032 
29.91969945926988 2.728951150018659 
-76.2255065069491 -92.32115546067814 
24.627336632991017 -54.63400660385178 
29.57466921160207 -92.26588794946875 
96.74282209151801 -44.260909955864314 
43.16279209806822 82.76078588631316 
0.7839062745218683 -73.24607697203128 
87.73167059225017 61.13616792680645 
-49.049819090124046 69.56892501499362 
-46.69168453324248 80.02123503832613 
36.8888840940065 -12.014081677752756 
-88.10581034685181 70.5044106220738 
-23.089451105090404 -93.6721415162827 
18.463732455447655 -94.90504993511625 
73.10797253476412 81.77316856930182 
-1.9273430776770084 -19.717330581965655 
-28.199033013596946 -12.51583690912345 
-9.285194127508007 3.539817427339358 
83.77306696655654 37.77937747614217 
-43.71251394236033 24.191460194754285 
32.97699017425586 5.039558156471728 
-76.4012879648699 89.79354301558004 
-98.03655035270249 43.86767672870141 
39.51173269671358 -62.69784804670846 
-26.14293428833487 -24.98752884769624 
-73.49446810239664 -17.93556771981224 
-62.17008107183428 89.35130989924164 
-48.0781330926304 41.7958468192754 
63.01839308919128 -57.57150557759812 
14.457252794838809 -45.264223186131815 
87.45602504948093 96.6119212594399 
-90.31381476668665 10.655280332732772 
93.49565466802125 46.792407547599026 
60.31704085114461 11.606722964423327 
26.751149023494648 49.83538391607553 
17.17287027556644 52.947492203369194 
-30.470630760273536 26.960461775250153 
35.326722476389335 57.11349110823042 
28.85411456922617 54.495846673670115 
63.915566801480594 -99.6237905428728 
-92.14813918955109 -14.18542347932943 
-17.96411325138014 -62.49062348531482 
-37.06893236685011 42.07577322922981 
40.7105445745822 -83.17403062030375 
58.55773254959317 -82.9259893384322 
92.58165340969364 43.048176628108195 
21.28802379437495 81.38391322374989 
-31.07324960051514 -36.00122811247666 
60.06709476983423 70.50747290649358 
87.80147236907018 -65.26663060442621 
-70.77759754157533 46.00895653159225 
53.37176262451254 36.31891593510866 
-94.56738687876287 -94.5755137397128 
-8.130759568316819 23.697818984610677 
11.397830376198058 -98.66727456830557 
50.37422684467512 90.24372618570226 
-7.902418009251107 73.28968350470825 
63.67109327020651 31.311415963710658 
16.339878381224196 59.492656786972304 
-52.83826501962561 67.73232646464453 
-35.560898184618466 -35.50490045407044 
68.79054652195762 -10.362727034050039 
-99.34021135586795 -21.767192110919993 
-99.56714725124445 -38.417145476044446 
93.21977596009523 -53.82559300793681 
-64.22949455346793 -15.947381527640118 
-58.49681978990422 65.20917010208225 
23.107410691186033 69.90287513751449 
-40.89309479397008 -57.28744411669957 
-92.7866859702668 42.589647526972215 
-29.22541591816035 -3.5690375197864626 
13.983838589652905 -97.9578855961106 
25.463132403740985 51.44610532783315 
13.0604627563784 -24.528984811010645 
-0.9023503014060452 33.884130513544676 
-74.04912883083995 74.89326836665845 
-90.49872949070519 11.038517605160905 
58.40957973009887 -78.90319151193012 
75.22744989779716 35.816197913394376 
-91.90784629196634 -11.309103794808678 
-13.606043026792051 56.92296242064893 
-17.29971315122431 -19.747145362631443 
28.933273960754434 -1.0237026489915166 
-33.53826065205598 80.6011578804594 
25.808922424054657 5.461690211271673 
63.67404970907552 67.20995313325741 
39.64371121861606 40.64390143657718 
-11.942937118889546 -9.93544640240718 
43.54583005053371 31.75081733710374 
5.914680334810043 -8.232951414527108 
-8.49467296680983 77.47508432486941 
-20.45042023633377 74.578650279845 
-44.55868590940546 -63.86172664614882 
53.9363294486013 20.435947032133456 
-81.74071073630999 95.17486059079269 
-74.72964264598863 -77.26863221043523 
31.032980751415494 34.303994430801566 
-31.81195488696595 -60.81163319681286 
-1.112859531137417 11.068097061807308 
59.4231163950748 -68.4876056180392 
-65.40670708938615 28.52880302801927 
42.01671526593137 35.75946671779843 
-67.83189373812081 -78.56203671404585 
61.55920071143822 68.97068156299511 
-64.23063588350944 53.697550543939144 
-1.79144037899745 -32.02486687224304 
1.870961842721755 78.35801859271069 
-5.977678490122912 -22.378023019918842 
84.58134183642613 -89.53066810435458 
-46.95872757831159 -98.71244599507747 
79.914546194684 74.76759291995481 
-62.3581123397767 -38.196049454970726 
89.3253487521904 -99.34698211577195 
71.46652530344656 36.07422270613486 
-69.0543495753702 -49.773401357728964 
-31.644159621242096 -82.30653335991529 
79.89485279089686 -85.76611483102053 
-46.90042758162114 -58.9181572092812 
44.76142821963421 -45.65519208485917 
-8.606492438903189 -76.91864535956736 
-28.41875512466268 -61.2716806593427 
-5.592218283464476 25.94130472954849 
-33.612475567941246 -82.75710561558012 
55.67868533860084 65.79674980281669 
-38.93197173043428 64.11525641670721 
38.664854182506105 44.73868815254903 
-16.884287614579492 -65.09300447396744 
12.177858394099388 35.72812608001064 
271.7712135623005 282.35986152375233 
200.49312922208915 250.83804172402682 
263.84720618970164 240.74940492605728 
-214.75569109233857 -264.11639164105657 
-234.77329783889616 -284.6573316087642 
-298.57144592641333 -237.20440704772616 
