10.717631805016723 -8.638451599128885 
55.491429158534714 -34.22433001773153 
-57.84502011341781 -25.486190820792245 
91.36602403921859 -54.852298623838294 
-39.78866026738026 1.4217256616534542 
-72.12681938702023 -21.00331122426367 
-98.97330152314514 13.534768737039514 
33.07281830228595 35.24035067431265 
19.06077873129557 -28.128739742039556 
-13.697407646477046 -59.11996131471901 
94.3799746104774 74.29755007104188 
-22.14728294940211 52.67336994843254 
90.81044528876006 -71.02136887165342 
-42.98833007827157 -52.62163117355894 
-22.70146544451535 24.965624686858476 
7.265015925670127 74.87855435375135 
-98.64567603565295 48.25655201449018 
-74.7757816274345 40.97045562954807 
-75.19515554566784 83.5304318106343 
98.12849177782144 -29.487941541542313 
80.81341145702751 -84.3226197456169 
-61.550479965840644 5.331556548532518 
-21.750701950255163 -45.775099422671374 
95.46563340329902 13.929242418868412 
33.92970119208897 -4.357025418720269 
74.37032895124716 58.845390130364876 
-70.24690544530574 -6.602311964375815 
43.00030757643586 -94.22044131136487 
26.314763158299797 -15.908277070881027 
-70.38135308505579 31.00729954958217 
-79.04334163123228 3.5175530169569953 
91.61134021537373 -96.12949846579477 
-75.55290830238017 31.05513771809217 
-16.76019694546656 34.276992374130316 
-43.60536566609363 -50.490832793219 
-62.45234745819077 -90.73027372398465 
68.09909709538405 -55.823158598844344 
-5.53332923083687 23.920513759054018 
34.89944606238876 92.87194968244253 
-58.66697396191671 -5.796256574409966 
4.90363405422427 -35.10349201567445 
-0.051615685515415066 27.413437307567648 
-17.961362779566727 70.94198328194406 
99.81683958325641 -69.71651945547544 
67.16494284220232 -52.82861745885326 
96.14019887805486 -21.94545085900195 
26.654494820971706 11.545765535287345 
-96.49415655571798 -52.22251606284682 
-33.908937009610725 -14.94891092116886 
-84.65711787633461 -63.72203957420845 
-43.99780139527676 9.248292416887097 
-72.0953824937263 49.79526524877653 
32.55626315221508 6.683945798324231 
38.89555903352357 85.55657970703564 
5.163859127806319 -99.41075896640537 
-78.53064619952585 -9.27216182253619 
-72.42463475870903 14.422809402018373 
-73.7063681875441 20.099900981725355 
32.76592199774831 36.72235854644114 
6.5473502628892675 -87.24849513461932 
73.57785890361262 -53.14943057610269 
50.093482717287344 77.14630135274078 
-36.44135785846654 36.38308544700595 
-85.57203173691951 82.25730637194096 
14.8267353059274 53.71259439878119 
21.59435642823607 9.888719459749254 
69.38363217260152 48.53810531905219 
-20.41511038845161 10.198405386409675 
75.7278003244441 -64.14002093532633 
77.96222564797569 -46.518448463678986 
-9.620613232911396 32.673124091344334 
39.45789088267014 22.803739041487887 
-95.77246941218553 -44.21503518813914 
-57.96863721437904 -30.835063644886972 
65.5084299731277 -19.796916587137275 
11.868062546999127 73.55488912899295 
91.97441459339072 54.45654514616825 
-16.11423066102877 -0.12795390348748015 
-50.33452316797899 92.7595937347314 
-44.194994116079414 15.284220183699432 
73.53662527498662 -65.7426139467906 
60.228581570724685 -75.34481006856642 
77.58940570603858 12.70780655635184 
-83.25084015580515 -60.40359696340667 
-30.556007266592687 -10.80984345896934 
38.85504831740815 74.18482084518308 
48.27831538602422 27.161036346168004 
20.330797649316693 47.34623957674984 
38.09292714383662 89.78933016059432 
-27.024952643758 -1.458737347076621 
66.0790400529043 -74.18174740233843 
-92.192062675265 3.2581615854591064 
-35.56369710260796 6.681632646602594 
38.00052062020154 -71.36654230475345 
6.013117198762274 32.2863888356176 
-81.4168273476713 -60.84041894203527 
28.4799339698111 55.724831427770596 
42.0855054401579 -14.264297011049138 
16.369226924231484 65.42367730062216 
50.458440847719544 -51.54440766604 
-73.5670227485258 -51.63466940136612 
-42.43021512461371 59.688516538392406 
36.001373497066936 -37.7069352451636 
29.302053108860463 -78.6555585527353 
-10.63798696901081 75.60239154759077 
66.18174169638553 -37.924568953816326 
-22.11327761280242 -53.78633524131502 
-87.13136142007698 85.34649228641865 
-74.00993542790901 -10.818873831010862 
-84.01906809264872 -78.42034977025172 
-77.40995342389053 80.33722695093161 
95.64225050687642 -31.670940116473446 
26.985922100459675 -59.965172319640935 
-92.30689505441146 -2.5153246359547126 
-86.07671333265611 -88.09542280610859 
-41.339129546788755 62.89180771692591 
43.05997186403917 -25.792492786652986 
-55.0664347563208 -21.590478098892547 
54.2682934544643 -10.241999799848784 
4.264841154893233 -40.78425735218683 
94.44636777595605 21.49852314124196 
38.42797866609138 63.90252463228626 
-28.24949428403103 11.262027476651568 
-98.99431377664799 13.72214330513357 
7.511260661377463 -11.8846148711484 
49.817209807883955 18.767625551352538 
11.048794075761919 46.05927326948654 
-13.73642180633621 32.320539372695094 
-20.04036885545453 60.97119249088945 
-47.01839968317441 -47.41702075578513 
27.616455251133004 -30.866207451597376 
-80.07168237034924 43.572952334959695 
41.43144767773637 -63.73704403601052 
-52.757381357432266 27.81590250052885 
60.80641561510063 -46.406863398790456 
-84.92562039167746 -39.45000887150989 
-92.3164711362259 69.78602133255595 
-58.319944769527424 -48.38507893972781 
73.64207025362711 -12.5287301153096 
-48.006055105972024 -3.039709923238547 
-47.503726689969184 -42.02461712380172 
-95.13519787218962 45.71057060924147 
66.9112017234257 -20.413555158376624 
87.53789577330215 28.681842577680754 
1.4663457741493886 91.9493627495709 
-1.4489346053095034 -75.35889713009117 
-24.349040955177273 32.63684018175434 
-59.60839322086955 75.66735324468917 
7.589470617097476 38.03681220761746 
11.444073693104656 96.15366741234442 
55.85632750077377 -87.19941351521705 
-79.27334357978945 -74.45659767425308 
22.986339918652533 59.39021496269598 
74.63038839134731 -5.86745151772368 
-39.84349645078164 -83.91618104357033 
95.22733758982184 7.3236465206154975 
50.81568453727044 84.38487964148632 
-71.34275285073217 -53.464245042132696 
-12.221820788592282 76.35366143512178 
0.4410190439426458 -93.66239869647663 
11.662257123175479 -23.708728477457015 
-95.41884758004761 -3.8011202332163663 
-45.65500841773129 27.56097795486008 
92.61935639472233 -16.91418984332796 
-96.85129957506065 97.18876369147429 
-15.685302240934746 -58.04686234713894 
-99.00307295898772 -59.00336123915109 
-88.23377613461956 50.17119801395401 
48.39885883520594 18.024793822516074 
85.87410805157191 62.589191519487 
41.78532684855247 -22.231736473931733 
-75.24235654897052 -54.9473755773362 
-65.9493671182559 73.64590124537716 
41.005460662662074 34.26397625609644 
-40.759060154511076 77.90621665608947 
25.073841964679303 -98.0473819837541 
-99.68394213371197 87.58901161061573 
28.245011919576996 -43.07839937021296 
9.714358898942876 31.2462999532207 
-97.36100092741657 -93.22405662555622 
-10.19930244332545 -96.92748119517505 
-0.045348089544290815 36.86870964268522 
37.539811273349585 -49.428179014296525 
-27.427434081960172 30.957320510433306 
-19.953035429208057 10.268200699349862 
93.8447100302391 -49.62162482017802 
-53.49035063404371 70.80591600660188 
31.95637404171123 63.41094713427361 
2.1082968140984377 -12.463503791613334 
31.386687149537295 -97.66666200823835 
-57.55075947145496 -18.567714056181387 
34.439646701805486 35.317537849562 
85.634880904326 -11.70803366267063 
22.092077912723767 -14.862642343482335 
37.21296865227913 23.188926620691632 
-80.4836884026192 37.72521029178694 
-90.5103052945407 4.759946354441595 
49.211583464477854 -72.15142557666462 
-21.280382703580486 -68.20062432072396 
-67.26230054296536 37.914122875303434 
-16.79196732535995 43.99107235228507 
18.818181859421927 -31.892075160645334 
10.496241568923764 43.48538229459919 
40.7334762442712 62.94389448602047 
20.968900898996083 -39.51093279199436 
-98.02992941465516 72.15422856726974 
52.96008327817009 96.22665306583346 
24.719682817796595 -77.65459773585874 
-17.917676057730986 33.84477053282748 
51.741343841697386 -20.479443848260274 
-43.49371761894971 -59.61477206215484 
3.7234759487326983 86.18512141584586 
-95.73332951566029 6.704986778547294 
-62.28612056487526 77.39384964110914 
26.489844197138822 21.54270263319735 
-12.001165216910053 -80.81940667170242 
-40.66113730367162 -69.7792830737058 
-75.59829428545284 64.46643431624796 
27.963349779499993 8.650834240383006 
-78.91023885151984 63.67321421527535 
-33.40148875319106 -44.97442451373954 
57.58186836201091 98.6648697935332 
-32.40321294348824 45.78540606146575 
-70.54013243756341 48.326117853633804 
-93.45469541034441 -98.71047316108657 
69.13704037652158 -35.31219179619515 
-22.408244337247325 60.079496059018226 
29.082605106230062 89.07603981427371 
42.9750413480341 10.639577257357956 
29.49669509244052 57.49417825452409 
80.2584048712217 -19.174810156857802 
99.29606464351198 -16.852059865480996 
-13.878944009828473 75.95958004095894 
-80.87717282699869 -50.99806808136551 
22.260048196975646 -0.4520411198208478 
31.392584720955597 70.06998035279685 
20.769035385900622 -51.28739619423936 
-3.732656201431837 -32.32994146549741 
6.142017290946725 68.05053953069086 
53.04982034505474 58.19226196049607 
55.16919984281435 5.703107560621689 
-15.80813066854789 38.413071164796975 
-94.07833747190777 -68.17265833593567 
52.74962967073128 96.82010328550189 
-72.44902989888196 -29.623630873208555 
99.90025613468546 -56.55903376354405 
-34.88670838922528 77.46800000383774 
-65.08037556461264 -77.26153246041565 
39.60294279013692 68.13085738514829 
-0.6113617298843224 50.36362622066582 
-26.687162756452082 -29.782270507562018 
45.54316108612835 20.905268771647044 
-17.695074297971544 -96.60299884042888 
-38.40223510837737 58.7734646147683 
41.54708512037266 41.2027200797653 
35.77307378591081 9.534151110603545 
58.10047727921889 -60.96443843467085 
-81.73172450930497 -88.66975318504905 
34.02746782731947 90.54401031211842 
32.92495156262686 -7.577117738726315 
-68.53739778814997 23.333723647541717 
-49.696264340509174 -30.31248184031395 
-78.37435616262263 7.5984426260272215 
44.31876303351385 -18.918465670613642 
-10.006223660575401 -99.03211952341616 
99.13472045670838 54.12103923786239 
80.36580200414403 40.56178083457357 
97.04295648030299 18.467943197448406 
-32.53022776692728 -17.604957464429916 
29.815621316424767 -95.52299010807405 
30.48305057065312 -37.57889238233398 
32.807750989845886 -94.66280524403025 
-44.801809036368766 61.9320193187321 
77.05114778563762 -45.71730203465192 
89.42118385611226 21.088946303201126 
17.65907574632041 29.957172313625904 
39.50548150683565 -24.45619889488215 
31.41977108003215 -92.36804217337142 
-85.26879498782971 83.17928774518856 
-40.08946336837125 -98.44172029583763 
-54.35244871431551 -74.40677432904725 
-35.38074640272326 42.97796265767579 
20.971599883999687 39.83731349956429 
-29.435467796411615 -20.3033722825283 
-14.866566883723053 77.7723550592165 
2.6065431774122487 13.775168574849573 
1.7325066011212726 97.2828997920538 
-48.638384798740894 -67.77576749333254 
92.67910860704865 -98.45182061336813 
-64.68596613315962 72.95516104480794 
28.177451867185766 35.66344000239715 
-58.745177648105276 7.148083095080636 
-50.856357028909606 63.013299538695065 
28.685605761273962 0.45385646287969905 
253.30277739864823 290.28635328323776 
235.04797088779236 250.5003455657709 
269.2929410452904 258.69044778868215 
-296.63291129981934 -256.5256035325881 
-247.3522864359995 -294.4894711002863 
-223.50560679433448 -248.8831332235957 
