-88.11495355996104 52.81524769073803 
-64.68486773298316 -8.503914675808403 
-59.76364826220069 33.86354794508989 
-42.04687961929394 24.138037131488986 
9.484894600711357 53.021977408313205 
96.12154127443151 17.95815909852783 
-67.49485524315389 56.048770306226004 
-9.82557625515254 -73.614989115902 
91.61512726371316 96.05120218702302 
90.49424701739969 -54.03383220463773 
31.058390961838967 -6.11789231411268 
67.98637768621987 -64.1505739430372 
-0.7429439889478715 75.899680580156 
47.92482175583228 52.24136766521127 
55.913730835068066 84.25307743007406 
-54.85260682264111 -68.62437710373774 
-43.54023230527269 99.78478247610872 
-80.75258821317124 -71.558539699282 
74.84334646118802 -36.84088313870595 
-64.63299669504002 70.63275939229428 
62.935357175787345 7.374737408532155 
36.24143385102107 -92.11225485370844 
-64.59174368822679 -73.91495124170183 
87.28867537616668 90.80774017250454 
-7.271612084743566 95.33512144756315 
98.75743517401469 84.53487088307074 
11.918018507014565 -83.00935352232466 
24.294027365606482 4.303863726266272 
-19.32105635951737 11.142000104610972 
82.89941145060763 24.220874150648626 
67.17702223303704 -71.79094573615032 
-20.446859203543966 -55.642051733737354 
8.33634215374623 -30.521923146208408 
-99.47447501688484 -8.378810577605904 
49.61422314981806 94.64986362872284 
80.77479692436435 -38.669575656118724 
-9.280935278943872 65.88798888427254 
48.06962685966025 -36.11708319899331 
54.635888522209854 -59.0360494137544 
30.83672040272839 26.115342561471138 
56.347923735702324 86.11718546714988 
-98.58819241129366 91.72900192229434 
-28.60850279203386 -36.54152406721889 
-51.97374946185433 -43.599384446087974 
-74.78922041545324 89.4165283692628 
-6.501611720749523 68.88086420870124 
-6.380372594043067 -32.47909344810044 
-40.44722505479983 44.39142553181722 
-46.4652459699392 40.00741851496346 
-55.89055418224709 -16.109108513945046 
61.33851552925168 -48.407574887954375 
-47.61661771567749 -83.12471500050177 
47.64682166272678 9.447470926610862 
-39.67360739990697 82.7473573444646 
-67.02806438405233 10.629029119356233 
-57.762582084588665 66.93627473404115 
-74.70348090728373 -16.698675740137062 
-82.613279232519 -77.63953541701329 
-21.108925211263667 87.45188272327607 
-88.58816457833076 -58.04480746362968 
9.15158913208576 -39.44661766888198 
-30.69163931110586 38.88793607409838 
76.82299318316277 -81.62718273199847 
-39.19031604254344 22.310287613360487 
-41.7589967162322 14.615422880534922 
-61.47367622973836 33.283151114258175 
78.90592807743622 88.06649167934583 
37.63960564317347 -24.86053215774075 
84.5461568012401 -54.71257080175182 
83.77720687658294 -50.2338464120377 
-72.58393046724018 -52.55308835547525 
-7.244470669380561 89.81457649453228 
42.346325383342815 39.81454872812057 
1.0095774660600227 46.78490635026657 
38.69739517372969 -59.603247866892616 
-89.09737546799707 -98.76281308130585 
-2.102564499554177 34.383265806655714 
52.6375200559103 -62.300102212894174 
32.43245353735813 -42.312286822751965 
66.34667288680706 21.51166285815809 
-30.104099693657133 33.87949350110915 
84.62485539684795 -62.47051567857993 
87.22512334403072 99.63877341166253 
-88.50274825032184 15.844678995389302 
-56.742191148128725 67.56983934947408 
48.052491384152916 -48.00634816636675 
-43.83571475391936 11.864000041470874 
6.528407410360316 18.57750489210146 
48.00209638266949 77.35585074914133 
87.90252183693602 30.426569605359532 
-14.754776927287352 6.8215186015426355 
90.48185283786134 -6.7497699129766175 
93.57263052622568 -52.808302452773106 
3.3735124487489117 28.34137448298256 
-95.43962712645167 -65.36111386453467 
54.33083334285146 -0.8873739524318154 
-93.10387635391955 54.065713622971714 
-84.10564002741106 -96.7896553412304 
13.855956708783097 -90.18887655627776 
77.54775677415381 -30.559684825789546 
48.45007221307503 -87.60712735049489 
52.227345124676106 69.61642190443311 
-80.31561884796494 -11.271205833285379 
80.96718699564192 31.072298287388776 
-64.59217532023979 31.558807914092142 
-63.239667604140706 -69.96761944813329 
-0.8438368750792762 -79.12929988816654 
84.81125829025223 -22.47518549587764 
-95.76434951441746 -57.171894778892415 
-31.96404662323546 12.045203352731008 
-74.42627968101523 59.980929323126105 
24.326841652027213 8.469908505303664 
62.8016791302515 -29.398852478969275 
11.972839946263008 -44.83108644544205 
-75.69417211943117 -47.31229523748159 
-67.12574160759175 67.5843869808219 
86.61513448223747 31.542035276095874 
-86.98238169478878 99.16706322979397 
3.1323025960958546 -82.88116443838348 
-3.1776806913060653 83.59435610696647 
35.34330964783547 -44.11780505621075 
-71.77149763681587 -67.38311922204976 
92.49320934371153 68.22803684359658 
-32.93148182671375 -69.95019851783093 
59.95426744481924 17.357532054399243 
-63.07100553715357 -77.53721274586316 
-0.5117834515591113 80.83354321675216 
23.381520590363763 81.15760860678236 
-30.288144985614025 -98.10787721017678 
-96.16613497758648 16.29806641975054 
-85.72316603284483 -14.186109847763333 
99.99350534797358 46.71204048552974 
78.77983330043403 -75.91424676786988 
73.17777654297873 -95.1682729351031 
-57.699467759130215 89.1180743603301 
9.753558033840477 78.70033989544442 
60.585436383385115 38.83150755047075 
4.413760371815982 76.21160995364082 
-87.26258842932387 -21.199626422772667 
30.916665120743744 -99.73692938618679 
-55.19179848707891 82.85412167588743 
-18.846227742704855 -61.82583066419387 
-13.284889165242248 30.462337528486927 
-6.9091780791601 -39.85892909444508 
-72.40873257965961 79.91870680935213 
22.44805966527943 -53.67871431008939 
-84.45393822356853 34.23892607621056 
18.018751390452366 -42.23000619838526 
-24.307504795809606 -58.06073117909012 
19.257311672475794 92.47694089106773 
21.622739241426814 88.42339198488142 
-10.48068079685578 -91.87216366495232 
84.30851824644307 -58.96248777107957 
-75.61218349078956 50.00333689688051 
61.04786331016098 34.257794645374986 
-56.717538979026514 -76.27138798082373 
1.5208983162826542 -20.862421771412883 
28.959524248136262 95.87580382149247 
70.80771238027438 39.44912637834898 
83.68651274607856 -92.35873577497233 
-14.055275460617537 22.243562218490155 
-95.93868475256613 76.96105689577405 
46.00645935133463 23.563884228165648 
-30.56468532635313 58.37350748391228 
-28.70299597651625 91.27786717167396 
-15.883368128703609 -37.18232106343991 
38.3711709132034 -4.6478938543177435 
-59.517123303635614 88.2183405608211 
-57.08661636818319 -1.7026970815805527 
-54.65193152783942 59.54800545554386 
-84.31958182040336 45.80304288042419 
19.635337359182103 83.36539937125832 
92.99713968011937 -28.10543779744512 
84.99513654922228 63.93176572097002 
48.2900838765095 54.02716700175233 
-57.44753818675492 5.307644080949146 
46.71221967705216 14.706941593128533 
-38.677623689816066 7.754355616784508 
67.42122421244773 -29.339539305553373 
-58.409069171965065 16.867255470559456 
-58.69240249357368 -87.63406716989684 
16.378164208732457 -67.50120535174571 
72.41867216626738 56.520287481074945 
-75.95170342403455 -72.38701383272087 
96.99473029956258 54.110650729464425 
-49.53108884125954 -22.965506502550497 
32.94036576762238 31.812634834505474 
-84.27268174727425 18.091667739911728 
-48.65304933249506 -7.301962625855296 
3.3420056671785687 -99.16335328092481 
-87.26943369226264 1.6377356875462823 
4.524329911104829 -90.17169971357426 
63.2634082973353 46.7913076595253 
-87.2775631330031 -97.54993131117342 
21.93204588235122 -81.95281860497714 
38.56762717208352 -76.73849988468535 
-35.598443887730895 -22.323415471482775 
36.0910360136088 -91.5791685045268 
-5.665955227395216 -2.7248348925127175 
-94.95304634605523 -96.16004062689197 
-35.568626199392426 -78.95507096236827 
26.08523355172312 -41.769690341295494 
43.15416344833281 30.881923223374258 
58.69875221273168 -82.88082991104977 
44.56927924237675 34.99610733751456 
-84.27918719994535 28.81306756165401 
-24.07219990670366 68.45336095432339 
-61.12657348459545 -75.92519324962214 
-64.27141353152477 96.40216365161294 
75.35932057419527 57.46981670244219 
26.45633920778093 -58.65281203978545 
-60.722237995207486 -91.3070462767609 
19.276213643320148 65.98922387110613 
76.0278534560625 0.6558545031788867 
-89.77187773081702 75.83633630725672 
30.441216073269345 31.029943325440655 
-54.54408668208488 -51.83522262204923 
44.28282035406568 8.767269286096209 
-13.026181241147 26.006098250261076 
89.8140372876534 12.153723619143747 
77.88246309041156 -17.239956168245655 
-34.17796132426989 55.01875374177706 
96.2060875573089 48.33155990211941 
-4.935263355502002 -97.24717270445001 
12.45372334432136 -94.6650505511863 
88.15225664478285 -34.13178797369439 
-66.17170535951152 86.12702834859451 
-22.045263646266648 55.38271941686793 
65.10993977513488 92.8163031148807 
-52.700677028988686 17.923166953439278 
90.33722844883854 92.29592785439834 
89.40592735379846 -9.420738663118073 
55.46291898054534 82.39515509233277 
-60.557108049440544 -31.237038332850346 
36.2590242820869 -31.28079389912331 
55.00900890708914 -76.38063845160127 
-63.36124769669076 3.7806797995129955 
32.626420957911506 -71.21590450931174 
21.970106025408967 -39.993535152248924 
49.806295547774084 -97.93264587956834 
-54.290959720811436 -69.42812881596117 
23.00692769413402 -68.69582510629837 
-27.460217993465008 -98.84504873954441 
-57.33940919352116 18.50260624148794 
78.1312008105466 -59.274094071704454 
14.576473522372481 -56.74071036345725 
67.59265261852266 -27.53984830261456 
58.82427777132389 -24.218630272805754 
18.60763228162368 -54.83220726375362 
92.10654916291205 29.789153821280877 
33.54876121746432 -22.11909853509286 
-10.196791137198431 -89.96209920882856 
-33.466054737047955 32.17588543004587 
-73.30638024819218 -69.48270691719335 
-54.45437711601435 6.5432711727075485 
-12.931452749503208 -42.38017951439288 
86.19977869748476 45.8024118271957 
-86.08104619506585 -60.72419897220427 
35.77822721748177 46.76623437197475 
64.48392370065457 22.92250274696579 
31.106742053723025 0.35473798268770906 
99.15917137085563 -73.65101513035023 
-62.869828236701906 -94.07033265309497 
-48.7712095883668 -8.1407745405766 
-79.65494055042568 15.006065636827842 
-46.22501417099838 -22.906098594106865 
-68.81913944668642 31.970652068652186 
-50.522517110345674 72.8209603483948 
-45.53290022030458 8.72807544234135 
18.893978280778484 77.84910765278605 
74.88958204309873 -16.473930210742637 
83.08074681788156 68.00245603891523 
84.29000612876331 99.82242185294373 
47.0157829446577 45.29081007249664 
-59.48413500597265 -67.27822167542482 
-38.42875831836483 63.802116942427375 
88.96303922307314 80.22258130419829 
-62.704134542715686 67.73976076456646 
75.44390413619718 -86.97920060455142 
-7.810205250448732 -65.59449271720456 
88.00333862938942 -85.31044160540459 
94.78647947294778 33.668411477125204 
70.13134154057298 9.494636809506844 
75.80503034689752 54.48116614864642 
-27.406520949279752 87.70169958622856 
74.83473703689424 77.38975951737592 
-17.573835507478194 -86.09242007458961 
63.685984270697276 -47.814419980881404 
-99.29733489764381 -30.78419708792765 
61.47837620933686 95.8575038234352 
64.95990014862721 -74.51348958002812 
68.88917101938418 28.441732268414 
-21.75188666400514 59.98971163030461 
-6.042944024150799 -72.05801707487795 
238.2197921912507 296.98792833207096 
284.33179941817536 291.67879905688557 
236.2438723137881 257.3831450154237 
-218.93531111162343 -293.2300075513722 
-214.98121063646582 -281.0633485090722 
-258.3127472325175 -211.46530157201087 
