-31.989822451614657 71.86666081158285 
31.379027706495066 -87.21505786240427 
61.30672696875078 -50.99263071556843 
44.412434230955256 27.090129887707022 
-89.08910197647954 -86.08330369740418 
-66.51087230765575 -87.00690804530157 
-47.373708460570164 60.62917902972217 
19.608497504089456 89.6387541964632 
19.793361823120506 46.011305701198125 
4.183782429641795 -99.80287104946323 
35.84401319043667 -6.039006673974015 
72.16533976748286 -48.051573089679245 
53.95725198130026 59.88555820754269 
-84.85527020817496 23.14288997713851 
78.83960388687933 -51.76770124451442 
-3.0934299995250853 89.0407129264882 
2.694814055015371 2.673663009927978 
73.93293615189168 62.566799615282235 
-90.15438256803536 -96.39225511616772 
6.153379708617109 18.38194893757003 
87.53855105288847 -80.50580807724377 
33.48395282367267 -57.18034098183362 
2.448403366428309 -27.13799411798577 
-38.78910238360862 -58.634672593391166 
-38.271711623365135 -29.85095489409248 
7.474762043054156 -21.32640507870076 
-14.768276871530588 69.88480712880258 
63.98116675561127 2.487381810962745 
-51.06846712591211 44.11751581593927 
-33.13208266914522 -77.43762572532502 
-39.6196328150205 42.62571648968057 
9.436940407385322 57.082589912647364 
-18.43639828102843 -51.89415774698036 
59.72947444758111 -30.864978530275565 
50.33826586240204 -95.49213174502218 
96.35835113913029 65.2549689336071 
-15.105452187698319 -47.30459307144756 
-55.38570448144093 46.09848738839881 
17.98394904384375 65.07461972628718 
-5.1750246163905445 50.416820702418306 
-68.93344008009781 96.2267671566029 
-77.18056556025752 -82.86081713264046 
21.47434877018857 45.592774819488966 
63.41589840300114 92.88988514177643 
81.89994231939926 -40.641593219847394 
-44.54530796089231 -77.31658753514066 
72.23856217175023 -63.84867774751153 
60.48829285578151 77.43468761344286 
52.59037111592403 76.95367430897392 
37.8444838747896 64.78075828231684 
80.18879307159185 -58.688134408115644 
-42.187574448444785 27.45513530236063 
26.06244441379961 22.68286835981543 
7.263055674621228 28.134916346639613 
63.40897602972649 -81.97111627508498 
28.5915074764452 58.40003266948142 
26.19419009999713 -19.079807357138463 
52.47484786051422 -48.33969242743081 
46.87207941984201 36.94774046731365 
-7.917050581463414 -19.24887076694492 
45.132915306878886 -18.01602254361194 
18.62075915346253 80.75229603831659 
18.315446192914493 42.59659323360171 
-97.87322344952007 25.493120075219267 
-1.8351701488411152 64.25276426104506 
-17.096490716305198 -53.1198980241834 
-29.752041622268848 4.38579596411077 
-46.96858207630241 96.04445379710091 
-63.23654000722803 59.68408658081438 
-29.651223126295307 52.94146653003742 
6.1003293485388355 87.21365582389967 
-68.64004653501902 46.94543485964357 
-0.6897727212074898 -30.247391897590603 
-15.259755861042095 52.49785917434437 
79.78049226645109 -32.43022113894172 
-50.520099357051194 42.875594049529724 
45.009098153777785 79.04276914859813 
77.83984004394594 -85.37943461123707 
58.910722730590464 34.14244835377386 
-36.60065717348282 11.806825384888484 
-12.885613175460037 -19.240479721438277 
84.12880859630826 15.56724732034796 
11.803848256001032 61.06971390744161 
30.95340471912297 -73.32285395706823 
-11.722707598905544 32.22411937508181 
2.0307340529074764 -11.95942538177836 
-89.95852607242077 76.70729021294102 
60.450310983521376 73.01340120101648 
-70.28077798799225 8.07442945131514 
99.8868908269381 -95.95047622089226 
67.13071609957439 32.3629065095667 
77.4103121500238 56.86869918477845 
-9.884800365677023 -18.424649991864413 
89.18902940987377 15.901348294634502 
-14.163142453290803 36.471406556195035 
-31.262236179790776 -88.89756778188294 
25.97165700825414 -21.01020991665152 
-30.412625101785864 72.29662192691279 
-66.53067624660247 96.70548703302248 
53.5070378798396 -0.9089550611652584 
-12.772432449813493 50.73048443069402 
-20.62850263500779 67.8331417116996 
76.47325664159331 94.9807704578551 
-95.4221715510163 32.87650618088901 
-87.99985611853458 -42.15353986006522 
-84.71843843236817 47.53763993005347 
-45.66482958485394 -78.68932005574143 
-35.18878918343408 10.175591002905037 
-63.34650943379954 -27.711711583153104 
57.442296655352294 86.80366260219859 
39.455899575709 -62.835253782154645 
-81.77343567809979 -20.80097734187889 
-10.11726674621562 4.933011656225418 
-74.47510760283127 -89.30870983930541 
24.614429121150863 -15.926310331280689 
-76.96747719170432 82.41997545614211 
-96.07863671485602 -28.782270359157522 
-73.10054343708237 12.634993117661523 
-18.707540915271665 -71.15833380083828 
79.15526751825976 -44.24463096627422 
-61.725639731040836 99.93608219462345 
-34.979444159295724 94.54402516707577 
48.25311047706174 32.04187899998209 
3.503490734279552 65.84313815984507 
-65.41367763714729 91.70535595159237 
27.123216680556368 -90.97192141711031 
-45.919215818303186 52.39225218437588 
12.30276996175499 89.22475081888643 
17.46837942672653 10.272733327940983 
-48.343470380003865 1.306902192370842 
79.64306846685028 64.89390489721109 
18.197930461721626 -82.6336976694842 
85.20552876475006 -62.47898863343162 
93.7408044313591 65.00998425306443 
44.06259674310883 30.381373163285957 
51.203082630698106 11.035284467996647 
-57.31627387734706 -95.05102660294476 
-1.3687282742070863 41.08186184370334 
-90.08488144846238 23.824169381318058 
65.04693233722838 -97.9260134463805 
-45.87074220237384 37.11422590032768 
96.93351793751867 -34.15673458347402 
-52.45492464811139 18.34471734574683 
-3.1187330924298635 46.50808402491842 
-46.03504507718981 1.1463323902494125 
60.467984619582154 99.03749966544743 
-5.443371373314079 22.10835912866878 
-48.6420962251876 96.16278834111768 
-13.732131241480943 -78.59957600268974 
-42.077867986690705 30.56772147887426 
40.70125560188467 86.7221009654321 
-89.85531089105265 -84.6304384596858 
29.076877934228605 -72.98093030378948 
72.72230976422688 63.615948724386726 
29.538906659975453 4.122614319175739 
91.58782624156939 78.63339364836938 
-71.94297120873448 -20.02874750573976 
80.33773658935687 -35.644178738785826 
28.737469086019644 45.88432797318612 
-72.44260601917475 -36.851602989390805 
16.184589529994284 -19.478281799404 
5.304536653337394 -86.16205091994446 
37.92723469225609 -14.652089594785636 
-40.249481571891565 -99.0612598566924 
-62.23476265320147 -31.15531035203331 
31.679874661702627 -54.087067352720844 
69.69472634941317 -71.0245113689233 
-7.940207180936028 96.24934558213658 
-66.72246817520383 89.43751905986309 
-7.7043798095534015 -87.55821689810924 
-82.01435822803805 82.20078446661694 
-73.20622221143847 -1.7321374769244073 
34.44209401866567 81.96620565405038 
0.21905127919529832 57.175446659243164 
6.691598959517719 -41.987691045584775 
-39.93843317327015 -55.336716567271196 
-57.11728240795808 -25.735045430656584 
55.13741020041451 39.62574867873215 
87.91927551931292 -47.61317663831064 
50.3510417465823 24.29417955916449 
-98.2827949765896 -3.772264647284956 
-44.86951397079417 -49.496906724649904 
79.46216569781924 61.64984773709429 
-48.0271019341729 82.52251401213061 
-21.0138838808531 -34.66506624508254 
-68.02891768394579 28.93062168703125 
57.25549993167718 -67.13372450688632 
-67.40749136479664 -46.58824950512379 
74.41708649193143 -49.118952569690364 
-57.99926408302491 -21.216358057909176 
34.34634849995598 67.43914555729395 
-6.400191930186679 1.4358639308178454 
-59.819456253989834 57.812254357762384 
36.30556522148615 -58.701272324181964 
-38.15969722193873 -70.95245503663968 
75.04509404603996 -48.6014354198824 
47.65057913706485 25.046274208538094 
-70.53635387080456 -69.15082356238847 
71.43511147869273 42.92431913997481 
-56.06987362413487 -88.5012461410285 
96.4251896840662 -82.38130165900893 
-80.80404798747006 -16.029702226624792 
-39.530826923853745 -36.766505610102705 
-52.835789091030506 -96.11614487441005 
-47.921097485537565 23.02061600441128 
-18.877650161346622 -34.73156706759657 
75.88582563957331 -61.46773719404628 
94.37880702622047 3.962822318708035 
66.3341807754336 -51.7037198298449 
22.73156133423629 84.74881476387398 
-96.77289780156244 -50.86359845622137 
96.163603167775 6.452787612564606 
6.037187868005844 -78.53471356982801 
-36.99526633666286 -78.43737582833812 
59.56381339484625 -75.45977104759243 
-83.876147376167 -50.31989062611552 
-83.98652488962873 1.402980837384547 
-92.64813460999781 19.546753608105533 
-58.317369483932225 -77.70095189677136 
-63.37819726185694 70.7306065318798 
39.99926940535792 -45.50654597212676 
95.60583839244981 -30.006609562069286 
-21.561367506952564 -17.86828472076158 
-88.27670464805853 -59.89843864294813 
92.11195958974011 -2.367748595064171 
-62.0134618378918 22.625675650002776 
75.3728762878159 8.463713075020223 
17.94044120784659 67.48653157535412 
-94.79699012922416 76.25512034541092 
49.11892865919049 -6.067515473898737 
-92.13814574263588 -86.60730517685882 
45.77050371130801 95.33195414684229 
-74.8982807658752 4.0290997040118555 
-81.03003737791792 91.16361809492588 
-6.5746205248934615 10.704260429842478 
-89.08186307664378 28.591640971044257 
-50.919153396376515 -46.71296729258194 
-33.79948270228317 56.395314677103414 
68.99273609696561 51.674453818312 
-56.370544941891445 99.32316113477623 
-89.42120756028484 -78.26807674865887 
23.98434922956183 -63.79480661022461 
67.11171429701542 -58.71415775729298 
-53.542139468930515 7.0386570812433575 
46.47912993803399 -70.87642452502858 
30.395487119050273 -84.23536068378444 
0.514273308343391 -85.59061463586622 
-99.40579808990053 9.190144042638607 
98.38684362976298 22.989380791063027 
-19.517532723745745 61.49017815524155 
-33.738106747879044 86.48909457069576 
-90.2360921892818 80.34559540574472 
-75.3775890321523 -35.38328702763609 
11.87352714390255 89.47946535991241 
67.64586341099624 30.926033087404022 
12.702990264999897 26.524504761705472 
50.69006561891351 -45.1717414077093 
-37.1454076786413 30.301498442506727 
-3.335700313500297 -47.194452880031434 
-73.36595564764268 57.49740746564092 
39.47517853348691 71.35599182001243 
97.49812113355577 24.862693418479353 
-49.07273872333804 77.32178728021859 
-34.278952650193844 17.76649173990789 
21.153326420557292 60.74146651084709 
88.88273320312635 7.9168936987801 
5.358960372628218 -66.02954397404457 
40.56031759698325 50.922624320567536 
53.9295801792714 25.77857202770946 
82.21464837544127 57.909102919909714 
-15.700733528050748 -83.0654161643483 
-44.350224652246425 39.72003889491046 
-84.19330456670768 65.91026092662321 
-55.50520784582693 -1.585511211548237 
21.856932871876296 36.39754253541528 
95.0185471722047 -15.014392244120629 
-13.840324405350785 -72.14229899960904 
-21.74050361104763 84.43577089156881 
-66.37570913502186 -31.6150659240688 
70.01337077351255 -31.76298108327849 
-11.520442539448084 39.42001689417836 
45.59197022640399 -28.416139368014413 
88.86651559907614 51.48747025103839 
-49.03396136767017 -80.46051754290002 
90.44218053984739 -3.1261598923761653 
89.85616011754465 -67.21214722148612 
11.352832290125832 -8.972613521622904 
14.723405900966341 -74.46740065688549 
49.10909783073066 -28.907877508356393 
63.45167017851847 -46.072519084028784 
86.43839458751151 48.07067380846058 
31.23715807853239 72.39283222987453 
95.91960913439766 35.688390864016526 
-69.95724034921824 42.474599729972084 
228.08406251648006 242.2671728242805 
295.3878589134603 275.88096815927815 
279.3719379335986 223.35612013529953 
-246.5864584395284 -223.70418586908895 
-284.44457875861434 -233.7235834558439 
-203.8661517466562 -209.37711360383378 
