41.649964963283935 -94.01669887996904 
63.54186580050134 -14.098519226194313 
29.151192123104778 17.701663303716984 
34.7289129929851 -9.878523526488593 
-75.9199606259003 -28.248851542549687 
69.42550020999789 -72.83133036073019 
14.603938688659298 -80.1616266913907 
60.079413758495264 81.589827168695 
-16.90106706104389 40.765851700927556 
81.18860891653821 36.098607666633484 
-20.17666247469134 43.223032630158485 
-25.396466972965897 -33.356968808995944 
-10.687823532143568 81.08542723887268 
-25.82796751595467 -22.38594795006577 
76.6365571601664 -77.03702009026401 
-73.68283195680843 15.352554024041027 
-24.123912334758586 73.74999687019604 
-54.01546067784064 -19.51125030422658 
37.82183841288381 -14.209408271369313 
-73.19840219667984 94.53322886117064 
13.209488507653205 47.94351548468646 
98.7665716850992 64.25299611843724 
-44.15540245721541 -16.949274211717807 
-25.418832197284274 7.953840900895841 
-62.50480866597374 26.60704349134386 
-97.58935590309257 79.6384769845414 
-24.160967570307903 19.372735649713107 
-94.79263820805896 -80.84211788582539 
-0.27875433573368014 83.65323035056207 
13.685661018806329 -70.85037755485033 
-71.86195419460877 -7.826667070884525 
-25.360775202447485 22.822389956880443 
-60.86873224757301 74.81343665343186 
-95.66148407108714 93.40413870452875 
-75.0162833033985 16.92530457075179 
-23.193422647853694 -63.156065916994805 
-50.232820578423045 -32.03673091643128 
15.838306633272282 -6.471654442650603 
-3.2261010358096485 82.9687302806058 
74.25868985566325 -85.53454205176467 
-9.324288459767956 -20.528701614000383 
-48.061395896718096 -44.41701208283544 
-36.18230846603456 -57.17762145164258 
-67.25880498067193 -51.02369078529918 
-44.35426689969199 79.52041354491445 
-77.26082175509667 -32.26789175116184 
-77.89306761908668 -19.86621201653658 
72.77192493765085 40.19255824309195 
-96.25842496760232 76.8697028600034 
-55.55045109678141 -40.7691050518046 
33.45757525744099 86.87821771560883 
-93.38404859880825 46.65736121669403 
-25.372447176454145 20.76334685459409 
35.06983588380493 47.07924221801929 
-44.35755855838026 -80.02953009282794 
35.66942411352116 -50.62746664532003 
51.73355440469217 -74.94398799468287 
83.76936316742646 -43.629725661409765 
-41.09230204814192 53.44782110624709 
9.77692806753474 66.38574444590552 
-25.079627092052135 57.188602469852384 
27.871204504387734 3.254579334604955 
-81.2499517473223 59.701806627944364 
60.173384510471294 1.4598395174780592 
20.70939733307766 66.71786900136829 
-31.38326275120407 75.92634147468505 
-73.55617333863415 18.392439062330766 
39.52547538770759 81.86379227651435 
38.67034137879921 -91.94599568185518 
-22.771916399428704 31.476821046910715 
-90.30625738921138 -69.5069363479584 
-72.28910492255909 -83.04953269099704 
-1.4414652167285027 90.030016290026 
-60.75075141809525 85.0693666512094 
65.72019740700293 -88.2051835771851 
-49.43751719890119 34.02497902768033 
-61.30927512975934 50.1623690030286 
-97.12451777927218 11.687950978268958 
-27.451855521839377 86.72972253628498 
73.28967318310754 -40.67131138465123 
-2.4541282337448393 77.21494918544391 
25.475387374983868 -59.83983800260309 
-48.28242755934418 16.268786164951706 
77.06894075621335 -59.28014625498395 
-37.889380824595364 -95.40407165255034 
-41.03469947068734 -33.52765790147252 
-50.757345105111405 -94.64876525272162 
48.811530450751974 8.100031085935996 
87.81678188885536 0.9185235086606554 
15.48412635421954 -71.60644259771011 
-35.12411776498902 -3.656156938092252 
-52.41598808039936 -92.29315270252587 
43.43968914949011 48.2858948735107 
94.44469163875192 56.2091465477973 
-30.88400313901076 65.3119880307323 
-56.72824528245817 80.02900006421868 
50.11228072829701 -27.147136512550247 
30.952540497064007 -10.736165820828191 
-68.86381228118964 -89.40660939271143 
-43.386060190112374 11.300496189679748 
73.87731588621824 1.9862240128312578 
-99.34953704462397 23.94931371731792 
68.45428912568269 -51.594454194047955 
-8.555688476446761 44.55625894725867 
92.48460472848313 -8.263454065541382 
-50.38973473817645 14.115423324733584 
65.86967283431812 86.37942109776034 
39.18093993147721 -68.05721006159064 
56.39730998850848 20.792726695054682 
22.643031171033982 69.7629980647537 
-36.338570417002146 -4.240002452502381 
15.82533304508604 20.568318420586834 
61.01294576087906 10.50597955401527 
-35.22269221428287 -4.931434202461389 
-67.1460965989694 53.411177220876425 
43.11469277585837 -42.77488604717388 
78.23539757044017 -18.952626642541333 
-77.25093412494886 57.546635007824676 
34.888392422195125 69.00383607023281 
34.04142012414087 -89.54219046055813 
-39.30271902350286 -59.74367464478938 
16.654044962479105 28.123807390809333 
-57.078980971993644 -3.727185104995783 
83.35468803326009 -50.82700588373348 
67.13863379764621 -8.754186638152433 
-70.74970196823567 79.65990760861126 
38.07263331132643 21.81037394025023 
52.69459535286873 -46.3896687686687 
92.85940982509894 80.71301385878357 
38.073079812671125 20.466860607362264 
79.82873927695249 76.8385253890373 
0.9398570823963723 -97.03804213357925 
86.67986411695111 -78.96212962827656 
27.689751402352414 1.47399608392098 
-37.38586973936386 52.61196741726127 
-87.54591931863006 -57.466624770045094 
27.264656270776413 -64.58812759441612 
-77.40918662496463 1.8621816622974308 
-29.446612810033884 83.71289947407561 
30.610042809808704 84.33958177269349 
53.475298658469455 -31.609787080233744 
-38.28171477221718 57.216746856324846 
-80.81382365275672 -2.784969417478095 
-24.51609299935349 -24.513808405291286 
-32.18553109107387 83.34164741639393 
50.777957890604654 87.85718050557196 
-47.88286440161209 7.969853820371171 
98.00620883489611 -81.29512749761325 
-38.152573825640076 -70.99721504832577 
-40.782587439753804 -38.10109235023258 
-65.41505195258625 -72.69628021272078 
-16.914633300577847 -98.39422255956404 
-82.44464482833192 46.961888087254465 
19.56489956330745 31.0152685817788 
11.736296485054737 -17.36884922797121 
85.1859790260767 -62.31382381381809 
-27.364101251588323 85.67113910375457 
-64.36668230488876 -53.144590823416785 
-76.1865631771953 49.25511305194635 
15.39558307091437 -20.11613044656997 
-82.7879348073261 77.2909653307205 
-6.83584616178581 -72.22692157264618 
12.789022018099843 -38.604622625756015 
-76.51365519983455 -89.44472766082636 
-99.31313950997229 -56.67656140949147 
-42.65936657324269 -50.170645507105235 
30.632742983106482 31.138452039788433 
-30.88420513277572 47.724324142966935 
29.020836058756373 12.719098370824454 
-72.61742369314956 79.64362897630585 
-20.202809563507884 -35.211451654378024 
18.078240951417698 -3.5528678061881465 
2.99909586552036 -82.98168316371179 
85.03480418948669 -11.910054116250123 
54.705909812388825 65.71271377195382 
6.06309597808476 -70.91921997809385 
77.35795325061412 0.6845718363371418 
76.91603616471184 -34.329666002003506 
-99.54798754741121 40.04414507606208 
60.04047864092885 34.379243284910785 
55.69031820121907 65.22206623000093 
-54.243201947377194 92.89574042521485 
81.33313108258179 88.83490195590491 
-77.94155264924726 17.095759471296475 
10.575366849907425 -32.98336410840213 
87.14740416125758 82.28956444328296 
77.16932745917939 78.58328201618096 
83.8231860774593 56.85265903801553 
-27.175577540201374 -73.76906659870524 
47.2632549510308 -97.67344598945886 
59.09477170462304 91.13351689819808 
70.20155047467676 14.042447237310512 
72.76682635097103 -23.015744446205872 
-45.45091025365253 -41.30762123208369 
-67.33225708926432 62.945700008455105 
85.44150977954328 -16.419363362864885 
-28.71314705789578 37.44127985874161 
-40.7382245519601 28.69621028209488 
83.74900464355227 83.89014332775233 
52.24742630440261 -52.47004801767989 
67.16083314104512 5.674240874767051 
-38.67289824962754 -68.63471992238009 
23.6210184830897 -12.666025162813895 
-78.35528478068888 -74.68263386479242 
61.91020441245615 -36.89664898398435 
93.59916770408037 10.900487632741601 
49.725065042934204 86.65728741043964 
-42.97361750547943 -81.71002383526749 
-32.64379374751678 -42.39753697938162 
-72.17749521477882 -26.120076093800776 
5.5875093345121485 -78.39825719236725 
-76.80436687541979 -7.060374753568027 
-92.58589199889668 35.94224719013198 
-18.057941299403367 55.35093048595925 
-84.89277581427415 39.41334295594817 
-9.562017047811906 19.942545187141377 
77.87163956269995 68.93020046460677 
-70.48146266878814 39.1258738893161 
-68.53568266377738 96.36365660336457 
-0.4122835560838922 64.55106171437842 
-38.94184919071344 60.01916871548303 
-4.8727134312607205 33.73469133771616 
-86.72659830054876 36.83563815232415 
8.683631472336728 80.56415861938532 
-26.55569660769443 98.9706378968097 
84.73658574645088 48.29706182631054 
-19.160529422003037 92.94753241231538 
7.275258880197228 -63.73913818570056 
57.36078648363008 28.164439736080993 
-41.39462809694796 82.00521942891282 
79.31773245176566 7.815375216997893 
-80.25621436001524 -82.85087980151738 
-97.22040263076512 -86.50697033579893 
52.197503321965 -61.92864339895188 
-66.00983716894721 16.172739814510066 
12.597723194281656 -95.9355224745587 
0.000861910936151844 53.47268693529628 
-11.803584687281926 -65.63415440410232 
4.234853848202164 -95.30017418413283 
42.175260817800364 -17.96185175291231 
74.0249812831648 96.3320215411608 
-92.87079222136414 -68.95016050950002 
51.15709332634631 -70.84712075592313 
31.475690900158725 69.51403888222754 
33.84626323676238 -36.28685859466299 
-96.70249151413464 27.193314798710787 
2.62381880609486 29.923432994435018 
-44.20305738864718 78.85717151937882 
-44.64020602747591 33.565151562377764 
-27.53664631399863 -25.22127684152582 
-28.337977840353744 -56.11481526481901 
45.01230822340855 -27.07965629506144 
-62.76180521955696 33.011940599845786 
-95.37158618458537 -38.79919116536299 
-48.164631409329075 33.10440308430239 
64.1485965771117 -26.300661444430574 
18.524199537796477 74.59596234507652 
10.851490148939064 26.147976396218994 
-48.651089672214674 41.41478583056545 
40.628269681113096 1.8560327371841367 
-70.97793884718209 58.535352236658014 
-52.541365687676624 -86.85297888000045 
-69.33729206421728 -68.55665552784605 
-45.95067094869798 -16.59922957218815 
-42.37564259940161 36.76418131313986 
23.47371484047669 -69.89338982390953 
-7.035837167464479 -80.33164755359097 
-10.989313550061496 -59.147411097100886 
15.832991277782412 1.6555355464676893 
61.74599076364177 83.97851182943248 
14.19231515667903 -8.026959708216836 
82.77054680247096 -79.7121058788646 
32.64681193007283 88.27084318195784 
-41.10854593620352 -61.457303755063776 
-62.87824639759434 11.202137238275924 
-81.20486922324666 -96.37682324805716 
-74.6854026359648 84.98577560080071 
-58.68788198514699 65.2175343555651 
-61.994268540294286 23.305352121732852 
-62.30534851742981 -42.562973391864304 
-86.31083297459519 -6.044596250788331 
57.68701254664538 98.83999182200472 
-87.8333974205981 -95.46745680705739 
-45.1957469380889 -11.006685822373967 
-61.795245055726824 94.39249985893065 
88.05954551611924 54.580240799566724 
-45.504284459213615 98.49822653104826 
98.07945511104015 -37.1367189057445 
47.548879148197386 -87.91288193678372 
44.86870303024932 91.7031380361829 
-47.61041105399224 -19.69219056052664 
86.70573124107571 34.31376542415501 
5.9249518709049624 56.89058544486784 
59.09858213561321 -12.320661334681432 
230.71451516698812 236.62409111654804 
243.60814072398463 200.22377603300623 
261.70625677651793 266.0740538891034 
-227.3586445609642 -240.9487362767797 
-233.0299370342102 -220.58744722519134 
-212.15430689200372 -268.82194784729273 
